-4.320320229133136625e-01,6.656897260369059044e-01,2.470256865877656638e-01,1.820301144460556575e-01,-7.982041852542951510e-01,-4.573699479797926348e-01,1.570801904283443573e+00,8.053399070238268908e-05,-3.681554015753229499e-05,-5.398172887061113438e-05,-7.122053850138702208e-05,-1.151388641385732870e-04,-2.617866640641106080e-01,-2.836038681723438870e+00
-4.320320229133136625e-01,6.656805770460174632e-01,2.470256865877656638e-01,1.820301144460556575e-01,-7.982041852542951510e-01,-4.573699479797926348e-01,1.570801904283443573e+00,8.053399070238268908e-05,-3.681554015753229499e-05,-5.398172887061113438e-05,-7.122053850138702208e-05,-1.151388641385732870e-04,-2.617866640641106080e-01,-2.836038681723438870e+00
-4.320320229133136625e-01,6.656805770460174632e-01,2.470256865877656638e-01,1.820301144460556575e-01,-7.982041852542951510e-01,-4.573699479797926348e-01,1.570801904283443573e+00,8.053399070238268908e-05,-3.681554015753229499e-05,-5.398172887061113438e-05,-7.122053850138702208e-05,-1.151388641385732870e-04,-2.617866640641106080e-01,-2.836038681723438870e+00
-4.320320229133136625e-01,6.656805770460174632e-01,2.470256865877656638e-01,1.820301144460556575e-01,-7.982041852542951510e-01,-4.573699479797926348e-01,1.570801904283443573e+00,8.053399070238268908e-05,-3.681554015753229499e-05,-5.398172887061113438e-05,-7.122053850138702208e-05,-1.151388641385732870e-04,-2.617866640641106080e-01,-2.836038681723438870e+00
-4.320320229133136625e-01,6.656805770460174632e-01,2.470256865877656638e-01,1.820301144460556575e-01,-7.982041852542951510e-01,-4.573699479797926348e-01,1.570801904283443573e+00,8.053399070238268908e-05,-3.681554015753229499e-05,-5.398172887061113438e-05,-5.341540387604027334e-05,-1.151388641385732870e-04,-2.617866640641106080e-01,-2.836038681723438870e+00
-4.320320229133136625e-01,6.656805770460174632e-01,2.470256865877656638e-01,1.820301144460556575e-01,-7.982041852542951510e-01,-4.573699479797926348e-01,1.570801904283443573e+00,8.053399070238268908e-05,-3.681554015753229499e-05,-5.398172887061113438e-05,-5.341540387604027334e-05,-1.151388641385732870e-04,-2.617866640641106080e-01,-2.836038681723438870e+00
-4.320320229133136625e-01,6.656805770460174632e-01,2.470256865877656638e-01,1.820301144460556575e-01,-7.982041852542951510e-01,-4.573699479797926348e-01,1.570801904283443573e+00,8.053399070238268908e-05,-3.681554015753229499e-05,-5.398172887061113438e-05,-5.341540387604027334e-05,-1.151388641385732870e-04,-2.617866640641106080e-01,-2.836038681723438870e+00
-4.320320229133136625e-01,6.656805770460174632e-01,2.470256865877656638e-01,1.820301144460556575e-01,-7.982041852542951510e-01,-4.573699479797926348e-01,1.570801904283443573e+00,8.053399070238268908e-05,-3.681554015753229499e-05,-5.398172887061113438e-05,-5.341540387604027334e-05,-1.151388641385732870e-04,-2.617866640641106080e-01,-2.836038681723438870e+00
-4.320320229133136625e-01,6.656805770460174632e-01,2.470256865877656638e-01,1.820301144460556575e-01,-7.982041852542951510e-01,-4.573699479797926348e-01,1.570801904283443573e+00,8.053399070238268908e-05,-3.681554015753229499e-05,-5.398172887061113438e-05,-5.341540387604027334e-05,-1.151388641385732870e-04,-2.617866640641106080e-01,-2.836038681723438870e+00
-4.320320229133136625e-01,6.656805770460174632e-01,2.470366435931587723e-01,1.820301144460556575e-01,-7.982041852542951510e-01,-4.573699479797926348e-01,1.570801904283443573e+00,8.053399070238268908e-05,-3.681554015753229499e-05,-5.398172887061113438e-05,-5.341540387604027334e-05,-7.675924275904886704e-05,-2.617866640641106080e-01,-2.836038681723438870e+00
-4.320320229133136625e-01,6.656805770460174632e-01,2.470366435931587723e-01,1.820301144460556575e-01,-7.982041852542951510e-01,-4.573699479797926348e-01,1.570801904283443573e+00,8.053399070238268908e-05,-3.681554015753229499e-05,-5.398172887061113438e-05,-5.341540387604027334e-05,-7.675924275904886704e-05,-2.617866640641106080e-01,-2.836038681723438870e+00
-4.320320229133136625e-01,6.656805770460174632e-01,2.470366435931587723e-01,1.820301144460556575e-01,-7.982041852542951510e-01,-4.573699479797926348e-01,1.570801904283443573e+00,8.053399070238268908e-05,-3.681554015753229499e-05,-5.398172887061113438e-05,-5.341540387604027334e-05,-1.151388641385732870e-04,-2.617866640641106080e-01,-2.836038681723438870e+00
-4.320320229133136625e-01,6.656805770460174632e-01,2.470366435931587723e-01,1.820301144460556575e-01,-7.982041852542951510e-01,-4.573699479797926348e-01,1.570801904283443573e+00,8.053399070238268908e-05,-3.681554015753229499e-05,-5.398172887061113438e-05,-5.341540387604027334e-05,-1.151388641385732870e-04,-2.617866640641106080e-01,-2.836038681723438870e+00
-4.320320229133136625e-01,6.656805770460174632e-01,2.470366435931587723e-01,1.820301144460556575e-01,-7.982041852542951510e-01,-4.573699479797926348e-01,1.570801904283443573e+00,8.053399070238268908e-05,-3.681554015753229499e-05,-5.398172887061113438e-05,-5.341540387604027334e-05,-1.151388641385732870e-04,-2.617866640641106080e-01,-2.836038681723438870e+00
-4.320320229133136625e-01,6.656805770460174632e-01,2.470366435931587723e-01,1.820301144460556575e-01,-7.982041852542951510e-01,-4.573699479797926348e-01,1.570801904283443573e+00,8.053399070238268908e-05,-3.681554015753229499e-05,-5.398172887061113438e-05,-3.561026925069351104e-05,-1.151388641385732870e-04,-2.617866640641106080e-01,-2.836038681723438870e+00
-4.320320229133136625e-01,6.656805770460174632e-01,2.470366435931587723e-01,1.820301144460556575e-01,-7.982041852542951510e-01,-4.573699479797926348e-01,1.570801904283443573e+00,8.053399070238268908e-05,-3.681554015753229499e-05,-5.398172887061113438e-05,-3.561026925069351104e-05,-1.151388641385732870e-04,-2.617866640641106080e-01,-2.836038681723438870e+00
-4.320320229133136625e-01,6.656805770460174632e-01,2.470366435931587723e-01,1.820301144460556575e-01,-7.982041852542951510e-01,-4.573699479797926348e-01,1.570801904283443573e+00,8.053399070238268908e-05,-3.681554015753229499e-05,-5.398172887061113438e-05,-3.561026925069351104e-05,-1.151388641385732870e-04,-2.617866640641106080e-01,-2.836038681723438870e+00
-4.320320229133136625e-01,6.656805770460174632e-01,2.470366435931587723e-01,1.820301144460556575e-01,-7.982041852542951510e-01,-4.573699479797926348e-01,1.570801904283443573e+00,8.053399070238268908e-05,-3.681554015753229499e-05,-5.398172887061113438e-05,-3.561026925069351104e-05,-1.151388641385732870e-04,-2.617866640641106080e-01,-2.836038681723438870e+00
-4.320320229133136625e-01,6.656805770460174632e-01,2.470366435931587723e-01,1.820301144460556575e-01,-7.982041852542951510e-01,-4.573699479797926348e-01,1.570801904283443573e+00,8.053399070238268908e-05,-3.681554015753229499e-05,-5.398172887061113438e-05,-3.561026925069351104e-05,-1.151388641385732870e-04,-2.617866640641106080e-01,-2.836038681723438870e+00
-4.320320229133136625e-01,6.656805770460174632e-01,2.470366435931587723e-01,1.820301144460556575e-01,-7.982041852542951510e-01,-4.573699479797926348e-01,1.570801904283443573e+00,8.053399070238268908e-05,-3.681554015753229499e-05,-5.398172887061113438e-05,-3.561026925069351104e-05,-1.151388641385732870e-04,-2.617866640641106080e-01,-2.836038681723438870e+00
-4.320320229133136625e-01,6.656805770460174632e-01,2.470366435931587723e-01,1.820301144460556575e-01,-7.982041852542951510e-01,-4.573699479797926348e-01,1.570801904283443573e+00,8.053399070238268908e-05,-3.681554015753229499e-05,-5.398172887061113438e-05,-3.561026925069351104e-05,-1.151388641385732870e-04,-2.617866640641106080e-01,-2.836038681723438870e+00
-4.320320229133136625e-01,6.656897260369059044e-01,2.470366435931587723e-01,1.820301144460556575e-01,-7.982041852542951510e-01,-4.573315683584131541e-01,1.570801904283443573e+00,8.053399070238268908e-05,-3.681554015753229499e-05,-5.398172887061113438e-05,-3.561026925069351104e-05,-1.151388641385732870e-04,-2.617866640641106080e-01,-2.836038681723438870e+00
-4.320320229133136625e-01,6.656897260369059044e-01,2.470366435931587723e-01,1.820301144460556575e-01,-7.982041852542951510e-01,-4.573315683584131541e-01,1.570801904283443573e+00,8.053399070238268908e-05,-3.681554015753229499e-05,-5.398172887061113438e-05,-3.561026925069351104e-05,-1.151388641385732870e-04,-2.617866640641106080e-01,-2.836038681723438870e+00
-4.320320229133136625e-01,6.656988750277943456e-01,2.470256865877656638e-01,1.820301144460556575e-01,-7.982041852542951510e-01,-4.573315683584131541e-01,1.570801904283443573e+00,8.053399070238268908e-05,-3.681554015753229499e-05,-5.398172887061113438e-05,-3.561026925069351104e-05,-1.151388641385732870e-04,-2.617866640641106080e-01,-2.836038681723438870e+00
-4.320320229133136625e-01,6.656988750277943456e-01,2.470256865877656638e-01,1.820301144460556575e-01,-7.982041852542951510e-01,-4.573315683584131541e-01,1.570801904283443573e+00,8.053399070238268908e-05,-3.681554015753229499e-05,-5.398172887061113438e-05,-3.561026925069351104e-05,-1.151388641385732870e-04,-2.617866640641106080e-01,-2.836038681723438870e+00
-4.320320229133136625e-01,6.657080240186827869e-01,2.470256865877656638e-01,1.820301144460556575e-01,-7.982041852542951510e-01,-4.573315683584131541e-01,1.570801904283443573e+00,8.053399070238268908e-05,-3.681554015753229499e-05,-5.398172887061113438e-05,-3.561026925069351104e-05,-1.151388641385732870e-04,-2.617866640641106080e-01,-2.836038681723438870e+00
-4.320320229133136625e-01,6.657263220004597803e-01,2.470147295823725275e-01,1.820301144460556575e-01,-7.982041852542951510e-01,-4.573315683584131541e-01,1.570801904283443573e+00,8.053399070238268908e-05,-3.681554015753229499e-05,-5.398172887061113438e-05,-3.561026925069351104e-05,-1.151388641385732870e-04,-2.617866640641106080e-01,-2.836038681723438870e+00
-4.320320229133136625e-01,6.657354709913482216e-01,2.470147295823725275e-01,1.820301144460556575e-01,-7.982041852542951510e-01,-4.573315683584131541e-01,1.570801904283443573e+00,8.053399070238268908e-05,-3.681554015753229499e-05,-5.398172887061113438e-05,-3.561026925069351104e-05,-1.151388641385732870e-04,-2.617866640641106080e-01,-2.836038681723438870e+00
-4.320320229133136625e-01,6.657629179640136563e-01,2.469928155715863383e-01,1.820301144460556575e-01,-7.981863801196698027e-01,-4.573315683584131541e-01,1.570801904283443573e+00,8.053399070238268908e-05,-3.681554015753229499e-05,-5.398172887061113438e-05,-3.561026925069351104e-05,-1.151388641385732870e-04,-2.617866640641106080e-01,-2.836038681723438870e+00
-4.320320229133136625e-01,6.657903649366792020e-01,2.469709015608000935e-01,1.820301144460556575e-01,-7.981863801196698027e-01,-4.573315683584131541e-01,1.570801904283443573e+00,8.053399070238268908e-05,-3.681554015753229499e-05,-5.398172887061113438e-05,-3.561026925069351104e-05,-1.151388641385732870e-04,-2.617866640641106080e-01,-2.836038681723438870e+00
-4.320320229133136625e-01,6.658086629184560845e-01,2.469599445554069850e-01,1.820301144460556575e-01,-7.981863801196698027e-01,-4.573315683584131541e-01,1.570801904283443573e+00,8.053399070238268908e-05,-3.681554015753229499e-05,-5.398172887061113438e-05,-3.561026925069351104e-05,-1.151388641385732870e-04,-2.617866640641106080e-01,-2.836038681723438870e+00
-4.320320229133136625e-01,6.658361098911215192e-01,2.469380305446207402e-01,1.820301144460556575e-01,-7.981685749850444545e-01,-4.573315683584131541e-01,1.570801904283443573e+00,8.053399070238268908e-05,-3.681554015753229499e-05,-5.398172887061113438e-05,-3.561026925069351104e-05,-1.151388641385732870e-04,-2.617866640641106080e-01,-2.836038681723438870e+00
-4.320320229133136625e-01,6.658635568637870650e-01,2.469161165338345232e-01,1.820301144460556575e-01,-7.981507698504191062e-01,-4.573315683584131541e-01,1.570801904283443573e+00,8.053399070238268908e-05,-3.681554015753229499e-05,-5.398172887061113438e-05,-3.561026925069351104e-05,-1.151388641385732870e-04,-2.617866640641106080e-01,-2.836038681723438870e+00
-4.320320229133136625e-01,6.659001528273409409e-01,2.468832455176551977e-01,1.820301144460556575e-01,-7.981329647157937579e-01,-4.573315683584131541e-01,1.570801904283443573e+00,8.053399070238268908e-05,-3.681554015753229499e-05,-5.398172887061113438e-05,-1.780513462534675552e-05,-1.151388641385732870e-04,-2.617866640641106080e-01,-2.836038681723438870e+00
-4.320320229133136625e-01,6.659275998000063757e-01,2.468503745014758444e-01,1.820301144460556575e-01,-7.981151595811684096e-01,-4.573315683584131541e-01,1.570801904283443573e+00,8.053399070238268908e-05,-3.681554015753229499e-05,-5.398172887061113438e-05,-1.780513462534675552e-05,-1.151388641385732870e-04,-2.617866640641106080e-01,-2.836038681723438870e+00
-4.320320229133136625e-01,6.660099407180026798e-01,2.467736754637240570e-01,1.820301144460556575e-01,-7.980261339080416683e-01,-4.573699479797926348e-01,1.570801904283443573e+00,8.053399070238268908e-05,-3.681554015753229499e-05,-5.398172887061113438e-05,-1.780513462534675552e-05,-1.151388641385732870e-04,-2.617866640641106080e-01,-2.836038681723438870e+00
-4.320320229133136625e-01,6.660465366815567778e-01,2.467298474421515952e-01,1.820301144460556575e-01,-7.979549133695402752e-01,-4.573699479797926348e-01,1.570801904283443573e+00,8.053399070238268908e-05,-3.681554015753229499e-05,-5.398172887061113438e-05,-1.780513462534675552e-05,-1.151388641385732870e-04,-2.617866640641106080e-01,-2.836038681723438870e+00
-4.320320229133136625e-01,6.660922816359990950e-01,2.466860194205791057e-01,1.820471776363861982e-01,-7.978836928310388821e-01,-4.573699479797926348e-01,1.570801904283443573e+00,8.053399070238268908e-05,-3.681554015753229499e-05,-5.398172887061113438e-05,-1.780513462534675552e-05,-1.151388641385732870e-04,-2.617866640641106080e-01,-2.836038681723438870e+00
-4.320320229133136625e-01,6.661471755813300755e-01,2.466312343936135631e-01,1.820471776363861982e-01,-7.978124722925374890e-01,-4.573699479797926348e-01,1.570801904283443573e+00,8.053399070238268908e-05,-3.681554015753229499e-05,-5.398172887061113438e-05,-1.780513462534675552e-05,-1.151388641385732870e-04,-2.617866640641106080e-01,-2.836038681723438870e+00
-4.320320229133136625e-01,6.662020695266608339e-01,2.465654923612548566e-01,1.820471776363861982e-01,-7.977412517540362069e-01,-4.573699479797926348e-01,1.570801904283443573e+00,8.053399070238268908e-05,-3.681554015753229499e-05,-5.398172887061113438e-05,-1.780513462534675552e-05,-1.151388641385732870e-04,-2.617866640641106080e-01,-2.836038681723438870e+00
-4.320320229133136625e-01,6.663210064082111250e-01,2.464340082965374712e-01,1.820813040170472241e-01,-7.975632004077826132e-01,-4.574083276011721710e-01,1.570801904283443573e+00,8.053399070238268908e-05,-3.681554015753229499e-05,-5.398172887061113438e-05,-1.780513462534675552e-05,-1.151388641385732870e-04,-2.617866640641106080e-01,-2.836038681723438870e+00
-4.320320229133136625e-01,6.663850493444305467e-01,2.463573092587856839e-01,1.820813040170472241e-01,-7.974563696000306345e-01,-4.574083276011721710e-01,1.570801904283443573e+00,8.053399070238268908e-05,-3.681554015753229499e-05,-5.398172887061113438e-05,-1.780513462534675552e-05,-1.151388641385732870e-04,-2.617866640641106080e-01,-2.836038681723438870e+00
-4.320320229133136625e-01,6.664582412715384097e-01,2.462806102210338965e-01,1.821154303977082778e-01,-7.973317336576531966e-01,-4.574083276011721710e-01,1.570801904283443573e+00,8.053399070238268908e-05,-3.681554015753229499e-05,-5.398172887061113438e-05,-1.780513462534675552e-05,-1.151388641385732870e-04,-2.617866640641106080e-01,-2.836038681723438870e+00
-4.320320229133136625e-01,6.665954761348655833e-01,2.461052981347440494e-01,1.821666199686998722e-01,-7.970646566382729725e-01,-4.574083276011721710e-01,1.570801904283443573e+00,8.053399070238268908e-05,-3.681554015753229499e-05,-5.398172887061113438e-05,-1.780513462534675552e-05,-1.151388641385732870e-04,-2.617866640641106080e-01,-2.836038681723438870e+00
-4.320320229133136625e-01,6.666686680619734462e-01,2.460176420915991535e-01,1.822007463493608981e-01,-7.969044104266448381e-01,-4.574467072225516517e-01,1.570801904283443573e+00,8.053399070238268908e-05,-3.681554015753229499e-05,-5.398172887061113438e-05,-1.780513462534675552e-05,-1.151388641385732870e-04,-2.617866640641106080e-01,-2.836038681723438870e+00
-4.320320229133136625e-01,6.667510089799698614e-01,2.459299860484542299e-01,1.822519359203524925e-01,-7.967441642150168146e-01,-4.574467072225516517e-01,1.570801904283443573e+00,8.053399070238268908e-05,-3.681554015753229499e-05,-5.398172887061113438e-05,-1.780513462534675552e-05,-1.151388641385732870e-04,-2.617866640641106080e-01,-2.836038681723438870e+00
-4.320320229133136625e-01,6.668242009070777243e-01,2.458313729999161978e-01,1.822860623010135461e-01,-7.965661128687632209e-01,-4.574850868439312435e-01,1.570801904283443573e+00,8.053399070238268908e-05,-3.681554015753229499e-05,-5.398172887061113438e-05,-1.780513462534675552e-05,-1.151388641385732870e-04,-2.617866640641106080e-01,-2.836038681723438870e+00
-4.320320229133136625e-01,6.669065418250741395e-01,2.457327599513781380e-01,1.823201886816746276e-01,-7.963702563878843899e-01,-4.574850868439312435e-01,1.570801904283443573e+00,8.053399070238268908e-05,-3.681554015753229499e-05,-5.398172887061113438e-05,-1.780513462534675552e-05,-1.151388641385732870e-04,-2.617866640641106080e-01,-2.836038681723438870e+00
-4.320320229133136625e-01,6.669980317339588849e-01,2.456341469028401336e-01,1.823543150623356535e-01,-7.961743999070055589e-01,-4.575234664653107242e-01,1.570801904283443573e+00,8.053399070238268908e-05,-3.681554015753229499e-05,-5.398172887061113438e-05,-1.780513462534675552e-05,-1.151388641385732870e-04,-2.617866640641106080e-01,-2.836038681723438870e+00
-4.320320229133136625e-01,6.670803726519553001e-01,2.455245768489089930e-01,1.823884414429967071e-01,-7.959607382915013796e-01,-4.575618460866902604e-01,1.570801904283443573e+00,8.053399070238268908e-05,-3.681554015753229499e-05,-5.398172887061113438e-05,-1.780513462534675552e-05,-1.151388641385732870e-04,-2.617866640641106080e-01,-2.836038681723438870e+00
-4.320320229133136625e-01,6.672633524697249019e-01,2.453163937464398203e-01,1.824737573946493274e-01,-7.955512201951184803e-01,-4.575618460866902604e-01,1.570801904283443573e+00,8.053399070238268908e-05,-3.681554015753229499e-05,-5.398172887061113438e-05,-1.780513462534675552e-05,-1.151388641385732870e-04,-2.617866640641106080e-01,-2.836038681723438870e+00
-4.320320229133136625e-01,6.673548423786097583e-01,2.452068236925086797e-01,1.825249469656409218e-01,-7.953375585796144120e-01,-4.576002257080697966e-01,1.570801904283443573e+00,8.053399070238268908e-05,-3.681554015753229499e-05,-5.398172887061113438e-05,-1.780513462534675552e-05,-1.151388641385732870e-04,-2.617866640641106080e-01,-2.836038681723438870e+00
-4.320320229133136625e-01,6.675469711872679124e-01,2.449767265792532622e-01,1.826102629172935421e-01,-7.948924302139805942e-01,-4.576386053294493328e-01,1.570801904283443573e+00,8.053399070238268908e-05,-3.681554015753229499e-05,-5.398172887061113438e-05,-1.780513462534675552e-05,-1.151388641385732870e-04,-2.617866640641106080e-01,-2.836038681723438870e+00
-4.320320229133136625e-01,6.676476100870412100e-01,2.448561995199290131e-01,1.826443892979545958e-01,-7.946609634638511777e-01,-4.576769849508288135e-01,1.570801904283443573e+00,8.053399070238268908e-05,-3.681554015753229499e-05,-5.398172887061113438e-05,-1.780513462534675552e-05,-1.151388641385732870e-04,-2.617866640641106080e-01,-2.836038681723438870e+00
-4.320320229133136625e-01,6.677482489868145077e-01,2.447356724606047362e-01,1.826955788689461901e-01,-7.944116915790961908e-01,-4.577153645722083497e-01,1.570801904283443573e+00,8.053399070238268908e-05,-3.681554015753229499e-05,-5.398172887061113438e-05,-1.780513462534675552e-05,-1.151388641385732870e-04,-2.617866640641106080e-01,-2.836038681723438870e+00
-4.320320229133136625e-01,6.679586757772495442e-01,2.444836613365631017e-01,1.827808948205988104e-01,-7.939131478095865502e-01,-4.577921238149674221e-01,1.570801904283443573e+00,8.053399070238268908e-05,-3.681554015753229499e-05,-5.398172887061113438e-05,-1.780513462534675552e-05,-1.151388641385732870e-04,-2.617866640641106080e-01,-2.836038681723438870e+00
-4.320320229133136625e-01,6.680684636679113941e-01,2.443631342772388526e-01,1.828320843915904048e-01,-7.936638759248317854e-01,-4.578305034363469028e-01,1.570801904283443573e+00,8.053399070238268908e-05,-3.681554015753229499e-05,-5.398172887061113438e-05,-1.780513462534675552e-05,-1.151388641385732870e-04,-2.617866640641106080e-01,-2.836038681723438870e+00
-4.320320229133136625e-01,6.681782515585732440e-01,2.442316502125214672e-01,1.828832739625819714e-01,-7.933967989054515613e-01,-4.578305034363469028e-01,1.570801904283443573e+00,8.053399070238268908e-05,-3.681554015753229499e-05,-5.398172887061113438e-05,-1.780513462534675552e-05,-1.151388641385732870e-04,-2.617866640641106080e-01,-2.836038681723438870e+00
-4.320320229133136625e-01,6.682971884401235352e-01,2.441111231531972181e-01,1.829344635335735658e-01,-7.931297218860713372e-01,-4.579072626791059752e-01,1.570801904283443573e+00,8.053399070238268908e-05,-3.681554015753229499e-05,-5.398172887061113438e-05,-1.780513462534675552e-05,-1.151388641385732870e-04,-2.617866640641106080e-01,-2.836038681723438870e+00
-4.320320229133136625e-01,6.684069763307852741e-01,2.439796390884798327e-01,1.829685899142346195e-01,-7.928626448666911131e-01,-4.579456423004855115e-01,1.570801904283443573e+00,8.053399070238268908e-05,-3.681554015753229499e-05,-5.398172887061113438e-05,-1.780513462534675552e-05,-1.151388641385732870e-04,-2.617866640641106080e-01,-2.836038681723438870e+00
-4.320320229133136625e-01,6.685259132123354542e-01,2.438371980183693666e-01,1.830197794852261861e-01,-7.925955678473110000e-01,-4.579840219218649922e-01,1.570801904283443573e+00,8.053399070238268908e-05,-3.681554015753229499e-05,-5.398172887061113438e-05,-1.780513462534675552e-05,-1.151388641385732870e-04,-2.617866640641106080e-01,-2.836038681723438870e+00
-4.320320229133136625e-01,6.686448500938858563e-01,2.437057139536520090e-01,1.830709690562177805e-01,-7.923106856933053166e-01,-4.580607811646240646e-01,1.570801904283443573e+00,8.053399070238268908e-05,-3.681554015753229499e-05,-5.398172887061113438e-05,-1.780513462534675552e-05,-1.151388641385732870e-04,-2.617866640641106080e-01,-2.836038681723438870e+00
-4.320320229133136625e-01,6.687546379845475952e-01,2.435742298889346236e-01,1.831392218175398878e-01,-7.920436086739252035e-01,-4.580607811646240646e-01,1.570801904283443573e+00,8.053399070238268908e-05,-3.681554015753229499e-05,-5.398172887061113438e-05,-1.780513462534675552e-05,-1.151388641385732870e-04,-2.617866640641106080e-01,-2.836038681723438870e+00
-4.320320229133136625e-01,6.689925117476481775e-01,2.432893477487136358e-01,1.832245377691925081e-01,-7.914738443659140588e-01,-4.581759200287626732e-01,1.570801904283443573e+00,8.053399070238268908e-05,-3.681554015753229499e-05,-5.398172887061113438e-05,-1.780513462534675552e-05,-1.151388641385732870e-04,-2.617866640641106080e-01,-2.836038681723438870e+00
-4.320320229133136625e-01,6.691205976200869099e-01,2.431578636839962504e-01,1.832927905305146155e-01,-7.911889622119085974e-01,-4.582526792715217456e-01,1.570801904283443573e+00,8.053399070238268908e-05,-3.681554015753229499e-05,-5.398172887061113438e-05,-1.780513462534675552e-05,-1.151388641385732870e-04,-2.617866640641106080e-01,-2.836038681723438870e+00
-4.320320229133136625e-01,6.692395345016372010e-01,2.430154226138857843e-01,1.833439801015061821e-01,-7.909218851925283733e-01,-4.582910588929012263e-01,1.570801904283443573e+00,8.053399070238268908e-05,-3.681554015753229499e-05,-5.398172887061113438e-05,-1.780513462534675552e-05,-1.151388641385732870e-04,-2.617866640641106080e-01,-2.836038681723438870e+00
-4.320320229133136625e-01,6.693584713831874922e-01,2.428729815437752904e-01,1.833951696724977765e-01,-7.906548081731481492e-01,-4.583678181356602432e-01,1.570801904283443573e+00,8.053399070238268908e-05,-3.681554015753229499e-05,-5.398172887061113438e-05,-1.780513462534675552e-05,-1.151388641385732870e-04,-2.617866640641106080e-01,-2.836038681723438870e+00
-4.320320229133136625e-01,6.694865572556263356e-01,2.427305404736647965e-01,1.834463592434893431e-01,-7.903877311537679251e-01,-4.584061977570398350e-01,1.570801904283443573e+00,8.053399070238268908e-05,-3.681554015753229499e-05,-5.398172887061113438e-05,-1.780513462534675552e-05,-1.151388641385732870e-04,-2.617866640641106080e-01,-2.836038681723438870e+00
-4.320320229133136625e-01,6.697335800096152481e-01,2.424456583334438087e-01,1.835487383854725041e-01,-7.898713822496328252e-01,-4.585597162425579243e-01,1.570801904283443573e+00,8.053399070238268908e-05,-3.681554015753229499e-05,-5.398172887061113438e-05,-1.780513462534675552e-05,-1.151388641385732870e-04,-2.617866640641106080e-01,-2.836038681723438870e+00
-4.320320229133136625e-01,6.698616658820540914e-01,2.423032172633333425e-01,1.835999279564640985e-01,-7.896043052302526011e-01,-4.586364754853169412e-01,1.570801904283443573e+00,8.053399070238268908e-05,-3.681554015753229499e-05,-5.398172887061113438e-05,-1.780513462534675552e-05,-1.151388641385732870e-04,-2.617866640641106080e-01,-2.836038681723438870e+00
-4.320320229133136625e-01,6.699806027636042716e-01,2.421498191878297401e-01,1.836511175274556651e-01,-7.893194230762471397e-01,-4.587132347280760136e-01,1.570801904283443573e+00,8.053399070238268908e-05,-3.681554015753229499e-05,-5.398172887061113438e-05,-1.780513462534675552e-05,-1.151388641385732870e-04,-2.617866640641106080e-01,-2.836038681723438870e+00
-4.320320229133136625e-01,6.701086886360430039e-01,2.420073781177192462e-01,1.837023070984472317e-01,-7.890523460568669156e-01,-4.587516143494554943e-01,1.570801904283443573e+00,8.053399070238268908e-05,-3.681554015753229499e-05,-5.398172887061113438e-05,-1.780513462534675552e-05,-1.151388641385732870e-04,-2.617866640641106080e-01,-2.836038681723438870e+00
-4.320320229133136625e-01,6.703648603809205797e-01,2.417224959774982862e-01,1.838046862404304205e-01,-7.885003868834811191e-01,-4.589051328349735837e-01,1.570801904283443573e+00,8.053399070238268908e-05,-3.681554015753229499e-05,-5.398172887061113438e-05,-1.780513462534675552e-05,-1.151388641385732870e-04,-2.617866640641106080e-01,-2.836038681723438870e+00
-4.320320229133136625e-01,6.704837972624709819e-01,2.415800549073877923e-01,1.838729390017525001e-01,-7.881976995948503095e-01,-4.590202716991121923e-01,1.570801904283443573e+00,8.053399070238268908e-05,-3.681554015753229499e-05,-5.398172887061113438e-05,-1.780513462534675552e-05,-1.151388641385732870e-04,-2.617866640641106080e-01,-2.836038681723438870e+00
-4.320320229133136625e-01,6.706118831349096032e-01,2.414266568318841621e-01,1.839241285727440944e-01,-7.879128174408447371e-01,-4.590970309418712647e-01,1.570801904283443573e+00,8.053399070238268908e-05,-3.681554015753229499e-05,-5.398172887061113438e-05,-1.780513462534675552e-05,-1.151388641385732870e-04,-2.617866640641106080e-01,-2.836038681723438870e+00
-4.320320229133136625e-01,6.707399690073483356e-01,2.412842157617736683e-01,1.839753181437356611e-01,-7.876279352868391648e-01,-4.591737901846303371e-01,1.570801904283443573e+00,8.053399070238268908e-05,-3.681554015753229499e-05,-5.398172887061113438e-05,-1.780513462534675552e-05,-1.151388641385732870e-04,-2.617866640641106080e-01,-2.836038681723438870e+00
-4.320320229133136625e-01,6.709961407522259114e-01,2.409993336215527082e-01,1.840776972857188498e-01,-7.870581709788281310e-01,-4.593273086701484265e-01,1.570801904283443573e+00,8.053399070238268908e-05,-3.681554015753229499e-05,-5.398172887061113438e-05,-1.780513462534675552e-05,-1.151388641385732870e-04,-2.617866640641106080e-01,-2.836038681723438870e+00
-4.320320229133136625e-01,6.711242266246647548e-01,2.408568925514422143e-01,1.841288868567104164e-01,-7.867732888248225587e-01,-4.594424475342869796e-01,1.570801904283443573e+00,8.053399070238268908e-05,-3.681554015753229499e-05,-5.398172887061113438e-05,-1.780513462534675552e-05,-1.151388641385732870e-04,-2.617866640641106080e-01,-2.836038681723438870e+00
-4.320320229133136625e-01,6.712523124971034871e-01,2.407144514813317204e-01,1.841800764277019831e-01,-7.865062118054423346e-01,-4.595575863984255327e-01,1.570801904283443573e+00,8.053399070238268908e-05,-3.681554015753229499e-05,-5.398172887061113438e-05,-1.780513462534675552e-05,-1.151388641385732870e-04,-2.617866640641106080e-01,-2.836038681723438870e+00
-4.320320229133136625e-01,6.713803983695422195e-01,2.405610534058281180e-01,1.842312659986935497e-01,-7.862391347860621105e-01,-4.596727252625640858e-01,1.570801904283443573e+00,8.053399070238268908e-05,-3.681554015753229499e-05,-5.398172887061113438e-05,-1.780513462534675552e-05,-1.151388641385732870e-04,-2.617866640641106080e-01,-2.836038681723438870e+00
-4.320320229133136625e-01,6.714993352510925106e-01,2.404186123357176519e-01,1.842995187600156848e-01,-7.859898629013073457e-01,-4.597878641267026945e-01,1.570801904283443573e+00,8.053399070238268908e-05,-3.681554015753229499e-05,-5.398172887061113438e-05,-1.780513462534675552e-05,-1.151388641385732870e-04,-2.617866640641106080e-01,-2.836038681723438870e+00
-4.320320229133136625e-01,6.717555069959699754e-01,2.401337301954966641e-01,1.844018979019988180e-01,-7.854557088625468975e-01,-4.599797622336003200e-01,1.570801904283443573e+00,8.053399070238268908e-05,-3.681554015753229499e-05,-5.398172887061113438e-05,-1.780513462534675552e-05,-1.151388641385732870e-04,-2.617866640641106080e-01,-2.836038681723438870e+00
-4.320320229133136625e-01,6.718835928684088188e-01,2.399803321199930617e-01,1.844530874729904124e-01,-7.852064369777919106e-01,-4.601332807191184093e-01,1.570801904283443573e+00,8.053399070238268908e-05,-3.681554015753229499e-05,-5.398172887061113438e-05,-1.780513462534675552e-05,-1.151388641385732870e-04,-2.617866640641106080e-01,-2.836038681723438870e+00
-4.320320229133136625e-01,6.720116787408475512e-01,2.398378910498825956e-01,1.845042770439819790e-01,-7.849393599584117975e-01,-4.602867992046364987e-01,1.570801904283443573e+00,8.053399070238268908e-05,-3.681554015753229499e-05,-5.398172887061113438e-05,-1.780513462534675552e-05,-1.151388641385732870e-04,-2.617866640641106080e-01,-2.836038681723438870e+00
-4.320320229133136625e-01,6.721489136041748358e-01,2.396954499797721017e-01,1.845554666149735734e-01,-7.846722829390315734e-01,-4.603635584473955711e-01,1.570801904283443573e+00,8.053399070238268908e-05,-3.681554015753229499e-05,-5.398172887061113438e-05,-1.780513462534675552e-05,-1.151388641385732870e-04,-2.617866640641106080e-01,-2.836038681723438870e+00
-4.320450343584080199e-01,6.724050853490523005e-01,2.393996108341579776e-01,1.846578457569567067e-01,-7.841203237656458880e-01,-4.606322157970522690e-01,1.570801904283443573e+00,8.053399070238268908e-05,-3.681554015753229499e-05,-5.398172887061113438e-05,-1.780513462534675552e-05,-1.151388641385732870e-04,-2.617866640641106080e-01,-2.836038681723438870e+00
-4.320450343584080199e-01,6.725331712214911439e-01,2.392571697640475392e-01,1.847090353279483010e-01,-7.838532467462656639e-01,-4.607473546611907667e-01,1.570801904283443573e+00,8.053399070238268908e-05,-3.681554015753229499e-05,-5.398172887061113438e-05,-1.780513462534675552e-05,-1.151388641385732870e-04,-2.617866640641106080e-01,-2.836038681723438870e+00
-4.320450343584080199e-01,6.726612570939297653e-01,2.391037716885439091e-01,1.847602248989398677e-01,-7.835683645922600915e-01,-4.608624935253293198e-01,1.570801904283443573e+00,8.053399070238268908e-05,-3.681554015753229499e-05,-5.398172887061113438e-05,-1.780513462534675552e-05,-1.151388641385732870e-04,-2.617866640641106080e-01,-2.836038681723438870e+00
-4.320450343584080199e-01,6.729174288388073411e-01,2.388079325429298128e-01,1.848626040409230564e-01,-7.830342105534997543e-01,-4.610160120108474646e-01,1.570801904283443573e+00,8.053399070238268908e-05,-3.681554015753229499e-05,-5.398172887061113438e-05,-1.780513462534675552e-05,-1.151388641385732870e-04,-2.617866640641106080e-01,-2.836038681723438870e+00
-4.320450343584080199e-01,6.730455147112460734e-01,2.386654914728193466e-01,1.849137936119146230e-01,-7.827493283994940709e-01,-4.611311508749860177e-01,1.570801904283443573e+00,8.053399070238268908e-05,-3.681554015753229499e-05,-5.398172887061113438e-05,-1.780513462534675552e-05,-1.151388641385732870e-04,-2.617866640641106080e-01,-2.836038681723438870e+00
-4.320450343584080199e-01,6.731736005836849168e-01,2.385230504027088527e-01,1.849820463732367304e-01,-7.824822513801139579e-01,-4.612462897391245709e-01,1.570801904283443573e+00,8.053399070238268908e-05,-3.681554015753229499e-05,-5.398172887061113438e-05,-1.780513462534675552e-05,-1.151388641385732870e-04,-2.617866640641106080e-01,-2.836038681723438870e+00
-4.320450343584080199e-01,6.733016864561236492e-01,2.383696523272052503e-01,1.850332359442282970e-01,-7.822151743607337337e-01,-4.613230489818836433e-01,1.570801904283443573e+00,8.053399070238268908e-05,-3.681554015753229499e-05,-5.398172887061113438e-05,-1.780513462534675552e-05,-1.151388641385732870e-04,-2.617866640641106080e-01,-2.836038681723438870e+00
-4.320450343584080199e-01,6.734297723285624926e-01,2.382272112570947287e-01,1.850844255152198914e-01,-7.819480973413535096e-01,-4.614381878460222519e-01,1.570801904283443573e+00,8.053399070238268908e-05,-3.681554015753229499e-05,-5.398172887061113438e-05,-1.780513462534675552e-05,-1.151388641385732870e-04,-2.617866640641106080e-01,-2.836038681723438870e+00
-4.320450343584080199e-01,6.735670071918896662e-01,2.380847701869842903e-01,1.851356150862114858e-01,-7.816810203219732855e-01,-4.614765674674017326e-01,1.570801904283443573e+00,8.053399070238268908e-05,-3.681554015753229499e-05,-5.398172887061113438e-05,-1.780513462534675552e-05,-1.151388641385732870e-04,-2.617866640641106080e-01,-2.836038681723438870e+00
-4.320450343584080199e-01,6.736950930643283986e-01,2.379313721114806601e-01,1.851868046572030246e-01,-7.814139433025931725e-01,-4.615917063315403412e-01,1.570801904283443573e+00,8.053399070238268908e-05,-3.681554015753229499e-05,-5.398172887061113438e-05,-1.780513462534675552e-05,-1.151388641385732870e-04,-2.617866640641106080e-01,-2.836038681723438870e+00
-4.320450343584080199e-01,6.739512648092058633e-01,2.376464899712596723e-01,1.852891837991861856e-01,-7.808619841292074870e-01,-4.617836044384379113e-01,1.570801904283443573e+00,8.053399070238268908e-05,-3.681554015753229499e-05,-5.398172887061113438e-05,-1.780513462534675552e-05,-1.151388641385732870e-04,-2.617866640641106080e-01,-2.836038681723438870e+00
-4.320450343584080199e-01,6.740793506816447067e-01,2.374930918957560977e-01,1.853403733701777800e-01,-7.805949071098272629e-01,-4.618603636811969837e-01,1.570801904283443573e+00,8.053399070238268908e-05,-3.681554015753229499e-05,-5.398172887061113438e-05,-1.780513462534675552e-05,-1.151388641385732870e-04,-2.617866640641106080e-01,-2.836038681723438870e+00
-4.320450343584080199e-01,6.742074365540834391e-01,2.373506508256456038e-01,1.853915629411693744e-01,-7.803100249558216905e-01,-4.619371229239560561e-01,1.570801904283443573e+00,8.053399070238268908e-05,-3.681554015753229499e-05,-5.398172887061113438e-05,-1.780513462534675552e-05,-1.151388641385732870e-04,-2.617866640641106080e-01,-2.836038681723438870e+00
-4.320450343584080199e-01,6.743355224265221715e-01,2.372082097555351099e-01,1.854427525121609410e-01,-7.800251428018161182e-01,-4.619755025453355923e-01,1.570801904283443573e+00,8.053399070238268908e-05,-3.681554015753229499e-05,-5.398172887061113438e-05,-1.780513462534675552e-05,-1.151388641385732870e-04,-2.617866640641106080e-01,-2.836038681723438870e+00
-4.320450343584080199e-01,6.744636082989610149e-01,2.370548116800315075e-01,1.854939420831525076e-01,-7.797580657824358941e-01,-4.620906414094741455e-01,1.570801904283443573e+00,8.053399070238268908e-05,-3.681554015753229499e-05,-5.398172887061113438e-05,-1.780513462534675552e-05,-1.151388641385732870e-04,-2.617866640641106080e-01,-2.836038681723438870e+00
-4.320450343584080199e-01,6.745916941713997472e-01,2.369123706099210414e-01,1.855451316541441020e-01,-7.794731836284303217e-01,-4.621674006522331624e-01,1.570801904283443573e+00,8.053399070238268908e-05,-3.681554015753229499e-05,-5.398172887061113438e-05,-1.780513462534675552e-05,-1.151388641385732870e-04,-2.617866640641106080e-01,-2.836038681723438870e+00
-4.320450343584080199e-01,6.747197800438385906e-01,2.367699295398105475e-01,1.856133844154662094e-01,-7.791883014744248603e-01,-4.622825395163717710e-01,1.570801904283443573e+00,8.053399070238268908e-05,-3.681554015753229499e-05,-5.398172887061113438e-05,-1.780513462534675552e-05,-1.151388641385732870e-04,-2.617866640641106080e-01,-2.836038681723438870e+00
-4.320450343584080199e-01,6.749851007796044966e-01,2.364740903941964234e-01,1.857157635574493426e-01,-7.786363423010390639e-01,-4.624360580018898603e-01,1.570801904283443573e+00,8.053399070238268908e-05,-3.681554015753229499e-05,-5.398172887061113438e-05,-1.780513462534675552e-05,-1.151388641385732870e-04,-2.617866640641106080e-01,-2.836038681723438870e+00
-4.320450343584080199e-01,6.751131866520432290e-01,2.363316493240859295e-01,1.857669531284409370e-01,-7.783514601470334915e-01,-4.625128172446489327e-01,1.570801904283443573e+00,8.053399070238268908e-05,-3.681554015753229499e-05,-5.398172887061113438e-05,-1.780513462534675552e-05,-1.151388641385732870e-04,-2.617866640641106080e-01,-2.836038681723438870e+00
-4.320450343584080199e-01,6.752412725244819613e-01,2.361782512485823549e-01,1.858181426994325314e-01,-7.780843831276532674e-01,-4.625895764874079497e-01,1.570801904283443573e+00,8.053399070238268908e-05,-3.681554015753229499e-05,-5.398172887061113438e-05,-1.780513462534675552e-05,-1.151388641385732870e-04,-2.617866640641106080e-01,-2.836038681723438870e+00
-4.320450343584080199e-01,6.753693583969208047e-01,2.360358101784718610e-01,1.858693322704240980e-01,-7.778173061082730433e-01,-4.626663357301670221e-01,1.570801904283443573e+00,8.053399070238268908e-05,-3.681554015753229499e-05,-5.398172887061113438e-05,-1.780513462534675552e-05,-1.151388641385732870e-04,-2.617866640641106080e-01,-2.836038681723438870e+00
-4.320450343584080199e-01,6.754974442693595371e-01,2.358933691083613671e-01,1.859205218414156924e-01,-7.775502290888929302e-01,-4.627814745943055752e-01,1.570801904283443573e+00,8.053399070238268908e-05,-3.681554015753229499e-05,-5.398172887061113438e-05,-1.780513462534675552e-05,-1.151388641385732870e-04,-2.617866640641106080e-01,-2.836038681723438870e+00
-4.320450343584080199e-01,6.756255301417982695e-01,2.357399710328577924e-01,1.859717114124072590e-01,-7.772831520695127061e-01,-4.628582338370646476e-01,1.570801904283443573e+00,8.053399070238268908e-05,-3.681554015753229499e-05,-5.398172887061113438e-05,-1.780513462534675552e-05,-1.151388641385732870e-04,-2.617866640641106080e-01,-2.836026004197213624e+00
-4.320450343584080199e-01,6.757536160142371129e-01,2.355975299627472985e-01,1.860229009833988256e-01,-7.770160750501324820e-01,-4.628966134584441838e-01,1.570801904283443573e+00,8.053399070238268908e-05,-3.681554015753229499e-05,-5.398172887061113438e-05,-1.780513462534675552e-05,-1.151388641385732870e-04,-2.617866640641106080e-01,-2.836026004197213624e+00
-4.320450343584080199e-01,6.758817018866758453e-01,2.354441318872436684e-01,1.860740905543904200e-01,-7.767311928961269096e-01,-4.629733727012032007e-01,1.570801904283443573e+00,8.053399070238268908e-05,-3.681554015753229499e-05,-5.398172887061113438e-05,-1.780513462534675552e-05,-1.151388641385732870e-04,-2.617866640641106080e-01,-2.836026004197213624e+00
-4.320450343584080199e-01,6.760189367500031299e-01,2.353016908171331745e-01,1.861423433157125273e-01,-7.764641158767466855e-01,-4.630501319439622732e-01,1.570801904283443573e+00,8.053399070238268908e-05,-3.681554015753229499e-05,-5.398172887061113438e-05,-1.780513462534675552e-05,-1.151388641385732870e-04,-2.617866640641106080e-01,-2.836026004197213624e+00
-4.320450343584080199e-01,6.761470226224418623e-01,2.351592497470226806e-01,1.861764696963735810e-01,-7.761970388573664614e-01,-4.631652708081008263e-01,1.570801904283443573e+00,8.053399070238268908e-05,-3.681554015753229499e-05,-5.398172887061113438e-05,-1.780513462534675552e-05,-1.151388641385732870e-04,-2.617866640641106080e-01,-2.836026004197213624e+00
-4.320450343584080199e-01,6.764031943673193270e-01,2.348634106014086120e-01,1.862959120286872550e-01,-7.756628848186061242e-01,-4.632804096722394349e-01,1.570801904283443573e+00,8.053399070238268908e-05,-3.681554015753229499e-05,-5.398172887061113438e-05,-1.780513462534675552e-05,-1.151388641385732870e-04,-2.617866640641106080e-01,-2.836026004197213624e+00
-4.320450343584080199e-01,6.765312802397580594e-01,2.347100125259050096e-01,1.863471015996788493e-01,-7.753958077992259001e-01,-4.633571689149984518e-01,1.570801904283443573e+00,8.053399070238268908e-05,-3.681554015753229499e-05,-5.398172887061113438e-05,-1.780513462534675552e-05,-1.151388641385732870e-04,-2.617866640641106080e-01,-2.836026004197213624e+00
-4.320450343584080199e-01,6.766593661121969028e-01,2.345675714557945435e-01,1.863982911706704160e-01,-7.751287307798456760e-01,-4.634339281577575242e-01,1.570801904283443573e+00,8.053399070238268908e-05,-3.681554015753229499e-05,-3.598781924707408959e-05,-1.780513462534675552e-05,-1.151388641385732870e-04,-2.617866640641106080e-01,-2.836026004197213624e+00
-4.320450343584080199e-01,6.767874519846356351e-01,2.344141733802909133e-01,1.864494807416620104e-01,-7.748616537604654519e-01,-4.635490670218960774e-01,1.570801904283443573e+00,8.053399070238268908e-05,-3.681554015753229499e-05,-5.398172887061113438e-05,-1.780513462534675552e-05,-1.151388641385732870e-04,-2.617866640641106080e-01,-2.836026004197213624e+00
-4.320450343584080199e-01,6.770527727204016522e-01,2.341292912400699255e-01,1.865518598836451436e-01,-7.743096945870797665e-01,-4.636642058860346860e-01,1.570801904283443573e+00,8.053399070238268908e-05,-3.681554015753229499e-05,-3.598781924707408959e-05,-1.780513462534675552e-05,-1.151388641385732870e-04,-2.617866640641106080e-01,-2.836026004197213624e+00
-4.320450343584080199e-01,6.771808585928403845e-01,2.339758931645663509e-01,1.866030494546367380e-01,-7.740248124330741941e-01,-4.637409651287937029e-01,1.570801904283443573e+00,8.053399070238268908e-05,-3.681554015753229499e-05,-5.398172887061113438e-05,-1.780513462534675552e-05,-1.151388641385732870e-04,-2.617866640641106080e-01,-2.836026004197213624e+00
-4.320450343584080199e-01,6.773089444652792279e-01,2.338334520944558570e-01,1.866542390256283046e-01,-7.737577354136940810e-01,-4.638177243715527753e-01,1.570801904283443573e+00,8.053399070238268908e-05,-3.681554015753229499e-05,-5.398172887061113438e-05,-1.780513462534675552e-05,-1.151388641385732870e-04,-2.617866640641106080e-01,-2.836026004197213624e+00
-4.320450343584080199e-01,6.774370303377179603e-01,2.336910110243453631e-01,1.867054285966198990e-01,-7.734906583943138569e-01,-4.638944836143117922e-01,1.570801904283443573e+00,8.053399070238268908e-05,-3.681554015753229499e-05,-5.398172887061113438e-05,-1.780513462534675552e-05,-1.151388641385732870e-04,-2.617866640641106080e-01,-2.836026004197213624e+00
-4.320450343584080199e-01,6.776932020825954250e-01,2.333951718787312668e-01,1.868078077386030600e-01,-7.729565043555534087e-01,-4.640863817212094178e-01,1.570801904283443573e+00,8.053399070238268908e-05,-3.681554015753229499e-05,-5.398172887061113438e-05,-1.780513462534675552e-05,-1.151388641385732870e-04,-2.617866640641106080e-01,-2.836026004197213624e+00
-4.320450343584080199e-01,6.778212879550341574e-01,2.332417738032276644e-01,1.868589973095946266e-01,-7.726716222015478364e-01,-4.641247613425889540e-01,1.570801904283443573e+00,8.053399070238268908e-05,-3.681554015753229499e-05,-5.398172887061113438e-05,-1.780513462534675552e-05,-1.151388641385732870e-04,-2.617866640641106080e-01,-2.836026004197213624e+00
-4.320450343584080199e-01,6.779493738274728898e-01,2.330993327331171705e-01,1.869101868805861932e-01,-7.724045451821676123e-01,-4.642015205853480264e-01,1.570801904283443573e+00,8.053399070238268908e-05,-3.681554015753229499e-05,-5.398172887061113438e-05,-1.780513462534675552e-05,-1.151388641385732870e-04,-2.617866640641106080e-01,-2.836026004197213624e+00
-4.320450343584080199e-01,6.780774596999117332e-01,2.329568916630066766e-01,1.869613764515777876e-01,-7.721196630281620399e-01,-4.642782798281070433e-01,1.570801904283443573e+00,8.053399070238268908e-05,-3.681554015753229499e-05,-5.398172887061113438e-05,-1.780513462534675552e-05,-1.151388641385732870e-04,-2.617866640641106080e-01,-2.836026004197213624e+00
-4.320450343584080199e-01,6.783336314447893090e-01,2.326610525173926081e-01,1.870637555935609486e-01,-7.715677038547763544e-01,-4.644317983136251327e-01,1.570801904283443573e+00,8.053399070238268908e-05,-3.681554015753229499e-05,-5.398172887061113438e-05,-1.780513462534675552e-05,-1.151388641385732870e-04,-2.617866640641106080e-01,-2.836026004197213624e+00
-4.320450343584080199e-01,6.784617173172280413e-01,2.325076544418890057e-01,1.871149451645525430e-01,-7.713006268353962414e-01,-4.645085575563842051e-01,1.570801904283443573e+00,8.053399070238268908e-05,-3.681554015753229499e-05,-5.398172887061113438e-05,-1.780513462534675552e-05,-1.151388641385732870e-04,-2.617866640641106080e-01,-2.836026004197213624e+00
-4.320450343584080199e-01,6.785898031896666627e-01,2.323652133717785118e-01,1.871661347355440819e-01,-7.710335498160160173e-01,-4.645853167991432775e-01,1.570801904283443573e+00,8.053399070238268908e-05,-3.681554015753229499e-05,-5.398172887061113438e-05,-1.780513462534675552e-05,-1.151388641385732870e-04,-2.617866640641106080e-01,-2.836026004197213624e+00
-4.320450343584080199e-01,6.787178890621055061e-01,2.322227723016680179e-01,1.872173243065356762e-01,-7.707664727966357932e-01,-4.646620760419022944e-01,1.570801904283443573e+00,8.053399070238268908e-05,-3.681554015753229499e-05,-5.398172887061113438e-05,-1.780513462534675552e-05,-1.151388641385732870e-04,-2.617866640641106080e-01,-2.836026004197213624e+00
-4.320450343584080199e-01,6.788551239254326797e-01,2.320693742261644155e-01,1.872685138775272706e-01,-7.704993957772555691e-01,-4.647388352846613668e-01,1.570801904283443573e+00,8.053399070238268908e-05,-3.681554015753229499e-05,-5.398172887061113438e-05,-1.780513462534675552e-05,-1.151388641385732870e-04,-2.617866640641106080e-01,-2.836026004197213624e+00
-4.320450343584080199e-01,6.802640685222591799e-01,2.304477374279834956e-01,1.878315991584346145e-01,-7.675259382948226294e-01,-4.655064277122518690e-01,1.570801904283443573e+00,8.053399070238268908e-05,-3.681554015753229499e-05,-3.598781924707408959e-05,-1.780513462534675552e-05,-1.151388641385732870e-04,-2.617866640641106080e-01,-2.836026004197213624e+00
-4.320450343584080199e-01,6.803830054038094710e-01,2.303052963578730017e-01,1.878827887294262089e-01,-7.672588612754424053e-01,-4.655831869550108304e-01,1.570801904283443573e+00,8.053399070238268908e-05,-3.681554015753229499e-05,-3.598781924707408959e-05,-1.780513462534675552e-05,-1.151388641385732870e-04,-2.617866640641106080e-01,-2.836026004197213624e+00
-4.320580458035023774e-01,6.805019422853596511e-01,2.301628552877625078e-01,1.879339783004178033e-01,-7.669917842560621812e-01,-4.656215665763904221e-01,1.570801904283443573e+00,8.053399070238268908e-05,-3.681554015753229499e-05,-3.598781924707408959e-05,-1.780513462534675552e-05,-1.151388641385732870e-04,-2.617866640641106080e-01,-2.836026004197213624e+00
-4.320580458035023774e-01,6.806300281577984945e-01,2.300204142176520139e-01,1.880022310617398829e-01,-7.667425123713074164e-01,-4.656983258191494390e-01,1.570801904283443573e+00,8.053399070238268908e-05,-3.681554015753229499e-05,-3.598781924707408959e-05,-1.780513462534675552e-05,-1.151388641385732870e-04,-2.617866640641106080e-01,-2.836026004197213624e+00
-4.320580458035023774e-01,6.807489650393487857e-01,2.298889301529346285e-01,1.880534206327314772e-01,-7.664754353519271923e-01,-4.657750850619085115e-01,1.570801904283443573e+00,8.053399070238268908e-05,-3.681554015753229499e-05,-5.398172887061113438e-05,-1.780513462534675552e-05,-1.151388641385732870e-04,-2.617866640641106080e-01,-2.836026004197213624e+00
-4.320580458035023774e-01,6.808587529300105246e-01,2.297464890828241624e-01,1.881046102037230439e-01,-7.662261634671724275e-01,-4.658518443046675284e-01,1.570801904283443573e+00,8.053399070238268908e-05,-3.681554015753229499e-05,-3.598781924707408959e-05,-1.780513462534675552e-05,-1.151388641385732870e-04,-2.617866640641106080e-01,-2.836026004197213624e+00
-4.320580458035023774e-01,6.809776898115608157e-01,2.296150050181067770e-01,1.881557997747146382e-01,-7.659768915824175517e-01,-4.658518443046675284e-01,1.570801904283443573e+00,8.053399070238268908e-05,-3.681554015753229499e-05,-3.598781924707408959e-05,-1.780513462534675552e-05,-1.151388641385732870e-04,-2.617866640641106080e-01,-2.836026004197213624e+00
-4.320580458035023774e-01,6.810966266931111068e-01,2.294835209533894194e-01,1.882069893457062326e-01,-7.657098145630373276e-01,-4.659286035474266008e-01,1.570801904283443573e+00,8.053399070238268908e-05,-3.681554015753229499e-05,-3.598781924707408959e-05,-1.780513462534675552e-05,-1.151388641385732870e-04,-2.617866640641106080e-01,-2.836026004197213624e+00
-4.320580458035023774e-01,6.812155635746613980e-01,2.293520368886720340e-01,1.882581789166977992e-01,-7.654605426782824518e-01,-4.660053627901856177e-01,1.570801904283443573e+00,8.053399070238268908e-05,-3.681554015753229499e-05,-5.398172887061113438e-05,-1.780513462534675552e-05,-1.151388641385732870e-04,-2.617866640641106080e-01,-2.836026004197213624e+00
-4.320580458035023774e-01,6.814351393559848757e-01,2.290890687592372910e-01,1.883434948683504473e-01,-7.649441937741473518e-01,-4.660821220329446901e-01,1.570801904283443573e+00,8.053399070238268908e-05,-3.681554015753229499e-05,-3.598781924707408959e-05,-1.780513462534675552e-05,-1.151388641385732870e-04,-2.617866640641106080e-01,-2.836026004197213624e+00
-4.320580458035023774e-01,6.815449272466468367e-01,2.289575846945199056e-01,1.883946844393419862e-01,-7.646771167547671277e-01,-4.661588812757037625e-01,1.570801904283443573e+00,8.053399070238268908e-05,-3.681554015753229499e-05,-3.598781924707408959e-05,-1.780513462534675552e-05,-1.151388641385732870e-04,-2.617866640641106080e-01,-2.836026004197213624e+00
-4.320580458035023774e-01,6.816455661464201343e-01,2.288370576351956565e-01,1.884458740103335805e-01,-7.644278448700123629e-01,-4.662356405184627794e-01,1.570801904283443573e+00,8.053399070238268908e-05,-3.681554015753229499e-05,-3.598781924707408959e-05,-1.780513462534675552e-05,-1.151388641385732870e-04,-2.617866640641106080e-01,-2.836026004197213624e+00
-4.320580458035023774e-01,6.817553540370818732e-01,2.287165305758713796e-01,1.884800003909946620e-01,-7.641785729852573761e-01,-4.662740201398422601e-01,1.570801904283443573e+00,8.053399070238268908e-05,-3.681554015753229499e-05,-3.598781924707408959e-05,-1.780513462534675552e-05,-1.151388641385732870e-04,-2.617866640641106080e-01,-2.836026004197213624e+00
-4.320580458035023774e-01,6.819566318366284685e-01,2.284864334626159899e-01,1.885823795329777952e-01,-7.636800292157477354e-01,-4.663507793826013326e-01,1.570801904283443573e+00,8.053399070238268908e-05,-3.681554015753229499e-05,-3.598781924707408959e-05,-1.780513462534675552e-05,-1.151388641385732870e-04,-2.617866640641106080e-01,-2.836026004197213624e+00
-4.320580458035023774e-01,6.820481217455133249e-01,2.283659064032917130e-01,1.886165059136388489e-01,-7.634307573309929706e-01,-4.664275386253604050e-01,1.570801904283443573e+00,8.053399070238268908e-05,-3.681554015753229499e-05,-3.598781924707408959e-05,-1.780513462534675552e-05,-1.151388641385732870e-04,-2.617866640641106080e-01,-2.836026004197213624e+00
-4.320580458035023774e-01,6.821487606452866226e-01,2.282563363493605724e-01,1.886506322942999025e-01,-7.631992905808633321e-01,-4.665042978681194219e-01,1.570801904283443573e+00,8.053399070238268908e-05,-3.681554015753229499e-05,-3.598781924707408959e-05,-1.780513462534675552e-05,-1.151388641385732870e-04,-2.617866640641106080e-01,-2.836026004197213624e+00
-4.320580458035023774e-01,6.823317404630562244e-01,2.280481532468913997e-01,1.887359482459525506e-01,-7.627719673498550845e-01,-4.665810571108784943e-01,1.570801904283443573e+00,8.053399070238268908e-05,-3.681554015753229499e-05,-3.598781924707408959e-05,-1.780513462534675552e-05,-1.151388641385732870e-04,-2.617866640641106080e-01,-2.836026004197213624e+00
-4.320580458035023774e-01,6.824232303719410808e-01,2.279385831929602590e-01,1.887700746266135765e-01,-7.625761108689763645e-01,-4.666578163536375112e-01,1.570801904283443573e+00,8.053399070238268908e-05,-3.681554015753229499e-05,-3.598781924707408959e-05,-1.780513462534675552e-05,-1.151388641385732870e-04,-2.617866640641106080e-01,-2.836026004197213624e+00
-4.320580458035023774e-01,6.825055712899374960e-01,2.278509271498153632e-01,1.888042010072746302e-01,-7.623980595227227708e-01,-4.666578163536375112e-01,1.570801904283443573e+00,8.053399070238268908e-05,-3.681554015753229499e-05,-3.598781924707408959e-05,-1.780513462534675552e-05,-1.151388641385732870e-04,-2.617866640641106080e-01,-2.836026004197213624e+00
-4.320580458035023774e-01,6.825879122079338002e-01,2.277523141012773311e-01,1.888383273879356838e-01,-7.622200081764693991e-01,-4.667345755963965837e-01,1.570801904283443573e+00,8.053399070238268908e-05,-3.681554015753229499e-05,-3.598781924707408959e-05,-1.780513462534675552e-05,-1.151388641385732870e-04,-2.617866640641106080e-01,-2.836026004197213624e+00
-4.320580458035023774e-01,6.826611041350416631e-01,2.276646580581324075e-01,1.888724537685967653e-01,-7.620419568302159163e-01,-4.667729552177761199e-01,1.570801904283443573e+00,8.053399070238268908e-05,-3.681554015753229499e-05,-3.598781924707408959e-05,-1.780513462534675552e-05,-1.151388641385732870e-04,-2.617866640641106080e-01,-2.836026004197213624e+00
-4.320580458035023774e-01,6.827342960621495260e-01,2.275770020149874839e-01,1.889065801492577912e-01,-7.618817106185877819e-01,-4.668113348391556561e-01,1.570801904283443573e+00,8.053399070238268908e-05,-3.681554015753229499e-05,-3.598781924707408959e-05,-1.780513462534675552e-05,-1.151388641385732870e-04,-2.617866640641106080e-01,-2.836026004197213624e+00
-4.320580458035023774e-01,6.828074879892573890e-01,2.274893459718425881e-01,1.889236433395883041e-01,-7.617214644069595364e-01,-4.668497144605351923e-01,1.570801904283443573e+00,8.053399070238268908e-05,-3.681554015753229499e-05,-3.598781924707408959e-05,-1.780513462534675552e-05,-1.151388641385732870e-04,-2.617866640641106080e-01,-2.836026004197213624e+00
-4.320580458035023774e-01,6.828715309254768107e-01,2.274126469340907453e-01,1.889577697202493856e-01,-7.615790233299567502e-01,-4.669264737032942092e-01,1.570801904283443573e+00,8.053399070238268908e-05,-3.681554015753229499e-05,-3.598781924707408959e-05,-1.780513462534675552e-05,-1.151388641385732870e-04,-2.617866640641106080e-01,-2.836026004197213624e+00
-4.320580458035023774e-01,6.830087657888039843e-01,2.272702058639803069e-01,1.890089592912409799e-01,-7.612941411759512889e-01,-4.669648533246737454e-01,1.570801904283443573e+00,8.053399070238268908e-05,-3.681554015753229499e-05,-3.598781924707408959e-05,-1.780513462534675552e-05,-1.151388641385732870e-04,-2.617866640641106080e-01,-2.836026004197213624e+00
-4.320580458035023774e-01,6.830636597341349647e-01,2.272044638316216003e-01,1.890430856719020059e-01,-7.611695052335739620e-01,-4.670416125674327623e-01,1.570801904283443573e+00,8.053399070238268908e-05,-3.681554015753229499e-05,-3.598781924707408959e-05,-1.780513462534675552e-05,-1.151388641385732870e-04,-2.617866640641106080e-01,-2.836026004197213624e+00
-4.320580458035023774e-01,6.831277026703543864e-01,2.271387217992629215e-01,1.890601488622325188e-01,-7.610626744258217613e-01,-4.670416125674327623e-01,1.570801904283443573e+00,8.053399070238268908e-05,-3.681554015753229499e-05,-3.598781924707408959e-05,-1.780513462534675552e-05,-1.151388641385732870e-04,-2.617866640641106080e-01,-2.836026004197213624e+00
-4.320580458035023774e-01,6.831825966156851448e-01,2.270729797669042149e-01,1.890772120525630595e-01,-7.609558436180697827e-01,-4.670799921888123540e-01,1.570801904283443573e+00,8.053399070238268908e-05,-3.681554015753229499e-05,-3.598781924707408959e-05,-1.780513462534675552e-05,-1.151388641385732870e-04,-2.617866640641106080e-01,-2.836026004197213624e+00
-4.320580458035023774e-01,6.832283415701276841e-01,2.270181947399386446e-01,1.890942752428936002e-01,-7.608668179449429303e-01,-4.671183718101918347e-01,1.570801904283443573e+00,8.053399070238268908e-05,-3.681554015753229499e-05,-3.598781924707408959e-05,-1.780513462534675552e-05,-1.151388641385732870e-04,-2.617866640641106080e-01,-2.836026004197213624e+00
-4.320580458035023774e-01,6.832832355154584425e-01,2.269634097129730743e-01,1.891113384332241132e-01,-7.607777922718163000e-01,-4.671567514315713709e-01,1.570801904283443573e+00,8.053399070238268908e-05,-3.681554015753229499e-05,-3.598781924707408959e-05,-1.780513462534675552e-05,-1.151388641385732870e-04,-2.617866640641106080e-01,-2.836026004197213624e+00
-4.320580458035023774e-01,6.833289804699009817e-01,2.269195816914006403e-01,1.891284016235546539e-01,-7.606887665986895586e-01,-4.671567514315713709e-01,1.570801904283443573e+00,8.053399070238268908e-05,-3.681554015753229499e-05,-3.598781924707408959e-05,-1.780513462534675552e-05,-1.151388641385732870e-04,-2.617866640641106080e-01,-2.836026004197213624e+00
-4.320580458035023774e-01,6.833747254243432989e-01,2.268757536698281507e-01,1.891454648138851669e-01,-7.605997409255628172e-01,-4.671951310529508516e-01,1.570801904283443573e+00,8.053399070238268908e-05,-3.681554015753229499e-05,-3.598781924707408959e-05,-1.780513462534675552e-05,-1.151388641385732870e-04,-2.617866640641106080e-01,-2.836026004197213624e+00
-4.320580458035023774e-01,6.834113213878972859e-01,2.268319256482556889e-01,1.891625280042157076e-01,-7.605285203870613131e-01,-4.672335106743304434e-01,1.570801904283443573e+00,8.053399070238268908e-05,-3.681554015753229499e-05,-3.598781924707408959e-05,-1.780513462534675552e-05,-1.151388641385732870e-04,-2.617866640641106080e-01,-2.836026004197213624e+00
-4.320580458035023774e-01,6.834479173514511618e-01,2.267880976266832549e-01,1.891625280042157076e-01,-7.604572998485599200e-01,-4.672335106743304434e-01,1.570801904283443573e+00,8.053399070238268908e-05,-3.681554015753229499e-05,-3.598781924707408959e-05,-1.780513462534675552e-05,-1.151388641385732870e-04,-2.617866640641106080e-01,-2.836026004197213624e+00
-4.320580458035023774e-01,6.834845133150050378e-01,2.267552266105039016e-01,1.891795911945462205e-01,-7.604038844446839862e-01,-4.672718902957099241e-01,1.570801904283443573e+00,8.053399070238268908e-05,-3.681554015753229499e-05,-3.598781924707408959e-05,-1.780513462534675552e-05,-1.151388641385732870e-04,-2.617866640641106080e-01,-2.836026004197213624e+00
-4.320580458035023774e-01,6.835485562512244595e-01,2.266894845781452228e-01,1.891966543848767335e-01,-7.603148587715571338e-01,-4.672718902957099241e-01,1.570801904283443573e+00,8.053399070238268908e-05,-3.681554015753229499e-05,-3.598781924707408959e-05,-1.780513462534675552e-05,-1.151388641385732870e-04,-2.617866640641106080e-01,-2.836026004197213624e+00
-4.320580458035023774e-01,6.835760032238898942e-01,2.266675705673590058e-01,1.891966543848767335e-01,-7.602792485023065483e-01,-4.673102699170894603e-01,1.570801904283443573e+00,8.053399070238268908e-05,-3.681554015753229499e-05,-3.598781924707408959e-05,-1.780513462534675552e-05,-1.151388641385732870e-04,-2.617866640641106080e-01,-2.836026004197213624e+00
-4.320580458035023774e-01,6.836034501965554400e-01,2.266346995511796525e-01,1.892137175752072742e-01,-7.602436382330557407e-01,-4.673486495384689965e-01,1.570801904283443573e+00,8.053399070238268908e-05,-3.681554015753229499e-05,-3.598781924707408959e-05,-3.561026925069351104e-05,-1.151388641385732870e-04,-2.617866640641106080e-01,-2.836026004197213624e+00
-4.320580458035023774e-01,6.836217481783323224e-01,2.266127855403934077e-01,1.892137175752072742e-01,-7.602080279638051552e-01,-4.673870291598485327e-01,1.570801904283443573e+00,8.053399070238268908e-05,-3.681554015753229499e-05,-3.598781924707408959e-05,-1.780513462534675552e-05,-1.151388641385732870e-04,-2.617866640641106080e-01,-2.836026004197213624e+00
-4.320580458035023774e-01,6.836491951509977572e-01,2.265908715296071629e-01,1.892307807655377871e-01,-7.601902228291798069e-01,-4.673870291598485327e-01,1.570801904283443573e+00,8.053399070238268908e-05,-3.681554015753229499e-05,-3.598781924707408959e-05,-3.561026925069351104e-05,-1.151388641385732870e-04,-2.617866640641106080e-01,-2.836026004197213624e+00
-4.320580458035023774e-01,6.836674931327747506e-01,2.265689575188209737e-01,1.892307807655377871e-01,-7.601724176945544587e-01,-4.673870291598485327e-01,1.570801904283443573e+00,8.053399070238268908e-05,-3.681554015753229499e-05,-3.598781924707408959e-05,-3.561026925069351104e-05,-1.151388641385732870e-04,-2.617866640641106080e-01,-2.836026004197213624e+00
-4.320580458035023774e-01,6.836857911145517441e-01,2.265580005134278652e-01,1.892307807655377871e-01,-7.601546125599291104e-01,-4.673870291598485327e-01,1.570801904283443573e+00,8.053399070238268908e-05,-3.681554015753229499e-05,-3.598781924707408959e-05,-3.561026925069351104e-05,-1.151388641385732870e-04,-2.617866640641106080e-01,-2.836026004197213624e+00
-4.320580458035023774e-01,6.837040890963287376e-01,2.265360865026416204e-01,1.892307807655377871e-01,-7.601368074253037621e-01,-4.674254087812280134e-01,1.570801904283443573e+00,8.053399070238268908e-05,-3.681554015753229499e-05,-3.598781924707408959e-05,-3.561026925069351104e-05,-1.151388641385732870e-04,-2.617866640641106080e-01,-2.836026004197213624e+00
-4.320580458035023774e-01,6.837132380872171789e-01,2.265251294972485119e-01,1.892307807655377871e-01,-7.601190022906784138e-01,-4.674254087812280134e-01,1.570801904283443573e+00,8.053399070238268908e-05,-3.681554015753229499e-05,-3.598781924707408959e-05,-3.561026925069351104e-05,-1.151388641385732870e-04,-2.617866640641106080e-01,-2.836026004197213624e+00
-4.320580458035023774e-01,6.837315360689941723e-01,2.265032154864622671e-01,1.892478439558683279e-01,-7.601011971560530656e-01,-4.674254087812280134e-01,1.570801904283443573e+00,8.053399070238268908e-05,-3.681554015753229499e-05,-3.598781924707408959e-05,-3.561026925069351104e-05,-1.151388641385732870e-04,-2.617866640641106080e-01,-2.836026004197213624e+00
-4.320580458035023774e-01,6.837406850598826136e-01,2.264922584810691586e-01,1.892478439558683279e-01,-7.600833920214277173e-01,-4.674254087812280134e-01,1.570801904283443573e+00,8.053399070238268908e-05,-3.681554015753229499e-05,-3.598781924707408959e-05,-3.561026925069351104e-05,-1.151388641385732870e-04,-2.617866640641106080e-01,-2.836026004197213624e+00
-4.320580458035023774e-01,6.837589830416597181e-01,2.264813014756760223e-01,1.892478439558683279e-01,-7.600833920214277173e-01,-4.674637884026076051e-01,1.570801904283443573e+00,8.053399070238268908e-05,-3.681554015753229499e-05,-3.598781924707408959e-05,-3.561026925069351104e-05,-1.151388641385732870e-04,-2.617866640641106080e-01,-2.836026004197213624e+00
-4.320580458035023774e-01,6.837772810234366005e-01,2.264593874648898331e-01,1.892478439558683279e-01,-7.600655868868023690e-01,-4.674637884026076051e-01,1.570801904283443573e+00,8.053399070238268908e-05,-3.681554015753229499e-05,-3.598781924707408959e-05,-3.561026925069351104e-05,-1.151388641385732870e-04,-2.617954156658912623e-01,-2.836026004197213624e+00
-4.320580458035023774e-01,6.837864300143250418e-01,2.264484304594966968e-01,1.892478439558683279e-01,-7.600655868868023690e-01,-4.674637884026076051e-01,1.570801904283443573e+00,8.053399070238268908e-05,-3.681554015753229499e-05,-3.598781924707408959e-05,-3.561026925069351104e-05,-1.151388641385732870e-04,-2.617954156658912623e-01,-2.836026004197213624e+00
-4.320580458035023774e-01,6.837864300143250418e-01,2.264484304594966968e-01,1.892649071461988686e-01,-7.600655868868023690e-01,-4.674637884026076051e-01,1.570801904283443573e+00,8.053399070238268908e-05,-3.681554015753229499e-05,-3.598781924707408959e-05,-3.561026925069351104e-05,-1.151388641385732870e-04,-2.617954156658912623e-01,-2.836026004197213624e+00
-4.320580458035023774e-01,6.838047279961020353e-01,2.264265164487104798e-01,1.892649071461988686e-01,-7.600477817521770207e-01,-4.675021680239870858e-01,1.570801904283443573e+00,8.053399070238268908e-05,-3.681554015753229499e-05,-3.598781924707408959e-05,-3.561026925069351104e-05,-1.151388641385732870e-04,-2.617954156658912623e-01,-2.836026004197213624e+00
-4.320580458035023774e-01,6.838047279961020353e-01,2.264265164487104798e-01,1.892649071461988686e-01,-7.600477817521770207e-01,-4.675021680239870858e-01,1.570801904283443573e+00,8.053399070238268908e-05,-3.681554015753229499e-05,-3.598781924707408959e-05,-3.561026925069351104e-05,-1.151388641385732870e-04,-2.617954156658912623e-01,-2.836026004197213624e+00
-4.320580458035023774e-01,6.838138769869904765e-01,2.264265164487104798e-01,1.892649071461988686e-01,-7.600299766175516725e-01,-4.675021680239870858e-01,1.570801904283443573e+00,8.053399070238268908e-05,-3.681554015753229499e-05,-3.598781924707408959e-05,-3.561026925069351104e-05,-1.151388641385732870e-04,-2.617954156658912623e-01,-2.836026004197213624e+00
-4.320580458035023774e-01,6.838230259778790288e-01,2.264155594433173435e-01,1.892649071461988686e-01,-7.600299766175516725e-01,-4.675021680239870858e-01,1.570801904283443573e+00,8.053399070238268908e-05,-3.681554015753229499e-05,-3.598781924707408959e-05,-3.561026925069351104e-05,-1.151388641385732870e-04,-2.617954156658912623e-01,-2.836026004197213624e+00
-4.320580458035023774e-01,6.838230259778790288e-01,2.264155594433173435e-01,1.892649071461988686e-01,-7.600299766175516725e-01,-4.675021680239870858e-01,1.570801904283443573e+00,8.053399070238268908e-05,-3.681554015753229499e-05,-3.598781924707408959e-05,-3.561026925069351104e-05,-1.151388641385732870e-04,-2.617954156658912623e-01,-2.836026004197213624e+00
-4.320580458035023774e-01,6.838321749687674700e-01,2.264046024379242350e-01,1.892649071461988686e-01,-7.600121714829263242e-01,-4.675021680239870858e-01,1.570801904283443573e+00,8.053399070238268908e-05,-3.681554015753229499e-05,-3.598781924707408959e-05,-3.561026925069351104e-05,-1.151388641385732870e-04,-2.617954156658912623e-01,-2.836026004197213624e+00
-4.320580458035023774e-01,6.838321749687674700e-01,2.264046024379242350e-01,1.892649071461988686e-01,-7.600121714829263242e-01,-4.675405476453666220e-01,1.570801904283443573e+00,8.053399070238268908e-05,-3.681554015753229499e-05,-3.598781924707408959e-05,-3.561026925069351104e-05,-1.151388641385732870e-04,-2.617954156658912623e-01,-2.836026004197213624e+00
-4.320580458035023774e-01,6.838321749687674700e-01,2.264046024379242350e-01,1.892819703365293815e-01,-7.600121714829263242e-01,-4.675405476453666220e-01,1.570801904283443573e+00,8.053399070238268908e-05,-3.681554015753229499e-05,-3.598781924707408959e-05,-3.561026925069351104e-05,-1.151388641385732870e-04,-2.617954156658912623e-01,-2.836026004197213624e+00
-4.320580458035023774e-01,6.838321749687674700e-01,2.264046024379242350e-01,1.892819703365293815e-01,-7.600121714829263242e-01,-4.675405476453666220e-01,1.570801904283443573e+00,8.053399070238268908e-05,-3.681554015753229499e-05,-3.598781924707408959e-05,-3.561026925069351104e-05,-1.151388641385732870e-04,-2.617954156658912623e-01,-2.836026004197213624e+00
-4.320580458035023774e-01,6.838413239596559112e-01,2.263936454325311265e-01,1.892819703365293815e-01,-7.600121714829263242e-01,-4.675405476453666220e-01,1.570801904283443573e+00,8.053399070238268908e-05,-3.681554015753229499e-05,-3.598781924707408959e-05,-3.561026925069351104e-05,-1.151388641385732870e-04,-2.617954156658912623e-01,-2.836026004197213624e+00
-4.320580458035023774e-01,6.838413239596559112e-01,2.263936454325311265e-01,1.892819703365293815e-01,-7.599943663483009759e-01,-4.675405476453666220e-01,1.570801904283443573e+00,8.053399070238268908e-05,-3.681554015753229499e-05,-3.598781924707408959e-05,-3.561026925069351104e-05,-1.151388641385732870e-04,-2.617954156658912623e-01,-2.836026004197213624e+00
-4.320580458035023774e-01,6.838413239596559112e-01,2.263936454325311265e-01,1.892819703365293815e-01,-7.599943663483009759e-01,-4.675405476453666220e-01,1.570801904283443573e+00,8.053399070238268908e-05,-3.681554015753229499e-05,-3.598781924707408959e-05,-3.561026925069351104e-05,-1.151388641385732870e-04,-2.617954156658912623e-01,-2.836026004197213624e+00
-4.320580458035023774e-01,6.838413239596559112e-01,2.263936454325311265e-01,1.892819703365293815e-01,-7.599943663483009759e-01,-4.675405476453666220e-01,1.570801904283443573e+00,8.053399070238268908e-05,-3.681554015753229499e-05,-3.598781924707408959e-05,-3.561026925069351104e-05,-1.151388641385732870e-04,-2.617954156658912623e-01,-2.836026004197213624e+00
-4.320580458035023774e-01,6.838504729505443525e-01,2.263936454325311265e-01,1.892819703365293815e-01,-7.599943663483009759e-01,-4.675405476453666220e-01,1.570801904283443573e+00,8.053399070238268908e-05,-3.681554015753229499e-05,-3.598781924707408959e-05,-3.561026925069351104e-05,-1.151388641385732870e-04,-2.617954156658912623e-01,-2.836026004197213624e+00
-4.320580458035023774e-01,6.838504729505443525e-01,2.263936454325311265e-01,1.892819703365293815e-01,-7.599943663483009759e-01,-4.675405476453666220e-01,1.570801904283443573e+00,8.053399070238268908e-05,-3.681554015753229499e-05,-3.598781924707408959e-05,-3.561026925069351104e-05,-1.151388641385732870e-04,-2.617954156658912623e-01,-2.836026004197213624e+00
-4.320580458035023774e-01,6.838504729505443525e-01,2.263826884271380180e-01,1.892819703365293815e-01,-7.599943663483009759e-01,-4.675405476453666220e-01,1.570801904283443573e+00,8.053399070238268908e-05,-3.681554015753229499e-05,-3.598781924707408959e-05,-3.561026925069351104e-05,-1.151388641385732870e-04,-2.617954156658912623e-01,-2.836026004197213624e+00
-4.320580458035023774e-01,6.838504729505443525e-01,2.263826884271380180e-01,1.892819703365293815e-01,-7.599943663483009759e-01,-4.675405476453666220e-01,1.570801904283443573e+00,8.053399070238268908e-05,-3.681554015753229499e-05,-3.598781924707408959e-05,-3.561026925069351104e-05,-1.151388641385732870e-04,-2.617954156658912623e-01,-2.836026004197213624e+00
-4.320580458035023774e-01,6.838504729505443525e-01,2.263826884271380180e-01,1.892819703365293815e-01,-7.599943663483009759e-01,-4.675405476453666220e-01,1.570801904283443573e+00,8.053399070238268908e-05,-3.681554015753229499e-05,-3.598781924707408959e-05,-3.561026925069351104e-05,-1.151388641385732870e-04,-2.617954156658912623e-01,-2.836026004197213624e+00
-4.320580458035023774e-01,6.838504729505443525e-01,2.263826884271380180e-01,1.892819703365293815e-01,-7.599943663483009759e-01,-4.675789272667461027e-01,1.570801904283443573e+00,8.053399070238268908e-05,-3.681554015753229499e-05,-3.598781924707408959e-05,-3.561026925069351104e-05,-1.151388641385732870e-04,-2.617954156658912623e-01,-2.836026004197213624e+00
-4.320580458035023774e-01,6.838504729505443525e-01,2.263826884271380180e-01,1.892819703365293815e-01,-7.599943663483009759e-01,-4.675789272667461027e-01,1.570801904283443573e+00,8.053399070238268908e-05,-3.681554015753229499e-05,-3.598781924707408959e-05,-3.561026925069351104e-05,-1.151388641385732870e-04,-2.617954156658912623e-01,-2.836026004197213624e+00
-4.320580458035023774e-01,6.838504729505443525e-01,2.263826884271380180e-01,1.892819703365293815e-01,-7.599943663483009759e-01,-4.675405476453666220e-01,1.570801904283443573e+00,8.053399070238268908e-05,-3.681554015753229499e-05,-3.598781924707408959e-05,-3.561026925069351104e-05,-1.151388641385732870e-04,-2.617954156658912623e-01,-2.836026004197213624e+00
-4.320580458035023774e-01,6.838596219414330157e-01,2.263826884271380180e-01,1.892819703365293815e-01,-7.599943663483009759e-01,-4.675789272667461027e-01,1.570801904283443573e+00,8.053399070238268908e-05,-3.681554015753229499e-05,-3.598781924707408959e-05,-3.561026925069351104e-05,-1.151388641385732870e-04,-2.617954156658912623e-01,-2.836026004197213624e+00
-4.320580458035023774e-01,6.838596219414330157e-01,2.263826884271380180e-01,1.892819703365293815e-01,-7.599943663483009759e-01,-4.675789272667461027e-01,1.570801904283443573e+00,8.053399070238268908e-05,-3.681554015753229499e-05,-3.598781924707408959e-05,-3.561026925069351104e-05,-1.151388641385732870e-04,-2.617954156658912623e-01,-2.836026004197213624e+00
-4.320580458035023774e-01,6.838596219414330157e-01,2.263826884271380180e-01,1.892819703365293815e-01,-7.599943663483009759e-01,-4.675789272667461027e-01,1.570801904283443573e+00,8.053399070238268908e-05,-3.681554015753229499e-05,-3.598781924707408959e-05,-3.561026925069351104e-05,-1.151388641385732870e-04,-2.617954156658912623e-01,-2.836026004197213624e+00
-4.320580458035023774e-01,6.838596219414330157e-01,2.263826884271380180e-01,1.892819703365293815e-01,-7.599943663483009759e-01,-4.675789272667461027e-01,1.570801904283443573e+00,8.053399070238268908e-05,-3.681554015753229499e-05,-3.598781924707408959e-05,-3.561026925069351104e-05,-1.151388641385732870e-04,-2.617954156658912623e-01,-2.836026004197213624e+00
-4.320580458035023774e-01,6.838596219414330157e-01,2.263826884271380180e-01,1.892819703365293815e-01,-7.599943663483009759e-01,-4.675789272667461027e-01,1.570801904283443573e+00,8.053399070238268908e-05,-3.681554015753229499e-05,-3.598781924707408959e-05,-3.561026925069351104e-05,-1.151388641385732870e-04,-2.617954156658912623e-01,-2.836026004197213624e+00
-4.320580458035023774e-01,6.838596219414330157e-01,2.263826884271380180e-01,1.892990335268599222e-01,-7.599231458097995828e-01,-4.676173068881256945e-01,1.570801904283443573e+00,8.053399070238268908e-05,-3.681554015753229499e-05,-3.598781924707408959e-05,-3.561026925069351104e-05,-1.151388641385732870e-04,-2.617954156658912623e-01,-2.836026004197213624e+00
-4.320580458035023774e-01,6.838596219414330157e-01,2.263826884271380180e-01,1.892990335268599222e-01,-7.598875355405488863e-01,-4.675789272667461027e-01,1.570801904283443573e+00,8.053399070238268908e-05,-3.681554015753229499e-05,-3.598781924707408959e-05,-3.561026925069351104e-05,-1.151388641385732870e-04,-2.617954156658912623e-01,-2.836026004197213624e+00
-4.320580458035023774e-01,6.838596219414330157e-01,2.263826884271380180e-01,1.892990335268599222e-01,-7.598697304059235380e-01,-4.675789272667461027e-01,1.570801904283443573e+00,8.053399070238268908e-05,-3.681554015753229499e-05,-3.598781924707408959e-05,-3.561026925069351104e-05,-1.151388641385732870e-04,-2.617954156658912623e-01,-2.836026004197213624e+00
-4.320580458035023774e-01,6.838596219414330157e-01,2.263826884271380180e-01,1.892990335268599222e-01,-7.598341201366729525e-01,-4.675789272667461027e-01,1.570801904283443573e+00,8.053399070238268908e-05,-3.681554015753229499e-05,-3.598781924707408959e-05,-3.561026925069351104e-05,-1.151388641385732870e-04,-2.617954156658912623e-01,-2.836026004197213624e+00
-4.320580458035023774e-01,6.838596219414330157e-01,2.263826884271380180e-01,1.892990335268599222e-01,-7.598341201366729525e-01,-4.676173068881256945e-01,1.570801904283443573e+00,8.053399070238268908e-05,-3.681554015753229499e-05,-3.598781924707408959e-05,-3.561026925069351104e-05,-1.151388641385732870e-04,-2.617954156658912623e-01,-2.836026004197213624e+00
-4.320580458035023774e-01,6.838596219414330157e-01,2.263826884271380180e-01,1.892990335268599222e-01,-7.598341201366729525e-01,-4.676173068881256945e-01,1.570801904283443573e+00,8.053399070238268908e-05,-3.681554015753229499e-05,-3.598781924707408959e-05,-3.561026925069351104e-05,-1.151388641385732870e-04,-2.617954156658912623e-01,-2.836026004197213624e+00
-4.320580458035023774e-01,6.838596219414330157e-01,2.263826884271380180e-01,1.892990335268599222e-01,-7.598341201366729525e-01,-4.676173068881256945e-01,1.570801904283443573e+00,8.053399070238268908e-05,-3.681554015753229499e-05,-3.598781924707408959e-05,-3.561026925069351104e-05,-1.151388641385732870e-04,-2.617954156658912623e-01,-2.836026004197213624e+00
-4.320580458035023774e-01,6.838596219414330157e-01,2.263826884271380180e-01,1.892990335268599222e-01,-7.598341201366729525e-01,-4.676173068881256945e-01,1.570801904283443573e+00,8.053399070238268908e-05,-3.681554015753229499e-05,-3.598781924707408959e-05,-3.561026925069351104e-05,-1.151388641385732870e-04,-2.617954156658912623e-01,-2.836026004197213624e+00
-4.320580458035023774e-01,6.838596219414330157e-01,2.263826884271380180e-01,1.892990335268599222e-01,-7.598341201366729525e-01,-4.676173068881256945e-01,1.570801904283443573e+00,8.053399070238268908e-05,-3.681554015753229499e-05,-3.598781924707408959e-05,-3.561026925069351104e-05,-1.151388641385732870e-04,-2.617954156658912623e-01,-2.836026004197213624e+00
-4.320580458035023774e-01,6.838596219414330157e-01,2.263826884271380180e-01,1.892990335268599222e-01,-7.598519252712981897e-01,-4.676173068881256945e-01,1.570801904283443573e+00,8.053399070238268908e-05,-3.681554015753229499e-05,-3.598781924707408959e-05,-3.561026925069351104e-05,-1.151388641385732870e-04,-2.617954156658912623e-01,-2.836026004197213624e+00
-4.320580458035023774e-01,6.838596219414330157e-01,2.263826884271380180e-01,1.892990335268599222e-01,-7.598519252712981897e-01,-4.676173068881256945e-01,1.570801904283443573e+00,8.053399070238268908e-05,-3.681554015753229499e-05,-3.598781924707408959e-05,-3.561026925069351104e-05,-1.151388641385732870e-04,-2.617954156658912623e-01,-2.836026004197213624e+00
-4.320580458035023774e-01,6.838596219414330157e-01,2.263826884271380180e-01,1.892990335268599222e-01,-7.598519252712981897e-01,-4.676173068881256945e-01,1.570801904283443573e+00,8.053399070238268908e-05,-3.681554015753229499e-05,-3.598781924707408959e-05,-3.561026925069351104e-05,-1.151388641385732870e-04,-2.617954156658912623e-01,-2.836026004197213624e+00
-4.320580458035023774e-01,6.838596219414330157e-01,2.263826884271380180e-01,1.892990335268599222e-01,-7.598519252712981897e-01,-4.676173068881256945e-01,1.570801904283443573e+00,8.053399070238268908e-05,-3.681554015753229499e-05,-3.598781924707408959e-05,-3.561026925069351104e-05,-1.151388641385732870e-04,-2.617954156658912623e-01,-2.836026004197213624e+00
-4.320580458035023774e-01,6.838596219414330157e-01,2.263826884271380180e-01,1.892990335268599222e-01,-7.598519252712981897e-01,-4.676173068881256945e-01,1.570801904283443573e+00,8.053399070238268908e-05,-3.681554015753229499e-05,-3.598781924707408959e-05,-3.561026925069351104e-05,-1.151388641385732870e-04,-2.617954156658912623e-01,-2.836026004197213624e+00
-4.320580458035023774e-01,6.838596219414330157e-01,2.263717314217448817e-01,1.892990335268599222e-01,-7.598519252712981897e-01,-4.676173068881256945e-01,1.570801904283443573e+00,8.053399070238268908e-05,-3.681554015753229499e-05,-3.598781924707408959e-05,-3.561026925069351104e-05,-1.151388641385732870e-04,-2.617954156658912623e-01,-2.836026004197213624e+00
-4.320580458035023774e-01,6.838596219414330157e-01,2.263717314217448817e-01,1.892990335268599222e-01,-7.598519252712981897e-01,-4.676173068881256945e-01,1.570801904283443573e+00,8.053399070238268908e-05,-3.681554015753229499e-05,-3.598781924707408959e-05,-3.561026925069351104e-05,-1.151388641385732870e-04,-2.617954156658912623e-01,-2.836026004197213624e+00
-4.320580458035023774e-01,6.838596219414330157e-01,2.263717314217448817e-01,1.892990335268599222e-01,-7.598519252712981897e-01,-4.676173068881256945e-01,1.570801904283443573e+00,8.053399070238268908e-05,-3.681554015753229499e-05,-3.598781924707408959e-05,-3.561026925069351104e-05,-1.151388641385732870e-04,-2.617954156658912623e-01,-2.836026004197213624e+00
-4.320580458035023774e-01,6.838687709323214570e-01,2.263717314217448817e-01,1.892990335268599222e-01,-7.598519252712981897e-01,-4.676173068881256945e-01,1.570801904283443573e+00,8.053399070238268908e-05,-3.681554015753229499e-05,-3.598781924707408959e-05,-3.561026925069351104e-05,-1.151388641385732870e-04,-2.617954156658912623e-01,-2.836026004197213624e+00
-4.320580458035023774e-01,6.838687709323214570e-01,2.263717314217448817e-01,1.892990335268599222e-01,-7.598519252712981897e-01,-4.676173068881256945e-01,1.570801904283443573e+00,8.053399070238268908e-05,-3.681554015753229499e-05,-3.598781924707408959e-05,-3.561026925069351104e-05,-1.151388641385732870e-04,-2.617954156658912623e-01,-2.836026004197213624e+00
-4.320580458035023774e-01,6.838687709323214570e-01,2.263717314217448817e-01,1.892990335268599222e-01,-7.598697304059235380e-01,-4.676173068881256945e-01,1.570801904283443573e+00,8.053399070238268908e-05,-3.681554015753229499e-05,-3.598781924707408959e-05,-3.561026925069351104e-05,-1.151388641385732870e-04,-2.617954156658912623e-01,-2.836026004197213624e+00
-4.320580458035023774e-01,6.838687709323214570e-01,2.263717314217448817e-01,1.892990335268599222e-01,-7.598697304059235380e-01,-4.676173068881256945e-01,1.570801904283443573e+00,8.053399070238268908e-05,-3.681554015753229499e-05,-3.598781924707408959e-05,-3.561026925069351104e-05,-1.151388641385732870e-04,-2.617954156658912623e-01,-2.836026004197213624e+00
-4.320580458035023774e-01,6.838687709323214570e-01,2.263717314217448817e-01,1.892990335268599222e-01,-7.598697304059235380e-01,-4.676173068881256945e-01,1.570801904283443573e+00,8.053399070238268908e-05,-3.681554015753229499e-05,-3.598781924707408959e-05,-3.561026925069351104e-05,-1.151388641385732870e-04,-2.617954156658912623e-01,-2.836026004197213624e+00
-4.320580458035023774e-01,6.838687709323214570e-01,2.263717314217448817e-01,1.892990335268599222e-01,-7.598697304059235380e-01,-4.676173068881256945e-01,1.570801904283443573e+00,8.053399070238268908e-05,-3.681554015753229499e-05,-3.598781924707408959e-05,-3.561026925069351104e-05,-1.151388641385732870e-04,-2.617954156658912623e-01,-2.836026004197213624e+00
-4.320580458035023774e-01,6.838687709323214570e-01,2.263826884271380180e-01,1.892990335268599222e-01,-7.598519252712981897e-01,-4.676173068881256945e-01,1.570801904283443573e+00,8.053399070238268908e-05,-3.681554015753229499e-05,-3.598781924707408959e-05,-3.561026925069351104e-05,-1.151388641385732870e-04,-2.617954156658912623e-01,-2.836026004197213624e+00
-4.320580458035023774e-01,6.838687709323214570e-01,2.263826884271380180e-01,1.892990335268599222e-01,-7.598519252712981897e-01,-4.676173068881256945e-01,1.570801904283443573e+00,8.053399070238268908e-05,-3.681554015753229499e-05,-3.598781924707408959e-05,-3.561026925069351104e-05,-1.151388641385732870e-04,-2.617954156658912623e-01,-2.836026004197213624e+00
-4.320580458035023774e-01,6.838687709323214570e-01,2.263826884271380180e-01,1.892990335268599222e-01,-7.598519252712981897e-01,-4.676173068881256945e-01,1.570801904283443573e+00,8.053399070238268908e-05,-3.681554015753229499e-05,-3.598781924707408959e-05,-3.561026925069351104e-05,-1.151388641385732870e-04,-2.617954156658912623e-01,-2.836026004197213624e+00
-4.320580458035023774e-01,6.838687709323214570e-01,2.263826884271380180e-01,1.892990335268599222e-01,-7.598519252712981897e-01,-4.676173068881256945e-01,1.570801904283443573e+00,8.053399070238268908e-05,-3.681554015753229499e-05,-3.598781924707408959e-05,-3.561026925069351104e-05,-1.151388641385732870e-04,-2.617954156658912623e-01,-2.836026004197213624e+00
-4.320580458035023774e-01,6.838779199232098982e-01,2.263826884271380180e-01,1.892990335268599222e-01,-7.598519252712981897e-01,-4.676173068881256945e-01,1.570801904283443573e+00,8.053399070238268908e-05,-3.681554015753229499e-05,-3.598781924707408959e-05,-3.561026925069351104e-05,-1.151388641385732870e-04,-2.617954156658912623e-01,-2.836026004197213624e+00
-4.320580458035023774e-01,6.838779199232098982e-01,2.263826884271380180e-01,1.892990335268599222e-01,-7.598697304059235380e-01,-4.676173068881256945e-01,1.570801904283443573e+00,8.053399070238268908e-05,-3.681554015753229499e-05,-3.598781924707408959e-05,-3.561026925069351104e-05,-1.151388641385732870e-04,-2.617954156658912623e-01,-2.836026004197213624e+00
-4.320580458035023774e-01,6.838870689140983394e-01,2.263936454325311265e-01,1.892990335268599222e-01,-7.598697304059235380e-01,-4.676173068881256945e-01,1.570801904283443573e+00,8.053399070238268908e-05,-3.681554015753229499e-05,-3.598781924707408959e-05,-3.561026925069351104e-05,-1.151388641385732870e-04,-2.617954156658912623e-01,-2.836026004197213624e+00
-4.320580458035023774e-01,6.838870689140983394e-01,2.263936454325311265e-01,1.892990335268599222e-01,-7.598697304059235380e-01,-4.676173068881256945e-01,1.570801904283443573e+00,8.053399070238268908e-05,-3.681554015753229499e-05,-3.598781924707408959e-05,-3.561026925069351104e-05,-1.151388641385732870e-04,-2.617954156658912623e-01,-2.836026004197213624e+00
-4.320580458035023774e-01,6.838962179049868917e-01,2.263936454325311265e-01,1.892990335268599222e-01,-7.598697304059235380e-01,-4.676173068881256945e-01,1.570801904283443573e+00,8.053399070238268908e-05,-3.681554015753229499e-05,-3.598781924707408959e-05,-3.561026925069351104e-05,-1.151388641385732870e-04,-2.617954156658912623e-01,-2.836026004197213624e+00
-4.320580458035023774e-01,6.839053668958753329e-01,2.264046024379242350e-01,1.892990335268599222e-01,-7.598875355405488863e-01,-4.676173068881256945e-01,1.570801904283443573e+00,8.053399070238268908e-05,-3.681554015753229499e-05,-3.598781924707408959e-05,-3.561026925069351104e-05,-1.151388641385732870e-04,-2.617954156658912623e-01,-2.836026004197213624e+00
-4.320580458035023774e-01,6.839236648776523264e-01,2.264155594433173435e-01,1.892990335268599222e-01,-7.598875355405488863e-01,-4.676173068881256945e-01,1.570801904283443573e+00,8.053399070238268908e-05,-3.681554015753229499e-05,-3.598781924707408959e-05,-3.561026925069351104e-05,-1.151388641385732870e-04,-2.617954156658912623e-01,-2.836026004197213624e+00
-4.320580458035023774e-01,6.839328138685407676e-01,2.264265164487104798e-01,1.892990335268599222e-01,-7.598875355405488863e-01,-4.676173068881256945e-01,1.570801904283443573e+00,8.053399070238268908e-05,-3.681554015753229499e-05,-3.598781924707408959e-05,-3.561026925069351104e-05,-1.151388641385732870e-04,-2.617954156658912623e-01,-2.836026004197213624e+00
-4.320580458035023774e-01,6.839419628594292089e-01,2.264265164487104798e-01,1.892990335268599222e-01,-7.598875355405488863e-01,-4.676173068881256945e-01,1.570801904283443573e+00,8.053399070238268908e-05,-3.681554015753229499e-05,-3.598781924707408959e-05,-3.561026925069351104e-05,-1.151388641385732870e-04,-2.617954156658912623e-01,-2.836026004197213624e+00
-4.320580458035023774e-01,6.839511118503176501e-01,2.264374734541035883e-01,1.892990335268599222e-01,-7.598875355405488863e-01,-4.676173068881256945e-01,1.570801904283443573e+00,8.053399070238268908e-05,-3.681554015753229499e-05,-3.598781924707408959e-05,-3.561026925069351104e-05,-1.151388641385732870e-04,-2.617954156658912623e-01,-2.836026004197213624e+00
-4.320580458035023774e-01,6.839602608412063134e-01,2.264484304594966968e-01,1.892990335268599222e-01,-7.598875355405488863e-01,-4.676173068881256945e-01,1.570801904283443573e+00,8.053399070238268908e-05,-3.681554015753229499e-05,-3.598781924707408959e-05,-3.561026925069351104e-05,-1.151388641385732870e-04,-2.617954156658912623e-01,-2.836026004197213624e+00
-4.320580458035023774e-01,6.839785588229831959e-01,2.264593874648898331e-01,1.892990335268599222e-01,-7.598875355405488863e-01,-4.676173068881256945e-01,1.570801904283443573e+00,8.053399070238268908e-05,-3.681554015753229499e-05,-3.598781924707408959e-05,-3.561026925069351104e-05,-1.151388641385732870e-04,-2.617954156658912623e-01,-2.836026004197213624e+00
-4.320580458035023774e-01,6.839877078138717481e-01,2.264813014756760223e-01,1.892990335268599222e-01,-7.598875355405488863e-01,-4.676173068881256945e-01,1.570801904283443573e+00,8.053399070238268908e-05,-3.681554015753229499e-05,-3.598781924707408959e-05,-3.561026925069351104e-05,-1.151388641385732870e-04,-2.617954156658912623e-01,-2.836026004197213624e+00
-4.320450343584080199e-01,6.840151547865370718e-01,2.265141724918553756e-01,1.892990335268599222e-01,-7.599053406751743456e-01,-4.676173068881256945e-01,1.570801904283443573e+00,8.053399070238268908e-05,-3.681554015753229499e-05,-3.598781924707408959e-05,-3.561026925069351104e-05,-1.151388641385732870e-04,-2.617954156658912623e-01,-2.836026004197213624e+00
-4.320450343584080199e-01,6.840243037774256241e-01,2.265360865026416204e-01,1.892990335268599222e-01,-7.599053406751743456e-01,-4.676173068881256945e-01,1.570801904283443573e+00,8.053399070238268908e-05,-3.681554015753229499e-05,-3.598781924707408959e-05,-3.561026925069351104e-05,-1.151388641385732870e-04,-2.617954156658912623e-01,-2.836026004197213624e+00
-4.320450343584080199e-01,6.840517507500910588e-01,2.265799145242140822e-01,1.892990335268599222e-01,-7.599231458097995828e-01,-4.676173068881256945e-01,1.570801904283443573e+00,8.053399070238268908e-05,-3.681554015753229499e-05,-3.598781924707408959e-05,-3.561026925069351104e-05,-1.151388641385732870e-04,-2.617954156658912623e-01,-2.836026004197213624e+00
-4.320450343584080199e-01,6.840700487318680523e-01,2.266018285350002992e-01,1.892990335268599222e-01,-7.599231458097995828e-01,-4.676173068881256945e-01,1.570801904283443573e+00,8.053399070238268908e-05,-3.681554015753229499e-05,-3.598781924707408959e-05,-3.561026925069351104e-05,-1.151388641385732870e-04,-2.617954156658912623e-01,-2.836026004197213624e+00
-4.320450343584080199e-01,6.840791977227564935e-01,2.266346995511796525e-01,1.892990335268599222e-01,-7.599231458097995828e-01,-4.676173068881256945e-01,1.570801904283443573e+00,8.053399070238268908e-05,-3.681554015753229499e-05,-3.598781924707408959e-05,-3.561026925069351104e-05,-1.151388641385732870e-04,-2.617954156658912623e-01,-2.836026004197213624e+00
-4.320320229133136625e-01,6.840974957045334870e-01,2.266675705673590058e-01,1.892990335268599222e-01,-7.599231458097995828e-01,-4.676173068881256945e-01,1.570801904283443573e+00,8.053399070238268908e-05,-3.681554015753229499e-05,-3.598781924707408959e-05,-5.341540387604027334e-05,-1.151388641385732870e-04,-2.617954156658912623e-01,-2.836026004197213624e+00
-4.320320229133136625e-01,6.841340916680874740e-01,2.267223555943245483e-01,1.892990335268599222e-01,-7.599231458097995828e-01,-4.676173068881256945e-01,1.570801904283443573e+00,8.053399070238268908e-05,-3.681554015753229499e-05,-3.598781924707408959e-05,-5.341540387604027334e-05,-1.151388641385732870e-04,-2.617954156658912623e-01,-2.836026004197213624e+00
-4.320320229133136625e-01,6.841523896498643564e-01,2.267552266105039016e-01,1.892990335268599222e-01,-7.599231458097995828e-01,-4.676173068881256945e-01,1.570801904283443573e+00,8.053399070238268908e-05,-3.681554015753229499e-05,-3.598781924707408959e-05,-5.341540387604027334e-05,-1.151388641385732870e-04,-2.617954156658912623e-01,-2.836026004197213624e+00
-4.320190114682193050e-01,6.841706876316413499e-01,2.267880976266832549e-01,1.892990335268599222e-01,-7.599409509444249311e-01,-4.675789272667461027e-01,1.570801904283443573e+00,8.053399070238268908e-05,-3.681554015753229499e-05,-3.598781924707408959e-05,-5.341540387604027334e-05,-1.151388641385732870e-04,-2.617954156658912623e-01,-2.836026004197213624e+00
-4.320190114682193050e-01,6.842164325860836671e-01,2.268428826536487974e-01,1.892990335268599222e-01,-7.599765612136757387e-01,-4.676173068881256945e-01,1.570801904283443573e+00,8.053399070238268908e-05,-3.681554015753229499e-05,-3.598781924707408959e-05,-5.341540387604027334e-05,-1.151388641385732870e-04,-2.617954156658912623e-01,-2.836026004197213624e+00
-4.320060000231249475e-01,6.842347305678607716e-01,2.268757536698281507e-01,1.892990335268599222e-01,-7.599943663483009759e-01,-4.675789272667461027e-01,1.570801904283443573e+00,8.053399070238268908e-05,-3.681554015753229499e-05,-3.598781924707408959e-05,-5.341540387604027334e-05,-1.151388641385732870e-04,-2.617954156658912623e-01,-2.836026004197213624e+00
-4.320060000231249475e-01,6.842621775405262063e-01,2.269086246860075040e-01,1.892990335268599222e-01,-7.600121714829263242e-01,-4.676173068881256945e-01,1.570801904283443573e+00,8.053399070238268908e-05,-3.681554015753229499e-05,-3.598781924707408959e-05,-5.341540387604027334e-05,-1.151388641385732870e-04,-2.617954156658912623e-01,-2.836026004197213624e+00
-4.320060000231249475e-01,6.842804755223030888e-01,2.269414957021868295e-01,1.892990335268599222e-01,-7.600299766175516725e-01,-4.676173068881256945e-01,1.570801904283443573e+00,8.053399070238268908e-05,-3.681554015753229499e-05,-3.598781924707408959e-05,-5.341540387604027334e-05,-1.151388641385732870e-04,-2.617954156658912623e-01,-2.836026004197213624e+00
-4.319929885780305345e-01,6.842987735040800823e-01,2.269743667183661828e-01,1.892990335268599222e-01,-7.600299766175516725e-01,-4.676173068881256945e-01,1.570801904283443573e+00,8.053399070238268908e-05,-3.681554015753229499e-05,-3.598781924707408959e-05,-5.341540387604027334e-05,-1.151388641385732870e-04,-2.617954156658912623e-01,-2.836026004197213624e+00
-4.319929885780305345e-01,6.843445184585225105e-01,2.270401087507248894e-01,1.892990335268599222e-01,-7.600655868868023690e-01,-4.676173068881256945e-01,1.570801904283443573e+00,8.053399070238268908e-05,-3.681554015753229499e-05,-3.598781924707408959e-05,-5.341540387604027334e-05,-1.151388641385732870e-04,-2.617954156658912623e-01,-2.836026004197213624e+00
-4.319929885780305345e-01,6.843719654311879452e-01,2.270729797669042149e-01,1.892990335268599222e-01,-7.600655868868023690e-01,-4.676173068881256945e-01,1.570801904283443573e+00,8.053399070238268908e-05,-3.681554015753229499e-05,-3.598781924707408959e-05,-5.341540387604027334e-05,-1.151388641385732870e-04,-2.617954156658912623e-01,-2.836026004197213624e+00
-4.319799771329361771e-01,6.843902634129649387e-01,2.271058507830835682e-01,1.892990335268599222e-01,-7.600833920214277173e-01,-4.676173068881256945e-01,1.570801904283443573e+00,8.053399070238268908e-05,-3.681554015753229499e-05,-3.598781924707408959e-05,-5.341540387604027334e-05,-1.151388641385732870e-04,-2.617954156658912623e-01,-2.836026004197213624e+00
-4.319669656878418196e-01,6.844360083674073669e-01,2.271825498208353555e-01,1.892990335268599222e-01,-7.601011971560530656e-01,-4.676173068881256945e-01,1.570801904283443573e+00,8.053399070238268908e-05,-3.681554015753229499e-05,-3.598781924707408959e-05,-5.341540387604027334e-05,-1.151388641385732870e-04,-2.617954156658912623e-01,-2.836026004197213624e+00
-4.319669656878418196e-01,6.844634553400728016e-01,2.272154208370147088e-01,1.892990335268599222e-01,-7.601190022906784138e-01,-4.676173068881256945e-01,1.570801904283443573e+00,8.053399070238268908e-05,-3.681554015753229499e-05,-3.598781924707408959e-05,-5.341540387604027334e-05,-1.151388641385732870e-04,-2.617954156658912623e-01,-2.836026004197213624e+00
-4.319539542427474621e-01,6.845092002945152299e-01,2.272921198747664961e-01,1.892990335268599222e-01,-7.601368074253037621e-01,-4.676173068881256945e-01,1.570801904283443573e+00,8.053399070238268908e-05,-3.681554015753229499e-05,-3.598781924707408959e-05,-5.341540387604027334e-05,-1.151388641385732870e-04,-2.617954156658912623e-01,-2.836026004197213624e+00
-4.319539542427474621e-01,6.845274982762922233e-01,2.273359478963389579e-01,1.892990335268599222e-01,-7.601546125599291104e-01,-4.676173068881256945e-01,1.570801904283443573e+00,8.053399070238268908e-05,-3.681554015753229499e-05,-3.598781924707408959e-05,-5.341540387604027334e-05,-1.151388641385732870e-04,-2.617954156658912623e-01,-2.836026004197213624e+00
-4.319409427976531046e-01,6.845732432307345405e-01,2.274126469340907453e-01,1.892990335268599222e-01,-7.601724176945544587e-01,-4.676173068881256945e-01,1.570801904283443573e+00,8.053399070238268908e-05,-3.681554015753229499e-05,-3.598781924707408959e-05,-5.341540387604027334e-05,-1.151388641385732870e-04,-2.617954156658912623e-01,-2.836026004197213624e+00
-4.319409427976531046e-01,6.845915412125116450e-01,2.274455179502700986e-01,1.892990335268599222e-01,-7.601724176945544587e-01,-4.676173068881256945e-01,1.570801904283443573e+00,8.053399070238268908e-05,-3.681554015753229499e-05,-3.598781924707408959e-05,-5.341540387604027334e-05,-1.151388641385732870e-04,-2.617954156658912623e-01,-2.836026004197213624e+00
-4.319279313525587471e-01,6.846189881851770798e-01,2.274893459718425881e-01,1.892990335268599222e-01,-7.601902228291798069e-01,-4.676173068881256945e-01,1.570801904283443573e+00,8.053399070238268908e-05,-3.681554015753229499e-05,-3.598781924707408959e-05,-5.341540387604027334e-05,-1.151388641385732870e-04,-2.617954156658912623e-01,-2.836026004197213624e+00
-4.319279313525587471e-01,6.846372861669539622e-01,2.275222169880219414e-01,1.892990335268599222e-01,-7.602080279638051552e-01,-4.676173068881256945e-01,1.570801904283443573e+00,8.053399070238268908e-05,-3.681554015753229499e-05,-3.598781924707408959e-05,-5.341540387604027334e-05,-1.151388641385732870e-04,-2.617954156658912623e-01,-2.836026004197213624e+00
-4.319149199074643342e-01,6.846830311213965015e-01,2.275879590203805924e-01,1.892990335268599222e-01,-7.602258330984305035e-01,-4.676556865095051752e-01,1.570801904283443573e+00,8.053399070238268908e-05,-3.681554015753229499e-05,-3.598781924707408959e-05,-5.341540387604027334e-05,-1.151388641385732870e-04,-2.617954156658912623e-01,-2.836026004197213624e+00
-4.319019084623699767e-01,6.847104780940618252e-01,2.276317870419530820e-01,1.892990335268599222e-01,-7.602436382330557407e-01,-4.676556865095051752e-01,1.570801904283443573e+00,8.053399070238268908e-05,-3.681554015753229499e-05,-3.598781924707408959e-05,-5.341540387604027334e-05,-1.151388641385732870e-04,-2.617954156658912623e-01,-2.836026004197213624e+00
-4.318758855721812617e-01,6.847836700211697991e-01,2.277304000904910863e-01,1.892990335268599222e-01,-7.603148587715571338e-01,-4.676173068881256945e-01,1.570801904283443573e+00,8.053399070238268908e-05,-3.681554015753229499e-05,-3.598781924707408959e-05,-5.341540387604027334e-05,-1.151388641385732870e-04,-2.617954156658912623e-01,-2.836026004197213624e+00
-4.318758855721812617e-01,6.848111169938351228e-01,2.277632711066704119e-01,1.892990335268599222e-01,-7.603326639061825931e-01,-4.676173068881256945e-01,1.570801904283443573e+00,8.053399070238268908e-05,-3.681554015753229499e-05,-3.598781924707408959e-05,-5.341540387604027334e-05,-1.151388641385732870e-04,-2.617954156658912623e-01,-2.836026004197213624e+00
-4.318628741270869043e-01,6.848294149756121163e-01,2.277961421228497652e-01,1.892990335268599222e-01,-7.603326639061825931e-01,-4.676173068881256945e-01,1.570801904283443573e+00,8.053399070238268908e-05,-3.681554015753229499e-05,-3.598781924707408959e-05,-5.341540387604027334e-05,-1.151388641385732870e-04,-2.617954156658912623e-01,-2.836026004197213624e+00
-4.318628741270869043e-01,6.848568619482775510e-01,2.278290131390291184e-01,1.892990335268599222e-01,-7.603504690408079414e-01,-4.676173068881256945e-01,1.570801904283443573e+00,8.053399070238268908e-05,-3.681554015753229499e-05,-3.598781924707408959e-05,-5.341540387604027334e-05,-1.151388641385732870e-04,-2.617954156658912623e-01,-2.836026004197213624e+00
-4.318498626819925468e-01,6.848843089209430968e-01,2.278618841552084717e-01,1.892990335268599222e-01,-7.603682741754332897e-01,-4.676173068881256945e-01,1.570801904283443573e+00,8.053399070238268908e-05,-3.681554015753229499e-05,-3.598781924707408959e-05,-5.341540387604027334e-05,-1.151388641385732870e-04,-2.617954156658912623e-01,-2.836026004197213624e+00
-4.318368512368981893e-01,6.849300538753854140e-01,2.279276261875671505e-01,1.892990335268599222e-01,-7.604038844446839862e-01,-4.676556865095051752e-01,1.570801904283443573e+00,8.053399070238268908e-05,-3.681554015753229499e-05,-3.598781924707408959e-05,-5.341540387604027334e-05,-1.151388641385732870e-04,-2.617954156658912623e-01,-2.836026004197213624e+00
-4.318238397918037763e-01,6.849575008480508487e-01,2.279604972037465038e-01,1.892990335268599222e-01,-7.604038844446839862e-01,-4.676556865095051752e-01,1.570801904283443573e+00,8.053399070238268908e-05,-3.681554015753229499e-05,-3.598781924707408959e-05,-5.341540387604027334e-05,-1.151388641385732870e-04,-2.617954156658912623e-01,-2.836026004197213624e+00
-4.318238397918037763e-01,6.849757988298278422e-01,2.279933682199258571e-01,1.892990335268599222e-01,-7.604216895793093345e-01,-4.676556865095051752e-01,1.570801904283443573e+00,8.053399070238268908e-05,-3.681554015753229499e-05,-3.598781924707408959e-05,-5.341540387604027334e-05,-1.151388641385732870e-04,-2.617954156658912623e-01,-2.836026004197213624e+00
-4.318108283467094188e-01,6.850032458024932769e-01,2.280371962414982911e-01,1.892990335268599222e-01,-7.604394947139346828e-01,-4.676556865095051752e-01,1.570801904283443573e+00,8.053399070238268908e-05,-3.681554015753229499e-05,-3.598781924707408959e-05,-5.341540387604027334e-05,-1.151388641385732870e-04,-2.617954156658912623e-01,-2.836026004197213624e+00
-4.317978169016150614e-01,6.850306927751587116e-01,2.280700672576776444e-01,1.892990335268599222e-01,-7.604572998485599200e-01,-4.676556865095051752e-01,1.570801904283443573e+00,8.053399070238268908e-05,-3.681554015753229499e-05,-3.598781924707408959e-05,-5.341540387604027334e-05,-1.151388641385732870e-04,-2.617954156658912623e-01,-2.836026004197213624e+00
-4.317978169016150614e-01,6.850489907569357051e-01,2.281029382738569977e-01,1.892990335268599222e-01,-7.604751049831853793e-01,-4.676556865095051752e-01,1.570801904283443573e+00,8.053399070238268908e-05,-3.681554015753229499e-05,-3.598781924707408959e-05,-5.341540387604027334e-05,-1.151388641385732870e-04,-2.617954156658912623e-01,-2.836026004197213624e+00
-4.317848054565207039e-01,6.850947357113781333e-01,2.281796373116087850e-01,1.892990335268599222e-01,-7.605107152524359648e-01,-4.676556865095051752e-01,1.570801904283443573e+00,8.053399070238268908e-05,-3.681554015753229499e-05,-3.598781924707408959e-05,-5.341540387604027334e-05,-1.151388641385732870e-04,-2.617954156658912623e-01,-2.836026004197213624e+00
-4.317717940114263464e-01,6.851221826840435680e-01,2.282125083277881383e-01,1.892990335268599222e-01,-7.605107152524359648e-01,-4.676556865095051752e-01,1.570801904283443573e+00,8.053399070238268908e-05,-3.681554015753229499e-05,-3.598781924707408959e-05,-5.341540387604027334e-05,-1.151388641385732870e-04,-2.617954156658912623e-01,-2.836026004197213624e+00
-4.317717940114263464e-01,6.851404806658204505e-01,2.282563363493605724e-01,1.892990335268599222e-01,-7.605285203870613131e-01,-4.676940661308847114e-01,1.570801904283443573e+00,8.053399070238268908e-05,-3.681554015753229499e-05,-3.598781924707408959e-05,-5.341540387604027334e-05,-1.151388641385732870e-04,-2.617954156658912623e-01,-2.836026004197213624e+00
-4.317587825663319889e-01,6.851679276384859962e-01,2.282892073655399257e-01,1.892990335268599222e-01,-7.605285203870613131e-01,-4.676940661308847114e-01,1.570801904283443573e+00,8.053399070238268908e-05,-3.681554015753229499e-05,-3.598781924707408959e-05,-5.341540387604027334e-05,-1.151388641385732870e-04,-2.617954156658912623e-01,-2.836026004197213624e+00
-4.317457711212375759e-01,6.852136725929284244e-01,2.283549493978986045e-01,1.892990335268599222e-01,-7.605463255216867724e-01,-4.676940661308847114e-01,1.570801904283443573e+00,8.053399070238268908e-05,-3.681554015753229499e-05,-3.598781924707408959e-05,-5.341540387604027334e-05,-1.151388641385732870e-04,-2.617954156658912623e-01,-2.836026004197213624e+00
-4.317457711212375759e-01,6.852411195655937481e-01,2.283987774194710663e-01,1.892990335268599222e-01,-7.605641306563121207e-01,-4.676940661308847114e-01,1.570801904283443573e+00,8.053399070238268908e-05,-3.681554015753229499e-05,-3.598781924707408959e-05,-5.341540387604027334e-05,-1.151388641385732870e-04,-2.617954156658912623e-01,-2.836026004197213624e+00
-4.317327596761432185e-01,6.852594175473708527e-01,2.284316484356504195e-01,1.892990335268599222e-01,-7.605819357909373579e-01,-4.676940661308847114e-01,1.570801904283443573e+00,8.053399070238268908e-05,-3.681554015753229499e-05,-3.598781924707408959e-05,-5.341540387604027334e-05,-1.151388641385732870e-04,-2.617954156658912623e-01,-2.836026004197213624e+00
-4.317327596761432185e-01,6.852868645200362874e-01,2.284645194518297728e-01,1.892990335268599222e-01,-7.605997409255628172e-01,-4.676556865095051752e-01,1.570801904283443573e+00,8.053399070238268908e-05,-3.681554015753229499e-05,-3.598781924707408959e-05,-5.341540387604027334e-05,-1.151388641385732870e-04,-2.617954156658912623e-01,-2.836026004197213624e+00
-4.317197482310488610e-01,6.853326094744787156e-01,2.285302614841884516e-01,1.892990335268599222e-01,-7.606353511948135138e-01,-4.676556865095051752e-01,1.570801904283443573e+00,8.053399070238268908e-05,-3.681554015753229499e-05,-3.598781924707408959e-05,-5.341540387604027334e-05,-1.151388641385732870e-04,-2.617954156658912623e-01,-2.836026004197213624e+00
-4.317067367859545035e-01,6.853509074562557091e-01,2.285631325003678049e-01,1.893160967171904352e-01,-7.606531563294387510e-01,-4.676940661308847114e-01,1.570801904283443573e+00,8.053399070238268908e-05,-3.681554015753229499e-05,-3.598781924707408959e-05,-5.341540387604027334e-05,-1.151388641385732870e-04,-2.617954156658912623e-01,-2.836026004197213624e+00
-4.317067367859545035e-01,6.853783544289211438e-01,2.285960035165471305e-01,1.893160967171904352e-01,-7.606709614640642103e-01,-4.676940661308847114e-01,1.570801904283443573e+00,8.053399070238268908e-05,-3.681554015753229499e-05,-3.598781924707408959e-05,-5.341540387604027334e-05,-1.151388641385732870e-04,-2.617954156658912623e-01,-2.836026004197213624e+00
-4.317067367859545035e-01,6.854058014015864675e-01,2.286288745327264837e-01,1.893160967171904352e-01,-7.606709614640642103e-01,-4.676940661308847114e-01,1.570801904283443573e+00,8.053399070238268908e-05,-3.681554015753229499e-05,-3.598781924707408959e-05,-5.341540387604027334e-05,-1.151388641385732870e-04,-2.617954156658912623e-01,-2.836026004197213624e+00
-4.316807138957657886e-01,6.854698443378058892e-01,2.287384445866576244e-01,1.893160967171904352e-01,-7.607065717333149069e-01,-4.676940661308847114e-01,1.570801904283443573e+00,8.053399070238268908e-05,-3.681554015753229499e-05,-3.598781924707408959e-05,-5.341540387604027334e-05,-1.151388641385732870e-04,-2.617954156658912623e-01,-2.836026004197213624e+00
-4.316807138957657886e-01,6.854972913104713239e-01,2.287713156028369776e-01,1.893160967171904352e-01,-7.607243768679401441e-01,-4.676940661308847114e-01,1.570801904283443573e+00,8.053399070238268908e-05,-3.681554015753229499e-05,-3.598781924707408959e-05,-5.341540387604027334e-05,-1.151388641385732870e-04,-2.617954156658912623e-01,-2.836026004197213624e+00
-4.316677024506713756e-01,6.855247382831368697e-01,2.288041866190163309e-01,1.893160967171904352e-01,-7.607421820025656034e-01,-4.676940661308847114e-01,1.570801904283443573e+00,8.053399070238268908e-05,-3.681554015753229499e-05,-3.598781924707408959e-05,-5.341540387604027334e-05,-1.151388641385732870e-04,-2.617954156658912623e-01,-2.836026004197213624e+00
-4.316677024506713756e-01,6.855430362649137521e-01,2.288370576351956565e-01,1.893160967171904352e-01,-7.607599871371909517e-01,-4.677324457522642476e-01,1.570801904283443573e+00,8.053399070238268908e-05,-3.681554015753229499e-05,-3.598781924707408959e-05,-5.341540387604027334e-05,-1.151388641385732870e-04,-2.617954156658912623e-01,-2.836026004197213624e+00
-4.316546910055770181e-01,6.855704832375791868e-01,2.288699286513749820e-01,1.893160967171904352e-01,-7.607777922718163000e-01,-4.677324457522642476e-01,1.570801904283443573e+00,8.053399070238268908e-05,-3.681554015753229499e-05,-3.598781924707408959e-05,-5.341540387604027334e-05,-1.151388641385732870e-04,-2.617954156658912623e-01,-2.836026004197213624e+00
-4.316416795604826606e-01,6.856162281920217261e-01,2.289356706837336608e-01,1.893160967171904352e-01,-7.608134025410669965e-01,-4.677324457522642476e-01,1.570801904283443573e+00,8.053399070238268908e-05,-3.681554015753229499e-05,-3.598781924707408959e-05,-5.341540387604027334e-05,-1.151388641385732870e-04,-2.617954156658912623e-01,-2.836026004197213624e+00
-4.316416795604826606e-01,6.856345261737986085e-01,2.289685416999130141e-01,1.893160967171904352e-01,-7.608312076756923448e-01,-4.677324457522642476e-01,1.570801904283443573e+00,8.053399070238268908e-05,-3.681554015753229499e-05,-3.598781924707408959e-05,-5.341540387604027334e-05,-1.151388641385732870e-04,-2.617954156658912623e-01,-2.836026004197213624e+00
-4.316286681153883031e-01,6.856619731464640433e-01,2.290014127160923674e-01,1.893160967171904352e-01,-7.608312076756923448e-01,-4.677324457522642476e-01,1.570801904283443573e+00,8.053399070238268908e-05,-3.681554015753229499e-05,-3.598781924707408959e-05,-5.341540387604027334e-05,-1.151388641385732870e-04,-2.617954156658912623e-01,-2.836026004197213624e+00
-4.316156566702939457e-01,6.857077181009064715e-01,2.290781117538441547e-01,1.893160967171904352e-01,-7.608668179449429303e-01,-4.677708253736437838e-01,1.570801904283443573e+00,8.053399070238268908e-05,-3.681554015753229499e-05,-3.598781924707408959e-05,-5.341540387604027334e-05,-1.151388641385732870e-04,-2.617954156658912623e-01,-2.836026004197213624e+00
-4.316026452251996437e-01,6.857260160826834650e-01,2.291109827700235080e-01,1.893160967171904352e-01,-7.608668179449429303e-01,-4.677708253736437838e-01,1.570801904283443573e+00,8.053399070238268908e-05,-3.681554015753229499e-05,-3.598781924707408959e-05,-5.341540387604027334e-05,-1.151388641385732870e-04,-2.617954156658912623e-01,-2.836026004197213624e+00
-4.316026452251996437e-01,6.857534630553488997e-01,2.291438537862028613e-01,1.893160967171904352e-01,-7.608668179449429303e-01,-4.677708253736437838e-01,1.570801904283443573e+00,8.053399070238268908e-05,-3.681554015753229499e-05,-3.598781924707408959e-05,-5.341540387604027334e-05,-1.151388641385732870e-04,-2.617954156658912623e-01,-2.836026004197213624e+00
-4.315896337801052862e-01,6.857717610371257821e-01,2.291767248023821868e-01,1.893160967171904352e-01,-7.608846230795683896e-01,-4.677708253736437838e-01,1.570801904283443573e+00,8.053399070238268908e-05,-3.681554015753229499e-05,-3.598781924707408959e-05,-5.341540387604027334e-05,-1.151388641385732870e-04,-2.617954156658912623e-01,-2.836026004197213624e+00
-4.315896337801052862e-01,6.857992080097913279e-01,2.292095958185615401e-01,1.893160967171904352e-01,-7.608846230795683896e-01,-4.677708253736437838e-01,1.570801904283443573e+00,8.053399070238268908e-05,-3.681554015753229499e-05,-3.598781924707408959e-05,-5.341540387604027334e-05,-1.151388641385732870e-04,-2.617954156658912623e-01,-2.836026004197213624e+00
-4.315766223350108732e-01,6.858449529642337561e-01,2.292753378509202467e-01,1.893331599075209482e-01,-7.609202333488189751e-01,-4.678092049950232645e-01,1.570801904283443573e+00,8.053399070238268908e-05,-3.681554015753229499e-05,-3.598781924707408959e-05,-5.341540387604027334e-05,-1.151388641385732870e-04,-2.617954156658912623e-01,-2.836026004197213624e+00
-4.315636108899165158e-01,6.858632509460106386e-01,2.293082088670995722e-01,1.893331599075209482e-01,-7.609202333488189751e-01,-4.678092049950232645e-01,1.570801904283443573e+00,8.053399070238268908e-05,-3.681554015753229499e-05,-3.598781924707408959e-05,-5.341540387604027334e-05,-1.151388641385732870e-04,-2.617954156658912623e-01,-2.836026004197213624e+00
-4.315636108899165158e-01,6.858906979186761843e-01,2.293410798832789255e-01,1.893331599075209482e-01,-7.609380384834443234e-01,-4.677708253736437838e-01,1.570801904283443573e+00,8.053399070238268908e-05,-3.681554015753229499e-05,-3.598781924707408959e-05,-5.341540387604027334e-05,-1.151388641385732870e-04,-2.617954156658912623e-01,-2.836026004197213624e+00
-4.315505994448221583e-01,6.859089959004531778e-01,2.293739508994582788e-01,1.893331599075209482e-01,-7.609558436180697827e-01,-4.677708253736437838e-01,1.570801904283443573e+00,8.053399070238268908e-05,-3.681554015753229499e-05,-3.598781924707408959e-05,-5.341540387604027334e-05,-1.151388641385732870e-04,-2.617954156658912623e-01,-2.836026004197213624e+00
-4.315505994448221583e-01,6.859364428731185015e-01,2.294068219156376043e-01,1.893331599075209482e-01,-7.609736487526951310e-01,-4.677708253736437838e-01,1.570801904283443573e+00,8.053399070238268908e-05,-3.681554015753229499e-05,-3.598781924707408959e-05,-5.341540387604027334e-05,-1.151388641385732870e-04,-2.617954156658912623e-01,-2.836026004197213624e+00
-4.315375879997278008e-01,6.859547408548954950e-01,2.294396929318169298e-01,1.893331599075209482e-01,-7.609914538873203682e-01,-4.678092049950232645e-01,1.570801904283443573e+00,8.053399070238268908e-05,-3.681554015753229499e-05,-3.598781924707408959e-05,-5.341540387604027334e-05,-1.151388641385732870e-04,-2.617954156658912623e-01,-2.836026004197213624e+00
-4.315245765546334433e-01,6.859821878275610407e-01,2.294725639479962831e-01,1.893331599075209482e-01,-7.610092590219457165e-01,-4.678092049950232645e-01,1.570801904283443573e+00,8.053399070238268908e-05,-3.681554015753229499e-05,-3.598781924707408959e-05,-5.341540387604027334e-05,-1.151388641385732870e-04,-2.617954156658912623e-01,-2.836026004197213624e+00
-4.315245765546334433e-01,6.860004858093379232e-01,2.295054349641756364e-01,1.893331599075209482e-01,-7.610092590219457165e-01,-4.678092049950232645e-01,1.570801904283443573e+00,8.053399070238268908e-05,-3.681554015753229499e-05,-3.598781924707408959e-05,-5.341540387604027334e-05,-1.151388641385732870e-04,-2.617954156658912623e-01,-2.836026004197213624e+00
-4.315115651095390858e-01,6.860279327820033579e-01,2.295383059803549619e-01,1.893331599075209482e-01,-7.610270641565711758e-01,-4.678092049950232645e-01,1.570801904283443573e+00,8.053399070238268908e-05,-3.681554015753229499e-05,-3.598781924707408959e-05,-5.341540387604027334e-05,-1.151388641385732870e-04,-2.617954156658912623e-01,-2.836026004197213624e+00
-4.315115651095390858e-01,6.860462307637803514e-01,2.295711769965343152e-01,1.893502230978514889e-01,-7.610270641565711758e-01,-4.678092049950232645e-01,1.570801904283443573e+00,8.053399070238268908e-05,-3.681554015753229499e-05,-3.598781924707408959e-05,-5.341540387604027334e-05,-1.151388641385732870e-04,-2.617954156658912623e-01,-2.836026004197213624e+00
-4.314985536644447284e-01,6.860736777364458971e-01,2.296040480127136685e-01,1.893502230978514889e-01,-7.610448692911965241e-01,-4.678092049950232645e-01,1.570801904283443573e+00,8.053399070238268908e-05,-3.681554015753229499e-05,-3.598781924707408959e-05,-5.341540387604027334e-05,-1.151388641385732870e-04,-2.617954156658912623e-01,-2.836026004197213624e+00
-4.314855422193503154e-01,6.861194226908882143e-01,2.296697900450723473e-01,1.893502230978514889e-01,-7.610626744258217613e-01,-4.678475846164028007e-01,1.570801904283443573e+00,8.053399070238268908e-05,-3.681554015753229499e-05,-3.598781924707408959e-05,-5.341540387604027334e-05,-1.151388641385732870e-04,-2.617954156658912623e-01,-2.836026004197213624e+00
-4.314855422193503154e-01,6.861377206726650968e-01,2.297026610612517006e-01,1.893502230978514889e-01,-7.610804795604471096e-01,-4.678475846164028007e-01,1.570801904283443573e+00,8.053399070238268908e-05,-3.681554015753229499e-05,-3.598781924707408959e-05,-5.341540387604027334e-05,-1.151388641385732870e-04,-2.617954156658912623e-01,-2.836026004197213624e+00
-4.314725307742559579e-01,6.861651676453306425e-01,2.297355320774310539e-01,1.893502230978514889e-01,-7.610982846950725689e-01,-4.678475846164028007e-01,1.570801904283443573e+00,8.053399070238268908e-05,-3.681554015753229499e-05,-3.598781924707408959e-05,-5.341540387604027334e-05,-1.151388641385732870e-04,-2.617954156658912623e-01,-2.836026004197213624e+00
-4.314595193291616004e-01,6.862109125997730708e-01,2.298012741097897327e-01,1.893502230978514889e-01,-7.611160898296978061e-01,-4.678859642377823369e-01,1.570801904283443573e+00,8.053399070238268908e-05,-3.681554015753229499e-05,-3.598781924707408959e-05,-5.341540387604027334e-05,-1.151388641385732870e-04,-2.617954156658912623e-01,-2.836026004197213624e+00
-4.314595193291616004e-01,6.862292105815499532e-01,2.298341451259690860e-01,1.893502230978514889e-01,-7.611338949643231544e-01,-4.678859642377823369e-01,1.570801904283443573e+00,8.053399070238268908e-05,-3.681554015753229499e-05,-3.598781924707408959e-05,-5.341540387604027334e-05,-1.151388641385732870e-04,-2.617954156658912623e-01,-2.836026004197213624e+00
-4.314465078840672430e-01,6.862566575542154990e-01,2.298670161421484393e-01,1.893672862881820018e-01,-7.611517000989485027e-01,-4.678859642377823369e-01,1.570801904283443573e+00,8.053399070238268908e-05,-3.681554015753229499e-05,-3.598781924707408959e-05,-5.341540387604027334e-05,-1.151388641385732870e-04,-2.617954156658912623e-01,-2.836026004197213624e+00
-4.314334964389728855e-01,6.862749555359924925e-01,2.298998871583277370e-01,1.893672862881820018e-01,-7.611517000989485027e-01,-4.678859642377823369e-01,1.570801904283443573e+00,8.053399070238268908e-05,-3.681554015753229499e-05,-3.598781924707408959e-05,-5.341540387604027334e-05,-1.151388641385732870e-04,-2.617954156658912623e-01,-2.836026004197213624e+00
-4.314334964389728855e-01,6.863024025086578161e-01,2.299327581745070903e-01,1.893672862881820018e-01,-7.611695052335739620e-01,-4.678859642377823369e-01,1.570801904283443573e+00,8.053399070238268908e-05,-3.681554015753229499e-05,-3.598781924707408959e-05,-5.341540387604027334e-05,-1.151388641385732870e-04,-2.617954156658912623e-01,-2.836026004197213624e+00
-4.314204849938785280e-01,6.863481474631003554e-01,2.299985002068657691e-01,1.893672862881820018e-01,-7.611873103681991992e-01,-4.679243438591618731e-01,1.570801904283443573e+00,8.053399070238268908e-05,-3.681554015753229499e-05,-3.598781924707408959e-05,-5.341540387604027334e-05,-1.151388641385732870e-04,-2.617954156658912623e-01,-2.836026004197213624e+00
-4.314074735487841150e-01,6.863664454448772378e-01,2.300313712230451224e-01,1.893672862881820018e-01,-7.611873103681991992e-01,-4.679243438591618731e-01,1.570801904283443573e+00,8.053399070238268908e-05,-3.681554015753229499e-05,-3.598781924707408959e-05,-5.341540387604027334e-05,-1.151388641385732870e-04,-2.617954156658912623e-01,-2.836026004197213624e+00
-4.314074735487841150e-01,6.863938924175426726e-01,2.300642422392244757e-01,1.893672862881820018e-01,-7.612051155028245475e-01,-4.679243438591618731e-01,1.570801904283443573e+00,8.053399070238268908e-05,-3.681554015753229499e-05,-3.598781924707408959e-05,-5.341540387604027334e-05,-1.151388641385732870e-04,-2.617954156658912623e-01,-2.836026004197213624e+00
-4.313944621036897575e-01,6.864396373719852118e-01,2.301299842715831545e-01,1.893672862881820018e-01,-7.612229206374498958e-01,-4.679627234805413538e-01,1.570801904283443573e+00,8.053399070238268908e-05,-3.681554015753229499e-05,-3.598781924707408959e-05,-5.341540387604027334e-05,-1.151388641385732870e-04,-2.617954156658912623e-01,-2.836026004197213624e+00
-4.313814506585954001e-01,6.864853823264275290e-01,2.301957263039418611e-01,1.893672862881820018e-01,-7.612585309067005923e-01,-4.679627234805413538e-01,1.570801904283443573e+00,8.053399070238268908e-05,-3.681554015753229499e-05,-3.598781924707408959e-05,-5.341540387604027334e-05,-1.151388641385732870e-04,-2.617954156658912623e-01,-2.836026004197213624e+00
-4.313684392135010426e-01,6.865036803082044115e-01,2.302285973201211866e-01,1.893843494785125425e-01,-7.612763360413259406e-01,-4.679243438591618731e-01,1.570801904283443573e+00,8.053399070238268908e-05,-3.681554015753229499e-05,-3.598781924707408959e-05,-5.341540387604027334e-05,-1.151388641385732870e-04,-2.617954156658912623e-01,-2.836026004197213624e+00
-4.313554277684066851e-01,6.865311272808698462e-01,2.302614683363005399e-01,1.893843494785125425e-01,-7.612941411759512889e-01,-4.679627234805413538e-01,1.570801904283443573e+00,8.053399070238268908e-05,-3.681554015753229499e-05,-3.598781924707408959e-05,-5.341540387604027334e-05,-1.151388641385732870e-04,-2.617954156658912623e-01,-2.836026004197213624e+00
-4.313554277684066851e-01,6.865494252626469507e-01,2.302943393524798932e-01,1.893843494785125425e-01,-7.613119463105767482e-01,-4.679627234805413538e-01,1.570801904283443573e+00,8.053399070238268908e-05,-3.681554015753229499e-05,-3.598781924707408959e-05,-5.341540387604027334e-05,-1.151388641385732870e-04,-2.617954156658912623e-01,-2.836026004197213624e+00
-4.313424163233123276e-01,6.865768722353123854e-01,2.303272103686592187e-01,1.893843494785125425e-01,-7.613297514452019854e-01,-4.679627234805413538e-01,1.570801904283443573e+00,8.053399070238268908e-05,-3.681554015753229499e-05,-3.598781924707408959e-05,-5.341540387604027334e-05,-1.151388641385732870e-04,-2.617954156658912623e-01,-2.836026004197213624e+00
-4.313424163233123276e-01,6.865951702170892679e-01,2.303600813848385442e-01,1.893843494785125425e-01,-7.613297514452019854e-01,-4.679627234805413538e-01,1.570801904283443573e+00,8.053399070238268908e-05,-3.681554015753229499e-05,-3.598781924707408959e-05,-5.341540387604027334e-05,-1.151388641385732870e-04,-2.617954156658912623e-01,-2.836026004197213624e+00
-4.313294048782179146e-01,6.866134681988662614e-01,2.303929524010178975e-01,1.893843494785125425e-01,-7.613475565798273337e-01,-4.680011031019209455e-01,1.570801904283443573e+00,8.053399070238268908e-05,-3.681554015753229499e-05,-3.598781924707408959e-05,-5.341540387604027334e-05,-1.151388641385732870e-04,-2.617954156658912623e-01,-2.836026004197213624e+00
-4.313294048782179146e-01,6.866409151715318071e-01,2.304258234171972508e-01,1.893843494785125425e-01,-7.613475565798273337e-01,-4.680011031019209455e-01,1.570801904283443573e+00,8.053399070238268908e-05,-3.681554015753229499e-05,-3.598781924707408959e-05,-5.341540387604027334e-05,-1.151388641385732870e-04,-2.617954156658912623e-01,-2.836026004197213624e+00
-4.313163934331235572e-01,6.866592131533086896e-01,2.304586944333766041e-01,1.893843494785125425e-01,-7.613475565798273337e-01,-4.680011031019209455e-01,1.570801904283443573e+00,8.053399070238268908e-05,-3.681554015753229499e-05,-3.598781924707408959e-05,-5.341540387604027334e-05,-1.151388641385732870e-04,-2.617954156658912623e-01,-2.836026004197213624e+00
-4.313163934331235572e-01,6.866866601259741243e-01,2.304915654495559296e-01,1.893843494785125425e-01,-7.613653617144526820e-01,-4.680011031019209455e-01,1.570801904283443573e+00,8.053399070238268908e-05,-3.681554015753229499e-05,-3.598781924707408959e-05,-5.341540387604027334e-05,-1.151388641385732870e-04,-2.617954156658912623e-01,-2.836026004197213624e+00
-4.313033819880291997e-01,6.867049581077511178e-01,2.305244364657352829e-01,1.893843494785125425e-01,-7.613653617144526820e-01,-4.680011031019209455e-01,1.570801904283443573e+00,8.053399070238268908e-05,-3.681554015753229499e-05,-3.598781924707408959e-05,-5.341540387604027334e-05,-1.151388641385732870e-04,-2.617954156658912623e-01,-2.836026004197213624e+00
-4.312903705429348422e-01,6.867507030621935460e-01,2.305901784980939617e-01,1.893843494785125425e-01,-7.614009719837033785e-01,-4.680394827233004262e-01,1.570801904283443573e+00,8.053399070238268908e-05,-3.681554015753229499e-05,-3.598781924707408959e-05,-5.341540387604027334e-05,-1.151388641385732870e-04,-2.617954156658912623e-01,-2.836026004197213624e+00
-4.312903705429348422e-01,6.867781500348589807e-01,2.306230495142733150e-01,1.894014126688430832e-01,-7.614009719837033785e-01,-4.680394827233004262e-01,1.570801904283443573e+00,8.053399070238268908e-05,-3.681554015753229499e-05,-3.598781924707408959e-05,-5.341540387604027334e-05,-1.151388641385732870e-04,-2.617954156658912623e-01,-2.836026004197213624e+00
-4.312773590978404847e-01,6.867964480166358632e-01,2.306559205304526683e-01,1.894014126688430832e-01,-7.614187771183287268e-01,-4.680394827233004262e-01,1.570801904283443573e+00,8.053399070238268908e-05,-3.681554015753229499e-05,-3.598781924707408959e-05,-5.341540387604027334e-05,-1.151388641385732870e-04,-2.617954156658912623e-01,-2.836026004197213624e+00
-4.312773590978404847e-01,6.868238949893014089e-01,2.306887915466320216e-01,1.894014126688430832e-01,-7.614365822529540750e-01,-4.680394827233004262e-01,1.570801904283443573e+00,8.053399070238268908e-05,-3.681554015753229499e-05,-3.598781924707408959e-05,-5.341540387604027334e-05,-1.151388641385732870e-04,-2.617954156658912623e-01,-2.836026004197213624e+00
-4.312643476527461273e-01,6.868421929710784024e-01,2.307216625628113471e-01,1.894014126688430832e-01,-7.614365822529540750e-01,-4.680778623446799624e-01,1.570801904283443573e+00,8.053399070238268908e-05,-3.681554015753229499e-05,-3.598781924707408959e-05,-5.341540387604027334e-05,-1.151388641385732870e-04,-2.617954156658912623e-01,-2.836026004197213624e+00
-4.312513362076517143e-01,6.868696399437438371e-01,2.307545335789906726e-01,1.894014126688430832e-01,-7.614543873875794233e-01,-4.680778623446799624e-01,1.570801904283443573e+00,8.053399070238268908e-05,-3.681554015753229499e-05,-3.598781924707408959e-05,-5.341540387604027334e-05,-1.151388641385732870e-04,-2.617954156658912623e-01,-2.836026004197213624e+00
-4.312383247625573568e-01,6.869062359072978241e-01,2.308202756113493515e-01,1.894014126688430832e-01,-7.614721925222047716e-01,-4.680778623446799624e-01,1.570801904283443573e+00,8.053399070238268908e-05,-3.681554015753229499e-05,-3.598781924707408959e-05,-5.341540387604027334e-05,-1.151388641385732870e-04,-2.617954156658912623e-01,-2.836026004197213624e+00
-4.312383247625573568e-01,6.869336828799631478e-01,2.308421896221355962e-01,1.894014126688430832e-01,-7.614721925222047716e-01,-4.680778623446799624e-01,1.570801904283443573e+00,8.053399070238268908e-05,-3.681554015753229499e-05,-3.598781924707408959e-05,-5.341540387604027334e-05,-1.151388641385732870e-04,-2.617954156658912623e-01,-2.836026004197213624e+00
-4.312253133174629993e-01,6.869519808617401413e-01,2.308750606383149495e-01,1.894014126688430832e-01,-7.614899976568301199e-01,-4.681162419660594431e-01,1.570801904283443573e+00,8.053399070238268908e-05,-3.681554015753229499e-05,-3.598781924707408959e-05,-5.341540387604027334e-05,-1.151388641385732870e-04,-2.617954156658912623e-01,-2.836026004197213624e+00
-4.312253133174629993e-01,6.869794278344055760e-01,2.309079316544943028e-01,1.894014126688430832e-01,-7.614899976568301199e-01,-4.681162419660594431e-01,1.570801904283443573e+00,8.053399070238268908e-05,-3.681554015753229499e-05,-3.598781924707408959e-05,-5.341540387604027334e-05,-1.151388641385732870e-04,-2.617954156658912623e-01,-2.836026004197213624e+00
-4.312123018723686418e-01,6.869977258161825695e-01,2.309408026706736283e-01,1.894014126688430832e-01,-7.615078027914554681e-01,-4.681162419660594431e-01,1.570801904283443573e+00,8.053399070238268908e-05,-3.681554015753229499e-05,-3.598781924707408959e-05,-5.341540387604027334e-05,-1.151388641385732870e-04,-2.617954156658912623e-01,-2.836026004197213624e+00
-4.311992904272742844e-01,6.870434707706249977e-01,2.310065447030323349e-01,1.894184758591735962e-01,-7.615256079260808164e-01,-4.681546215874390349e-01,1.570801904283443573e+00,8.053399070238268908e-05,-3.681554015753229499e-05,-3.598781924707408959e-05,-5.341540387604027334e-05,-1.151388641385732870e-04,-2.617954156658912623e-01,-2.836026004197213624e+00
-4.311992904272742844e-01,6.870709177432904324e-01,2.310394157192116882e-01,1.894184758591735962e-01,-7.615434130607061647e-01,-4.681546215874390349e-01,1.570801904283443573e+00,8.053399070238268908e-05,-3.681554015753229499e-05,-3.598781924707408959e-05,-5.341540387604027334e-05,-1.151388641385732870e-04,-2.617954156658912623e-01,-2.836026004197213624e+00
-4.311862789821799269e-01,6.870892157250674259e-01,2.310722867353909860e-01,1.894184758591735962e-01,-7.615612181953315130e-01,-4.681546215874390349e-01,1.570801904283443573e+00,8.053399070238268908e-05,-3.681554015753229499e-05,-3.598781924707408959e-05,-5.341540387604027334e-05,-1.151388641385732870e-04,-2.617954156658912623e-01,-2.836026004197213624e+00
-4.311732675370855694e-01,6.871349606795098541e-01,2.311270717623565840e-01,1.894184758591735962e-01,-7.615968284645822095e-01,-4.681546215874390349e-01,1.570801904283443573e+00,8.053399070238268908e-05,-3.681554015753229499e-05,-3.598781924707408959e-05,-5.341540387604027334e-05,-1.151388641385732870e-04,-2.617954156658912623e-01,-2.836026004197213624e+00
-4.311602560919911564e-01,6.871532586612867366e-01,2.311599427785359373e-01,1.894184758591735962e-01,-7.615968284645822095e-01,-4.681930012088185156e-01,1.570801904283443573e+00,8.053399070238268908e-05,-3.681554015753229499e-05,-3.598781924707408959e-05,-5.341540387604027334e-05,-1.151388641385732870e-04,-2.617954156658912623e-01,-2.836026004197213624e+00
-4.311472446468967989e-01,6.871990036157291648e-01,2.312256848108946161e-01,1.894184758591735962e-01,-7.616146335992075578e-01,-4.681546215874390349e-01,1.570801904283443573e+00,8.053399070238268908e-05,-3.681554015753229499e-05,-3.598781924707408959e-05,-5.341540387604027334e-05,-1.151388641385732870e-04,-2.617954156658912623e-01,-2.836026004197213624e+00
-4.311472446468967989e-01,6.872264505883945995e-01,2.312585558270739694e-01,1.894184758591735962e-01,-7.616324387338329061e-01,-4.681546215874390349e-01,1.570801904283443573e+00,8.053399070238268908e-05,-3.681554015753229499e-05,-3.598781924707408959e-05,-5.341540387604027334e-05,-1.151388641385732870e-04,-2.617954156658912623e-01,-2.836026004197213624e+00
-4.311342332018024415e-01,6.872447485701715930e-01,2.312914268432532672e-01,1.894355390495041369e-01,-7.616324387338329061e-01,-4.681546215874390349e-01,1.570801904283443573e+00,8.053399070238268908e-05,-3.681554015753229499e-05,-3.598781924707408959e-05,-5.341540387604027334e-05,-1.151388641385732870e-04,-2.617954156658912623e-01,-2.836026004197213624e+00
-4.311212217567080840e-01,6.872630465519484755e-01,2.313242978594326205e-01,1.894355390495041369e-01,-7.616502438684581433e-01,-4.681930012088185156e-01,1.570801904283443573e+00,8.053399070238268908e-05,-3.681554015753229499e-05,-3.598781924707408959e-05,-5.341540387604027334e-05,-1.151388641385732870e-04,-2.617954156658912623e-01,-2.836026004197213624e+00
-4.311212217567080840e-01,6.872904935246140212e-01,2.313571688756119737e-01,1.894355390495041369e-01,-7.616502438684581433e-01,-4.681930012088185156e-01,1.570801904283443573e+00,8.053399070238268908e-05,-3.681554015753229499e-05,-3.598781924707408959e-05,-5.341540387604027334e-05,-1.151388641385732870e-04,-2.617954156658912623e-01,-2.836026004197213624e+00
-4.311082103116137265e-01,6.873087915063910147e-01,2.313900398917913270e-01,1.894355390495041369e-01,-7.616680490030836026e-01,-4.681930012088185156e-01,1.570801904283443573e+00,8.053399070238268908e-05,-3.681554015753229499e-05,-3.598781924707408959e-05,-5.341540387604027334e-05,-1.151388641385732870e-04,-2.617954156658912623e-01,-2.836026004197213624e+00
-4.311082103116137265e-01,6.873270894881678972e-01,2.314119539025775441e-01,1.894355390495041369e-01,-7.616858541377089509e-01,-4.681930012088185156e-01,1.570801904283443573e+00,8.053399070238268908e-05,-3.681554015753229499e-05,-3.598781924707408959e-05,-5.341540387604027334e-05,-1.151388641385732870e-04,-2.617954156658912623e-01,-2.836026004197213624e+00
-4.310951988665193690e-01,6.873545364608333319e-01,2.314448249187568973e-01,1.894355390495041369e-01,-7.617036592723342991e-01,-4.682313808301980518e-01,1.570801904283443573e+00,8.053399070238268908e-05,-3.681554015753229499e-05,-3.598781924707408959e-05,-5.341540387604027334e-05,-1.151388641385732870e-04,-2.617954156658912623e-01,-2.836026004197213624e+00
-4.310951988665193690e-01,6.873728344426104364e-01,2.314776959349362506e-01,1.894355390495041369e-01,-7.617036592723342991e-01,-4.682313808301980518e-01,1.570801904283443573e+00,8.053399070238268908e-05,-3.681554015753229499e-05,-3.598781924707408959e-05,-5.341540387604027334e-05,-1.151388641385732870e-04,-2.617954156658912623e-01,-2.836026004197213624e+00
-4.310821874214249561e-01,6.873911324243873189e-01,2.315105669511156039e-01,1.894355390495041369e-01,-7.617214644069595364e-01,-4.682313808301980518e-01,1.570801904283443573e+00,8.053399070238268908e-05,-3.681554015753229499e-05,-3.598781924707408959e-05,-5.341540387604027334e-05,-1.151388641385732870e-04,-2.617954156658912623e-01,-2.836026004197213624e+00
-4.310691759763305986e-01,6.874185793970527536e-01,2.315434379672949294e-01,1.894355390495041369e-01,-7.617392695415849957e-01,-4.682313808301980518e-01,1.570801904283443573e+00,8.053399070238268908e-05,-3.681554015753229499e-05,-3.598781924707408959e-05,-5.341540387604027334e-05,-1.151388641385732870e-04,-2.617954156658912623e-01,-2.836026004197213624e+00
-4.310691759763305986e-01,6.874368773788297471e-01,2.315763089834742827e-01,1.894355390495041369e-01,-7.617392695415849957e-01,-4.682313808301980518e-01,1.570801904283443573e+00,8.053399070238268908e-05,-3.681554015753229499e-05,-3.598781924707408959e-05,-5.341540387604027334e-05,-1.151388641385732870e-04,-2.617954156658912623e-01,-2.836026004197213624e+00
-4.310561645312362411e-01,6.874551753606066296e-01,2.316091799996536360e-01,1.894526022398346221e-01,-7.617570746762103440e-01,-4.682697604515775880e-01,1.570801904283443573e+00,8.053399070238268908e-05,-3.681554015753229499e-05,-3.598781924707408959e-05,-5.341540387604027334e-05,-1.151388641385732870e-04,-2.617954156658912623e-01,-2.836026004197213624e+00
-4.310431530861418836e-01,6.875009203150491688e-01,2.316639650266191786e-01,1.894526022398346221e-01,-7.617748798108356922e-01,-4.682697604515775880e-01,1.570801904283443573e+00,8.053399070238268908e-05,-3.681554015753229499e-05,-3.598781924707408959e-05,-5.341540387604027334e-05,-1.151388641385732870e-04,-2.617954156658912623e-01,-2.836026004197213624e+00
-4.310301416410475261e-01,6.875192182968260513e-01,2.316968360427985318e-01,1.894526022398346221e-01,-7.617926849454609295e-01,-4.682697604515775880e-01,1.570801904283443573e+00,8.053399070238268908e-05,-3.681554015753229499e-05,-3.598781924707408959e-05,-5.341540387604027334e-05,-1.151388641385732870e-04,-2.617954156658912623e-01,-2.836026004197213624e+00
-4.310301416410475261e-01,6.875375162786030447e-01,2.317297070589778851e-01,1.894526022398346221e-01,-7.617926849454609295e-01,-4.682697604515775880e-01,1.570801904283443573e+00,8.053399070238268908e-05,-3.681554015753229499e-05,-3.598781924707408959e-05,-5.341540387604027334e-05,-1.151388641385732870e-04,-2.617954156658912623e-01,-2.836026004197213624e+00
-4.310171301959531687e-01,6.875558142603800382e-01,2.317625780751572107e-01,1.894526022398346221e-01,-7.618104900800863888e-01,-4.683081400729571242e-01,1.570801904283443573e+00,8.053399070238268908e-05,-3.681554015753229499e-05,-3.598781924707408959e-05,-5.341540387604027334e-05,-1.151388641385732870e-04,-2.617954156658912623e-01,-2.836026004197213624e+00
-4.310171301959531687e-01,6.875832612330454729e-01,2.317954490913365639e-01,1.894526022398346221e-01,-7.618282952147117371e-01,-4.683081400729571242e-01,1.570801904283443573e+00,8.053399070238268908e-05,-3.681554015753229499e-05,-3.598781924707408959e-05,-5.341540387604027334e-05,-1.151388641385732870e-04,-2.617954156658912623e-01,-2.836026004197213624e+00
-4.309911073057643982e-01,6.876198571965993489e-01,2.318502341183021342e-01,1.894696654301651628e-01,-7.618461003493369743e-01,-4.683465196943366049e-01,1.570801904283443573e+00,8.053399070238268908e-05,-3.681554015753229499e-05,-3.598781924707408959e-05,-5.341540387604027334e-05,-1.151388641385732870e-04,-2.617954156658912623e-01,-2.836026004197213624e+00
-4.309911073057643982e-01,6.876381551783764534e-01,2.318831051344814598e-01,1.894696654301651628e-01,-7.618639054839623226e-01,-4.683465196943366049e-01,1.570801904283443573e+00,8.053399070238268908e-05,-3.681554015753229499e-05,-3.598781924707408959e-05,-5.341540387604027334e-05,-1.151388641385732870e-04,-2.617954156658912623e-01,-2.836026004197213624e+00
-4.309780958606700407e-01,6.876747511419303294e-01,2.319378901614470578e-01,1.894696654301651628e-01,-7.618995157532131302e-01,-4.683465196943366049e-01,1.570801904283443573e+00,8.053399070238268908e-05,-3.681554015753229499e-05,-3.598781924707408959e-05,-5.341540387604027334e-05,-1.151388641385732870e-04,-2.617954156658912623e-01,-2.836026004197213624e+00
-4.309650844155756833e-01,6.877021981145957641e-01,2.319707611776264111e-01,1.894696654301651628e-01,-7.618995157532131302e-01,-4.683465196943366049e-01,1.570801904283443573e+00,8.053399070238268908e-05,-3.681554015753229499e-05,-3.598781924707408959e-05,-5.341540387604027334e-05,-1.151388641385732870e-04,-2.617954156658912623e-01,-2.836026004197213624e+00
-4.309520729704813258e-01,6.877204960963726466e-01,2.320036321938057366e-01,1.894696654301651628e-01,-7.619173208878383674e-01,-4.683848993157161966e-01,1.570801904283443573e+00,8.053399070238268908e-05,-3.681554015753229499e-05,-3.598781924707408959e-05,-5.341540387604027334e-05,-1.151388641385732870e-04,-2.617954156658912623e-01,-2.836026004197213624e+00
-4.309520729704813258e-01,6.877387940781497511e-01,2.320255462045919537e-01,1.894696654301651628e-01,-7.619173208878383674e-01,-4.683848993157161966e-01,1.570801904283443573e+00,8.053399070238268908e-05,-3.681554015753229499e-05,-3.598781924707408959e-05,-5.341540387604027334e-05,-1.151388641385732870e-04,-2.617954156658912623e-01,-2.836026004197213624e+00
-4.309390615253869683e-01,6.877570920599266335e-01,2.320584172207713070e-01,1.894696654301651628e-01,-7.619351260224637157e-01,-4.683465196943366049e-01,1.570801904283443573e+00,8.053399070238268908e-05,-3.681554015753229499e-05,-3.598781924707408959e-05,-5.341540387604027334e-05,-1.151388641385732870e-04,-2.617954156658912623e-01,-2.836026004197213624e+00
-4.309260500802926108e-01,6.877753900417036270e-01,2.320912882369506602e-01,1.894867286204957035e-01,-7.619351260224637157e-01,-4.683465196943366049e-01,1.570801904283443573e+00,8.053399070238268908e-05,-3.681554015753229499e-05,-3.598781924707408959e-05,-5.341540387604027334e-05,-1.151388641385732870e-04,-2.617954156658912623e-01,-2.836026004197213624e+00
-4.309130386351981978e-01,6.878211349961459442e-01,2.321460732639162305e-01,1.894867286204957035e-01,-7.619707362917145232e-01,-4.683848993157161966e-01,1.570801904283443573e+00,8.053399070238268908e-05,-3.681554015753229499e-05,-3.598781924707408959e-05,-5.341540387604027334e-05,-1.151388641385732870e-04,-2.617954156658912623e-01,-2.836026004197213624e+00
-4.309130386351981978e-01,6.878394329779230487e-01,2.321679872747024476e-01,1.894867286204957035e-01,-7.619707362917145232e-01,-4.683848993157161966e-01,1.570801904283443573e+00,8.053399070238268908e-05,-3.681554015753229499e-05,-3.598781924707408959e-05,-5.341540387604027334e-05,-1.151388641385732870e-04,-2.617954156658912623e-01,-2.836026004197213624e+00
-4.308870157450094829e-01,6.878760289414769247e-01,2.322337293070611264e-01,1.894867286204957035e-01,-7.619885414263397605e-01,-4.684232789370956773e-01,1.570801904283443573e+00,8.053399070238268908e-05,-3.681554015753229499e-05,-3.598781924707408959e-05,-5.341540387604027334e-05,-1.151388641385732870e-04,-2.617954156658912623e-01,-2.836026004197213624e+00
-4.308870157450094829e-01,6.878943269232539182e-01,2.322556433178473712e-01,1.894867286204957035e-01,-7.620063465609652198e-01,-4.684232789370956773e-01,1.570801904283443573e+00,8.053399070238268908e-05,-3.681554015753229499e-05,-3.598781924707408959e-05,-5.341540387604027334e-05,-1.151388641385732870e-04,-2.617954156658912623e-01,-2.836026004197213624e+00
-4.308740042999151254e-01,6.879217738959193529e-01,2.322885143340267244e-01,1.894867286204957035e-01,-7.620063465609652198e-01,-4.684232789370956773e-01,1.570801904283443573e+00,8.053399070238268908e-05,-3.681554015753229499e-05,-3.598781924707408959e-05,-5.341540387604027334e-05,-1.151388641385732870e-04,-2.617954156658912623e-01,-2.836026004197213624e+00
-4.308609928548207679e-01,6.879583698594732288e-01,2.323432993609922670e-01,1.895037918108262165e-01,-7.620241516955905681e-01,-4.684232789370956773e-01,1.570801904283443573e+00,8.053399070238268908e-05,-3.681554015753229499e-05,-3.598781924707408959e-05,-5.341540387604027334e-05,-1.151388641385732870e-04,-2.617954156658912623e-01,-2.836026004197213624e+00
-4.308479814097264105e-01,6.879766678412502223e-01,2.323761703771716203e-01,1.895037918108262165e-01,-7.620419568302159163e-01,-4.684616585584752135e-01,1.570801904283443573e+00,8.053399070238268908e-05,-3.681554015753229499e-05,-3.598781924707408959e-05,-5.341540387604027334e-05,-1.151388641385732870e-04,-2.617954156658912623e-01,-2.836026004197213624e+00
-4.308479814097264105e-01,6.879949658230272158e-01,2.324090413933509736e-01,1.895037918108262165e-01,-7.620419568302159163e-01,-4.684616585584752135e-01,1.570801904283443573e+00,8.053399070238268908e-05,-3.681554015753229499e-05,-3.598781924707408959e-05,-5.341540387604027334e-05,-1.151388641385732870e-04,-2.617954156658912623e-01,-2.836026004197213624e+00
-4.308349699646319975e-01,6.880224127956926505e-01,2.324309554041372183e-01,1.895037918108262165e-01,-7.620597619648411536e-01,-4.684616585584752135e-01,1.570801904283443573e+00,8.053399070238268908e-05,-3.681554015753229499e-05,-3.598781924707408959e-05,-5.341540387604027334e-05,-1.151388641385732870e-04,-2.617954156658912623e-01,-2.836026004197213624e+00
-4.308349699646319975e-01,6.880407107774696440e-01,2.324638264203165161e-01,1.895037918108262165e-01,-7.620597619648411536e-01,-4.684616585584752135e-01,1.570801904283443573e+00,8.053399070238268908e-05,-3.681554015753229499e-05,-3.598781924707408959e-05,-5.341540387604027334e-05,-1.151388641385732870e-04,-2.617954156658912623e-01,-2.836026004197213624e+00
-4.308219585195376400e-01,6.880590087592465265e-01,2.324857404311027609e-01,1.895037918108262165e-01,-7.620775670994666129e-01,-4.685000381798546942e-01,1.570801904283443573e+00,8.053399070238268908e-05,-3.681554015753229499e-05,-3.598781924707408959e-05,-5.341540387604027334e-05,-1.151388641385732870e-04,-2.617954156658912623e-01,-2.836026004197213624e+00
-4.308089470744432825e-01,6.880773067410235200e-01,2.325186114472821142e-01,1.895208550011567572e-01,-7.620775670994666129e-01,-4.685000381798546942e-01,1.570801904283443573e+00,8.053399070238268908e-05,-3.681554015753229499e-05,-3.598781924707408959e-05,-5.341540387604027334e-05,-1.151388641385732870e-04,-2.617954156658912623e-01,-2.836026004197213624e+00
-4.308089470744432825e-01,6.881047537136890657e-01,2.325514824634614675e-01,1.895208550011567572e-01,-7.620953722340919612e-01,-4.685000381798546942e-01,1.570801904283443573e+00,8.053399070238268908e-05,-3.681554015753229499e-05,-3.598781924707408959e-05,-5.341540387604027334e-05,-1.151388641385732870e-04,-2.617954156658912623e-01,-2.836026004197213624e+00
-4.307829241842545676e-01,6.881413496772429417e-01,2.326062674904270100e-01,1.895208550011567572e-01,-7.621131773687171984e-01,-4.685384178012342860e-01,1.570801904283443573e+00,8.053399070238268908e-05,-3.681554015753229499e-05,-3.598781924707408959e-05,-5.341540387604027334e-05,-1.151388641385732870e-04,-2.617954156658912623e-01,-2.836026004197213624e+00
-4.307829241842545676e-01,6.881596476590199352e-01,2.326281815012132548e-01,1.895208550011567572e-01,-7.621309825033425467e-01,-4.685384178012342860e-01,1.570801904283443573e+00,8.053399070238268908e-05,-3.681554015753229499e-05,-3.598781924707408959e-05,-5.341540387604027334e-05,-1.151388641385732870e-04,-2.617954156658912623e-01,-2.836026004197213624e+00
-4.307699127391602101e-01,6.881779456407968176e-01,2.326610525173926081e-01,1.895208550011567572e-01,-7.621309825033425467e-01,-4.685384178012342860e-01,1.570801904283443573e+00,8.053399070238268908e-05,-3.681554015753229499e-05,-3.598781924707408959e-05,-5.341540387604027334e-05,-1.151388641385732870e-04,-2.617954156658912623e-01,-2.836026004197213624e+00
-4.307699127391602101e-01,6.882053926134623634e-01,2.326939235335719336e-01,1.895208550011567572e-01,-7.621487876379680060e-01,-4.685384178012342860e-01,1.570801904283443573e+00,8.053399070238268908e-05,-3.681554015753229499e-05,-3.598781924707408959e-05,-5.341540387604027334e-05,-1.151388641385732870e-04,-2.617954156658912623e-01,-2.836026004197213624e+00
-4.307569012940657971e-01,6.882236905952392458e-01,2.327267945497512869e-01,1.895208550011567572e-01,-7.621665927725933543e-01,-4.685767974226137667e-01,1.570801904283443573e+00,8.053399070238268908e-05,-3.681554015753229499e-05,-3.598781924707408959e-05,-5.341540387604027334e-05,-1.151388641385732870e-04,-2.617954156658912623e-01,-2.836026004197213624e+00
-4.307438898489714396e-01,6.882419885770162393e-01,2.327487085605375317e-01,1.895379181914872702e-01,-7.621665927725933543e-01,-4.685767974226137667e-01,1.570801904283443573e+00,8.053399070238268908e-05,-3.681554015753229499e-05,-3.598781924707408959e-05,-5.341540387604027334e-05,-1.151388641385732870e-04,-2.617954156658912623e-01,-2.836026004197213624e+00
-4.307438898489714396e-01,6.882602865587932328e-01,2.327815795767168572e-01,1.895379181914872702e-01,-7.621665927725933543e-01,-4.685767974226137667e-01,1.570801904283443573e+00,8.053399070238268908e-05,-3.681554015753229499e-05,-3.598781924707408959e-05,-5.341540387604027334e-05,-1.151388641385732870e-04,-2.617954156658912623e-01,-2.836026004197213624e+00
-4.307308784038770821e-01,6.882785845405701153e-01,2.328144505928961827e-01,1.895379181914872702e-01,-7.621843979072185915e-01,-4.685767974226137667e-01,1.570801904283443573e+00,8.053399070238268908e-05,-3.681554015753229499e-05,-3.598781924707408959e-05,-5.341540387604027334e-05,-1.151388641385732870e-04,-2.617954156658912623e-01,-2.836026004197213624e+00
-4.307308784038770821e-01,6.882968825223472198e-01,2.328363646036824275e-01,1.895379181914872702e-01,-7.621843979072185915e-01,-4.685767974226137667e-01,1.570801904283443573e+00,8.053399070238268908e-05,-3.681554015753229499e-05,-3.598781924707408959e-05,-5.341540387604027334e-05,-1.151388641385732870e-04,-2.617954156658912623e-01,-2.836026004197213624e+00
-4.307178669587827247e-01,6.883243294950125435e-01,2.328692356198617808e-01,1.895379181914872702e-01,-7.622022030418439398e-01,-4.686151770439933029e-01,1.570801904283443573e+00,8.053399070238268908e-05,-3.681554015753229499e-05,-3.598781924707408959e-05,-5.341540387604027334e-05,-1.151388641385732870e-04,-2.617954156658912623e-01,-2.836026004197213624e+00
-4.307048555136883672e-01,6.883426274767895370e-01,2.329021066360411341e-01,1.895379181914872702e-01,-7.622022030418439398e-01,-4.686151770439933029e-01,1.570801904283443573e+00,8.053399070238268908e-05,-3.681554015753229499e-05,-3.598781924707408959e-05,-5.341540387604027334e-05,-1.151388641385732870e-04,-2.617954156658912623e-01,-2.836026004197213624e+00
-4.307048555136883672e-01,6.883609254585665305e-01,2.329240206468273511e-01,1.895379181914872702e-01,-7.622200081764693991e-01,-4.686151770439933029e-01,1.570801904283443573e+00,8.053399070238268908e-05,-3.681554015753229499e-05,-3.598781924707408959e-05,-5.341540387604027334e-05,-1.151388641385732870e-04,-2.617954156658912623e-01,-2.836026004197213624e+00
-4.306918440685940097e-01,6.883792234403435240e-01,2.329568916630066766e-01,1.895379181914872702e-01,-7.622378133110947473e-01,-4.686535566653728391e-01,1.570801904283443573e+00,8.053399070238268908e-05,-3.681554015753229499e-05,-3.598781924707408959e-05,-5.341540387604027334e-05,-1.151388641385732870e-04,-2.617954156658912623e-01,-2.836026004197213624e+00
-4.306788326234996522e-01,6.884158194038973999e-01,2.330116766899722747e-01,1.895549813818178109e-01,-7.622556184457199846e-01,-4.686535566653728391e-01,1.570801904283443573e+00,8.053399070238268908e-05,-3.681554015753229499e-05,-3.598781924707408959e-05,-5.341540387604027334e-05,-1.151388641385732870e-04,-2.617954156658912623e-01,-2.836026004197213624e+00
-4.306658211784052392e-01,6.884432663765628346e-01,2.330445477061516002e-01,1.895549813818178109e-01,-7.622556184457199846e-01,-4.686535566653728391e-01,1.570801904283443573e+00,8.053399070238268908e-05,-3.681554015753229499e-05,-3.598781924707408959e-05,-5.341540387604027334e-05,-1.151388641385732870e-04,-2.617954156658912623e-01,-2.836026004197213624e+00
-4.306658211784052392e-01,6.884615643583398281e-01,2.330774187223309535e-01,1.895549813818178109e-01,-7.622734235803453329e-01,-4.686535566653728391e-01,1.570801904283443573e+00,8.053399070238268908e-05,-3.681554015753229499e-05,-3.598781924707408959e-05,-5.341540387604027334e-05,-1.151388641385732870e-04,-2.617954156658912623e-01,-2.836026004197213624e+00
-4.306528097333108818e-01,6.884798623401168216e-01,2.330993327331171705e-01,1.895549813818178109e-01,-7.622912287149707922e-01,-4.686535566653728391e-01,1.570801904283443573e+00,8.053399070238268908e-05,-3.681554015753229499e-05,-3.598781924707408959e-05,-5.341540387604027334e-05,-1.151388641385732870e-04,-2.617954156658912623e-01,-2.836026004197213624e+00
-4.306397982882165243e-01,6.884981603218938151e-01,2.331322037492965238e-01,1.895549813818178109e-01,-7.622912287149707922e-01,-4.686535566653728391e-01,1.570801904283443573e+00,8.053399070238268908e-05,-3.681554015753229499e-05,-3.598781924707408959e-05,-5.341540387604027334e-05,-1.151388641385732870e-04,-2.617954156658912623e-01,-2.836026004197213624e+00
-4.306397982882165243e-01,6.885164583036706976e-01,2.331650747654758493e-01,1.895549813818178109e-01,-7.623090338495961404e-01,-4.686535566653728391e-01,1.570801904283443573e+00,8.053399070238268908e-05,-3.681554015753229499e-05,-3.598781924707408959e-05,-5.341540387604027334e-05,-1.151388641385732870e-04,-2.617954156658912623e-01,-2.836026004197213624e+00
-4.306267868431221668e-01,6.885622032581132368e-01,2.332198597924414474e-01,1.895720445721483516e-01,-7.623268389842213777e-01,-4.686919362867523753e-01,1.570801904283443573e+00,8.053399070238268908e-05,-3.681554015753229499e-05,-3.598781924707408959e-05,-5.341540387604027334e-05,-1.151388641385732870e-04,-2.617954156658912623e-01,-2.836026004197213624e+00
-4.306137753980278093e-01,6.885805012398901193e-01,2.332527308086208007e-01,1.895720445721483516e-01,-7.623446441188467260e-01,-4.686919362867523753e-01,1.570801904283443573e+00,8.053399070238268908e-05,-3.681554015753229499e-05,-3.598781924707408959e-05,-5.341540387604027334e-05,-1.151388641385732870e-04,-2.617954156658912623e-01,-2.836026004197213624e+00
-4.306007639529334519e-01,6.885987992216671127e-01,2.332746448194070177e-01,1.895720445721483516e-01,-7.623446441188467260e-01,-4.686919362867523753e-01,1.570801904283443573e+00,8.053399070238268908e-05,-3.681554015753229499e-05,-3.598781924707408959e-05,-5.341540387604027334e-05,-1.151388641385732870e-04,-2.617954156658912623e-01,-2.836026004197213624e+00
-4.306007639529334519e-01,6.886170972034439952e-01,2.333075158355863432e-01,1.895720445721483516e-01,-7.623446441188467260e-01,-4.686919362867523753e-01,1.570801904283443573e+00,8.053399070238268908e-05,-3.681554015753229499e-05,-3.598781924707408959e-05,-5.341540387604027334e-05,-1.151388641385732870e-04,-2.617954156658912623e-01,-2.836026004197213624e+00
-4.305747410627446814e-01,6.886628421578865344e-01,2.333623008625519413e-01,1.895720445721483516e-01,-7.623802543880975335e-01,-4.687303159081318560e-01,1.570801904283443573e+00,8.053399070238268908e-05,-3.681554015753229499e-05,-3.598781924707408959e-05,-5.341540387604027334e-05,-1.151388641385732870e-04,-2.617954156658912623e-01,-2.836026004197213624e+00
-4.305747410627446814e-01,6.886811401396634169e-01,2.333951718787312668e-01,1.895720445721483516e-01,-7.623980595227227708e-01,-4.687303159081318560e-01,1.570801904283443573e+00,8.053399070238268908e-05,-3.681554015753229499e-05,-3.598781924707408959e-05,-5.341540387604027334e-05,-1.151388641385732870e-04,-2.617954156658912623e-01,-2.836026004197213624e+00
-4.305617296176503239e-01,6.886994381214404104e-01,2.334170858895174838e-01,1.895891077624788368e-01,-7.623980595227227708e-01,-4.687303159081318560e-01,1.570801904283443573e+00,8.053399070238268908e-05,-3.681554015753229499e-05,-3.598781924707408959e-05,-5.341540387604027334e-05,-1.151388641385732870e-04,-2.617954156658912623e-01,-2.836026004197213624e+00
-4.305487181725559664e-01,6.887177361032172929e-01,2.334499569056968371e-01,1.895891077624788368e-01,-7.624158646573481191e-01,-4.687686955295113922e-01,1.570801904283443573e+00,8.053399070238268908e-05,-3.681554015753229499e-05,-3.598781924707408959e-05,-5.341540387604027334e-05,-1.151388641385732870e-04,-2.617954156658912623e-01,-2.836026004197213624e+00
-4.305487181725559664e-01,6.887360340849942864e-01,2.334828279218761904e-01,1.895891077624788368e-01,-7.624336697919735784e-01,-4.687686955295113922e-01,1.570801904283443573e+00,8.053399070238268908e-05,-3.681554015753229499e-05,-3.598781924707408959e-05,-5.341540387604027334e-05,-1.151388641385732870e-04,-2.617954156658912623e-01,-2.836026004197213624e+00
-4.305357067274616090e-01,6.887634810576598321e-01,2.335047419326624352e-01,1.895891077624788368e-01,-7.624336697919735784e-01,-4.687686955295113922e-01,1.570801904283443573e+00,8.053399070238268908e-05,-3.681554015753229499e-05,-3.598781924707408959e-05,-5.341540387604027334e-05,-1.151388641385732870e-04,-2.617954156658912623e-01,-2.836026004197213624e+00
-4.305226952823672515e-01,6.888000770212137081e-01,2.335595269596279777e-01,1.895891077624788368e-01,-7.624514749265988156e-01,-4.688070751508909284e-01,1.570801904283443573e+00,8.053399070238268908e-05,-3.681554015753229499e-05,-3.598781924707408959e-05,-5.341540387604027334e-05,-1.151388641385732870e-04,-2.617954156658912623e-01,-2.836026004197213624e+00
-4.305096838372729495e-01,6.888183750029905905e-01,2.335923979758073310e-01,1.895891077624788368e-01,-7.624692800612241639e-01,-4.688070751508909284e-01,1.570801904283443573e+00,8.053399070238268908e-05,-3.681554015753229499e-05,-3.598781924707408959e-05,-5.341540387604027334e-05,-1.151388641385732870e-04,-2.617954156658912623e-01,-2.836026004197213624e+00
-4.304966723921785365e-01,6.888366729847675840e-01,2.336143119865935758e-01,1.895891077624788368e-01,-7.624692800612241639e-01,-4.688070751508909284e-01,1.570801904283443573e+00,8.053399070238268908e-05,-3.681554015753229499e-05,-3.598781924707408959e-05,-5.341540387604027334e-05,-1.151388641385732870e-04,-2.617954156658912623e-01,-2.836026004197213624e+00
-4.304966723921785365e-01,6.888549709665446885e-01,2.336471830027729013e-01,1.896061709528093775e-01,-7.624870851958495122e-01,-4.688070751508909284e-01,1.570801904283443573e+00,8.053399070238268908e-05,-3.681554015753229499e-05,-3.598781924707408959e-05,-5.341540387604027334e-05,-1.151388641385732870e-04,-2.617954156658912623e-01,-2.836026004197213624e+00
-4.304836609470841791e-01,6.888732689483215710e-01,2.336690970135591183e-01,1.896061709528093775e-01,-7.624870851958495122e-01,-4.688454547722704646e-01,1.570801904283443573e+00,8.053399070238268908e-05,-3.681554015753229499e-05,-3.598781924707408959e-05,-5.341540387604027334e-05,-1.151388641385732870e-04,-2.617954156658912623e-01,-2.836026004197213624e+00
-4.304706495019898216e-01,6.888915669300985645e-01,2.337019680297384716e-01,1.896061709528093775e-01,-7.625048903304749714e-01,-4.688454547722704646e-01,1.570801904283443573e+00,8.053399070238268908e-05,-3.681554015753229499e-05,-3.598781924707408959e-05,-5.341540387604027334e-05,-1.151388641385732870e-04,-2.617954156658912623e-01,-2.836026004197213624e+00
-4.304576380568954641e-01,6.889281628936525514e-01,2.337567530567040419e-01,1.896061709528093775e-01,-7.625226954651002087e-01,-4.688838343936499453e-01,1.570801904283443573e+00,8.053399070238268908e-05,-3.681554015753229499e-05,-3.598781924707408959e-05,-5.341540387604027334e-05,-1.151388641385732870e-04,-2.617954156658912623e-01,-2.836026004197213624e+00
-4.304446266118011066e-01,6.889464608754294339e-01,2.337786670674902589e-01,1.896061709528093775e-01,-7.625226954651002087e-01,-4.688838343936499453e-01,1.570801904283443573e+00,8.053399070238268908e-05,-3.681554015753229499e-05,-3.598781924707408959e-05,-5.341540387604027334e-05,-1.151388641385732870e-04,-2.617954156658912623e-01,-2.836026004197213624e+00
-4.304316151667067492e-01,6.889647588572064274e-01,2.338005810782765037e-01,1.896061709528093775e-01,-7.625405005997255570e-01,-4.688838343936499453e-01,1.570801904283443573e+00,8.053399070238268908e-05,-3.681554015753229499e-05,-3.598781924707408959e-05,-5.341540387604027334e-05,-1.151388641385732870e-04,-2.617954156658912623e-01,-2.836026004197213624e+00
-4.304316151667067492e-01,6.889830568389833099e-01,2.338334520944558570e-01,1.896232341431399182e-01,-7.625405005997255570e-01,-4.688838343936499453e-01,1.570801904283443573e+00,8.053399070238268908e-05,-3.681554015753229499e-05,-3.598781924707408959e-05,-5.341540387604027334e-05,-1.151388641385732870e-04,-2.617954156658912623e-01,-2.836026004197213624e+00
-4.304186037216123362e-01,6.890013548207603034e-01,2.338553661052421018e-01,1.896232341431399182e-01,-7.625583057343509052e-01,-4.688838343936499453e-01,1.570801904283443573e+00,8.053399070238268908e-05,-3.681554015753229499e-05,-3.598781924707408959e-05,-5.341540387604027334e-05,-1.151388641385732870e-04,-2.617954156658912623e-01,-2.836026004197213624e+00
-4.304055922765179787e-01,6.890196528025371858e-01,2.338882371214214273e-01,1.896232341431399182e-01,-7.625583057343509052e-01,-4.689222140150295370e-01,1.570801904283443573e+00,8.053399070238268908e-05,-3.681554015753229499e-05,-3.598781924707408959e-05,-5.341540387604027334e-05,-1.151388641385732870e-04,-2.617954156658912623e-01,-2.836026004197213624e+00
-4.304055922765179787e-01,6.890379507843142903e-01,2.339101511322076443e-01,1.896232341431399182e-01,-7.625761108689763645e-01,-4.689222140150295370e-01,1.570801904283443573e+00,8.053399070238268908e-05,-3.681554015753229499e-05,-3.598781924707408959e-05,-5.341540387604027334e-05,-1.151388641385732870e-04,-2.617954156658912623e-01,-2.836026004197213624e+00
-4.303925808314236212e-01,6.890562487660912838e-01,2.339320651429938891e-01,1.896232341431399182e-01,-7.625761108689763645e-01,-4.689222140150295370e-01,1.570801904283443573e+00,8.053399070238268908e-05,-3.681554015753229499e-05,-3.598781924707408959e-05,-5.341540387604027334e-05,-1.151388641385732870e-04,-2.617954156658912623e-01,-2.836026004197213624e+00
-4.303795693863292637e-01,6.890745467478681663e-01,2.339649361591732424e-01,1.896232341431399182e-01,-7.625939160036016018e-01,-4.689605936364090177e-01,1.570801904283443573e+00,8.053399070238268908e-05,-3.681554015753229499e-05,-3.598781924707408959e-05,-5.341540387604027334e-05,-1.151388641385732870e-04,-2.617954156658912623e-01,-2.836026004197213624e+00
-4.303795693863292637e-01,6.890928447296451598e-01,2.339868501699594316e-01,1.896402973334704312e-01,-7.625939160036016018e-01,-4.689605936364090177e-01,1.570801904283443573e+00,8.053399070238268908e-05,-3.681554015753229499e-05,-3.598781924707408959e-05,-5.341540387604027334e-05,-1.151388641385732870e-04,-2.617954156658912623e-01,-2.836026004197213624e+00
-4.303665579412349063e-01,6.891111427114220422e-01,2.340197211861387849e-01,1.896402973334704312e-01,-7.626117211382269501e-01,-4.689222140150295370e-01,1.570801904283443573e+00,8.053399070238268908e-05,-3.681554015753229499e-05,-3.598781924707408959e-05,-5.341540387604027334e-05,-1.151388641385732870e-04,-2.617954156658912623e-01,-2.836026004197213624e+00
-4.303535464961405488e-01,6.891294406931991468e-01,2.340416351969250297e-01,1.896402973334704312e-01,-7.626295262728522983e-01,-4.689222140150295370e-01,1.570801904283443573e+00,8.053399070238268908e-05,-3.681554015753229499e-05,-3.598781924707408959e-05,-5.341540387604027334e-05,-1.151388641385732870e-04,-2.617954156658912623e-01,-2.836026004197213624e+00
-4.303405350510461913e-01,6.891477386749760292e-01,2.340745062131043830e-01,1.896402973334704312e-01,-7.626295262728522983e-01,-4.689605936364090177e-01,1.570801904283443573e+00,8.053399070238268908e-05,-3.681554015753229499e-05,-3.598781924707408959e-05,-5.341540387604027334e-05,-1.151388641385732870e-04,-2.617954156658912623e-01,-2.836026004197213624e+00
-4.303275236059517783e-01,6.891843346385299052e-01,2.341183342346768170e-01,1.896573605238009719e-01,-7.626473314074777576e-01,-4.689605936364090177e-01,1.570801904283443573e+00,8.053399070238268908e-05,-3.681554015753229499e-05,-3.598781924707408959e-05,-5.341540387604027334e-05,-1.151388641385732870e-04,-2.617954156658912623e-01,-2.836026004197213624e+00
-4.303145121608574208e-01,6.892026326203068987e-01,2.341512052508561703e-01,1.896573605238009719e-01,-7.626651365421029949e-01,-4.689989732577885539e-01,1.570801904283443573e+00,8.053399070238268908e-05,-3.681554015753229499e-05,-3.598781924707408959e-05,-5.341540387604027334e-05,-1.151388641385732870e-04,-2.617954156658912623e-01,-2.836026004197213624e+00
-4.303015007157630634e-01,6.892117816111954509e-01,2.341731192616424151e-01,1.896573605238009719e-01,-7.626651365421029949e-01,-4.689989732577885539e-01,1.570801904283443573e+00,8.053399070238268908e-05,-3.681554015753229499e-05,-3.598781924707408959e-05,-5.341540387604027334e-05,-1.151388641385732870e-04,-2.617954156658912623e-01,-2.836026004197213624e+00
-4.303015007157630634e-01,6.892300795929724444e-01,2.341950332724286321e-01,1.896573605238009719e-01,-7.626829416767283432e-01,-4.689989732577885539e-01,1.570801904283443573e+00,8.053399070238268908e-05,-3.681554015753229499e-05,-3.598781924707408959e-05,-5.341540387604027334e-05,-1.151388641385732870e-04,-2.617954156658912623e-01,-2.836026004197213624e+00
-4.302754778255743484e-01,6.892666755565263204e-01,2.342498182993942024e-01,1.896573605238009719e-01,-7.627007468113536914e-01,-4.690373528791680346e-01,1.570801904283443573e+00,8.053399070238268908e-05,-3.681554015753229499e-05,-3.598781924707408959e-05,-5.341540387604027334e-05,-1.151388641385732870e-04,-2.617954156658912623e-01,-2.836026004197213624e+00
-4.302754778255743484e-01,6.892849735383033138e-01,2.342717323101804194e-01,1.896744237141314848e-01,-7.627007468113536914e-01,-4.690373528791680346e-01,1.570801904283443573e+00,8.053399070238268908e-05,-3.681554015753229499e-05,-3.598781924707408959e-05,-5.341540387604027334e-05,-1.151388641385732870e-04,-2.617954156658912623e-01,-2.836026004197213624e+00
-4.302624663804799909e-01,6.893032715200803073e-01,2.343046033263597727e-01,1.896744237141314848e-01,-7.627185519459790397e-01,-4.690373528791680346e-01,1.570801904283443573e+00,8.053399070238268908e-05,-3.681554015753229499e-05,-3.598781924707408959e-05,-5.341540387604027334e-05,-1.151388641385732870e-04,-2.617954156658912623e-01,-2.836026004197213624e+00
-4.302364434902912205e-01,6.893398674836341833e-01,2.343484313479322068e-01,1.896744237141314848e-01,-7.627363570806043880e-01,-4.690757325005476264e-01,1.570801904283443573e+00,8.053399070238268908e-05,-3.681554015753229499e-05,-3.598781924707408959e-05,-5.341540387604027334e-05,-1.151388641385732870e-04,-2.617954156658912623e-01,-2.836026004197213624e+00
-4.302364434902912205e-01,6.893581654654111768e-01,2.343703453587184515e-01,1.896744237141314848e-01,-7.627363570806043880e-01,-4.690757325005476264e-01,1.570801904283443573e+00,8.053399070238268908e-05,-3.681554015753229499e-05,-3.598781924707408959e-05,-5.341540387604027334e-05,-1.151388641385732870e-04,-2.617954156658912623e-01,-2.836026004197213624e+00
-4.302234320451968630e-01,6.893764634471880592e-01,2.344032163748978048e-01,1.896744237141314848e-01,-7.627541622152297363e-01,-4.690757325005476264e-01,1.570801904283443573e+00,8.053399070238268908e-05,-3.681554015753229499e-05,-3.598781924707408959e-05,-5.341540387604027334e-05,-1.151388641385732870e-04,-2.617954156658912623e-01,-2.836026004197213624e+00
-4.302104206001025055e-01,6.893947614289651638e-01,2.344251303856840496e-01,1.896914869044620255e-01,-7.627541622152297363e-01,-4.690757325005476264e-01,1.570801904283443573e+00,8.053399070238268908e-05,-3.681554015753229499e-05,-3.598781924707408959e-05,-5.341540387604027334e-05,-1.151388641385732870e-04,-2.617954156658912623e-01,-2.836026004197213624e+00
-4.302104206001025055e-01,6.894130594107420462e-01,2.344470443964702666e-01,1.896914869044620255e-01,-7.627719673498550845e-01,-4.691141121219271071e-01,1.570801904283443573e+00,8.053399070238268908e-05,-3.681554015753229499e-05,-3.598781924707408959e-05,-5.341540387604027334e-05,-1.151388641385732870e-04,-2.617954156658912623e-01,-2.836026004197213624e+00
-4.301974091550081480e-01,6.894222084016305985e-01,2.344689584072564836e-01,1.896914869044620255e-01,-7.627719673498550845e-01,-4.691141121219271071e-01,1.570801904283443573e+00,8.053399070238268908e-05,-3.681554015753229499e-05,-3.598781924707408959e-05,-5.341540387604027334e-05,-1.151388641385732870e-04,-2.617954156658912623e-01,-2.836026004197213624e+00
-4.301843977099137906e-01,6.894405063834074809e-01,2.345018294234358369e-01,1.896914869044620255e-01,-7.627719673498550845e-01,-4.691141121219271071e-01,1.570801904283443573e+00,8.053399070238268908e-05,-3.681554015753229499e-05,-3.598781924707408959e-05,-5.341540387604027334e-05,-1.151388641385732870e-04,-2.617954156658912623e-01,-2.836026004197213624e+00
-4.301843977099137906e-01,6.894588043651844744e-01,2.345237434342220539e-01,1.896914869044620255e-01,-7.627897724844804328e-01,-4.691141121219271071e-01,1.570801904283443573e+00,8.053399070238268908e-05,-3.681554015753229499e-05,-3.598781924707408959e-05,-5.341540387604027334e-05,-1.151388641385732870e-04,-2.617954156658912623e-01,-2.836026004197213624e+00
-4.301583748197250201e-01,6.894954003287384614e-01,2.345675714557945435e-01,1.897085500947925663e-01,-7.628075776191057811e-01,-4.691524917433066433e-01,1.570801904283443573e+00,8.053399070238268908e-05,-3.681554015753229499e-05,-3.598781924707408959e-05,-5.341540387604027334e-05,-1.151388641385732870e-04,-2.617954156658912623e-01,-2.836026004197213624e+00
-4.301453633746306626e-01,6.895136983105153439e-01,2.346004424719738690e-01,1.897085500947925663e-01,-7.628075776191057811e-01,-4.691524917433066433e-01,1.570801904283443573e+00,8.053399070238268908e-05,-3.681554015753229499e-05,-3.598781924707408959e-05,-5.341540387604027334e-05,-1.151388641385732870e-04,-2.617954156658912623e-01,-2.836026004197213624e+00
-4.301453633746306626e-01,6.895319962922923374e-01,2.346223564827600860e-01,1.897085500947925663e-01,-7.628253827537311293e-01,-4.691908713646861795e-01,1.570801904283443573e+00,8.053399070238268908e-05,-3.681554015753229499e-05,-3.598781924707408959e-05,-5.341540387604027334e-05,-1.151388641385732870e-04,-2.617954156658912623e-01,-2.836026004197213624e+00
-4.301323519295363051e-01,6.895502942740693308e-01,2.346442704935463308e-01,1.897085500947925663e-01,-7.628253827537311293e-01,-4.691908713646861795e-01,1.570801904283443573e+00,8.053399070238268908e-05,-3.681554015753229499e-05,-3.598781924707408959e-05,-5.341540387604027334e-05,-1.151388641385732870e-04,-2.617954156658912623e-01,-2.836026004197213624e+00
-4.301193404844419477e-01,6.895685922558462133e-01,2.346771415097256841e-01,1.897085500947925663e-01,-7.628431878883564776e-01,-4.691908713646861795e-01,1.570801904283443573e+00,8.053399070238268908e-05,-3.681554015753229499e-05,-3.598781924707408959e-05,-5.341540387604027334e-05,-1.151388641385732870e-04,-2.617954156658912623e-01,-2.836026004197213624e+00
-4.301193404844419477e-01,6.895868902376233178e-01,2.346990555205118734e-01,1.897085500947925663e-01,-7.628431878883564776e-01,-4.692292509860657157e-01,1.570801904283443573e+00,8.053399070238268908e-05,-3.681554015753229499e-05,-3.598781924707408959e-05,-5.341540387604027334e-05,-1.151388641385732870e-04,-2.617954156658912623e-01,-2.836026004197213624e+00
-4.300933175942531772e-01,6.896143372102886415e-01,2.347538405474774714e-01,1.897256132851230515e-01,-7.628609930229818259e-01,-4.692292509860657157e-01,1.570801904283443573e+00,8.053399070238268908e-05,-3.681554015753229499e-05,-3.598781924707408959e-05,-5.341540387604027334e-05,-1.151388641385732870e-04,-2.617954156658912623e-01,-2.836026004197213624e+00
-4.300933175942531772e-01,6.896326351920656350e-01,2.347757545582637162e-01,1.897256132851230515e-01,-7.628787981576071742e-01,-4.692676306074451964e-01,1.570801904283443573e+00,8.053399070238268908e-05,-3.681554015753229499e-05,-3.598781924707408959e-05,-5.341540387604027334e-05,-1.151388641385732870e-04,-2.617954156658912623e-01,-2.836026004197213624e+00
-4.300803061491588197e-01,6.896509331738426285e-01,2.347976685690499332e-01,1.897256132851230515e-01,-7.628966032922325224e-01,-4.692676306074451964e-01,1.570801904283443573e+00,8.053399070238268908e-05,-3.681554015753229499e-05,-3.598781924707408959e-05,-5.341540387604027334e-05,-1.151388641385732870e-04,-2.617954156658912623e-01,-2.836026004197213624e+00
-4.300672947040644623e-01,6.896692311556196220e-01,2.348305395852292587e-01,1.897256132851230515e-01,-7.628966032922325224e-01,-4.692676306074451964e-01,1.570801904283443573e+00,8.053399070238268908e-05,-3.681554015753229499e-05,-3.598781924707408959e-05,-5.341540387604027334e-05,-1.151388641385732870e-04,-2.617954156658912623e-01,-2.836026004197213624e+00
-4.300672947040644623e-01,6.896875291373966155e-01,2.348524535960155035e-01,1.897256132851230515e-01,-7.628966032922325224e-01,-4.692676306074451964e-01,1.570801904283443573e+00,8.053399070238268908e-05,-3.681554015753229499e-05,-3.598781924707408959e-05,-5.341540387604027334e-05,-1.151388641385732870e-04,-2.617954156658912623e-01,-2.836026004197213624e+00
-4.300542832589701048e-01,6.897058271191734979e-01,2.348853246121948568e-01,1.897426764754535922e-01,-7.629144084268577597e-01,-4.693060102288247881e-01,1.570801904283443573e+00,8.053399070238268908e-05,-3.681554015753229499e-05,-3.598781924707408959e-05,-5.341540387604027334e-05,-1.151388641385732870e-04,-2.617954156658912623e-01,-2.836026004197213624e+00
-4.300412718138757473e-01,6.897241251009504914e-01,2.349072386229810738e-01,1.897426764754535922e-01,-7.629322135614832190e-01,-4.693060102288247881e-01,1.570801904283443573e+00,8.053399070238268908e-05,-3.681554015753229499e-05,-3.598781924707408959e-05,-5.341540387604027334e-05,-1.151388641385732870e-04,-2.617954156658912623e-01,-2.836026004197213624e+00
-4.300412718138757473e-01,6.897424230827273739e-01,2.349291526337672908e-01,1.897426764754535922e-01,-7.629322135614832190e-01,-4.693060102288247881e-01,1.570801904283443573e+00,8.053399070238268908e-05,-3.681554015753229499e-05,-3.598781924707408959e-05,-5.341540387604027334e-05,-1.151388641385732870e-04,-2.617954156658912623e-01,-2.836026004197213624e+00
-4.300152489236870323e-01,6.897698700553929196e-01,2.349839376607328612e-01,1.897426764754535922e-01,-7.629500186961085673e-01,-4.693060102288247881e-01,1.570801904283443573e+00,8.053399070238268908e-05,-3.681554015753229499e-05,-3.598781924707408959e-05,-5.341540387604027334e-05,-1.151388641385732870e-04,-2.617954156658912623e-01,-2.836026004197213624e+00
-4.300152489236870323e-01,6.897881680371699131e-01,2.350058516715191059e-01,1.897426764754535922e-01,-7.629500186961085673e-01,-4.693060102288247881e-01,1.570801904283443573e+00,8.053399070238268908e-05,-3.681554015753229499e-05,-3.598781924707408959e-05,-5.341540387604027334e-05,-1.151388641385732870e-04,-2.617954156658912623e-01,-2.836026004197213624e+00
-4.300022374785926194e-01,6.898064660189467956e-01,2.350387226876984315e-01,1.897597396657841051e-01,-7.629678238307339155e-01,-4.693060102288247881e-01,1.570801904283443573e+00,8.053399070238268908e-05,-3.681554015753229499e-05,-3.598781924707408959e-05,-5.341540387604027334e-05,-1.151388641385732870e-04,-2.617954156658912623e-01,-2.836026004197213624e+00
-4.299892260334982619e-01,6.898247640007237891e-01,2.350606366984846485e-01,1.897597396657841051e-01,-7.629856289653591528e-01,-4.693443898502042688e-01,1.570801904283443573e+00,8.053399070238268908e-05,-3.681554015753229499e-05,-3.598781924707408959e-05,-5.341540387604027334e-05,-1.151388641385732870e-04,-2.617954156658912623e-01,-2.836026004197213624e+00
-4.299892260334982619e-01,6.898430619825006715e-01,2.350825507092708933e-01,1.897597396657841051e-01,-7.629856289653591528e-01,-4.693443898502042688e-01,1.570801904283443573e+00,8.053399070238268908e-05,-3.681554015753229499e-05,-3.598781924707408959e-05,-5.341540387604027334e-05,-1.151388641385732870e-04,-2.617954156658912623e-01,-2.836026004197213624e+00
-4.299632031433095469e-01,6.898796579460546585e-01,2.351373357362364913e-01,1.897597396657841051e-01,-7.630034340999846121e-01,-4.693443898502042688e-01,1.570801904283443573e+00,8.053399070238268908e-05,-3.681554015753229499e-05,-3.598781924707408959e-05,-5.341540387604027334e-05,-1.151388641385732870e-04,-2.617954156658912623e-01,-2.836026004197213624e+00
-4.299632031433095469e-01,6.898979559278316520e-01,2.351592497470226806e-01,1.897597396657841051e-01,-7.630034340999846121e-01,-4.693827694715838050e-01,1.570801904283443573e+00,8.053399070238268908e-05,-3.681554015753229499e-05,-3.598781924707408959e-05,-5.341540387604027334e-05,-1.151388641385732870e-04,-2.617954156658912623e-01,-2.836026004197213624e+00
-4.299501916982151895e-01,6.899162539096086455e-01,2.351811637578089254e-01,1.897768028561146458e-01,-7.630212392346099604e-01,-4.693827694715838050e-01,1.570801904283443573e+00,8.053399070238268908e-05,-3.681554015753229499e-05,-3.598781924707408959e-05,-5.341540387604027334e-05,-1.151388641385732870e-04,-2.617954156658912623e-01,-2.836026004197213624e+00
-4.299371802531208320e-01,6.899345518913855280e-01,2.352140347739882786e-01,1.897768028561146458e-01,-7.630390443692353086e-01,-4.693827694715838050e-01,1.570801904283443573e+00,8.053399070238268908e-05,-3.681554015753229499e-05,-3.598781924707408959e-05,-5.341540387604027334e-05,-1.151388641385732870e-04,-2.617954156658912623e-01,-2.836026004197213624e+00
-4.299371802531208320e-01,6.899528498731626325e-01,2.352359487847744957e-01,1.897768028561146458e-01,-7.630390443692353086e-01,-4.693827694715838050e-01,1.570801904283443573e+00,8.053399070238268908e-05,-3.681554015753229499e-05,-3.598781924707408959e-05,-5.341540387604027334e-05,-1.151388641385732870e-04,-2.617954156658912623e-01,-2.836026004197213624e+00
-4.299111573629320615e-01,6.899802968458280672e-01,2.352907338117400660e-01,1.897768028561146458e-01,-7.630568495038605459e-01,-4.694211490929632857e-01,1.570801904283443573e+00,8.053399070238268908e-05,-3.681554015753229499e-05,-3.598781924707408959e-05,-5.341540387604027334e-05,-1.151388641385732870e-04,-2.617954156658912623e-01,-2.836026004197213624e+00
-4.299111573629320615e-01,6.899985948276049497e-01,2.353126478225263107e-01,1.897938660464451865e-01,-7.630746546384860052e-01,-4.694211490929632857e-01,1.570801904283443573e+00,8.053399070238268908e-05,-3.681554015753229499e-05,-3.598781924707408959e-05,-5.341540387604027334e-05,-1.151388641385732870e-04,-2.617954156658912623e-01,-2.836026004197213624e+00
-4.298981459178377040e-01,6.900168928093819432e-01,2.353345618333125278e-01,1.897938660464451865e-01,-7.630746546384860052e-01,-4.694595287143428775e-01,1.570801904283443573e+00,8.053399070238268908e-05,-3.681554015753229499e-05,-3.598781924707408959e-05,-5.341540387604027334e-05,-1.151388641385732870e-04,-2.617954156658912623e-01,-2.836026004197213624e+00
-4.298851344727433466e-01,6.900534887729359301e-01,2.353893468602781258e-01,1.897938660464451865e-01,-7.630924597731113534e-01,-4.694595287143428775e-01,1.570801904283443573e+00,8.053399070238268908e-05,-3.681554015753229499e-05,-3.598781924707408959e-05,-5.341540387604027334e-05,-1.151388641385732870e-04,-2.617954156658912623e-01,-2.836026004197213624e+00
-4.298721230276489891e-01,6.900717867547128126e-01,2.354112608710643151e-01,1.897938660464451865e-01,-7.631102649077367017e-01,-4.694979083357223582e-01,1.570801904283443573e+00,8.053399070238268908e-05,-3.681554015753229499e-05,-3.598781924707408959e-05,-5.341540387604027334e-05,-1.151388641385732870e-04,-2.617954156658912623e-01,-2.836026004197213624e+00
-4.298591115825546316e-01,6.900900847364898061e-01,2.354331748818505599e-01,1.897938660464451865e-01,-7.631280700423619390e-01,-4.694979083357223582e-01,1.570801904283443573e+00,8.053399070238268908e-05,-3.681554015753229499e-05,-3.598781924707408959e-05,-5.341540387604027334e-05,-1.151388641385732870e-04,-2.617954156658912623e-01,-2.836026004197213624e+00
-4.298461001374602186e-01,6.901266807000436820e-01,2.354879599088161579e-01,1.898109292367756995e-01,-7.631458751769873983e-01,-4.695362879571018944e-01,1.570801904283443573e+00,8.053399070238268908e-05,-3.681554015753229499e-05,-3.598781924707408959e-05,-5.341540387604027334e-05,-1.151388641385732870e-04,-2.617954156658912623e-01,-2.836026004197213624e+00
-4.298330886923658611e-01,6.901449786818206755e-01,2.355098739196023472e-01,1.898109292367756995e-01,-7.631458751769873983e-01,-4.695362879571018944e-01,1.570801904283443573e+00,8.053399070238268908e-05,-3.681554015753229499e-05,-3.598781924707408959e-05,-5.341540387604027334e-05,-1.151388641385732870e-04,-2.617954156658912623e-01,-2.836026004197213624e+00
-4.298200772472715037e-01,6.901541276727092278e-01,2.355427449357817005e-01,1.898109292367756995e-01,-7.631636803116127465e-01,-4.695362879571018944e-01,1.570801904283443573e+00,8.053399070238268908e-05,-3.681554015753229499e-05,-3.598781924707408959e-05,-5.341540387604027334e-05,-1.151388641385732870e-04,-2.617954156658912623e-01,-2.836026004197213624e+00
-4.298070658021771462e-01,6.901724256544861102e-01,2.355646589465679452e-01,1.898109292367756995e-01,-7.631636803116127465e-01,-4.695362879571018944e-01,1.570801904283443573e+00,8.053399070238268908e-05,-3.681554015753229499e-05,-3.598781924707408959e-05,-5.341540387604027334e-05,-1.151388641385732870e-04,-2.617954156658912623e-01,-2.836026004197213624e+00
-4.298070658021771462e-01,6.901907236362631037e-01,2.355975299627472985e-01,1.898109292367756995e-01,-7.631814854462379838e-01,-4.695746675784814306e-01,1.570801904283443573e+00,8.053399070238268908e-05,-3.681554015753229499e-05,-3.598781924707408959e-05,-5.341540387604027334e-05,-1.151388641385732870e-04,-2.617954156658912623e-01,-2.836026004197213624e+00
-4.297810429119884312e-01,6.902273195998170907e-01,2.356413579843197326e-01,1.898279924271062402e-01,-7.631992905808633321e-01,-4.695746675784814306e-01,1.570801904283443573e+00,8.053399070238268908e-05,-3.681554015753229499e-05,-3.598781924707408959e-05,-5.341540387604027334e-05,-1.151388641385732870e-04,-2.617954156658912623e-01,-2.836026004197213624e+00
-4.297550200217996608e-01,6.902639155633709667e-01,2.356961430112853029e-01,1.898279924271062402e-01,-7.632170957154887914e-01,-4.696130471998609668e-01,1.570801904283443573e+00,8.053399070238268908e-05,-3.681554015753229499e-05,-3.598781924707408959e-05,-5.341540387604027334e-05,-1.151388641385732870e-04,-2.617954156658912623e-01,-2.836026004197213624e+00
-4.297550200217996608e-01,6.902822135451479602e-01,2.357180570220715476e-01,1.898279924271062402e-01,-7.632349008501141396e-01,-4.696130471998609668e-01,1.570801904283443573e+00,8.053399070238268908e-05,-3.681554015753229499e-05,-3.598781924707408959e-05,-5.341540387604027334e-05,-1.151388641385732870e-04,-2.617954156658912623e-01,-2.836026004197213624e+00
-4.297420085767053033e-01,6.902913625360364014e-01,2.357509280382508732e-01,1.898279924271062402e-01,-7.632349008501141396e-01,-4.696130471998609668e-01,1.570801904283443573e+00,8.053399070238268908e-05,-3.681554015753229499e-05,-3.598781924707408959e-05,-5.341540387604027334e-05,-1.151388641385732870e-04,-2.617954156658912623e-01,-2.836026004197213624e+00
-4.297159856865165883e-01,6.903279584995903884e-01,2.357947560598233350e-01,1.898450556174367254e-01,-7.632527059847393769e-01,-4.696514268212404475e-01,1.570801904283443573e+00,8.053399070238268908e-05,-3.681554015753229499e-05,-3.598781924707408959e-05,-5.341540387604027334e-05,-1.151388641385732870e-04,-2.617954156658912623e-01,-2.836026004197213624e+00
-4.297029742414222309e-01,6.903645544631442643e-01,2.358495410867889330e-01,1.898450556174367254e-01,-7.632705111193647252e-01,-4.696514268212404475e-01,1.570801904283443573e+00,8.053399070238268908e-05,-3.681554015753229499e-05,-3.598781924707408959e-05,-5.341540387604027334e-05,-1.151388641385732870e-04,-2.617954156658912623e-01,-2.836026004197213624e+00
-4.296899627963278734e-01,6.903828524449212578e-01,2.358714550975751223e-01,1.898450556174367254e-01,-7.632883162539901845e-01,-4.696514268212404475e-01,1.570801904283443573e+00,8.053399070238268908e-05,-3.681554015753229499e-05,-3.598781924707408959e-05,-5.341540387604027334e-05,-1.151388641385732870e-04,-2.617954156658912623e-01,-2.836026004197213624e+00
-4.296769513512334604e-01,6.904011504266981403e-01,2.358933691083613671e-01,1.898621188077672661e-01,-7.632883162539901845e-01,-4.696514268212404475e-01,1.570801904283443573e+00,8.053399070238268908e-05,-3.681554015753229499e-05,-3.598781924707408959e-05,-5.341540387604027334e-05,-1.151388641385732870e-04,-2.617954156658912623e-01,-2.836026004197213624e+00
-4.296639399061391029e-01,6.904102994175865815e-01,2.359262401245407204e-01,1.898621188077672661e-01,-7.633061213886155327e-01,-4.696514268212404475e-01,1.570801904283443573e+00,8.053399070238268908e-05,-3.681554015753229499e-05,-3.598781924707408959e-05,-5.341540387604027334e-05,-1.151388641385732870e-04,-2.617954156658912623e-01,-2.836026004197213624e+00
-4.296509284610447454e-01,6.904468953811406795e-01,2.359700681461131822e-01,1.898621188077672661e-01,-7.633239265232407700e-01,-4.696898064426199837e-01,1.570801904283443573e+00,8.053399070238268908e-05,-3.681554015753229499e-05,-3.598781924707408959e-05,-5.341540387604027334e-05,-1.151388641385732870e-04,-2.617954156658912623e-01,-2.836026004197213624e+00
-4.296379170159503880e-01,6.904651933629175620e-01,2.359919821568993992e-01,1.898621188077672661e-01,-7.633239265232407700e-01,-4.696898064426199837e-01,1.570801904283443573e+00,8.053399070238268908e-05,-3.681554015753229499e-05,-3.598781924707408959e-05,-5.341540387604027334e-05,-1.151388641385732870e-04,-2.617954156658912623e-01,-2.836026004197213624e+00
-4.296249055708560305e-01,6.905017893264715489e-01,2.360358101784718610e-01,1.898621188077672661e-01,-7.633417316578662293e-01,-4.697281860639995199e-01,1.570801904283443573e+00,8.053399070238268908e-05,-3.681554015753229499e-05,-3.598781924707408959e-05,-5.341540387604027334e-05,-1.151388641385732870e-04,-2.617954156658912623e-01,-2.836026004197213624e+00
-4.296118941257616730e-01,6.905109383173601012e-01,2.360686811946512143e-01,1.898791819980978068e-01,-7.633595367924915776e-01,-4.697281860639995199e-01,1.570801904283443573e+00,8.053399070238268908e-05,-3.681554015753229499e-05,-3.598781924707408959e-05,-5.341540387604027334e-05,-1.151388641385732870e-04,-2.617954156658912623e-01,-2.836026004197213624e+00
-4.295988826806672600e-01,6.905292362991369837e-01,2.360905952054374590e-01,1.898791819980978068e-01,-7.633595367924915776e-01,-4.697281860639995199e-01,1.570801904283443573e+00,8.053399070238268908e-05,-3.681554015753229499e-05,-3.598781924707408959e-05,-5.341540387604027334e-05,-1.151388641385732870e-04,-2.617954156658912623e-01,-2.836026004197213624e+00
-4.295858712355729025e-01,6.905475342809139772e-01,2.361125092162236483e-01,1.898791819980978068e-01,-7.633773419271169258e-01,-4.697665656853790561e-01,1.570801904283443573e+00,8.053399070238268908e-05,-3.681554015753229499e-05,-3.598781924707408959e-05,-5.341540387604027334e-05,-1.151388641385732870e-04,-2.617954156658912623e-01,-2.836026004197213624e+00
-4.295728597904785451e-01,6.905841302444678531e-01,2.361563372377961101e-01,1.898791819980978068e-01,-7.633951470617421631e-01,-4.697665656853790561e-01,1.570801904283443573e+00,8.053399070238268908e-05,-3.681554015753229499e-05,-3.598781924707408959e-05,-5.341540387604027334e-05,-1.151388641385732870e-04,-2.617954156658912623e-01,-2.836026004197213624e+00
-4.295598483453841876e-01,6.905932792353564054e-01,2.361782512485823549e-01,1.898962451884283198e-01,-7.633951470617421631e-01,-4.698049453067585368e-01,1.570801904283443573e+00,8.053399070238268908e-05,-3.681554015753229499e-05,-3.598781924707408959e-05,-5.341540387604027334e-05,-1.151388641385732870e-04,-2.617954156658912623e-01,-2.836026004197213624e+00
-4.295598483453841876e-01,6.906115772171333989e-01,2.362001652593685996e-01,1.898962451884283198e-01,-7.634129521963676224e-01,-4.698049453067585368e-01,1.570801904283443573e+00,8.053399070238268908e-05,-3.681554015753229499e-05,-3.598781924707408959e-05,-5.341540387604027334e-05,-1.151388641385732870e-04,-2.617954156658912623e-01,-2.836026004197213624e+00
-4.295468369002898301e-01,6.906298751989102813e-01,2.362220792701547889e-01,1.898962451884283198e-01,-7.634307573309929706e-01,-4.698049453067585368e-01,1.570801904283443573e+00,8.053399070238268908e-05,-3.681554015753229499e-05,-3.598781924707408959e-05,-5.341540387604027334e-05,-1.151388641385732870e-04,-2.617954156658912623e-01,-2.836026004197213624e+00
-4.295338254551954726e-01,6.906390241897987226e-01,2.362439932809410337e-01,1.898962451884283198e-01,-7.634307573309929706e-01,-4.698433249281381285e-01,1.570801904283443573e+00,8.053399070238268908e-05,-3.681554015753229499e-05,-3.598781924707408959e-05,-5.341540387604027334e-05,-1.151388641385732870e-04,-2.617954156658912623e-01,-2.836026004197213624e+00
-4.295208140101011152e-01,6.906573221715757160e-01,2.362659072917272507e-01,1.898962451884283198e-01,-7.634307573309929706e-01,-4.698433249281381285e-01,1.570801904283443573e+00,8.053399070238268908e-05,-3.681554015753229499e-05,-3.598781924707408959e-05,-5.341540387604027334e-05,-1.151388641385732870e-04,-2.617954156658912623e-01,-2.836026004197213624e+00
-4.295208140101011152e-01,6.906756201533527095e-01,2.362987783079066040e-01,1.899133083787588605e-01,-7.634485624656182079e-01,-4.698433249281381285e-01,1.570801904283443573e+00,8.053399070238268908e-05,-3.681554015753229499e-05,-3.598781924707408959e-05,-5.341540387604027334e-05,-1.151388641385732870e-04,-2.617954156658912623e-01,-2.836026004197213624e+00
-4.295078025650067022e-01,6.906847691442412618e-01,2.363206923186928488e-01,1.899133083787588605e-01,-7.634663676002435562e-01,-4.698433249281381285e-01,1.570801904283443573e+00,8.053399070238268908e-05,-3.681554015753229499e-05,-3.598781924707408959e-05,-5.341540387604027334e-05,-1.151388641385732870e-04,-2.617954156658912623e-01,-2.836026004197213624e+00
-4.294947911199123447e-01,6.907213651077951377e-01,2.363645203402652828e-01,1.899133083787588605e-01,-7.634663676002435562e-01,-4.698817045495176092e-01,1.570801904283443573e+00,8.053399070238268908e-05,-3.681554015753229499e-05,-3.598781924707408959e-05,-5.341540387604027334e-05,-1.151388641385732870e-04,-2.617954156658912623e-01,-2.836026004197213624e+00
-4.294817796748179872e-01,6.907305140986835790e-01,2.363864343510515276e-01,1.899133083787588605e-01,-7.634841727348690155e-01,-4.698817045495176092e-01,1.570801904283443573e+00,8.053399070238268908e-05,-3.681554015753229499e-05,-3.598781924707408959e-05,-5.341540387604027334e-05,-1.151388641385732870e-04,-2.617954156658912623e-01,-2.836026004197213624e+00
-4.294687682297236297e-01,6.907488120804605725e-01,2.364083483618377446e-01,1.899303715690894012e-01,-7.635019778694943637e-01,-4.699200841708971454e-01,1.570801904283443573e+00,8.053399070238268908e-05,-3.681554015753229499e-05,-3.598781924707408959e-05,-5.341540387604027334e-05,-1.151388641385732870e-04,-2.617954156658912623e-01,-2.836026004197213624e+00
-4.294687682297236297e-01,6.907671100622374549e-01,2.364302623726239894e-01,1.899303715690894012e-01,-7.635019778694943637e-01,-4.699200841708971454e-01,1.570801904283443573e+00,8.053399070238268908e-05,-3.681554015753229499e-05,-3.598781924707408959e-05,-5.341540387604027334e-05,-1.151388641385732870e-04,-2.617954156658912623e-01,-2.836026004197213624e+00
-4.294557567846292723e-01,6.907762590531261182e-01,2.364521763834102064e-01,1.899303715690894012e-01,-7.635197830041196010e-01,-4.699200841708971454e-01,1.570801904283443573e+00,8.053399070238268908e-05,-3.681554015753229499e-05,-3.598781924707408959e-05,-5.341540387604027334e-05,-1.151388641385732870e-04,-2.617954156658912623e-01,-2.836026004197213624e+00
-4.294427453395349148e-01,6.907945570349030007e-01,2.364740903941964234e-01,1.899303715690894012e-01,-7.635197830041196010e-01,-4.699200841708971454e-01,1.570801904283443573e+00,8.053399070238268908e-05,-3.681554015753229499e-05,-3.598781924707408959e-05,-5.341540387604027334e-05,-1.151388641385732870e-04,-2.617954156658912623e-01,-2.836026004197213624e+00
-4.294297338944405018e-01,6.908037060257914419e-01,2.364960044049826682e-01,1.899303715690894012e-01,-7.635375881387449493e-01,-4.699584637922766261e-01,1.570801904283443573e+00,8.053399070238268908e-05,-3.681554015753229499e-05,-3.598781924707408959e-05,-5.341540387604027334e-05,-1.151388641385732870e-04,-2.617954156658912623e-01,-2.836026004197213624e+00
-4.294167224493461998e-01,6.908311529984568766e-01,2.365288754211620215e-01,1.899474347594199142e-01,-7.635553932733704086e-01,-4.699584637922766261e-01,1.570801904283443573e+00,8.053399070238268908e-05,-3.681554015753229499e-05,-3.598781924707408959e-05,-5.341540387604027334e-05,-1.151388641385732870e-04,-2.617954156658912623e-01,-2.836026004197213624e+00
-4.294037110042518424e-01,6.908494509802338701e-01,2.365507894319482385e-01,1.899474347594199142e-01,-7.635553932733704086e-01,-4.699968434136562179e-01,1.570801904283443573e+00,8.053399070238268908e-05,-3.681554015753229499e-05,-3.598781924707408959e-05,-5.341540387604027334e-05,-1.151388641385732870e-04,-2.617954156658912623e-01,-2.836026004197213624e+00
-4.293906995591574849e-01,6.908677489620107526e-01,2.365727034427344555e-01,1.899474347594199142e-01,-7.635731984079957568e-01,-4.699968434136562179e-01,1.570801904283443573e+00,8.053399070238268908e-05,-3.681554015753229499e-05,-3.598781924707408959e-05,-5.341540387604027334e-05,-1.151388641385732870e-04,-2.617954156658912623e-01,-2.836026004197213624e+00
-4.293776881140631274e-01,6.908951959346762983e-01,2.366165314643069173e-01,1.899644979497504549e-01,-7.635910035426209941e-01,-4.700352230350356986e-01,1.570801904283443573e+00,8.053399070238268908e-05,-3.681554015753229499e-05,-3.598781924707408959e-05,-5.341540387604027334e-05,-1.151388641385732870e-04,-2.617954156658912623e-01,-2.836026004197213624e+00
-4.293646766689687699e-01,6.909043449255647396e-01,2.366384454750931621e-01,1.899644979497504549e-01,-7.635910035426209941e-01,-4.700352230350356986e-01,1.570801904283443573e+00,8.053399070238268908e-05,-3.681554015753229499e-05,-3.598781924707408959e-05,-5.341540387604027334e-05,-1.151388641385732870e-04,-2.617954156658912623e-01,-2.836026004197213624e+00
-4.293516652238744125e-01,6.909226429073417330e-01,2.366603594858794068e-01,1.899644979497504549e-01,-7.636088086772463424e-01,-4.699968434136562179e-01,1.570801904283443573e+00,8.053399070238268908e-05,-3.681554015753229499e-05,-3.598781924707408959e-05,-5.341540387604027334e-05,-1.151388641385732870e-04,-2.617954156658912623e-01,-2.836026004197213624e+00
-4.293516652238744125e-01,6.909317918982301743e-01,2.366713164912725154e-01,1.899644979497504549e-01,-7.636266138118718017e-01,-4.700352230350356986e-01,1.570801904283443573e+00,8.053399070238268908e-05,-3.681554015753229499e-05,-3.598781924707408959e-05,-5.341540387604027334e-05,-1.151388641385732870e-04,-2.617954156658912623e-01,-2.836026004197213624e+00
-4.293386537787799995e-01,6.909500898800071678e-01,2.366932305020587046e-01,1.899644979497504549e-01,-7.636266138118718017e-01,-4.700352230350356986e-01,1.570801904283443573e+00,8.053399070238268908e-05,-3.681554015753229499e-05,-3.598781924707408959e-05,-5.341540387604027334e-05,-1.151388641385732870e-04,-2.617954156658912623e-01,-2.836026004197213624e+00
-4.293256423336856420e-01,6.909592388708956090e-01,2.367151445128449494e-01,1.899815611400809401e-01,-7.636444189464971499e-01,-4.700736026564151793e-01,1.570801904283443573e+00,8.053399070238268908e-05,-3.681554015753229499e-05,-3.598781924707408959e-05,-5.341540387604027334e-05,-1.151388641385732870e-04,-2.617954156658912623e-01,-2.836026004197213624e+00
-4.293126308885912845e-01,6.909775368526727135e-01,2.367370585236311942e-01,1.899815611400809401e-01,-7.636444189464971499e-01,-4.700736026564151793e-01,1.570801904283443573e+00,8.053399070238268908e-05,-3.681554015753229499e-05,-3.598781924707408959e-05,-5.341540387604027334e-05,-1.151388641385732870e-04,-2.617954156658912623e-01,-2.836026004197213624e+00
-4.293126308885912845e-01,6.909866858435611547e-01,2.367589725344174112e-01,1.899815611400809401e-01,-7.636622240811223872e-01,-4.700736026564151793e-01,1.570801904283443573e+00,8.053399070238268908e-05,-3.681554015753229499e-05,-3.598781924707408959e-05,-5.341540387604027334e-05,-1.151388641385732870e-04,-2.617954156658912623e-01,-2.836026004197213624e+00
-4.292996194434969270e-01,6.910049838253380372e-01,2.367808865452036560e-01,1.899815611400809401e-01,-7.636622240811223872e-01,-4.700736026564151793e-01,1.570801904283443573e+00,8.053399070238268908e-05,-3.681554015753229499e-05,-3.598781924707408959e-05,-5.341540387604027334e-05,-1.151388641385732870e-04,-2.617954156658912623e-01,-2.836026004197213624e+00
-4.292735965533082121e-01,6.910324307980034719e-01,2.368137575613829815e-01,1.899986243304114808e-01,-7.636800292157477354e-01,-4.701119822777947710e-01,1.570801904283443573e+00,8.053399070238268908e-05,-3.681554015753229499e-05,-3.598781924707408959e-05,-5.341540387604027334e-05,-1.151388641385732870e-04,-2.617954156658912623e-01,-2.836026004197213624e+00
-4.292605851082137991e-01,6.910415797888920242e-01,2.368356715721691985e-01,1.899986243304114808e-01,-7.636978343503731947e-01,-4.701119822777947710e-01,1.570801904283443573e+00,8.053399070238268908e-05,-3.681554015753229499e-05,-3.598781924707408959e-05,-5.341540387604027334e-05,-1.151388641385732870e-04,-2.617954156658912623e-01,-2.836026004197213624e+00
-4.292475736631194416e-01,6.910690267615574589e-01,2.368794995937416881e-01,1.899986243304114808e-01,-7.637156394849985430e-01,-4.701503618991743072e-01,1.570801904283443573e+00,8.053399070238268908e-05,-3.681554015753229499e-05,-3.598781924707408959e-05,-5.341540387604027334e-05,-1.151388641385732870e-04,-2.617954156658912623e-01,-2.836026004197213624e+00
-4.292345622180250841e-01,6.910873247433344524e-01,2.369014136045279051e-01,1.900156875207420215e-01,-7.637156394849985430e-01,-4.701887415205537879e-01,1.570801904283443573e+00,8.053399070238268908e-05,-3.681554015753229499e-05,-3.598781924707408959e-05,-5.341540387604027334e-05,-1.151388641385732870e-04,-2.617954156658912623e-01,-2.836026004197213624e+00
-4.292215507729307267e-01,6.910964737342228936e-01,2.369233276153141221e-01,1.900156875207420215e-01,-7.637334446196237803e-01,-4.701887415205537879e-01,1.570801904283443573e+00,8.053399070238268908e-05,-3.681554015753229499e-05,-3.598781924707408959e-05,-5.341540387604027334e-05,-1.151388641385732870e-04,-2.617954156658912623e-01,-2.836026004197213624e+00
-4.292085393278363692e-01,6.911147717159998871e-01,2.369452416261003391e-01,1.900156875207420215e-01,-7.637334446196237803e-01,-4.701887415205537879e-01,1.570801904283443573e+00,8.053399070238268908e-05,-3.681554015753229499e-05,-3.598781924707408959e-05,-5.341540387604027334e-05,-1.151388641385732870e-04,-2.617954156658912623e-01,-2.836026004197213624e+00
-4.292085393278363692e-01,6.911330696977767696e-01,2.369561986314934754e-01,1.900156875207420215e-01,-7.637512497542491285e-01,-4.701887415205537879e-01,1.570801904283443573e+00,8.053399070238268908e-05,-3.681554015753229499e-05,-3.598781924707408959e-05,-5.341540387604027334e-05,-1.151388641385732870e-04,-2.617954156658912623e-01,-2.836026004197213624e+00
-4.291955278827420117e-01,6.911422186886654329e-01,2.369781126422796924e-01,1.900156875207420215e-01,-7.637512497542491285e-01,-4.702271211419333796e-01,1.570801904283443573e+00,8.053399070238268908e-05,-3.681554015753229499e-05,-3.598781924707408959e-05,-5.341540387604027334e-05,-1.151388641385732870e-04,-2.617954156658912623e-01,-2.836026004197213624e+00
-4.291695049925532413e-01,6.911696656613307566e-01,2.370219406638521820e-01,1.900327507110725345e-01,-7.637690548888745878e-01,-4.702271211419333796e-01,1.570801904283443573e+00,8.053399070238268908e-05,-3.681554015753229499e-05,-3.598781924707408959e-05,-5.341540387604027334e-05,-1.151388641385732870e-04,-2.617954156658912623e-01,-2.836026004197213624e+00
-4.291564935474588838e-01,6.911971126339961913e-01,2.370657686854246160e-01,1.900327507110725345e-01,-7.637868600234998251e-01,-4.702655007633128603e-01,1.570801904283443573e+00,8.053399070238268908e-05,-3.681554015753229499e-05,-3.598781924707408959e-05,-5.341540387604027334e-05,-1.151388641385732870e-04,-2.617954156658912623e-01,-2.836026004197213624e+00
-4.291434821023645263e-01,6.912154106157731848e-01,2.370876826962108330e-01,1.900327507110725345e-01,-7.638046651581251734e-01,-4.702655007633128603e-01,1.570801904283443573e+00,8.053399070238268908e-05,-3.681554015753229499e-05,-3.598781924707408959e-05,-5.341540387604027334e-05,-1.151388641385732870e-04,-2.617954156658912623e-01,-2.836026004197213624e+00
-4.291304706572701688e-01,6.912245596066616260e-01,2.371095967069970778e-01,1.900498139014030752e-01,-7.638046651581251734e-01,-4.703038803846923965e-01,1.570801904283443573e+00,8.053399070238268908e-05,-3.681554015753229499e-05,-3.598781924707408959e-05,-5.341540387604027334e-05,-1.151388641385732870e-04,-2.617954156658912623e-01,-2.836026004197213624e+00
-4.291174592121758113e-01,6.912428575884387305e-01,2.371205537123901863e-01,1.900498139014030752e-01,-7.638224702927505216e-01,-4.703038803846923965e-01,1.570801904283443573e+00,8.053399070238268908e-05,-3.681554015753229499e-05,-3.598781924707408959e-05,-5.341540387604027334e-05,-1.151388641385732870e-04,-2.617954156658912623e-01,-2.836026004197213624e+00
-4.291174592121758113e-01,6.912520065793271717e-01,2.371424677231764311e-01,1.900498139014030752e-01,-7.638224702927505216e-01,-4.703038803846923965e-01,1.570801904283443573e+00,8.053399070238268908e-05,-3.681554015753229499e-05,-3.598781924707408959e-05,-5.341540387604027334e-05,-1.151388641385732870e-04,-2.617954156658912623e-01,-2.836026004197213624e+00
-4.291044477670814539e-01,6.912703045611040542e-01,2.371643817339626481e-01,1.900498139014030752e-01,-7.638224702927505216e-01,-4.703422600060718772e-01,1.570801904283443573e+00,8.053399070238268908e-05,-3.681554015753229499e-05,-3.598781924707408959e-05,-5.341540387604027334e-05,-1.151388641385732870e-04,-2.617954156658912623e-01,-2.836026004197213624e+00
-4.290914363219870409e-01,6.912794535519926065e-01,2.371862957447488651e-01,1.900498139014030752e-01,-7.638402754273759809e-01,-4.703422600060718772e-01,1.570801904283443573e+00,8.053399070238268908e-05,-3.681554015753229499e-05,-3.598781924707408959e-05,-5.341540387604027334e-05,-1.151388641385732870e-04,-2.617954156658912623e-01,-2.836026004197213624e+00
-4.290784248768926834e-01,6.912977515337694889e-01,2.372082097555351099e-01,1.900668770917335881e-01,-7.638402754273759809e-01,-4.703422600060718772e-01,1.570801904283443573e+00,8.053399070238268908e-05,-3.681554015753229499e-05,-3.598781924707408959e-05,-5.341540387604027334e-05,-1.151388641385732870e-04,-2.617954156658912623e-01,-2.836026004197213624e+00
-4.290654134317983259e-01,6.913069005246580412e-01,2.372301237663213547e-01,1.900668770917335881e-01,-7.638580805620012182e-01,-4.703806396274514690e-01,1.570801904283443573e+00,8.053399070238268908e-05,-3.681554015753229499e-05,-3.598781924707408959e-05,-5.341540387604027334e-05,-1.151388641385732870e-04,-2.617954156658912623e-01,-2.836026004197213624e+00
-4.290654134317983259e-01,6.913251985064349237e-01,2.372520377771075717e-01,1.900668770917335881e-01,-7.638580805620012182e-01,-4.703806396274514690e-01,1.570801904283443573e+00,8.053399070238268908e-05,-3.681554015753229499e-05,-3.598781924707408959e-05,-5.341540387604027334e-05,-1.151388641385732870e-04,-2.617954156658912623e-01,-2.836026004197213624e+00
-4.290393905416096110e-01,6.913526454791004694e-01,2.372849087932868972e-01,1.900668770917335881e-01,-7.638758856966265665e-01,-4.704190192488309497e-01,1.570801904283443573e+00,8.053399070238268908e-05,-3.681554015753229499e-05,-3.598781924707408959e-05,-5.341540387604027334e-05,-1.151388641385732870e-04,-2.617954156658912623e-01,-2.836026004197213624e+00
-4.290263790965152535e-01,6.913617944699889106e-01,2.373068228040731420e-01,1.900839402820641288e-01,-7.638758856966265665e-01,-4.704190192488309497e-01,1.570801904283443573e+00,8.053399070238268908e-05,-3.681554015753229499e-05,-3.598781924707408959e-05,-5.341540387604027334e-05,-1.151388641385732870e-04,-2.617954156658912623e-01,-2.836026004197213624e+00
-4.290263790965152535e-01,6.913800924517659041e-01,2.373287368148593590e-01,1.900839402820641288e-01,-7.638936908312519147e-01,-4.704190192488309497e-01,1.570801904283443573e+00,8.053399070238268908e-05,-3.681554015753229499e-05,-3.598781924707408959e-05,-5.341540387604027334e-05,-1.151388641385732870e-04,-2.617954156658912623e-01,-2.836026004197213624e+00
-4.290133676514208405e-01,6.913892414426543453e-01,2.373506508256456038e-01,1.900839402820641288e-01,-7.638936908312519147e-01,-4.704190192488309497e-01,1.570801904283443573e+00,8.053399070238268908e-05,-3.681554015753229499e-05,-3.598781924707408959e-05,-5.341540387604027334e-05,-1.151388641385732870e-04,-2.617954156658912623e-01,-2.836026004197213624e+00
-4.290003562063264830e-01,6.914075394244313388e-01,2.373616078310387123e-01,1.900839402820641288e-01,-7.639114959658773740e-01,-4.704573988702104304e-01,1.570801904283443573e+00,8.053399070238268908e-05,-3.681554015753229499e-05,-3.598781924707408959e-05,-5.341540387604027334e-05,-1.151388641385732870e-04,-2.617954156658912623e-01,-2.836026004197213624e+00
-4.289873447612321256e-01,6.914258374062083323e-01,2.374054358526111463e-01,1.901010034723946696e-01,-7.639114959658773740e-01,-4.704573988702104304e-01,1.570801904283443573e+00,8.053399070238268908e-05,-3.681554015753229499e-05,-3.598781924707408959e-05,-5.341540387604027334e-05,-1.151388641385732870e-04,-2.617954156658912623e-01,-2.836026004197213624e+00
-4.289743333161377681e-01,6.914441353879853258e-01,2.374273498633973911e-01,1.901010034723946696e-01,-7.639293011005026113e-01,-4.704957784915900221e-01,1.570801904283443573e+00,8.053399070238268908e-05,-3.681554015753229499e-05,-3.598781924707408959e-05,-5.341540387604027334e-05,-1.151388641385732870e-04,-2.617954156658912623e-01,-2.836026004197213624e+00
-4.289613218710434106e-01,6.914532843788737670e-01,2.374492638741836359e-01,1.901010034723946696e-01,-7.639293011005026113e-01,-4.704957784915900221e-01,1.570801904283443573e+00,8.053399070238268908e-05,-3.681554015753229499e-05,-3.598781924707408959e-05,-5.341540387604027334e-05,-1.151388641385732870e-04,-2.617954156658912623e-01,-2.836026004197213624e+00
-4.289483104259490531e-01,6.914715823606507605e-01,2.374602208795767444e-01,1.901010034723946696e-01,-7.639471062351279596e-01,-4.704573988702104304e-01,1.570801904283443573e+00,8.053399070238268908e-05,-3.681554015753229499e-05,-3.598781924707408959e-05,-5.341540387604027334e-05,-1.151388641385732870e-04,-2.617954156658912623e-01,-2.836026004197213624e+00
-4.289483104259490531e-01,6.914807313515392018e-01,2.374821348903629892e-01,1.901180666627251548e-01,-7.639471062351279596e-01,-4.704957784915900221e-01,1.570801904283443573e+00,8.053399070238268908e-05,-3.681554015753229499e-05,-3.598781924707408959e-05,-5.341540387604027334e-05,-1.151388641385732870e-04,-2.617954156658912623e-01,-2.836026004197213624e+00
-4.289352989808546401e-01,6.914990293333160842e-01,2.375040489011491784e-01,1.901180666627251548e-01,-7.639649113697533078e-01,-4.704957784915900221e-01,1.570801904283443573e+00,8.053399070238268908e-05,-3.681554015753229499e-05,-3.598781924707408959e-05,-5.341540387604027334e-05,-1.151388641385732870e-04,-2.617954156658912623e-01,-2.836026004197213624e+00
-4.289222875357602827e-01,6.915081783242046365e-01,2.375259629119354232e-01,1.901180666627251548e-01,-7.639649113697533078e-01,-4.704957784915900221e-01,1.570801904283443573e+00,8.053399070238268908e-05,-3.681554015753229499e-05,-3.598781924707408959e-05,-5.341540387604027334e-05,-1.151388641385732870e-04,-2.617954156658912623e-01,-2.836026004197213624e+00
-4.288962646455715677e-01,6.915356252968700712e-01,2.375588339281147765e-01,1.901180666627251548e-01,-7.639827165043787671e-01,-4.705341581129695583e-01,1.570801904283443573e+00,8.053399070238268908e-05,-3.681554015753229499e-05,-3.598781924707408959e-05,-5.341540387604027334e-05,-1.151388641385732870e-04,-2.617954156658912623e-01,-2.836026004197213624e+00
-4.288962646455715677e-01,6.915447742877586235e-01,2.375807479389009935e-01,1.901351298530556955e-01,-7.639827165043787671e-01,-4.705725377343490390e-01,1.570801904283443573e+00,8.053399070238268908e-05,-3.681554015753229499e-05,-3.598781924707408959e-05,-5.341540387604027334e-05,-1.151388641385732870e-04,-2.617954156658912623e-01,-2.836026004197213624e+00
-4.288832532004772102e-01,6.915630722695355059e-01,2.376026619496872383e-01,1.901351298530556955e-01,-7.640005216390040044e-01,-4.705725377343490390e-01,1.570801904283443573e+00,8.053399070238268908e-05,-3.681554015753229499e-05,-3.598781924707408959e-05,-5.341540387604027334e-05,-1.151388641385732870e-04,-2.617954156658912623e-01,-2.836026004197213624e+00
-4.288702417553828528e-01,6.915722212604240582e-01,2.376245759604734553e-01,1.901351298530556955e-01,-7.640005216390040044e-01,-4.705725377343490390e-01,1.570801904283443573e+00,8.053399070238268908e-05,-3.681554015753229499e-05,-3.598781924707408959e-05,-5.341540387604027334e-05,-1.151388641385732870e-04,-2.617954156658912623e-01,-2.836026004197213624e+00
-4.288442188651940823e-01,6.915996682330893819e-01,2.376574469766527808e-01,1.901521930433862362e-01,-7.640183267736293526e-01,-4.706109173557285197e-01,1.570801904283443573e+00,8.053399070238268908e-05,-3.681554015753229499e-05,-3.598781924707408959e-05,-5.341540387604027334e-05,-1.151388641385732870e-04,-2.617954156658912623e-01,-2.836026004197213624e+00
-4.288442188651940823e-01,6.916088172239780452e-01,2.376793609874390256e-01,1.901521930433862362e-01,-7.640361319082547009e-01,-4.706109173557285197e-01,1.570801904283443573e+00,8.053399070238268908e-05,-3.681554015753229499e-05,-3.598781924707408959e-05,-5.341540387604027334e-05,-1.151388641385732870e-04,-2.617954156658912623e-01,-2.836026004197213624e+00
-4.288312074200997248e-01,6.916271152057549276e-01,2.377012749982252704e-01,1.901521930433862362e-01,-7.640361319082547009e-01,-4.706492969771081114e-01,1.570801904283443573e+00,8.053399070238268908e-05,-3.681554015753229499e-05,-3.598781924707408959e-05,-5.341540387604027334e-05,-1.151388641385732870e-04,-2.617954156658912623e-01,-2.836026004197213624e+00
-4.288051845299110099e-01,6.916545621784203624e-01,2.377341460144046237e-01,1.901521930433862362e-01,-7.640539370428800492e-01,-4.706492969771081114e-01,1.570801904283443573e+00,8.053399070238268908e-05,-3.681554015753229499e-05,-3.598781924707408959e-05,-5.341540387604027334e-05,-1.151388641385732870e-04,-2.617954156658912623e-01,-2.836026004197213624e+00
-4.287921730848166524e-01,6.916637111693088036e-01,2.377560600251908129e-01,1.901692562337167491e-01,-7.640539370428800492e-01,-4.706876765984875921e-01,1.570801904283443573e+00,8.053399070238268908e-05,-3.681554015753229499e-05,-3.598781924707408959e-05,-5.341540387604027334e-05,-1.151388641385732870e-04,-2.617954156658912623e-01,-2.836026004197213624e+00
-4.287921730848166524e-01,6.916728601601973558e-01,2.377779740359770577e-01,1.901692562337167491e-01,-7.640717421775053975e-01,-4.706876765984875921e-01,1.570801904283443573e+00,8.053399070238268908e-05,-3.681554015753229499e-05,-3.598781924707408959e-05,-5.341540387604027334e-05,-1.151388641385732870e-04,-2.617954156658912623e-01,-2.836026004197213624e+00
-4.287791616397222949e-01,6.916911581419742383e-01,2.377889310413701662e-01,1.901692562337167491e-01,-7.640717421775053975e-01,-4.706876765984875921e-01,1.570801904283443573e+00,8.053399070238268908e-05,-3.681554015753229499e-05,-3.598781924707408959e-05,-5.341540387604027334e-05,-1.151388641385732870e-04,-2.617954156658912623e-01,-2.836026004197213624e+00
-4.287531387495335244e-01,6.917094561237513428e-01,2.378327590629426280e-01,1.901863194240472898e-01,-7.640895473121307457e-01,-4.707260562198671283e-01,1.570801904283443573e+00,8.053399070238268908e-05,-3.681554015753229499e-05,-3.598781924707408959e-05,-5.341540387604027334e-05,-1.151388641385732870e-04,-2.617954156658912623e-01,-2.836026004197213624e+00
-4.287401273044391670e-01,6.917277541055282253e-01,2.378437160683357643e-01,1.901863194240472898e-01,-7.640895473121307457e-01,-4.707260562198671283e-01,1.570801904283443573e+00,8.053399070238268908e-05,-3.681554015753229499e-05,-3.598781924707408959e-05,-5.341540387604027334e-05,-1.151388641385732870e-04,-2.617954156658912623e-01,-2.836026004197213624e+00
-4.287271158593448095e-01,6.917369030964167775e-01,2.378656300791219536e-01,1.901863194240472898e-01,-7.641073524467560940e-01,-4.707644358412467200e-01,1.570801904283443573e+00,8.053399070238268908e-05,-3.681554015753229499e-05,-3.598781924707408959e-05,-5.341540387604027334e-05,-1.151388641385732870e-04,-2.617954156658912623e-01,-2.836026004197213624e+00
-4.287141044142504520e-01,6.917643500690821012e-01,2.378985010953013068e-01,1.901863194240472898e-01,-7.641073524467560940e-01,-4.707644358412467200e-01,1.570801904283443573e+00,8.053399070238268908e-05,-3.681554015753229499e-05,-3.598781924707408959e-05,-5.341540387604027334e-05,-1.151388641385732870e-04,-2.617954156658912623e-01,-2.836026004197213624e+00
-4.287010929691560945e-01,6.917734990599706535e-01,2.379204151060875516e-01,1.902033826143778028e-01,-7.641251575813814423e-01,-4.708028154626262007e-01,1.570801904283443573e+00,8.053399070238268908e-05,-3.681554015753229499e-05,-3.598781924707408959e-05,-5.341540387604027334e-05,-1.151388641385732870e-04,-2.617954156658912623e-01,-2.836026004197213624e+00
-4.286880815240616815e-01,6.917826480508590947e-01,2.379313721114806601e-01,1.902033826143778028e-01,-7.641251575813814423e-01,-4.708028154626262007e-01,1.570801904283443573e+00,8.053399070238268908e-05,-3.681554015753229499e-05,-3.598781924707408959e-05,-5.341540387604027334e-05,-1.151388641385732870e-04,-2.617954156658912623e-01,-2.836026004197213624e+00
-4.286750700789673241e-01,6.918009460326360882e-01,2.379532861222669049e-01,1.902033826143778028e-01,-7.641429627160067906e-01,-4.708028154626262007e-01,1.570801904283443573e+00,8.053399070238268908e-05,-3.681554015753229499e-05,-3.598781924707408959e-05,-5.341540387604027334e-05,-1.151388641385732870e-04,-2.617954156658912623e-01,-2.836026004197213624e+00
-4.286490471887786091e-01,6.918192440144130817e-01,2.379861571384462304e-01,1.902204458047083435e-01,-7.641429627160067906e-01,-4.708411950840056814e-01,1.570801904283443573e+00,8.053399070238268908e-05,-3.681554015753229499e-05,-3.598781924707408959e-05,-5.341540387604027334e-05,-1.151388641385732870e-04,-2.617954156658912623e-01,-2.836026004197213624e+00
-4.286490471887786091e-01,6.918283930053015229e-01,2.379971141438393389e-01,1.902204458047083435e-01,-7.641607678506321388e-01,-4.708411950840056814e-01,1.570801904283443573e+00,8.053399070238268908e-05,-3.681554015753229499e-05,-3.598781924707408959e-05,-5.341540387604027334e-05,-1.151388641385732870e-04,-2.617954156658912623e-01,-2.836026004197213624e+00
-4.286360357436842516e-01,6.918466909870785164e-01,2.380190281546255837e-01,1.902204458047083435e-01,-7.641607678506321388e-01,-4.708795747053852176e-01,1.570801904283443573e+00,8.053399070238268908e-05,-3.681554015753229499e-05,-3.598781924707408959e-05,-5.341540387604027334e-05,-1.151388641385732870e-04,-2.617954156658912623e-01,-2.836026004197213624e+00
-4.286230242985898942e-01,6.918558399779669577e-01,2.380299851600186922e-01,1.902204458047083435e-01,-7.641785729852573761e-01,-4.708795747053852176e-01,1.570801904283443573e+00,8.053399070238268908e-05,-3.681554015753229499e-05,-3.598781924707408959e-05,-5.341540387604027334e-05,-1.151388641385732870e-04,-2.617954156658912623e-01,-2.836026004197213624e+00
-4.286100128534955367e-01,6.918649889688553989e-01,2.380518991708049370e-01,1.902204458047083435e-01,-7.641785729852573761e-01,-4.708795747053852176e-01,1.570801904283443573e+00,8.053399070238268908e-05,-3.681554015753229499e-05,-3.598781924707408959e-05,-5.341540387604027334e-05,-1.151388641385732870e-04,-2.617954156658912623e-01,-2.836026004197213624e+00
-4.285970014084011237e-01,6.918741379597439511e-01,2.380628561761980455e-01,1.902375089950388842e-01,-7.641785729852573761e-01,-4.709179543267647539e-01,1.570801904283443573e+00,8.053399070238268908e-05,-3.681554015753229499e-05,-3.598781924707408959e-05,-5.341540387604027334e-05,-1.151388641385732870e-04,-2.617954156658912623e-01,-2.836026004197213624e+00
-4.285839899633067662e-01,6.918924359415209446e-01,2.380847701869842903e-01,1.902375089950388842e-01,-7.641963781198828354e-01,-4.709179543267647539e-01,1.570801904283443573e+00,8.053399070238268908e-05,-3.681554015753229499e-05,-3.598781924707408959e-05,-5.341540387604027334e-05,-1.151388641385732870e-04,-2.617954156658912623e-01,-2.836026004197213624e+00
-4.285709785182124087e-01,6.919015849324094969e-01,2.380957271923773710e-01,1.902375089950388842e-01,-7.641963781198828354e-01,-4.709179543267647539e-01,1.570801904283443573e+00,8.053399070238268908e-05,-3.681554015753229499e-05,-3.598781924707408959e-05,-5.341540387604027334e-05,-1.151388641385732870e-04,-2.617954156658912623e-01,-2.836026004197213624e+00
-4.285709785182124087e-01,6.919107339232979381e-01,2.381066841977704795e-01,1.902545721853693694e-01,-7.642141832545081837e-01,-4.709563339481442901e-01,1.570801904283443573e+00,8.053399070238268908e-05,-3.681554015753229499e-05,-3.598781924707408959e-05,-5.341540387604027334e-05,-1.151388641385732870e-04,-2.617954156658912623e-01,-2.836026004197213624e+00
-4.285579670731180513e-01,6.919198829141863794e-01,2.381285982085567243e-01,1.902545721853693694e-01,-7.642141832545081837e-01,-4.709563339481442901e-01,1.570801904283443573e+00,8.053399070238268908e-05,-3.681554015753229499e-05,-3.598781924707408959e-05,-5.341540387604027334e-05,-1.151388641385732870e-04,-2.617954156658912623e-01,-2.836026004197213624e+00
-4.285449556280236938e-01,6.919381808959633728e-01,2.381395552139498328e-01,1.902545721853693694e-01,-7.642141832545081837e-01,-4.709563339481442901e-01,1.570801904283443573e+00,8.053399070238268908e-05,-3.681554015753229499e-05,-3.598781924707408959e-05,-5.341540387604027334e-05,-1.151388641385732870e-04,-2.617954156658912623e-01,-2.836026004197213624e+00
-4.285319441829293363e-01,6.919473298868518141e-01,2.381505122193429413e-01,1.902545721853693694e-01,-7.642319883891335319e-01,-4.709947135695237708e-01,1.570801904283443573e+00,8.053399070238268908e-05,-3.681554015753229499e-05,-3.598781924707408959e-05,-5.341540387604027334e-05,-1.151388641385732870e-04,-2.617954156658912623e-01,-2.836026004197213624e+00
-4.285059212927405659e-01,6.919656278686286965e-01,2.381833832355222946e-01,1.902716353756999101e-01,-7.642497935237587692e-01,-4.709947135695237708e-01,1.570801904283443573e+00,8.053399070238268908e-05,-3.681554015753229499e-05,-3.598781924707408959e-05,-5.341540387604027334e-05,-1.151388641385732870e-04,-2.617954156658912623e-01,-2.836026004197213624e+00
-4.285059212927405659e-01,6.919839258504058011e-01,2.382052972463085394e-01,1.902716353756999101e-01,-7.642497935237587692e-01,-4.710330931909033625e-01,1.570801904283443573e+00,8.053399070238268908e-05,-3.681554015753229499e-05,-3.598781924707408959e-05,-5.341540387604027334e-05,-1.151388641385732870e-04,-2.617954156658912623e-01,-2.836026004197213624e+00
-4.284929098476462084e-01,6.919930748412942423e-01,2.382162542517016202e-01,1.902716353756999101e-01,-7.642497935237587692e-01,-4.710330931909033625e-01,1.570801904283443573e+00,8.053399070238268908e-05,-3.681554015753229499e-05,-3.598781924707408959e-05,-5.341540387604027334e-05,-1.151388641385732870e-04,-2.617954156658912623e-01,-2.836026004197213624e+00
-4.284798984025518509e-01,6.920022238321827945e-01,2.382381682624878649e-01,1.902886985660304231e-01,-7.642497935237587692e-01,-4.710714728122828432e-01,1.570801904283443573e+00,8.053399070238268908e-05,-3.681554015753229499e-05,-3.598781924707408959e-05,-5.341540387604027334e-05,-1.151388641385732870e-04,-2.617954156658912623e-01,-2.836026004197213624e+00
-4.284538755123631359e-01,6.920205218139596770e-01,2.382710392786672182e-01,1.902886985660304231e-01,-7.642675986583842285e-01,-4.710714728122828432e-01,1.570801904283443573e+00,8.053399070238268908e-05,-3.681554015753229499e-05,-3.598781924707408959e-05,-5.341540387604027334e-05,-1.151388641385732870e-04,-2.617954156658912623e-01,-2.836026004197213624e+00
-4.284408640672687230e-01,6.920388197957366705e-01,2.382819962840603267e-01,1.902886985660304231e-01,-7.642854037930095767e-01,-4.710714728122828432e-01,1.570801904283443573e+00,8.053399070238268908e-05,-3.681554015753229499e-05,-3.598781924707408959e-05,-5.341540387604027334e-05,-1.151388641385732870e-04,-2.617954156658912623e-01,-2.836026004197213624e+00
-4.284278526221743655e-01,6.920479687866251117e-01,2.382929532894534352e-01,1.903057617563609638e-01,-7.642854037930095767e-01,-4.710714728122828432e-01,1.570801904283443573e+00,8.053399070238268908e-05,-3.681554015753229499e-05,-3.598781924707408959e-05,-5.341540387604027334e-05,-1.151388641385732870e-04,-2.617954156658912623e-01,-2.836026004197213624e+00
-4.284278526221743655e-01,6.920571177775135530e-01,2.383148673002396800e-01,1.903057617563609638e-01,-7.642854037930095767e-01,-4.710714728122828432e-01,1.570801904283443573e+00,8.053399070238268908e-05,-3.681554015753229499e-05,-3.598781924707408959e-05,-5.341540387604027334e-05,-1.151388641385732870e-04,-2.617954156658912623e-01,-2.836026004197213624e+00
-4.284148411770800080e-01,6.920662667684022162e-01,2.383258243056327608e-01,1.903057617563609638e-01,-7.643032089276349250e-01,-4.711098524336623794e-01,1.570801904283443573e+00,8.053399070238268908e-05,-3.681554015753229499e-05,-3.598781924707408959e-05,-5.341540387604027334e-05,-1.151388641385732870e-04,-2.617954156658912623e-01,-2.836026004197213624e+00
-4.284018297319856505e-01,6.920845647501790987e-01,2.383477383164190055e-01,1.903057617563609638e-01,-7.643032089276349250e-01,-4.711098524336623794e-01,1.570801904283443573e+00,8.053399070238268908e-05,-3.681554015753229499e-05,-3.598781924707408959e-05,-5.341540387604027334e-05,-1.151388641385732870e-04,-2.617954156658912623e-01,-2.836026004197213624e+00
-4.283888182868912931e-01,6.920937137410675399e-01,2.383586953218121141e-01,1.903057617563609638e-01,-7.643032089276349250e-01,-4.711098524336623794e-01,1.570801904283443573e+00,8.053399070238268908e-05,-3.681554015753229499e-05,-3.598781924707408959e-05,-5.341540387604027334e-05,-1.151388641385732870e-04,-2.617954156658912623e-01,-2.836026004197213624e+00
-4.283627953967025781e-01,6.921120117228445334e-01,2.383915663379914673e-01,1.903228249466915045e-01,-7.643210140622601623e-01,-4.711482320550418601e-01,1.570801904283443573e+00,8.053399070238268908e-05,-3.681554015753229499e-05,-3.598781924707408959e-05,-5.341540387604027334e-05,-1.151388641385732870e-04,-2.617954156658912623e-01,-2.836026004197213624e+00
-4.283627953967025781e-01,6.921211607137329747e-01,2.384134803487777121e-01,1.903228249466915045e-01,-7.643210140622601623e-01,-4.711482320550418601e-01,1.570801904283443573e+00,8.053399070238268908e-05,-3.681554015753229499e-05,-3.598781924707408959e-05,-5.341540387604027334e-05,-1.151388641385732870e-04,-2.617954156658912623e-01,-2.836026004197213624e+00
-4.283497839516081651e-01,6.921303097046214159e-01,2.384244373541708206e-01,1.903228249466915045e-01,-7.643388191968856216e-01,-4.711866116764214518e-01,1.570801904283443573e+00,8.053399070238268908e-05,-3.681554015753229499e-05,-3.598781924707408959e-05,-5.341540387604027334e-05,-1.151388641385732870e-04,-2.617954156658912623e-01,-2.836026004197213624e+00
-4.283367725065138076e-01,6.921486076863984094e-01,2.384463513649570376e-01,1.903398881370220175e-01,-7.643388191968856216e-01,-4.711866116764214518e-01,1.570801904283443573e+00,8.053399070238268908e-05,-3.681554015753229499e-05,-3.598781924707408959e-05,-5.341540387604027334e-05,-1.151388641385732870e-04,-2.617954156658912623e-01,-2.836026004197213624e+00
-4.283107496163251482e-01,6.921669056681755139e-01,2.384792223811363909e-01,1.903398881370220175e-01,-7.643566243315109698e-01,-4.712249912978009325e-01,1.570801904283443573e+00,8.053399070238268908e-05,-3.681554015753229499e-05,-3.598781924707408959e-05,-5.341540387604027334e-05,-1.151388641385732870e-04,-2.617954156658912623e-01,-2.836026004197213624e+00
-4.283107496163251482e-01,6.921760546590639551e-01,2.384901793865294994e-01,1.903569513273525582e-01,-7.643566243315109698e-01,-4.712249912978009325e-01,1.570801904283443573e+00,8.053399070238268908e-05,-3.681554015753229499e-05,-3.598781924707408959e-05,-5.341540387604027334e-05,-1.151388641385732870e-04,-2.617954156658912623e-01,-2.836026004197213624e+00
-4.282977381712307907e-01,6.921852036499523964e-01,2.385120933973157442e-01,1.903569513273525582e-01,-7.643566243315109698e-01,-4.712249912978009325e-01,1.570801904283443573e+00,8.053399070238268908e-05,-3.681554015753229499e-05,-3.598781924707408959e-05,-5.341540387604027334e-05,-1.151388641385732870e-04,-2.617954156658912623e-01,-2.836026004197213624e+00
-4.282847267261364332e-01,6.922035016317293898e-01,2.385230504027088527e-01,1.903569513273525582e-01,-7.643744294661363181e-01,-4.712633709191804687e-01,1.570801904283443573e+00,8.053399070238268908e-05,-3.681554015753229499e-05,-3.598781924707408959e-05,-5.341540387604027334e-05,-1.151388641385732870e-04,-2.617954156658912623e-01,-2.836026004197213624e+00
-4.282587038359476628e-01,6.922217996135062723e-01,2.385559214188882060e-01,1.903740145176830434e-01,-7.643922346007615554e-01,-4.712633709191804687e-01,1.570801904283443573e+00,8.053399070238268908e-05,-3.681554015753229499e-05,-3.598781924707408959e-05,-5.341540387604027334e-05,-1.151388641385732870e-04,-2.617954156658912623e-01,-2.836026004197213624e+00
-4.282456923908533053e-01,6.922309486043947135e-01,2.385668784242812868e-01,1.903740145176830434e-01,-7.643922346007615554e-01,-4.713017505405600049e-01,1.570801904283443573e+00,8.053399070238268908e-05,-3.681554015753229499e-05,-3.598781924707408959e-05,-5.341540387604027334e-05,-1.151388641385732870e-04,-2.617954156658912623e-01,-2.836026004197213624e+00
-4.282456923908533053e-01,6.922400975952832658e-01,2.385887924350675315e-01,1.903740145176830434e-01,-7.643922346007615554e-01,-4.713017505405600049e-01,1.570801904283443573e+00,8.053399070238268908e-05,-3.681554015753229499e-05,-3.598781924707408959e-05,-5.341540387604027334e-05,-1.151388641385732870e-04,-2.617954156658912623e-01,-2.836026004197213624e+00
-4.282196695006645903e-01,6.922675445679488115e-01,2.386216634512468848e-01,1.903910777080135841e-01,-7.644100397353870147e-01,-4.713401301619395412e-01,1.570801904283443573e+00,8.053399070238268908e-05,-3.681554015753229499e-05,-3.598781924707408959e-05,-5.341540387604027334e-05,-1.151388641385732870e-04,-2.617954156658912623e-01,-2.836026004197213624e+00
-4.282066580555702329e-01,6.922766935588372528e-01,2.386326204566399933e-01,1.903910777080135841e-01,-7.644100397353870147e-01,-4.713401301619395412e-01,1.570801904283443573e+00,8.053399070238268908e-05,-3.681554015753229499e-05,-3.598781924707408959e-05,-5.341540387604027334e-05,-1.151388641385732870e-04,-2.617954156658912623e-01,-2.836026004197213624e+00
-4.281936466104758754e-01,6.922858425497256940e-01,2.386545344674262381e-01,1.903910777080135841e-01,-7.644278448700123629e-01,-4.713401301619395412e-01,1.570801904283443573e+00,8.053399070238268908e-05,-3.681554015753229499e-05,-3.598781924707408959e-05,-5.341540387604027334e-05,-1.151388641385732870e-04,-2.617954156658912623e-01,-2.836026004197213624e+00
-4.281936466104758754e-01,6.922949915406141352e-01,2.386654914728193466e-01,1.903910777080135841e-01,-7.644278448700123629e-01,-4.713785097833190219e-01,1.570801904283443573e+00,8.053399070238268908e-05,-3.681554015753229499e-05,-3.598781924707408959e-05,-5.341540387604027334e-05,-1.151388641385732870e-04,-2.617954156658912623e-01,-2.836026004197213624e+00
-4.281806351653814624e-01,6.923132895223911287e-01,2.386874054836055359e-01,1.904081408983441248e-01,-7.644278448700123629e-01,-4.713785097833190219e-01,1.570801904283443573e+00,8.053399070238268908e-05,-3.681554015753229499e-05,-3.598781924707408959e-05,-5.341540387604027334e-05,-1.151388641385732870e-04,-2.617954156658912623e-01,-2.836026004197213624e+00
-4.281676237202871049e-01,6.923224385132795700e-01,2.386983624889986721e-01,1.904081408983441248e-01,-7.644456500046377112e-01,-4.713785097833190219e-01,1.570801904283443573e+00,8.053399070238268908e-05,-3.681554015753229499e-05,-3.598781924707408959e-05,-5.341540387604027334e-05,-1.151388641385732870e-04,-2.617954156658912623e-01,-2.836026004197213624e+00
-4.281546122751927475e-01,6.923315875041681222e-01,2.387093194943917807e-01,1.904081408983441248e-01,-7.644456500046377112e-01,-4.714168894046986136e-01,1.570801904283443573e+00,8.053399070238268908e-05,-3.681554015753229499e-05,-3.598781924707408959e-05,-5.341540387604027334e-05,-1.151388641385732870e-04,-2.617954156658912623e-01,-2.836026004197213624e+00
-4.281416008300983900e-01,6.923498854859451157e-01,2.387421905105711339e-01,1.904252040886746378e-01,-7.644634551392629485e-01,-4.714168894046986136e-01,1.570801904283443573e+00,8.053399070238268908e-05,-3.681554015753229499e-05,-3.598781924707408959e-05,-5.341540387604027334e-05,-1.151388641385732870e-04,-2.617954156658912623e-01,-2.836026004197213624e+00
-4.281285893850040325e-01,6.923590344768335569e-01,2.387641045213573787e-01,1.904252040886746378e-01,-7.644634551392629485e-01,-4.714552690260780943e-01,1.570801904283443573e+00,8.053399070238268908e-05,-3.681554015753229499e-05,-3.598781924707408959e-05,-5.341540387604027334e-05,-1.151388641385732870e-04,-2.617954156658912623e-01,-2.836026004197213624e+00
-4.281155779399096750e-01,6.923773324586105504e-01,2.387750615267504872e-01,1.904252040886746378e-01,-7.644812602738884078e-01,-4.714552690260780943e-01,1.570801904283443573e+00,8.053399070238268908e-05,-3.681554015753229499e-05,-3.598781924707408959e-05,-5.341540387604027334e-05,-1.151388641385732870e-04,-2.617954156658912623e-01,-2.836026004197213624e+00
-4.281025664948152620e-01,6.923864814494989917e-01,2.387860185321435957e-01,1.904252040886746378e-01,-7.644812602738884078e-01,-4.714552690260780943e-01,1.570801904283443573e+00,8.053399070238268908e-05,-3.681554015753229499e-05,-3.598781924707408959e-05,-5.341540387604027334e-05,-1.151388641385732870e-04,-2.617954156658912623e-01,-2.836026004197213624e+00
-4.280895550497209046e-01,6.923956304403874329e-01,2.388079325429298128e-01,1.904422672790051785e-01,-7.644812602738884078e-01,-4.714936486474576305e-01,1.570801904283443573e+00,8.053399070238268908e-05,-3.681554015753229499e-05,-3.598781924707408959e-05,-5.341540387604027334e-05,-1.151388641385732870e-04,-2.617954156658912623e-01,-2.836026004197213624e+00
-4.280765436046265471e-01,6.924047794312759851e-01,2.388188895483229213e-01,1.904422672790051785e-01,-7.644990654085137560e-01,-4.714936486474576305e-01,1.570801904283443573e+00,8.053399070238268908e-05,-3.681554015753229499e-05,-3.598781924707408959e-05,-5.341540387604027334e-05,-1.151388641385732870e-04,-2.617954156658912623e-01,-2.836026004197213624e+00
-4.280765436046265471e-01,6.924139284221644264e-01,2.388298465537160298e-01,1.904422672790051785e-01,-7.644990654085137560e-01,-4.714936486474576305e-01,1.570801904283443573e+00,8.053399070238268908e-05,-3.681554015753229499e-05,-3.598781924707408959e-05,-5.341540387604027334e-05,-1.151388641385732870e-04,-2.617954156658912623e-01,-2.836026004197213624e+00
-4.280505207144378321e-01,6.924322264039415309e-01,2.388627175698953831e-01,1.904593304693357192e-01,-7.645168705431389933e-01,-4.715320282688371112e-01,1.570801904283443573e+00,8.053399070238268908e-05,-3.681554015753229499e-05,-3.598781924707408959e-05,-5.341540387604027334e-05,-1.151388641385732870e-04,-2.617954156658912623e-01,-2.836026004197213624e+00
-4.280375092693434746e-01,6.924413753948299721e-01,2.388736745752885193e-01,1.904593304693357192e-01,-7.645168705431389933e-01,-4.715320282688371112e-01,1.570801904283443573e+00,8.053399070238268908e-05,-3.681554015753229499e-05,-3.598781924707408959e-05,-5.341540387604027334e-05,-1.151388641385732870e-04,-2.617954156658912623e-01,-2.836026004197213624e+00
-4.280244978242491172e-01,6.924596733766068546e-01,2.388955885860747363e-01,1.904593304693357192e-01,-7.645346756777643416e-01,-4.715704078902167029e-01,1.570801904283443573e+00,8.053399070238268908e-05,-3.681554015753229499e-05,-3.598781924707408959e-05,-5.341540387604027334e-05,-1.151388641385732870e-04,-2.617954156658912623e-01,-2.836026004197213624e+00
-4.280114863791547042e-01,6.924779713583838481e-01,2.389175025968609534e-01,1.904763936596662321e-01,-7.645346756777643416e-01,-4.715704078902167029e-01,1.570801904283443573e+00,8.053399070238268908e-05,-3.681554015753229499e-05,-3.598781924707408959e-05,-5.341540387604027334e-05,-1.151388641385732870e-04,-2.617954156658912623e-01,-2.836026004197213624e+00
-4.279984749340603467e-01,6.924871203492722893e-01,2.389284596022540619e-01,1.904763936596662321e-01,-7.645524808123898008e-01,-4.716087875115961836e-01,1.570801904283443573e+00,8.053399070238268908e-05,-3.681554015753229499e-05,-3.598781924707408959e-05,-5.341540387604027334e-05,-1.151388641385732870e-04,-2.617954156658912623e-01,-2.836026004197213624e+00
-4.279854634889659892e-01,6.924962693401607305e-01,2.389503736130403067e-01,1.904763936596662321e-01,-7.645524808123898008e-01,-4.716087875115961836e-01,1.570801904283443573e+00,8.053399070238268908e-05,-3.681554015753229499e-05,-3.598781924707408959e-05,-3.561026925069351104e-05,-1.151388641385732870e-04,-2.617954156658912623e-01,-2.836026004197213624e+00
-4.279594405987772743e-01,6.925145673219377240e-01,2.389722876238265237e-01,1.904934568499967729e-01,-7.645702859470151491e-01,-4.716471671329757198e-01,1.570801904283443573e+00,8.053399070238268908e-05,-3.681554015753229499e-05,-3.598781924707408959e-05,-5.341540387604027334e-05,-1.151388641385732870e-04,-2.617954156658912623e-01,-2.836026004197213624e+00
-4.279464291536829168e-01,6.925237163128261653e-01,2.389832446292196599e-01,1.904934568499967729e-01,-7.645702859470151491e-01,-4.716471671329757198e-01,1.570801904283443573e+00,8.053399070238268908e-05,-3.681554015753229499e-05,-3.598781924707408959e-05,-5.341540387604027334e-05,-1.151388641385732870e-04,-2.617954156658912623e-01,-2.836026004197213624e+00
-4.279334177085885038e-01,6.925328653037148285e-01,2.390051586400058770e-01,1.904934568499967729e-01,-7.645880910816403864e-01,-4.716855467543552560e-01,1.570801904283443573e+00,8.053399070238268908e-05,-3.681554015753229499e-05,-3.598781924707408959e-05,-5.341540387604027334e-05,-1.151388641385732870e-04,-2.617954156658912623e-01,-2.836026004197213624e+00
-4.279334177085885038e-01,6.925420142946032698e-01,2.390161156453990132e-01,1.905105200403272581e-01,-7.645880910816403864e-01,-4.716855467543552560e-01,1.570801904283443573e+00,8.053399070238268908e-05,-3.681554015753229499e-05,-3.598781924707408959e-05,-3.561026925069351104e-05,-1.151388641385732870e-04,-2.617954156658912623e-01,-2.836026004197213624e+00
-4.279204062634941463e-01,6.925511632854917110e-01,2.390270726507921217e-01,1.905105200403272581e-01,-7.645880910816403864e-01,-4.716855467543552560e-01,1.570801904283443573e+00,8.053399070238268908e-05,-3.681554015753229499e-05,-3.598781924707408959e-05,-5.341540387604027334e-05,-1.151388641385732870e-04,-2.617954156658912623e-01,-2.836026004197213624e+00
-4.279073948183997889e-01,6.925603122763801522e-01,2.390380296561852025e-01,1.905105200403272581e-01,-7.646058962162657346e-01,-4.716855467543552560e-01,1.570801904283443573e+00,8.053399070238268908e-05,-3.681554015753229499e-05,-3.598781924707408959e-05,-5.341540387604027334e-05,-1.151388641385732870e-04,-2.617954156658912623e-01,-2.836026004197213624e+00
-4.278813719282110739e-01,6.925786102581571457e-01,2.390709006723645558e-01,1.905275832306577988e-01,-7.646237013508911939e-01,-4.716855467543552560e-01,1.570801904283443573e+00,8.053399070238268908e-05,-3.681554015753229499e-05,-3.598781924707408959e-05,-5.341540387604027334e-05,-1.151388641385732870e-04,-2.617954156658912623e-01,-2.836026004197213624e+00
-4.278683604831167164e-01,6.925877592490455870e-01,2.390818576777576920e-01,1.905275832306577988e-01,-7.646237013508911939e-01,-4.717239263757347922e-01,1.570801904283443573e+00,8.053399070238268908e-05,-3.681554015753229499e-05,-3.598781924707408959e-05,-5.341540387604027334e-05,-1.151388641385732870e-04,-2.617954156658912623e-01,-2.836026004197213624e+00
-4.278553490380223034e-01,6.925969082399341392e-01,2.390928146831508005e-01,1.905275832306577988e-01,-7.646415064855165422e-01,-4.717239263757347922e-01,1.570801904283443573e+00,8.053399070238268908e-05,-3.681554015753229499e-05,-3.598781924707408959e-05,-5.341540387604027334e-05,-1.151388641385732870e-04,-2.617954156658912623e-01,-2.836026004197213624e+00
-4.278423375929279460e-01,6.926060572308225805e-01,2.391037716885439091e-01,1.905446464209883395e-01,-7.646415064855165422e-01,-4.717623059971142729e-01,1.570801904283443573e+00,8.053399070238268908e-05,-3.681554015753229499e-05,-3.598781924707408959e-05,-5.341540387604027334e-05,-1.151388641385732870e-04,-2.617954156658912623e-01,-2.836026004197213624e+00
-4.278423375929279460e-01,6.926152062217110217e-01,2.391147286939370176e-01,1.905446464209883395e-01,-7.646415064855165422e-01,-4.717623059971142729e-01,1.570801904283443573e+00,8.053399070238268908e-05,-3.681554015753229499e-05,-3.598781924707408959e-05,-5.341540387604027334e-05,-1.151388641385732870e-04,-2.617954156658912623e-01,-2.836026004197213624e+00
-4.278163147027392310e-01,6.926243552125995739e-01,2.391475997101163431e-01,1.905446464209883395e-01,-7.646593116201417795e-01,-4.718006856184938091e-01,1.570801904283443573e+00,8.053399070238268908e-05,-3.681554015753229499e-05,-3.598781924707408959e-05,-5.341540387604027334e-05,-1.151388641385732870e-04,-2.617954156658912623e-01,-2.836026004197213624e+00
-4.278033032576448735e-01,6.926335042034881262e-01,2.391585567155094794e-01,1.905617096113188524e-01,-7.646771167547671277e-01,-4.718006856184938091e-01,1.570801904283443573e+00,8.053399070238268908e-05,-3.681554015753229499e-05,-3.598781924707408959e-05,-5.341540387604027334e-05,-1.151388641385732870e-04,-2.617954156658912623e-01,-2.836026004197213624e+00
-4.277902918125505161e-01,6.926426531943765674e-01,2.391695137209025879e-01,1.905617096113188524e-01,-7.646771167547671277e-01,-4.718006856184938091e-01,1.570801904283443573e+00,8.053399070238268908e-05,-3.681554015753229499e-05,-3.598781924707408959e-05,-5.341540387604027334e-05,-1.151388641385732870e-04,-2.617954156658912623e-01,-2.836026004197213624e+00
-4.277772803674561031e-01,6.926518021852650087e-01,2.391804707262956964e-01,1.905617096113188524e-01,-7.646771167547671277e-01,-4.718390652398733454e-01,1.570801904283443573e+00,8.053399070238268908e-05,-3.681554015753229499e-05,-3.598781924707408959e-05,-5.341540387604027334e-05,-1.151388641385732870e-04,-2.617954156658912623e-01,-2.836026004197213624e+00
-4.277512574772673881e-01,6.926701001670420021e-01,2.392023847370819412e-01,1.905787728016493932e-01,-7.646949218893925870e-01,-4.718774448612528816e-01,1.570801904283443573e+00,8.053399070238268908e-05,-3.681554015753229499e-05,-3.598781924707408959e-05,-3.561026925069351104e-05,-1.151388641385732870e-04,-2.617954156658912623e-01,-2.836026004197213624e+00
-4.277512574772673881e-01,6.926792491579304434e-01,2.392133417424750497e-01,1.905787728016493932e-01,-7.646949218893925870e-01,-4.718774448612528816e-01,1.570801904283443573e+00,8.053399070238268908e-05,-3.681554015753229499e-05,-3.598781924707408959e-05,-5.341540387604027334e-05,-1.151388641385732870e-04,-2.617954156658912623e-01,-2.836026004197213624e+00
-4.277382460321730306e-01,6.926883981488188846e-01,2.392242987478681859e-01,1.905787728016493932e-01,-7.646949218893925870e-01,-4.718774448612528816e-01,1.570801904283443573e+00,8.053399070238268908e-05,-3.681554015753229499e-05,-3.598781924707408959e-05,-5.341540387604027334e-05,-1.151388641385732870e-04,-2.617954156658912623e-01,-2.836026004197213624e+00
-4.277252345870786732e-01,6.926883981488188846e-01,2.392352557532612944e-01,1.905958359919799061e-01,-7.647127270240179353e-01,-4.719158244826323623e-01,1.570801904283443573e+00,8.053399070238268908e-05,-3.681554015753229499e-05,-3.598781924707408959e-05,-5.341540387604027334e-05,-1.151388641385732870e-04,-2.617954156658912623e-01,-2.836026004197213624e+00
-4.277122231419843157e-01,6.926975471397074369e-01,2.392462127586544030e-01,1.905958359919799061e-01,-7.647127270240179353e-01,-4.719158244826323623e-01,1.570801904283443573e+00,8.053399070238268908e-05,-3.681554015753229499e-05,-3.598781924707408959e-05,-5.341540387604027334e-05,-1.151388641385732870e-04,-2.617954156658912623e-01,-2.836026004197213624e+00
-4.276992116968899582e-01,6.927066961305958781e-01,2.392571697640475392e-01,1.905958359919799061e-01,-7.647127270240179353e-01,-4.719158244826323623e-01,1.570801904283443573e+00,8.053399070238268908e-05,-3.681554015753229499e-05,-3.598781924707408959e-05,-5.341540387604027334e-05,-1.151388641385732870e-04,-2.617954156658912623e-01,-2.836026004197213624e+00
-4.276731888067011877e-01,6.927249941123728716e-01,2.392790837748337285e-01,1.906128991823104468e-01,-7.647305321586431726e-01,-4.719542041040119540e-01,1.570801904283443573e+00,8.053399070238268908e-05,-3.681554015753229499e-05,-3.598781924707408959e-05,-5.341540387604027334e-05,-1.151388641385732870e-04,-2.617954156658912623e-01,-2.836026004197213624e+00
-4.276601773616068303e-01,6.927341431032614238e-01,2.392900407802268370e-01,1.906128991823104468e-01,-7.647305321586431726e-01,-4.719925837253914347e-01,1.570801904283443573e+00,8.053399070238268908e-05,-3.681554015753229499e-05,-3.598781924707408959e-05,-3.561026925069351104e-05,-1.151388641385732870e-04,-2.617954156658912623e-01,-2.836026004197213624e+00
-4.276471659165124728e-01,6.927432920941498651e-01,2.393009977856199733e-01,1.906128991823104468e-01,-7.647305321586431726e-01,-4.719925837253914347e-01,1.570801904283443573e+00,8.053399070238268908e-05,-3.681554015753229499e-05,-3.598781924707408959e-05,-5.341540387604027334e-05,-1.151388641385732870e-04,-2.617954156658912623e-01,-2.836026004197213624e+00
-4.276341544714181153e-01,6.927432920941498651e-01,2.393119547910130818e-01,1.906128991823104468e-01,-7.647305321586431726e-01,-4.719925837253914347e-01,1.570801904283443573e+00,8.053399070238268908e-05,-3.681554015753229499e-05,-3.598781924707408959e-05,-5.341540387604027334e-05,-1.151388641385732870e-04,-2.617954156658912623e-01,-2.836026004197213624e+00
-4.276341544714181153e-01,6.927524410850383063e-01,2.393229117964061903e-01,1.906299623726409875e-01,-7.647483372932686319e-01,-4.720309633467709709e-01,1.570801904283443573e+00,8.053399070238268908e-05,-3.681554015753229499e-05,-3.598781924707408959e-05,-5.341540387604027334e-05,-1.151388641385732870e-04,-2.617954156658912623e-01,-2.836026004197213624e+00
-4.276211430263237578e-01,6.927615900759268586e-01,2.393448258071924351e-01,1.906299623726409875e-01,-7.647483372932686319e-01,-4.720309633467709709e-01,1.570801904283443573e+00,8.053399070238268908e-05,-3.681554015753229499e-05,-3.598781924707408959e-05,-5.341540387604027334e-05,-1.151388641385732870e-04,-2.617954156658912623e-01,-2.836026004197213624e+00
-4.275951201361349874e-01,6.927798880577037410e-01,2.393667398179786798e-01,1.906470255629714727e-01,-7.647483372932686319e-01,-4.720693429681504516e-01,1.570801904283443573e+00,8.053399070238268908e-05,-3.681554015753229499e-05,-3.598781924707408959e-05,-5.341540387604027334e-05,-1.151388641385732870e-04,-2.617954156658912623e-01,-2.836026004197213624e+00
-4.275821086910406299e-01,6.927890370485921823e-01,2.393776968233717883e-01,1.906470255629714727e-01,-7.647661424278939801e-01,-4.720693429681504516e-01,1.570801904283443573e+00,8.053399070238268908e-05,-3.681554015753229499e-05,-3.598781924707408959e-05,-5.341540387604027334e-05,-1.151388641385732870e-04,-2.617954156658912623e-01,-2.836026004197213624e+00
-4.275690972459462724e-01,6.927981860394807345e-01,2.393886538287648691e-01,1.906470255629714727e-01,-7.647661424278939801e-01,-4.720693429681504516e-01,1.570801904283443573e+00,8.053399070238268908e-05,-3.681554015753229499e-05,-3.598781924707408959e-05,-3.561026925069351104e-05,-1.151388641385732870e-04,-2.617954156658912623e-01,-2.836026004197213624e+00
-4.275560858008519149e-01,6.927981860394807345e-01,2.393996108341579776e-01,1.906470255629714727e-01,-7.647661424278939801e-01,-4.721077225895300433e-01,1.570801904283443573e+00,8.053399070238268908e-05,-3.681554015753229499e-05,-3.598781924707408959e-05,-5.341540387604027334e-05,-1.151388641385732870e-04,-2.617954156658912623e-01,-2.836026004197213624e+00
-4.275430743557575575e-01,6.928073350303692868e-01,2.394105678395511139e-01,1.906640887533020134e-01,-7.647661424278939801e-01,-4.721077225895300433e-01,1.570801904283443573e+00,8.053399070238268908e-05,-3.681554015753229499e-05,-3.598781924707408959e-05,-5.341540387604027334e-05,-1.151388641385732870e-04,-2.617954156658912623e-01,-2.836026004197213624e+00
-4.275170514655687870e-01,6.928347820030347215e-01,2.394434388557304672e-01,1.906811519436325264e-01,-7.647839475625192174e-01,-4.721461022109095240e-01,1.570801904283443573e+00,8.053399070238268908e-05,-3.681554015753229499e-05,-3.598781924707408959e-05,-5.341540387604027334e-05,-1.151388641385732870e-04,-2.617954156658912623e-01,-2.836026004197213624e+00
-4.275040400204744295e-01,6.928439309939231627e-01,2.394543958611235757e-01,1.906811519436325264e-01,-7.647839475625192174e-01,-4.721844818322890602e-01,1.570801904283443573e+00,8.053399070238268908e-05,-3.681554015753229499e-05,-3.598781924707408959e-05,-3.561026925069351104e-05,-1.151388641385732870e-04,-2.617954156658912623e-01,-2.836026004197213624e+00
-4.274910285753800721e-01,6.928439309939231627e-01,2.394653528665166842e-01,1.906811519436325264e-01,-7.647839475625192174e-01,-4.721844818322890602e-01,1.570801904283443573e+00,8.053399070238268908e-05,-3.681554015753229499e-05,-3.598781924707408959e-05,-5.341540387604027334e-05,-1.151388641385732870e-04,-2.617954156658912623e-01,-2.836026004197213624e+00
-4.274650056851913571e-01,6.928622289757001562e-01,2.394872668773029289e-01,1.906982151339630671e-01,-7.648017526971445657e-01,-4.722228614536685964e-01,1.570801904283443573e+00,8.053399070238268908e-05,-3.681554015753229499e-05,-3.598781924707408959e-05,-5.341540387604027334e-05,-1.151388641385732870e-04,-2.617954156658912623e-01,-2.836026004197213624e+00
-4.274519942400969996e-01,6.928713779665885975e-01,2.394982238826960375e-01,1.906982151339630671e-01,-7.648017526971445657e-01,-4.722228614536685964e-01,1.570801904283443573e+00,8.053399070238268908e-05,-3.681554015753229499e-05,-3.598781924707408959e-05,-3.561026925069351104e-05,-1.151388641385732870e-04,-2.617954156658912623e-01,-2.836026004197213624e+00
-4.274519942400969996e-01,6.928805269574770387e-01,2.395091808880891460e-01,1.906982151339630671e-01,-7.648017526971445657e-01,-4.722228614536685964e-01,1.570801904283443573e+00,8.053399070238268908e-05,-3.681554015753229499e-05,-3.598781924707408959e-05,-3.561026925069351104e-05,-1.151388641385732870e-04,-2.617954156658912623e-01,-2.836026004197213624e+00
-4.274389827950025866e-01,6.928896759483654799e-01,2.395201378934822545e-01,1.906982151339630671e-01,-7.648195578317700249e-01,-4.722612410750481327e-01,1.570801904283443573e+00,8.053399070238268908e-05,-3.681554015753229499e-05,-3.598781924707408959e-05,-5.341540387604027334e-05,-1.151388641385732870e-04,-2.617954156658912623e-01,-2.836026004197213624e+00
-4.274259713499082292e-01,6.928988249392541432e-01,2.395310948988753630e-01,1.907152783242936078e-01,-7.648195578317700249e-01,-4.722612410750481327e-01,1.570801904283443573e+00,8.053399070238268908e-05,-3.681554015753229499e-05,-3.598781924707408959e-05,-5.341540387604027334e-05,-1.151388641385732870e-04,-2.617954156658912623e-01,-2.836026004197213624e+00
-4.274129599048138717e-01,6.928988249392541432e-01,2.395420519042684715e-01,1.907152783242936078e-01,-7.648195578317700249e-01,-4.722996206964276134e-01,1.570801904283443573e+00,8.053399070238268908e-05,-3.681554015753229499e-05,-3.598781924707408959e-05,-5.341540387604027334e-05,-1.151388641385732870e-04,-2.617954156658912623e-01,-2.836026004197213624e+00
-4.273869370146251567e-01,6.929171229210310257e-01,2.395639659150547163e-01,1.907323415146241208e-01,-7.648373629663953732e-01,-4.722996206964276134e-01,1.570801904283443573e+00,8.053399070238268908e-05,-3.681554015753229499e-05,-3.598781924707408959e-05,-5.341540387604027334e-05,-1.151388641385732870e-04,-2.617954156658912623e-01,-2.836026004197213624e+00
-4.273739255695307993e-01,6.929262719119194669e-01,2.395749229204478248e-01,1.907323415146241208e-01,-7.648373629663953732e-01,-4.723380003178072051e-01,1.570801904283443573e+00,8.053399070238268908e-05,-3.681554015753229499e-05,-3.598781924707408959e-05,-5.341540387604027334e-05,-1.151388641385732870e-04,-2.617954156658912623e-01,-2.836026004197213624e+00
-4.273739255695307993e-01,6.929354209028080192e-01,2.395858799258409610e-01,1.907323415146241208e-01,-7.648373629663953732e-01,-4.723380003178072051e-01,1.570801904283443573e+00,8.053399070238268908e-05,-3.681554015753229499e-05,-3.598781924707408959e-05,-5.341540387604027334e-05,-1.151388641385732870e-04,-2.617954156658912623e-01,-2.836026004197213624e+00
-4.273609141244363863e-01,6.929445698936964604e-01,2.395968369312340696e-01,1.907323415146241208e-01,-7.648551681010206105e-01,-4.723380003178072051e-01,1.570801904283443573e+00,8.053399070238268908e-05,-3.681554015753229499e-05,-3.598781924707408959e-05,-5.341540387604027334e-05,-1.151388641385732870e-04,-2.617954156658912623e-01,-2.836026004197213624e+00
-4.273479026793420288e-01,6.929445698936964604e-01,2.396077939366271781e-01,1.907494047049546615e-01,-7.648551681010206105e-01,-4.723763799391866858e-01,1.570801904283443573e+00,8.053399070238268908e-05,-3.681554015753229499e-05,-3.598781924707408959e-05,-5.341540387604027334e-05,-1.151388641385732870e-04,-2.617954156658912623e-01,-2.836026004197213624e+00
-4.273348912342476713e-01,6.929537188845849016e-01,2.396187509420202866e-01,1.907494047049546615e-01,-7.648729732356459587e-01,-4.723763799391866858e-01,1.570801904283443573e+00,8.053399070238268908e-05,-3.681554015753229499e-05,-3.598781924707408959e-05,-5.341540387604027334e-05,-1.151388641385732870e-04,-2.617954156658912623e-01,-2.836026004197213624e+00
-4.273218797891533138e-01,6.929628678754734539e-01,2.396297079474133951e-01,1.907494047049546615e-01,-7.648729732356459587e-01,-4.724147595605662220e-01,1.570801904283443573e+00,8.053399070238268908e-05,-3.681554015753229499e-05,-3.598781924707408959e-05,-3.561026925069351104e-05,-1.151388641385732870e-04,-2.617954156658912623e-01,-2.836026004197213624e+00
-4.272958568989645989e-01,6.929811658572503363e-01,2.396516219581996399e-01,1.907664678952852022e-01,-7.648729732356459587e-01,-4.724147595605662220e-01,1.570801904283443573e+00,8.053399070238268908e-05,-3.681554015753229499e-05,-3.598781924707408959e-05,-5.341540387604027334e-05,-1.151388641385732870e-04,-2.617954156658912623e-01,-2.836026004197213624e+00
-4.272958568989645989e-01,6.929903148481387776e-01,2.396625789635927484e-01,1.907664678952852022e-01,-7.648907783702714180e-01,-4.724531391819457027e-01,1.570801904283443573e+00,8.053399070238268908e-05,-3.681554015753229499e-05,-3.598781924707408959e-05,-3.561026925069351104e-05,-1.151388641385732870e-04,-2.617954156658912623e-01,-2.836026004197213624e+00
-4.272828454538701859e-01,6.929903148481387776e-01,2.396735359689858569e-01,1.907664678952852022e-01,-7.648907783702714180e-01,-4.724531391819457027e-01,1.570801904283443573e+00,8.053399070238268908e-05,-3.681554015753229499e-05,-3.598781924707408959e-05,-5.341540387604027334e-05,-1.151388641385732870e-04,-2.617954156658912623e-01,-2.836026004197213624e+00
-4.272698340087758284e-01,6.929994638390274408e-01,2.396844929743789654e-01,1.907835310856156874e-01,-7.648907783702714180e-01,-4.724531391819457027e-01,1.570801904283443573e+00,8.053399070238268908e-05,-3.681554015753229499e-05,-3.598781924707408959e-05,-3.561026925069351104e-05,-1.151388641385732870e-04,-2.617954156658912623e-01,-2.836026004197213624e+00
-4.272568225636814709e-01,6.930086128299158821e-01,2.396954499797721017e-01,1.907835310856156874e-01,-7.648907783702714180e-01,-4.724915188033252944e-01,1.570801904283443573e+00,8.053399070238268908e-05,-3.681554015753229499e-05,-3.598781924707408959e-05,-5.341540387604027334e-05,-1.151388641385732870e-04,-2.617954156658912623e-01,-2.836026004197213624e+00
-4.272307996734927560e-01,6.930177618208043233e-01,2.397173639905583187e-01,1.908005942759462281e-01,-7.649085835048967663e-01,-4.724915188033252944e-01,1.570801904283443573e+00,8.053399070238268908e-05,-3.681554015753229499e-05,-3.598781924707408959e-05,-3.561026925069351104e-05,-1.151388641385732870e-04,-2.617954156658912623e-01,-2.836026004197213624e+00
-4.272177882283984540e-01,6.930269108116928756e-01,2.397283209959514549e-01,1.908005942759462281e-01,-7.649263886395220036e-01,-4.725298984247047751e-01,1.570801904283443573e+00,8.053399070238268908e-05,-3.681554015753229499e-05,-3.598781924707408959e-05,-5.341540387604027334e-05,-1.151388641385732870e-04,-2.617954156658912623e-01,-2.836026004197213624e+00
-4.272177882283984540e-01,6.930360598025813168e-01,2.397283209959514549e-01,1.908005942759462281e-01,-7.649263886395220036e-01,-4.725298984247047751e-01,1.570801904283443573e+00,8.053399070238268908e-05,-3.681554015753229499e-05,-3.598781924707408959e-05,-5.341540387604027334e-05,-1.151388641385732870e-04,-2.617954156658912623e-01,-2.836026004197213624e+00
-4.272047767833040965e-01,6.930452087934697580e-01,2.397392780013445357e-01,1.908005942759462281e-01,-7.649263886395220036e-01,-4.725682780460843113e-01,1.570801904283443573e+00,8.053399070238268908e-05,-3.681554015753229499e-05,-3.598781924707408959e-05,-5.341540387604027334e-05,-1.151388641385732870e-04,-2.617954156658912623e-01,-2.836026004197213624e+00
-4.271917653382096836e-01,6.930452087934697580e-01,2.397502350067376442e-01,1.908176574662767411e-01,-7.649263886395220036e-01,-4.725682780460843113e-01,1.570801904283443573e+00,8.053399070238268908e-05,-3.681554015753229499e-05,-3.598781924707408959e-05,-5.341540387604027334e-05,-1.151388641385732870e-04,-2.617954156658912623e-01,-2.836026004197213624e+00
-4.271527310029266111e-01,6.930726557661351928e-01,2.397831060229169975e-01,1.908347206566072818e-01,-7.649619989087728111e-01,-4.725682780460843113e-01,1.570801904283443573e+00,8.053399070238268908e-05,-3.681554015753229499e-05,-3.598781924707408959e-05,-5.341540387604027334e-05,-1.151388641385732870e-04,-2.617954156658912623e-01,-2.836026004197213624e+00
-4.271397195578322536e-01,6.930726557661351928e-01,2.397940630283101338e-01,1.908347206566072818e-01,-7.649619989087728111e-01,-4.725682780460843113e-01,1.570801904283443573e+00,8.053399070238268908e-05,-3.681554015753229499e-05,-3.598781924707408959e-05,-5.341540387604027334e-05,-1.151388641385732870e-04,-2.617954156658912623e-01,-2.836026004197213624e+00
-4.271397195578322536e-01,6.930818047570236340e-01,2.397940630283101338e-01,1.908347206566072818e-01,-7.649619989087728111e-01,-4.726066576674638475e-01,1.570801904283443573e+00,8.053399070238268908e-05,-3.681554015753229499e-05,-3.598781924707408959e-05,-3.561026925069351104e-05,-1.151388641385732870e-04,-2.617954156658912623e-01,-2.836026004197213624e+00
-4.271267081127378962e-01,6.930909537479121862e-01,2.398050200337032423e-01,1.908347206566072818e-01,-7.649619989087728111e-01,-4.726066576674638475e-01,1.570801904283443573e+00,8.053399070238268908e-05,-3.681554015753229499e-05,-3.598781924707408959e-05,-3.561026925069351104e-05,-1.151388641385732870e-04,-2.617954156658912623e-01,-2.836026004197213624e+00
-4.271136966676435387e-01,6.930909537479121862e-01,2.398159770390963508e-01,1.908517838469378225e-01,-7.649798040433981594e-01,-4.726450372888433837e-01,1.570801904283443573e+00,8.053399070238268908e-05,-3.681554015753229499e-05,-3.598781924707408959e-05,-5.341540387604027334e-05,-1.151388641385732870e-04,-2.617954156658912623e-01,-2.836026004197213624e+00
-4.270876737774547682e-01,6.931001027388007385e-01,2.398378910498825956e-01,1.908517838469378225e-01,-7.649798040433981594e-01,-4.726834169102228644e-01,1.570801904283443573e+00,8.053399070238268908e-05,-3.681554015753229499e-05,-3.598781924707408959e-05,-5.341540387604027334e-05,-1.151388641385732870e-04,-2.617954156658912623e-01,-2.836026004197213624e+00
-4.270746623323604108e-01,6.931092517296891797e-01,2.398378910498825956e-01,1.908688470372683355e-01,-7.649976091780233967e-01,-4.726834169102228644e-01,1.570801904283443573e+00,8.053399070238268908e-05,-3.681554015753229499e-05,-3.598781924707408959e-05,-3.561026925069351104e-05,-1.151388641385732870e-04,-2.617954156658912623e-01,-2.836026004197213624e+00
-4.270486394421716958e-01,6.931184007205776210e-01,2.398598050606687848e-01,1.908688470372683355e-01,-7.649976091780233967e-01,-4.727217965316024006e-01,1.570801904283443573e+00,8.053399070238268908e-05,-3.681554015753229499e-05,-3.598781924707408959e-05,-3.561026925069351104e-05,-1.151388641385732870e-04,-2.617954156658912623e-01,-2.836026004197213624e+00
-4.270356279970773383e-01,6.931275497114661732e-01,2.398598050606687848e-01,1.908859102275988762e-01,-7.650154143126487449e-01,-4.727217965316024006e-01,1.570801904283443573e+00,8.053399070238268908e-05,-3.681554015753229499e-05,-3.598781924707408959e-05,-5.341540387604027334e-05,-1.151388641385732870e-04,-2.617954156658912623e-01,-2.836026004197213624e+00
-4.270356279970773383e-01,6.931275497114661732e-01,2.398707620660619211e-01,1.908859102275988762e-01,-7.650154143126487449e-01,-4.727601761529819369e-01,1.570801904283443573e+00,8.053399070238268908e-05,-3.681554015753229499e-05,-3.598781924707408959e-05,-5.341540387604027334e-05,-1.151388641385732870e-04,-2.617954156658912623e-01,-2.836026004197213624e+00
-4.270226165519829253e-01,6.931366987023546145e-01,2.398817190714550296e-01,1.908859102275988762e-01,-7.650154143126487449e-01,-4.727601761529819369e-01,1.570801904283443573e+00,8.053399070238268908e-05,-3.681554015753229499e-05,-3.598781924707408959e-05,-3.561026925069351104e-05,-1.151388641385732870e-04,-2.617954156658912623e-01,-2.836026004197213624e+00
-4.269965936617942104e-01,6.931458476932430557e-01,2.398926760768481381e-01,1.909029734179293614e-01,-7.650332194472742042e-01,-4.727985557743614731e-01,1.570801904283443573e+00,8.053399070238268908e-05,-3.681554015753229499e-05,-3.598781924707408959e-05,-5.341540387604027334e-05,-1.151388641385732870e-04,-2.617954156658912623e-01,-2.836026004197213624e+00
-4.269835822166998529e-01,6.931549966841314969e-01,2.399036330822412744e-01,1.909029734179293614e-01,-7.650332194472742042e-01,-4.727985557743614731e-01,1.570801904283443573e+00,8.053399070238268908e-05,-3.681554015753229499e-05,-3.598781924707408959e-05,-5.341540387604027334e-05,-1.151388641385732870e-04,-2.617954156658912623e-01,-2.836026004197213624e+00
-4.269705707716054954e-01,6.931549966841314969e-01,2.399036330822412744e-01,1.909029734179293614e-01,-7.650332194472742042e-01,-4.727985557743614731e-01,1.570801904283443573e+00,8.053399070238268908e-05,-3.681554015753229499e-05,-3.598781924707408959e-05,-5.341540387604027334e-05,-1.151388641385732870e-04,-2.617954156658912623e-01,-2.836026004197213624e+00
-4.269575593265111380e-01,6.931641456750200492e-01,2.399145900876343829e-01,1.909029734179293614e-01,-7.650332194472742042e-01,-4.728369353957409538e-01,1.570801904283443573e+00,8.053399070238268908e-05,-3.681554015753229499e-05,-3.598781924707408959e-05,-3.561026925069351104e-05,-1.151388641385732870e-04,-2.617954156658912623e-01,-2.836026004197213624e+00
-4.269445478814167250e-01,6.931641456750200492e-01,2.399145900876343829e-01,1.909200366082599021e-01,-7.650510245818994415e-01,-4.728369353957409538e-01,1.570801904283443573e+00,8.053399070238268908e-05,-3.681554015753229499e-05,-3.598781924707408959e-05,-5.341540387604027334e-05,-1.151388641385732870e-04,-2.617954156658912623e-01,-2.836026004197213624e+00
-4.269315364363223675e-01,6.931732946659086014e-01,2.399255470930274914e-01,1.909200366082599021e-01,-7.650510245818994415e-01,-4.728753150171205455e-01,1.570801904283443573e+00,8.053399070238268908e-05,-3.681554015753229499e-05,-3.598781924707408959e-05,-3.561026925069351104e-05,-1.151388641385732870e-04,-2.617954156658912623e-01,-2.836026004197213624e+00
-4.269185249912280100e-01,6.931732946659086014e-01,2.399365040984206277e-01,1.909200366082599021e-01,-7.650510245818994415e-01,-4.728753150171205455e-01,1.570801904283443573e+00,8.053399070238268908e-05,-3.681554015753229499e-05,-3.598781924707408959e-05,-3.561026925069351104e-05,-1.151388641385732870e-04,-2.617954156658912623e-01,-2.836026004197213624e+00
-4.269055135461336525e-01,6.931824436567970427e-01,2.399474611038137362e-01,1.909370997985904428e-01,-7.650688297165247898e-01,-4.729136946385000262e-01,1.570801904283443573e+00,8.053399070238268908e-05,-3.681554015753229499e-05,-3.598781924707408959e-05,-5.341540387604027334e-05,-1.151388641385732870e-04,-2.617954156658912623e-01,-2.836026004197213624e+00
-4.268925021010392951e-01,6.931824436567970427e-01,2.399474611038137362e-01,1.909370997985904428e-01,-7.650688297165247898e-01,-4.729136946385000262e-01,1.570801904283443573e+00,8.053399070238268908e-05,-3.681554015753229499e-05,-3.598781924707408959e-05,-5.341540387604027334e-05,-1.151388641385732870e-04,-2.617954156658912623e-01,-2.836026004197213624e+00
-4.268794906559449376e-01,6.931915926476855949e-01,2.399584181092068447e-01,1.909541629889209557e-01,-7.650688297165247898e-01,-4.729136946385000262e-01,1.570801904283443573e+00,8.053399070238268908e-05,-3.681554015753229499e-05,-3.598781924707408959e-05,-3.561026925069351104e-05,-1.151388641385732870e-04,-2.617954156658912623e-01,-2.836026004197213624e+00
-4.268664792108505246e-01,6.931915926476855949e-01,2.399584181092068447e-01,1.909541629889209557e-01,-7.650688297165247898e-01,-4.729520742598795624e-01,1.570801904283443573e+00,8.053399070238268908e-05,-3.681554015753229499e-05,-3.598781924707408959e-05,-5.341540387604027334e-05,-1.151388641385732870e-04,-2.617954156658912623e-01,-2.836026004197213624e+00
-4.268534677657561671e-01,6.932007416385740362e-01,2.399693751145999254e-01,1.909541629889209557e-01,-7.650688297165247898e-01,-4.729520742598795624e-01,1.570801904283443573e+00,8.053399070238268908e-05,-3.681554015753229499e-05,-3.598781924707408959e-05,-5.341540387604027334e-05,-1.151388641385732870e-04,-2.617954156658912623e-01,-2.836026004197213624e+00
-4.268274448755674522e-01,6.932007416385740362e-01,2.399803321199930617e-01,1.909712261792514965e-01,-7.650866348511501380e-01,-4.729904538812590431e-01,1.570801904283443573e+00,8.053399070238268908e-05,-3.681554015753229499e-05,-3.598781924707408959e-05,-3.561026925069351104e-05,-1.151388641385732870e-04,-2.617954156658912623e-01,-2.836026004197213624e+00
-4.268144334304730947e-01,6.932098906294624774e-01,2.399803321199930617e-01,1.909712261792514965e-01,-7.650866348511501380e-01,-4.729904538812590431e-01,1.570801904283443573e+00,8.053399070238268908e-05,-3.681554015753229499e-05,-3.598781924707408959e-05,-3.561026925069351104e-05,-1.151388641385732870e-04,-2.617954156658912623e-01,-2.836026004197213624e+00
-4.267884105402843797e-01,6.932190396203509186e-01,2.399912891253861702e-01,1.909882893695820094e-01,-7.650866348511501380e-01,-4.730288335026386348e-01,1.570801904283443573e+00,8.053399070238268908e-05,-3.681554015753229499e-05,-3.598781924707408959e-05,-3.561026925069351104e-05,-1.151388641385732870e-04,-2.617954156658912623e-01,-2.836026004197213624e+00
-4.267753990951899667e-01,6.932190396203509186e-01,2.400022461307792787e-01,1.909882893695820094e-01,-7.651044399857755973e-01,-4.730288335026386348e-01,1.570801904283443573e+00,8.053399070238268908e-05,-3.681554015753229499e-05,-3.598781924707408959e-05,-5.341540387604027334e-05,-1.151388641385732870e-04,-2.617954156658912623e-01,-2.836026004197213624e+00
-4.267753990951899667e-01,6.932281886112394709e-01,2.400132031361724150e-01,1.910053525599125501e-01,-7.651044399857755973e-01,-4.730672131240181155e-01,1.570801904283443573e+00,8.053399070238268908e-05,-3.681554015753229499e-05,-3.598781924707408959e-05,-3.561026925069351104e-05,-1.151388641385732870e-04,-2.617954156658912623e-01,-2.836026004197213624e+00
-4.267493762050012518e-01,6.932281886112394709e-01,2.400241601415655235e-01,1.910053525599125501e-01,-7.651044399857755973e-01,-4.730672131240181155e-01,1.570801904283443573e+00,8.053399070238268908e-05,-3.681554015753229499e-05,-3.598781924707408959e-05,-5.341540387604027334e-05,-1.151388641385732870e-04,-2.617954156658912623e-01,-2.836026004197213624e+00
-4.267363647599068943e-01,6.932373376021279121e-01,2.400241601415655235e-01,1.910053525599125501e-01,-7.651044399857755973e-01,-4.731055927453976517e-01,1.570801904283443573e+00,8.053399070238268908e-05,-3.681554015753229499e-05,-3.598781924707408959e-05,-5.341540387604027334e-05,-1.151388641385732870e-04,-2.617954156658912623e-01,-2.836026004197213624e+00
-4.267233533148125368e-01,6.932373376021279121e-01,2.400351171469586320e-01,1.910224157502430908e-01,-7.651222451204008346e-01,-4.731055927453976517e-01,1.570801904283443573e+00,8.053399070238268908e-05,-3.681554015753229499e-05,-3.598781924707408959e-05,-3.561026925069351104e-05,-1.151388641385732870e-04,-2.617954156658912623e-01,-2.836026004197213624e+00
-4.267103418697181794e-01,6.932464865930163533e-01,2.400351171469586320e-01,1.910224157502430908e-01,-7.651222451204008346e-01,-4.731439723667771879e-01,1.570801904283443573e+00,8.053399070238268908e-05,-3.681554015753229499e-05,-3.598781924707408959e-05,-3.561026925069351104e-05,-1.151388641385732870e-04,-2.617954156658912623e-01,-2.836026004197213624e+00
-4.266843189795294089e-01,6.932556355839047946e-01,2.400460741523517683e-01,1.910394789405735760e-01,-7.651222451204008346e-01,-4.731823519881567242e-01,1.570801904283443573e+00,8.053399070238268908e-05,-3.681554015753229499e-05,-3.598781924707408959e-05,-3.561026925069351104e-05,-1.151388641385732870e-04,-2.617954156658912623e-01,-2.836026004197213624e+00
-4.266713075344350514e-01,6.932556355839047946e-01,2.400570311577448768e-01,1.910394789405735760e-01,-7.651222451204008346e-01,-4.731823519881567242e-01,1.570801904283443573e+00,8.053399070238268908e-05,-3.681554015753229499e-05,-3.598781924707408959e-05,-5.341540387604027334e-05,-1.151388641385732870e-04,-2.617954156658912623e-01,-2.836026004197213624e+00
-4.266582960893406939e-01,6.932556355839047946e-01,2.400570311577448768e-01,1.910394789405735760e-01,-7.651222451204008346e-01,-4.731823519881567242e-01,1.570801904283443573e+00,8.053399070238268908e-05,-3.681554015753229499e-05,-3.598781924707408959e-05,-5.341540387604027334e-05,-1.151388641385732870e-04,-2.617954156658912623e-01,-2.836026004197213624e+00
-4.266452846442463365e-01,6.932647845747934578e-01,2.400679881631379853e-01,1.910565421309041167e-01,-7.651400502550261828e-01,-4.732207316095362049e-01,1.570801904283443573e+00,8.053399070238268908e-05,-3.681554015753229499e-05,-3.598781924707408959e-05,-3.561026925069351104e-05,-1.151388641385732870e-04,-2.617954156658912623e-01,-2.836026004197213624e+00
-4.266322731991519790e-01,6.932739335656818991e-01,2.400789451685311215e-01,1.910565421309041167e-01,-7.651400502550261828e-01,-4.732591112309157966e-01,1.570801904283443573e+00,8.053399070238268908e-05,-3.681554015753229499e-05,-3.598781924707408959e-05,-5.341540387604027334e-05,-1.151388641385732870e-04,-2.617954156658912623e-01,-2.836026004197213624e+00
-4.266192617540575660e-01,6.932739335656818991e-01,2.400789451685311215e-01,1.910736053212346575e-01,-7.651400502550261828e-01,-4.732591112309157966e-01,1.570801904283443573e+00,8.053399070238268908e-05,-3.681554015753229499e-05,-3.598781924707408959e-05,-5.341540387604027334e-05,-1.151388641385732870e-04,-2.617954156658912623e-01,-2.836026004197213624e+00
-4.266062503089632085e-01,6.932739335656818991e-01,2.400899021739242023e-01,1.910736053212346575e-01,-7.651400502550261828e-01,-4.732591112309157966e-01,1.570801904283443573e+00,8.053399070238268908e-05,-3.681554015753229499e-05,-3.598781924707408959e-05,-3.561026925069351104e-05,-1.151388641385732870e-04,-2.617954156658912623e-01,-2.836026004197213624e+00
-4.265932388638688511e-01,6.932830825565703403e-01,2.400899021739242023e-01,1.910736053212346575e-01,-7.651400502550261828e-01,-4.732974908522952773e-01,1.570801904283443573e+00,8.053399070238268908e-05,-3.681554015753229499e-05,-3.598781924707408959e-05,-3.561026925069351104e-05,-1.151388641385732870e-04,-2.617954156658912623e-01,-2.836026004197213624e+00
-4.265672159736801361e-01,6.932922315474588926e-01,2.401008591793173108e-01,1.910906685115651704e-01,-7.651400502550261828e-01,-4.733358704736748135e-01,1.570801904283443573e+00,8.053399070238268908e-05,-3.681554015753229499e-05,-3.598781924707408959e-05,-3.561026925069351104e-05,-1.151388641385732870e-04,-2.617954156658912623e-01,-2.836026004197213624e+00
-4.265542045285857786e-01,6.932922315474588926e-01,2.401118161847104193e-01,1.910906685115651704e-01,-7.651578553896515311e-01,-4.733358704736748135e-01,1.570801904283443573e+00,8.053399070238268908e-05,-3.681554015753229499e-05,-3.598781924707408959e-05,-3.561026925069351104e-05,-1.151388641385732870e-04,-2.617954156658912623e-01,-2.836026004197213624e+00
-4.265411930834914211e-01,6.932922315474588926e-01,2.401118161847104193e-01,1.911077317018957111e-01,-7.651578553896515311e-01,-4.733358704736748135e-01,1.570801904283443573e+00,8.053399070238268908e-05,-3.681554015753229499e-05,-3.598781924707408959e-05,-3.561026925069351104e-05,-1.151388641385732870e-04,-2.617954156658912623e-01,-2.836026004197213624e+00
-4.265281816383970082e-01,6.933013805383473338e-01,2.401227731901035556e-01,1.911077317018957111e-01,-7.651578553896515311e-01,-4.733742500950542942e-01,1.570801904283443573e+00,8.053399070238268908e-05,-3.681554015753229499e-05,-3.598781924707408959e-05,-3.561026925069351104e-05,-1.151388641385732870e-04,-2.617954156658912623e-01,-2.836026004197213624e+00
-4.265151701933026507e-01,6.933105295292357750e-01,2.401337301954966641e-01,1.911247948922262241e-01,-7.651578553896515311e-01,-4.734126297164338859e-01,1.570801904283443573e+00,8.053399070238268908e-05,-3.681554015753229499e-05,-3.598781924707408959e-05,-3.561026925069351104e-05,-1.151388641385732870e-04,-2.617954156658912623e-01,-2.836026004197213624e+00
-4.265021587482082932e-01,6.933105295292357750e-01,2.401337301954966641e-01,1.911247948922262241e-01,-7.651578553896515311e-01,-4.734126297164338859e-01,1.570801904283443573e+00,8.053399070238268908e-05,-3.681554015753229499e-05,-3.598781924707408959e-05,-5.341540387604027334e-05,-1.151388641385732870e-04,-2.617954156658912623e-01,-2.836026004197213624e+00
-4.264761358580195783e-01,6.933196785201242163e-01,2.401446872008897726e-01,1.911418580825567648e-01,-7.651756605242769904e-01,-4.734510093378133666e-01,1.570801904283443573e+00,8.053399070238268908e-05,-3.681554015753229499e-05,-3.598781924707408959e-05,-3.561026925069351104e-05,-1.151388641385732870e-04,-2.617954156658912623e-01,-2.836026004197213624e+00
-4.264631244129252208e-01,6.933196785201242163e-01,2.401556442062829089e-01,1.911418580825567648e-01,-7.651756605242769904e-01,-4.734510093378133666e-01,1.570801904283443573e+00,8.053399070238268908e-05,-3.681554015753229499e-05,-3.598781924707408959e-05,-3.561026925069351104e-05,-1.151388641385732870e-04,-2.617954156658912623e-01,-2.836026004197213624e+00
-4.264501129678308078e-01,6.933288275110127685e-01,2.401556442062829089e-01,1.911418580825567648e-01,-7.651756605242769904e-01,-4.734510093378133666e-01,1.570801904283443573e+00,8.053399070238268908e-05,-3.681554015753229499e-05,-3.598781924707408959e-05,-3.561026925069351104e-05,-1.151388641385732870e-04,-2.617954156658912623e-01,-2.836026004197213624e+00
-4.264371015227364503e-01,6.933288275110127685e-01,2.401666012116760174e-01,1.911418580825567648e-01,-7.651756605242769904e-01,-4.734893889591929028e-01,1.570801904283443573e+00,8.053399070238268908e-05,-3.681554015753229499e-05,-3.598781924707408959e-05,-5.341540387604027334e-05,-1.151388641385732870e-04,-2.617954156658912623e-01,-2.836026004197213624e+00
-4.264371015227364503e-01,6.933288275110127685e-01,2.401666012116760174e-01,1.911589212728873055e-01,-7.651756605242769904e-01,-4.734893889591929028e-01,1.570801904283443573e+00,8.053399070238268908e-05,-3.681554015753229499e-05,-3.598781924707408959e-05,-5.341540387604027334e-05,-1.151388641385732870e-04,-2.617954156658912623e-01,-2.836026004197213624e+00
-4.264240900776420928e-01,6.933379765019012098e-01,2.401775582170691259e-01,1.911589212728873055e-01,-7.651934656589022277e-01,-4.735277685805724390e-01,1.570801904283443573e+00,8.053399070238268908e-05,-3.681554015753229499e-05,-3.598781924707408959e-05,-3.561026925069351104e-05,-1.151388641385732870e-04,-2.617954156658912623e-01,-2.836026004197213624e+00
-4.263980671874533779e-01,6.933471254927896510e-01,2.401885152224622622e-01,1.911759844632177907e-01,-7.651934656589022277e-01,-4.735277685805724390e-01,1.570801904283443573e+00,8.053399070238268908e-05,-3.681554015753229499e-05,-3.598781924707408959e-05,-3.561026925069351104e-05,-1.151388641385732870e-04,-2.617954156658912623e-01,-2.836026004197213624e+00
-4.263720442972646074e-01,6.933471254927896510e-01,2.401994722278553707e-01,1.911759844632177907e-01,-7.651934656589022277e-01,-4.735661482019519752e-01,1.570801904283443573e+00,8.053399070238268908e-05,-3.681554015753229499e-05,-3.598781924707408959e-05,-3.561026925069351104e-05,-1.151388641385732870e-04,-2.617954156658912623e-01,-2.836026004197213624e+00
-4.263460214070758925e-01,6.933562744836780922e-01,2.402104292332484514e-01,1.911930476535483314e-01,-7.652112707935275759e-01,-4.736045278233314559e-01,1.570801904283443573e+00,8.053399070238268908e-05,-3.681554015753229499e-05,-3.598781924707408959e-05,-3.561026925069351104e-05,-1.151388641385732870e-04,-2.617954156658912623e-01,-2.836026004197213624e+00
-4.263460214070758925e-01,6.933654234745667555e-01,2.402104292332484514e-01,1.911930476535483314e-01,-7.652112707935275759e-01,-4.736045278233314559e-01,1.570801904283443573e+00,8.053399070238268908e-05,-3.681554015753229499e-05,-3.598781924707408959e-05,-3.561026925069351104e-05,-1.151388641385732870e-04,-2.617954156658912623e-01,-2.836026004197213624e+00
-4.263330099619815350e-01,6.933654234745667555e-01,2.402213862386415877e-01,1.912101108438788444e-01,-7.652112707935275759e-01,-4.736429074447109921e-01,1.570801904283443573e+00,8.053399070238268908e-05,-3.681554015753229499e-05,-3.598781924707408959e-05,-3.561026925069351104e-05,-1.151388641385732870e-04,-2.617954156658912623e-01,-2.836026004197213624e+00
-4.263199985168871775e-01,6.933654234745667555e-01,2.402213862386415877e-01,1.912101108438788444e-01,-7.652112707935275759e-01,-4.736429074447109921e-01,1.570801904283443573e+00,8.053399070238268908e-05,-3.681554015753229499e-05,-3.598781924707408959e-05,-5.341540387604027334e-05,-1.151388641385732870e-04,-2.617954156658912623e-01,-2.836026004197213624e+00
-4.263069870717928200e-01,6.933745724654551967e-01,2.402213862386415877e-01,1.912101108438788444e-01,-7.652112707935275759e-01,-4.736429074447109921e-01,1.570801904283443573e+00,8.053399070238268908e-05,-3.681554015753229499e-05,-3.598781924707408959e-05,-3.561026925069351104e-05,-1.151388641385732870e-04,-2.617954156658912623e-01,-2.836026004197213624e+00
-4.262809641816040496e-01,6.933837214563436380e-01,2.402323432440346962e-01,1.912271740342093851e-01,-7.652290759281529242e-01,-4.736812870660905284e-01,1.570801904283443573e+00,8.053399070238268908e-05,-3.681554015753229499e-05,-3.598781924707408959e-05,-3.561026925069351104e-05,-1.151388641385732870e-04,-2.617954156658912623e-01,-2.836026004197213624e+00
-4.262549412914153346e-01,6.933837214563436380e-01,2.402433002494278047e-01,1.912271740342093851e-01,-7.652290759281529242e-01,-4.737196666874700646e-01,1.570801904283443573e+00,8.053399070238268908e-05,-3.681554015753229499e-05,-3.598781924707408959e-05,-3.561026925069351104e-05,-1.151388641385732870e-04,-2.617954156658912623e-01,-2.836026004197213624e+00
-4.262419298463209771e-01,6.933928704472321902e-01,2.402542572548209132e-01,1.912442372245399258e-01,-7.652290759281529242e-01,-4.737196666874700646e-01,1.570801904283443573e+00,8.053399070238268908e-05,-3.681554015753229499e-05,-3.598781924707408959e-05,-3.561026925069351104e-05,-1.151388641385732870e-04,-2.617954156658912623e-01,-2.836026004197213624e+00
-4.262419298463209771e-01,6.933928704472321902e-01,2.402542572548209132e-01,1.912442372245399258e-01,-7.652468810627783835e-01,-4.737580463088495453e-01,1.570801904283443573e+00,8.053399070238268908e-05,-3.681554015753229499e-05,-3.598781924707408959e-05,-5.341540387604027334e-05,-1.151388641385732870e-04,-2.617954156658912623e-01,-2.836026004197213624e+00
-4.262289184012266197e-01,6.934020194381206315e-01,2.402542572548209132e-01,1.912442372245399258e-01,-7.652468810627783835e-01,-4.737580463088495453e-01,1.570801904283443573e+00,8.053399070238268908e-05,-3.681554015753229499e-05,-3.598781924707408959e-05,-3.561026925069351104e-05,-1.151388641385732870e-04,-2.617954156658912623e-01,-2.836026004197213624e+00
-4.262159069561322622e-01,6.934020194381206315e-01,2.402652142602140495e-01,1.912613004148704388e-01,-7.652468810627783835e-01,-4.737964259302291370e-01,1.570801904283443573e+00,8.053399070238268908e-05,-3.681554015753229499e-05,-3.598781924707408959e-05,-3.561026925069351104e-05,-1.151388641385732870e-04,-2.617954156658912623e-01,-2.836026004197213624e+00
-4.262028955110378492e-01,6.934020194381206315e-01,2.402652142602140495e-01,1.912613004148704388e-01,-7.652468810627783835e-01,-4.737964259302291370e-01,1.570801904283443573e+00,8.053399070238268908e-05,-3.681554015753229499e-05,-3.598781924707408959e-05,-3.561026925069351104e-05,-1.151388641385732870e-04,-2.617954156658912623e-01,-2.836026004197213624e+00
-4.261768726208491342e-01,6.934111684290090727e-01,2.402761712656071580e-01,1.912783636052009795e-01,-7.652646861974036208e-01,-4.738348055516086177e-01,1.570801904283443573e+00,8.053399070238268908e-05,-3.681554015753229499e-05,-3.598781924707408959e-05,-3.561026925069351104e-05,-1.151388641385732870e-04,-2.617954156658912623e-01,-2.836026004197213624e+00
-4.261638611757547768e-01,6.934203174198975139e-01,2.402871282710002665e-01,1.912783636052009795e-01,-7.652646861974036208e-01,-4.738348055516086177e-01,1.570801904283443573e+00,8.053399070238268908e-05,-3.681554015753229499e-05,-3.598781924707408959e-05,-3.561026925069351104e-05,-1.151388641385732870e-04,-2.617954156658912623e-01,-2.836026004197213624e+00
-4.261508497306604193e-01,6.934203174198975139e-01,2.402871282710002665e-01,1.912783636052009795e-01,-7.652646861974036208e-01,-4.738731851729881539e-01,1.570801904283443573e+00,8.053399070238268908e-05,-3.681554015753229499e-05,-3.598781924707408959e-05,-3.561026925069351104e-05,-1.151388641385732870e-04,-2.617954156658912623e-01,-2.836026004197213624e+00
-4.261378382855660618e-01,6.934203174198975139e-01,2.402980852763934028e-01,1.912954267955314924e-01,-7.652646861974036208e-01,-4.738731851729881539e-01,1.570801904283443573e+00,8.053399070238268908e-05,-3.681554015753229499e-05,-3.598781924707408959e-05,-3.561026925069351104e-05,-1.151388641385732870e-04,-2.617954156658912623e-01,-2.836026004197213624e+00
-4.261378382855660618e-01,6.934294664107860662e-01,2.402980852763934028e-01,1.912954267955314924e-01,-7.652824913320289690e-01,-4.738348055516086177e-01,1.570801904283443573e+00,8.053399070238268908e-05,-3.681554015753229499e-05,-3.598781924707408959e-05,-3.561026925069351104e-05,-1.151388641385732870e-04,-2.617954156658912623e-01,-2.836026004197213624e+00
-4.261248268404717598e-01,6.934294664107860662e-01,2.402980852763934028e-01,1.912954267955314924e-01,-7.652824913320289690e-01,-4.738731851729881539e-01,1.570801904283443573e+00,8.053399070238268908e-05,-3.681554015753229499e-05,-3.598781924707408959e-05,-3.561026925069351104e-05,-1.151388641385732870e-04,-2.617954156658912623e-01,-2.836026004197213624e+00
-4.261118153953773469e-01,6.934294664107860662e-01,2.403090422817865113e-01,1.913124899858620054e-01,-7.652824913320289690e-01,-4.738731851729881539e-01,1.570801904283443573e+00,8.053399070238268908e-05,-3.681554015753229499e-05,-3.598781924707408959e-05,-3.561026925069351104e-05,-1.151388641385732870e-04,-2.617954156658912623e-01,-2.836026004197213624e+00
-4.260988039502829894e-01,6.934386154016745074e-01,2.403090422817865113e-01,1.913124899858620054e-01,-7.652824913320289690e-01,-4.739115647943676346e-01,1.570801904283443573e+00,8.053399070238268908e-05,-3.681554015753229499e-05,-3.598781924707408959e-05,-3.561026925069351104e-05,-1.151388641385732870e-04,-2.617954156658912623e-01,-2.836026004197213624e+00
-4.260857925051886319e-01,6.934386154016745074e-01,2.403199992871795920e-01,1.913124899858620054e-01,-7.652824913320289690e-01,-4.739115647943676346e-01,1.570801904283443573e+00,8.053399070238268908e-05,-3.681554015753229499e-05,-3.598781924707408959e-05,-5.341540387604027334e-05,-1.151388641385732870e-04,-2.617954156658912623e-01,-2.836026004197213624e+00
-4.260727810600942744e-01,6.934386154016745074e-01,2.403199992871795920e-01,1.913295531761925461e-01,-7.653002964666543173e-01,-4.739115647943676346e-01,1.570801904283443573e+00,8.053399070238268908e-05,-3.681554015753229499e-05,-3.598781924707408959e-05,-3.561026925069351104e-05,-1.151388641385732870e-04,-2.617954156658912623e-01,-2.836026004197213624e+00
-4.260467581699055595e-01,6.934477643925629486e-01,2.403309562925727283e-01,1.913295531761925461e-01,-7.653002964666543173e-01,-4.739499444157472263e-01,1.570801904283443573e+00,8.053399070238268908e-05,-3.681554015753229499e-05,-3.598781924707408959e-05,-3.561026925069351104e-05,-1.151388641385732870e-04,-2.617954156658912623e-01,-2.836026004197213624e+00
-4.260207352797167890e-01,6.934569133834516119e-01,2.403419132979658368e-01,1.913466163665230590e-01,-7.653002964666543173e-01,-4.739883240371267070e-01,1.570801904283443573e+00,8.053399070238268908e-05,-3.681554015753229499e-05,-3.598781924707408959e-05,-5.341540387604027334e-05,-1.151388641385732870e-04,-2.617954156658912623e-01,-2.836026004197213624e+00
-4.260077238346224315e-01,6.934569133834516119e-01,2.403528703033589453e-01,1.913466163665230590e-01,-7.653181016012797766e-01,-4.739883240371267070e-01,1.570801904283443573e+00,8.053399070238268908e-05,-3.681554015753229499e-05,-3.598781924707408959e-05,-5.341540387604027334e-05,-1.151388641385732870e-04,-2.617954156658912623e-01,-2.836026004197213624e+00
-4.259947123895280741e-01,6.934569133834516119e-01,2.403528703033589453e-01,1.913636795568535998e-01,-7.653181016012797766e-01,-4.740267036585062432e-01,1.570801904283443573e+00,8.053399070238268908e-05,-3.681554015753229499e-05,-3.598781924707408959e-05,-5.341540387604027334e-05,-1.151388641385732870e-04,-2.617954156658912623e-01,-2.836026004197213624e+00
-4.259817009444337166e-01,6.934660623743400532e-01,2.403638273087520816e-01,1.913636795568535998e-01,-7.653181016012797766e-01,-4.740650832798857794e-01,1.570801904283443573e+00,8.053399070238268908e-05,-3.681554015753229499e-05,-3.598781924707408959e-05,-3.561026925069351104e-05,-1.151388641385732870e-04,-2.617954156658912623e-01,-2.836026004197213624e+00
-4.259686894993393591e-01,6.934660623743400532e-01,2.403638273087520816e-01,1.913636795568535998e-01,-7.653181016012797766e-01,-4.740650832798857794e-01,1.570801904283443573e+00,8.053399070238268908e-05,-3.681554015753229499e-05,-3.598781924707408959e-05,-3.561026925069351104e-05,-1.151388641385732870e-04,-2.617954156658912623e-01,-2.836026004197213624e+00
-4.259556780542450016e-01,6.934660623743400532e-01,2.403638273087520816e-01,1.913807427471841405e-01,-7.653359067359050139e-01,-4.741034629012653157e-01,1.570801904283443573e+00,8.053399070238268908e-05,-3.681554015753229499e-05,-3.598781924707408959e-05,-3.561026925069351104e-05,-1.151388641385732870e-04,-2.617954156658912623e-01,-2.836026004197213624e+00
-4.259426666091505886e-01,6.934752113652284944e-01,2.403747843141451901e-01,1.913807427471841405e-01,-7.653359067359050139e-01,-4.741034629012653157e-01,1.570801904283443573e+00,8.053399070238268908e-05,-3.681554015753229499e-05,-3.598781924707408959e-05,-5.341540387604027334e-05,-1.151388641385732870e-04,-2.617954156658912623e-01,-2.836026004197213624e+00
-4.259296551640562312e-01,6.934752113652284944e-01,2.403747843141451901e-01,1.913807427471841405e-01,-7.653359067359050139e-01,-4.741034629012653157e-01,1.570801904283443573e+00,8.053399070238268908e-05,-3.681554015753229499e-05,-3.598781924707408959e-05,-3.561026925069351104e-05,-1.151388641385732870e-04,-2.617954156658912623e-01,-2.836026004197213624e+00
-4.259166437189618737e-01,6.934752113652284944e-01,2.403747843141451901e-01,1.913978059375146534e-01,-7.653359067359050139e-01,-4.741418425226447964e-01,1.570801904283443573e+00,8.053399070238268908e-05,-3.681554015753229499e-05,-3.598781924707408959e-05,-3.561026925069351104e-05,-1.151388641385732870e-04,-2.617954156658912623e-01,-2.836026004197213624e+00
-4.258906208287731587e-01,6.934752113652284944e-01,2.403857413195382986e-01,1.913978059375146534e-01,-7.653359067359050139e-01,-4.741802221440243881e-01,1.570801904283443573e+00,8.053399070238268908e-05,-3.681554015753229499e-05,-3.598781924707408959e-05,-5.341540387604027334e-05,-1.151388641385732870e-04,-2.617954156658912623e-01,-2.836026004197213624e+00
-4.258776093836788013e-01,6.934843603561169356e-01,2.403857413195382986e-01,1.914148691278451941e-01,-7.653359067359050139e-01,-4.741802221440243881e-01,1.570801904283443573e+00,8.053399070238268908e-05,-3.681554015753229499e-05,-3.598781924707408959e-05,-3.561026925069351104e-05,-1.151388641385732870e-04,-2.617954156658912623e-01,-2.836026004197213624e+00
-4.258645979385843883e-01,6.934843603561169356e-01,2.403857413195382986e-01,1.914148691278451941e-01,-7.653537118705303621e-01,-4.741802221440243881e-01,1.570801904283443573e+00,8.053399070238268908e-05,-3.681554015753229499e-05,-3.598781924707408959e-05,-3.561026925069351104e-05,-1.151388641385732870e-04,-2.617954156658912623e-01,-2.836026004197213624e+00
-4.258515864934900308e-01,6.934843603561169356e-01,2.403857413195382986e-01,1.914148691278451941e-01,-7.653537118705303621e-01,-4.742186017654038688e-01,1.570801904283443573e+00,8.053399070238268908e-05,-3.681554015753229499e-05,-3.598781924707408959e-05,-5.341540387604027334e-05,-1.151388641385732870e-04,-2.617954156658912623e-01,-2.836026004197213624e+00
-4.258385750483956733e-01,6.934843603561169356e-01,2.403857413195382986e-01,1.914319323181757071e-01,-7.653537118705303621e-01,-4.742186017654038688e-01,1.570801904283443573e+00,8.053399070238268908e-05,-3.681554015753229499e-05,-3.598781924707408959e-05,-3.561026925069351104e-05,-1.151388641385732870e-04,-2.617954156658912623e-01,-2.836026004197213624e+00
-4.258255636033013158e-01,6.934843603561169356e-01,2.403857413195382986e-01,1.914319323181757071e-01,-7.653537118705303621e-01,-4.742569813867834050e-01,1.570801904283443573e+00,8.053399070238268908e-05,-3.681554015753229499e-05,-3.598781924707408959e-05,-3.561026925069351104e-05,-1.151388641385732870e-04,-2.617954156658912623e-01,-2.836026004197213624e+00
-4.258125521582069584e-01,6.934843603561169356e-01,2.403857413195382986e-01,1.914489955085062201e-01,-7.653537118705303621e-01,-4.742569813867834050e-01,1.570801904283443573e+00,8.053399070238268908e-05,-3.681554015753229499e-05,-3.598781924707408959e-05,-3.561026925069351104e-05,-1.151388641385732870e-04,-2.617954156658912623e-01,-2.836026004197213624e+00
-4.257995407131126009e-01,6.934843603561169356e-01,2.403966983249314349e-01,1.914489955085062201e-01,-7.653537118705303621e-01,-4.742953610081628857e-01,1.570801904283443573e+00,8.053399070238268908e-05,-3.681554015753229499e-05,-3.598781924707408959e-05,-3.561026925069351104e-05,-1.151388641385732870e-04,-2.617954156658912623e-01,-2.836026004197213624e+00
-4.257865292680181879e-01,6.934843603561169356e-01,2.403966983249314349e-01,1.914489955085062201e-01,-7.653537118705303621e-01,-4.742953610081628857e-01,1.570801904283443573e+00,8.053399070238268908e-05,-3.681554015753229499e-05,-3.598781924707408959e-05,-3.561026925069351104e-05,-1.151388641385732870e-04,-2.617954156658912623e-01,-2.836026004197213624e+00
-4.257605063778294729e-01,6.934935093470054879e-01,2.403966983249314349e-01,1.914660586988367608e-01,-7.653715170051557104e-01,-4.743337406295424774e-01,1.570801904283443573e+00,8.053399070238268908e-05,-3.681554015753229499e-05,-3.598781924707408959e-05,-3.561026925069351104e-05,-1.151388641385732870e-04,-2.617954156658912623e-01,-2.836026004197213624e+00
-4.257344834876407580e-01,6.934935093470054879e-01,2.403966983249314349e-01,1.914660586988367608e-01,-7.653715170051557104e-01,-4.743721202509219581e-01,1.570801904283443573e+00,8.053399070238268908e-05,-3.681554015753229499e-05,-3.598781924707408959e-05,-3.561026925069351104e-05,-1.151388641385732870e-04,-2.617954156658912623e-01,-2.836026004197213624e+00
-4.257214720425464005e-01,6.934935093470054879e-01,2.403966983249314349e-01,1.914831218891672737e-01,-7.653715170051557104e-01,-4.743721202509219581e-01,1.570801904283443573e+00,8.053399070238268908e-05,-3.681554015753229499e-05,-3.598781924707408959e-05,-5.341540387604027334e-05,-1.151388641385732870e-04,-2.617954156658912623e-01,-2.836026004197213624e+00
-4.257084605974519875e-01,6.934935093470054879e-01,2.403966983249314349e-01,1.914831218891672737e-01,-7.653715170051557104e-01,-4.744104998723014943e-01,1.570801904283443573e+00,8.053399070238268908e-05,-3.681554015753229499e-05,-3.598781924707408959e-05,-5.341540387604027334e-05,-1.151388641385732870e-04,-2.617954156658912623e-01,-2.836026004197213624e+00
-4.256954491523576301e-01,6.934935093470054879e-01,2.403966983249314349e-01,1.914831218891672737e-01,-7.653715170051557104e-01,-4.744104998723014943e-01,1.570801904283443573e+00,8.053399070238268908e-05,-3.681554015753229499e-05,-3.598781924707408959e-05,-3.561026925069351104e-05,-1.151388641385732870e-04,-2.617954156658912623e-01,-2.836026004197213624e+00
-4.256954491523576301e-01,6.934935093470054879e-01,2.403966983249314349e-01,1.915001850794978144e-01,-7.653715170051557104e-01,-4.744104998723014943e-01,1.570801904283443573e+00,8.053399070238268908e-05,-3.681554015753229499e-05,-3.598781924707408959e-05,-3.561026925069351104e-05,-1.151388641385732870e-04,-2.617954156658912623e-01,-2.836026004197213624e+00
-4.256824377072632726e-01,6.934935093470054879e-01,2.403966983249314349e-01,1.915001850794978144e-01,-7.653893221397810587e-01,-4.744488794936810305e-01,1.570801904283443573e+00,8.053399070238268908e-05,-3.681554015753229499e-05,-3.598781924707408959e-05,-3.561026925069351104e-05,-1.151388641385732870e-04,-2.617954156658912623e-01,-2.836026004197213624e+00
-4.256694262621689151e-01,6.934935093470054879e-01,2.403966983249314349e-01,1.915001850794978144e-01,-7.653893221397810587e-01,-4.744488794936810305e-01,1.570801904283443573e+00,8.053399070238268908e-05,-3.681554015753229499e-05,-3.598781924707408959e-05,-3.561026925069351104e-05,-1.151388641385732870e-04,-2.617954156658912623e-01,-2.836026004197213624e+00
-4.256564148170745576e-01,6.934935093470054879e-01,2.403966983249314349e-01,1.915172482698283274e-01,-7.653893221397810587e-01,-4.744872591150605667e-01,1.570801904283443573e+00,8.053399070238268908e-05,-3.681554015753229499e-05,-3.598781924707408959e-05,-3.561026925069351104e-05,-1.151388641385732870e-04,-2.617954156658912623e-01,-2.836026004197213624e+00
-4.256434033719802001e-01,6.934935093470054879e-01,2.403966983249314349e-01,1.915172482698283274e-01,-7.653893221397810587e-01,-4.744872591150605667e-01,1.570801904283443573e+00,8.053399070238268908e-05,-3.681554015753229499e-05,-3.598781924707408959e-05,-3.561026925069351104e-05,-1.151388641385732870e-04,-2.617954156658912623e-01,-2.836026004197213624e+00
-4.256173804817914297e-01,6.934935093470054879e-01,2.403966983249314349e-01,1.915343114601588681e-01,-7.653893221397810587e-01,-4.745256387364400474e-01,1.570801904283443573e+00,8.053399070238268908e-05,-3.681554015753229499e-05,-3.598781924707408959e-05,-3.561026925069351104e-05,-1.151388641385732870e-04,-2.617954156658912623e-01,-2.836026004197213624e+00
-4.256043690366970722e-01,6.934935093470054879e-01,2.403966983249314349e-01,1.915343114601588681e-01,-7.653893221397810587e-01,-4.745256387364400474e-01,1.570801904283443573e+00,8.053399070238268908e-05,-3.681554015753229499e-05,-3.598781924707408959e-05,-3.561026925069351104e-05,-1.151388641385732870e-04,-2.617954156658912623e-01,-2.836026004197213624e+00
-4.255913575916027147e-01,6.934935093470054879e-01,2.403966983249314349e-01,1.915343114601588681e-01,-7.653893221397810587e-01,-4.745256387364400474e-01,1.570801904283443573e+00,8.053399070238268908e-05,-3.681554015753229499e-05,-3.598781924707408959e-05,-5.341540387604027334e-05,-1.151388641385732870e-04,-2.617954156658912623e-01,-2.836026004197213624e+00
-4.255913575916027147e-01,6.934935093470054879e-01,2.403966983249314349e-01,1.915513746504894088e-01,-7.653893221397810587e-01,-4.745640183578195836e-01,1.570801904283443573e+00,8.053399070238268908e-05,-3.681554015753229499e-05,-3.598781924707408959e-05,-3.561026925069351104e-05,-1.151388641385732870e-04,-2.617954156658912623e-01,-2.836026004197213624e+00
-4.255653347014139998e-01,6.934935093470054879e-01,2.403966983249314349e-01,1.915513746504894088e-01,-7.654071272744064069e-01,-4.746023979791991199e-01,1.570801904283443573e+00,8.053399070238268908e-05,-3.681554015753229499e-05,-3.598781924707408959e-05,-3.561026925069351104e-05,-1.151388641385732870e-04,-2.617954156658912623e-01,-2.836026004197213624e+00
-4.255523232563196423e-01,6.934935093470054879e-01,2.403966983249314349e-01,1.915684378408199218e-01,-7.654071272744064069e-01,-4.746023979791991199e-01,1.570801904283443573e+00,8.053399070238268908e-05,-3.681554015753229499e-05,-3.598781924707408959e-05,-5.341540387604027334e-05,-1.151388641385732870e-04,-2.617954156658912623e-01,-2.836026004197213624e+00
-4.255393118112252293e-01,6.934935093470054879e-01,2.403966983249314349e-01,1.915684378408199218e-01,-7.654071272744064069e-01,-4.746023979791991199e-01,1.570801904283443573e+00,8.053399070238268908e-05,-3.681554015753229499e-05,-3.598781924707408959e-05,-3.561026925069351104e-05,-1.151388641385732870e-04,-2.617954156658912623e-01,-2.836026004197213624e+00
-4.255263003661308718e-01,6.934935093470054879e-01,2.403966983249314349e-01,1.915684378408199218e-01,-7.654071272744064069e-01,-4.746407776005786561e-01,1.570801904283443573e+00,8.053399070238268908e-05,-3.681554015753229499e-05,-3.598781924707408959e-05,-3.561026925069351104e-05,-1.151388641385732870e-04,-2.617954156658912623e-01,-2.836026004197213624e+00
-4.255132889210365144e-01,6.934935093470054879e-01,2.403966983249314349e-01,1.915684378408199218e-01,-7.654071272744064069e-01,-4.746407776005786561e-01,1.570801904283443573e+00,8.053399070238268908e-05,-3.681554015753229499e-05,-3.598781924707408959e-05,-3.561026925069351104e-05,-1.151388641385732870e-04,-2.617954156658912623e-01,-2.836026004197213624e+00
-4.255002774759421569e-01,6.934935093470054879e-01,2.403966983249314349e-01,1.915855010311504347e-01,-7.654071272744064069e-01,-4.746407776005786561e-01,1.570801904283443573e+00,8.053399070238268908e-05,-3.681554015753229499e-05,-3.598781924707408959e-05,-3.561026925069351104e-05,-1.151388641385732870e-04,-2.617954156658912623e-01,-2.836026004197213624e+00
-4.254872660308477994e-01,6.934935093470054879e-01,2.403966983249314349e-01,1.916025642214809754e-01,-7.654071272744064069e-01,-4.746791572219581368e-01,1.570801904283443573e+00,8.053399070238268908e-05,-3.681554015753229499e-05,-3.598781924707408959e-05,-3.561026925069351104e-05,-1.151388641385732870e-04,-2.617954156658912623e-01,-2.836026004197213624e+00
-4.254742545857534419e-01,6.934935093470054879e-01,2.403966983249314349e-01,1.916025642214809754e-01,-7.654249324090317552e-01,-4.747175368433377285e-01,1.570801904283443573e+00,8.053399070238268908e-05,-3.681554015753229499e-05,-3.598781924707408959e-05,-3.561026925069351104e-05,-1.151388641385732870e-04,-2.617954156658912623e-01,-2.836026004197213624e+00
-4.254612431406590289e-01,6.934935093470054879e-01,2.403966983249314349e-01,1.916025642214809754e-01,-7.654249324090317552e-01,-4.747175368433377285e-01,1.570801904283443573e+00,8.053399070238268908e-05,-3.681554015753229499e-05,-3.598781924707408959e-05,-3.561026925069351104e-05,-1.151388641385732870e-04,-2.617954156658912623e-01,-2.836026004197213624e+00
-4.254482316955646715e-01,6.934935093470054879e-01,2.403966983249314349e-01,1.916025642214809754e-01,-7.654249324090317552e-01,-4.747175368433377285e-01,1.570801904283443573e+00,8.053399070238268908e-05,-3.681554015753229499e-05,-3.598781924707408959e-05,-3.561026925069351104e-05,-1.151388641385732870e-04,-2.617954156658912623e-01,-2.836026004197213624e+00
-4.254352202504703140e-01,6.934935093470054879e-01,2.403966983249314349e-01,1.916196274118114884e-01,-7.654249324090317552e-01,-4.747559164647172092e-01,1.570801904283443573e+00,8.053399070238268908e-05,-3.681554015753229499e-05,-3.598781924707408959e-05,-3.561026925069351104e-05,-1.151388641385732870e-04,-2.617954156658912623e-01,-2.836026004197213624e+00
-4.254091973602815990e-01,6.934935093470054879e-01,2.403966983249314349e-01,1.916366906021420291e-01,-7.654249324090317552e-01,-4.747559164647172092e-01,1.570801904283443573e+00,8.053399070238268908e-05,-3.681554015753229499e-05,-3.598781924707408959e-05,-3.561026925069351104e-05,-1.151388641385732870e-04,-2.617954156658912623e-01,-2.836026004197213624e+00
-4.253961859151872416e-01,6.934935093470054879e-01,2.403966983249314349e-01,1.916366906021420291e-01,-7.654249324090317552e-01,-4.747942960860967454e-01,1.570801904283443573e+00,8.053399070238268908e-05,-3.681554015753229499e-05,-3.598781924707408959e-05,-3.561026925069351104e-05,-1.151388641385732870e-04,-2.617954156658912623e-01,-2.836026004197213624e+00
-4.253961859151872416e-01,6.934935093470054879e-01,2.403966983249314349e-01,1.916366906021420291e-01,-7.654249324090317552e-01,-4.747942960860967454e-01,1.570801904283443573e+00,8.053399070238268908e-05,-3.681554015753229499e-05,-3.598781924707408959e-05,-3.561026925069351104e-05,-1.151388641385732870e-04,-2.617954156658912623e-01,-2.836026004197213624e+00
-4.253831744700928841e-01,6.934935093470054879e-01,2.403966983249314349e-01,1.916537537924725421e-01,-7.654249324090317552e-01,-4.748326757074762261e-01,1.570801904283443573e+00,8.053399070238268908e-05,-3.681554015753229499e-05,-3.598781924707408959e-05,-3.561026925069351104e-05,-1.151388641385732870e-04,-2.617954156658912623e-01,-2.836026004197213624e+00
-4.253701630249984711e-01,6.934935093470054879e-01,2.403966983249314349e-01,1.916537537924725421e-01,-7.654249324090317552e-01,-4.748326757074762261e-01,1.570801904283443573e+00,8.053399070238268908e-05,-3.681554015753229499e-05,-3.598781924707408959e-05,-3.561026925069351104e-05,-1.151388641385732870e-04,-2.617954156658912623e-01,-2.836026004197213624e+00
-4.253571515799041136e-01,6.934935093470054879e-01,2.403966983249314349e-01,1.916537537924725421e-01,-7.654427375436571035e-01,-4.748326757074762261e-01,1.570801904283443573e+00,8.053399070238268908e-05,-3.681554015753229499e-05,-3.598781924707408959e-05,-3.561026925069351104e-05,-1.151388641385732870e-04,-2.617954156658912623e-01,-2.836026004197213624e+00
-4.253311286897153987e-01,6.934935093470054879e-01,2.403966983249314349e-01,1.916708169828030828e-01,-7.654427375436571035e-01,-4.748710553288558178e-01,1.570801904283443573e+00,8.053399070238268908e-05,-3.681554015753229499e-05,-3.598781924707408959e-05,-5.341540387604027334e-05,-1.151388641385732870e-04,-2.617954156658912623e-01,-2.836026004197213624e+00
-4.253051057995266837e-01,6.934935093470054879e-01,2.403966983249314349e-01,1.916878801731336235e-01,-7.654427375436571035e-01,-4.749094349502352985e-01,1.570801904283443573e+00,8.053399070238268908e-05,-3.681554015753229499e-05,-3.598781924707408959e-05,-3.561026925069351104e-05,-1.151388641385732870e-04,-2.617954156658912623e-01,-2.836026004197213624e+00
-4.252920943544322707e-01,6.934935093470054879e-01,2.403966983249314349e-01,1.916878801731336235e-01,-7.654427375436571035e-01,-4.749094349502352985e-01,1.570801904283443573e+00,8.053399070238268908e-05,-3.681554015753229499e-05,-3.598781924707408959e-05,-3.561026925069351104e-05,-1.151388641385732870e-04,-2.617954156658912623e-01,-2.836026004197213624e+00
-4.252790829093379132e-01,6.934935093470054879e-01,2.403966983249314349e-01,1.916878801731336235e-01,-7.654427375436571035e-01,-4.749478145716148347e-01,1.570801904283443573e+00,8.053399070238268908e-05,-3.681554015753229499e-05,-3.598781924707408959e-05,-3.561026925069351104e-05,-1.151388641385732870e-04,-2.617954156658912623e-01,-2.836026004197213624e+00
-4.252790829093379132e-01,6.934935093470054879e-01,2.403966983249314349e-01,1.917049433634641364e-01,-7.654427375436571035e-01,-4.749478145716148347e-01,1.570801904283443573e+00,8.053399070238268908e-05,-3.681554015753229499e-05,-3.598781924707408959e-05,-3.561026925069351104e-05,-1.151388641385732870e-04,-2.617954156658912623e-01,-2.836026004197213624e+00
-4.252660714642435558e-01,6.934935093470054879e-01,2.403966983249314349e-01,1.917049433634641364e-01,-7.654427375436571035e-01,-4.749861941929943709e-01,1.570801904283443573e+00,8.053399070238268908e-05,-3.681554015753229499e-05,-3.598781924707408959e-05,-3.561026925069351104e-05,-1.151388641385732870e-04,-2.617954156658912623e-01,-2.836026004197213624e+00
-4.252530600191491983e-01,6.934935093470054879e-01,2.403966983249314349e-01,1.917049433634641364e-01,-7.654427375436571035e-01,-4.749861941929943709e-01,1.570801904283443573e+00,8.053399070238268908e-05,-3.681554015753229499e-05,-3.598781924707408959e-05,-3.561026925069351104e-05,-1.151388641385732870e-04,-2.617954156658912623e-01,-2.836026004197213624e+00
-4.252270371289604833e-01,6.934935093470054879e-01,2.403966983249314349e-01,1.917220065537946494e-01,-7.654605426782824518e-01,-4.750245738143739072e-01,1.570801904283443573e+00,8.053399070238268908e-05,-3.681554015753229499e-05,-3.598781924707408959e-05,-3.561026925069351104e-05,-1.151388641385732870e-04,-2.617954156658912623e-01,-2.836026004197213624e+00
-4.252140256838660703e-01,6.934935093470054879e-01,2.403966983249314349e-01,1.917220065537946494e-01,-7.654605426782824518e-01,-4.750245738143739072e-01,1.570801904283443573e+00,8.053399070238268908e-05,-3.681554015753229499e-05,-3.598781924707408959e-05,-5.341540387604027334e-05,-1.151388641385732870e-04,-2.617954156658912623e-01,-2.836026004197213624e+00
-4.252010142387717129e-01,6.934935093470054879e-01,2.403966983249314349e-01,1.917390697441251624e-01,-7.654605426782824518e-01,-4.750629534357533879e-01,1.570801904283443573e+00,8.053399070238268908e-05,-3.681554015753229499e-05,-3.598781924707408959e-05,-3.561026925069351104e-05,-1.151388641385732870e-04,-2.617954156658912623e-01,-2.836026004197213624e+00
-4.251880027936773554e-01,6.934935093470054879e-01,2.403966983249314349e-01,1.917390697441251624e-01,-7.654605426782824518e-01,-4.750629534357533879e-01,1.570801904283443573e+00,8.053399070238268908e-05,-3.681554015753229499e-05,-3.598781924707408959e-05,-5.341540387604027334e-05,-1.151388641385732870e-04,-2.617954156658912623e-01,-2.836026004197213624e+00
-4.251749913485829979e-01,6.934935093470054879e-01,2.403966983249314349e-01,1.917390697441251624e-01,-7.654605426782824518e-01,-4.750629534357533879e-01,1.570801904283443573e+00,8.053399070238268908e-05,-3.681554015753229499e-05,-3.598781924707408959e-05,-3.561026925069351104e-05,-1.151388641385732870e-04,-2.617954156658912623e-01,-2.836026004197213624e+00
-4.251489684583942830e-01,6.934935093470054879e-01,2.403966983249314349e-01,1.917561329344557031e-01,-7.654605426782824518e-01,-4.751013330571329796e-01,1.570801904283443573e+00,8.053399070238268908e-05,-3.681554015753229499e-05,-3.598781924707408959e-05,-3.561026925069351104e-05,-1.151388641385732870e-04,-2.617954156658912623e-01,-2.836026004197213624e+00
-4.251359570132999255e-01,6.934935093470054879e-01,2.403966983249314349e-01,1.917561329344557031e-01,-7.654605426782824518e-01,-4.751397126785124603e-01,1.570801904283443573e+00,8.053399070238268908e-05,-3.681554015753229499e-05,-3.598781924707408959e-05,-3.561026925069351104e-05,-1.151388641385732870e-04,-2.617954156658912623e-01,-2.836026004197213624e+00
-4.251229455682055125e-01,6.934935093470054879e-01,2.403966983249314349e-01,1.917731961247862438e-01,-7.654783478129078000e-01,-4.751397126785124603e-01,1.570801904283443573e+00,8.053399070238268908e-05,-3.681554015753229499e-05,-3.598781924707408959e-05,-3.561026925069351104e-05,-1.151388641385732870e-04,-2.617954156658912623e-01,-2.836026004197213624e+00
-4.251099341231111550e-01,6.934843603561169356e-01,2.403966983249314349e-01,1.917731961247862438e-01,-7.654783478129078000e-01,-4.751780922998919965e-01,1.570801904283443573e+00,8.053399070238268908e-05,-3.681554015753229499e-05,-3.598781924707408959e-05,-3.561026925069351104e-05,-1.151388641385732870e-04,-2.617954156658912623e-01,-2.836026004197213624e+00
-4.250969226780167975e-01,6.934843603561169356e-01,2.403966983249314349e-01,1.917902593151167567e-01,-7.654783478129078000e-01,-4.751780922998919965e-01,1.570801904283443573e+00,8.053399070238268908e-05,-3.681554015753229499e-05,-3.598781924707408959e-05,-3.561026925069351104e-05,-1.151388641385732870e-04,-2.617954156658912623e-01,-2.836026004197213624e+00
-4.250839112329224401e-01,6.934843603561169356e-01,2.403966983249314349e-01,1.917902593151167567e-01,-7.654783478129078000e-01,-4.751780922998919965e-01,1.570801904283443573e+00,8.053399070238268908e-05,-3.681554015753229499e-05,-3.598781924707408959e-05,-3.561026925069351104e-05,-1.151388641385732870e-04,-2.617954156658912623e-01,-2.836026004197213624e+00
-4.250578883427337251e-01,6.934843603561169356e-01,2.403966983249314349e-01,1.918073225054472974e-01,-7.654783478129078000e-01,-4.752164719212714772e-01,1.570801904283443573e+00,8.053399070238268908e-05,-3.681554015753229499e-05,-3.598781924707408959e-05,-3.561026925069351104e-05,-1.151388641385732870e-04,-2.617954156658912623e-01,-2.836026004197213624e+00
-4.250448768976393121e-01,6.934843603561169356e-01,2.403966983249314349e-01,1.918073225054472974e-01,-7.654783478129078000e-01,-4.752548515426510689e-01,1.570801904283443573e+00,8.053399070238268908e-05,-3.681554015753229499e-05,-3.598781924707408959e-05,-3.561026925069351104e-05,-1.151388641385732870e-04,-2.617954156658912623e-01,-2.836026004197213624e+00
-4.250318654525449547e-01,6.934843603561169356e-01,2.403857413195382986e-01,1.918073225054472974e-01,-7.654783478129078000e-01,-4.752548515426510689e-01,1.570801904283443573e+00,8.053399070238268908e-05,-3.681554015753229499e-05,-3.598781924707408959e-05,-3.561026925069351104e-05,-1.151388641385732870e-04,-2.617954156658912623e-01,-2.836026004197213624e+00
-4.250058425623562952e-01,6.934843603561169356e-01,2.403857413195382986e-01,1.918243856957778104e-01,-7.654783478129078000e-01,-4.752932311640305496e-01,1.570801904283443573e+00,8.053399070238268908e-05,-3.681554015753229499e-05,-3.598781924707408959e-05,-3.561026925069351104e-05,-1.151388641385732870e-04,-2.617954156658912623e-01,-2.836026004197213624e+00
-4.249928311172619377e-01,6.934752113652284944e-01,2.403857413195382986e-01,1.918243856957778104e-01,-7.654783478129078000e-01,-4.752932311640305496e-01,1.570801904283443573e+00,8.053399070238268908e-05,-3.681554015753229499e-05,-3.598781924707408959e-05,-3.561026925069351104e-05,-1.151388641385732870e-04,-2.617954156658912623e-01,-2.836026004197213624e+00
-4.249928311172619377e-01,6.934752113652284944e-01,2.403857413195382986e-01,1.918414488861083511e-01,-7.654783478129078000e-01,-4.753316107854100303e-01,1.570801904283443573e+00,8.053399070238268908e-05,-3.681554015753229499e-05,-3.598781924707408959e-05,-3.561026925069351104e-05,-1.151388641385732870e-04,-2.617954156658912623e-01,-2.836026004197213624e+00
-4.249798196721675803e-01,6.934752113652284944e-01,2.403857413195382986e-01,1.918414488861083511e-01,-7.654961529475331483e-01,-4.753316107854100303e-01,1.570801904283443573e+00,8.053399070238268908e-05,-3.681554015753229499e-05,-3.598781924707408959e-05,-3.561026925069351104e-05,-1.151388641385732870e-04,-2.617954156658912623e-01,-2.836026004197213624e+00
-4.249668082270732228e-01,6.934752113652284944e-01,2.403747843141451901e-01,1.918414488861083511e-01,-7.654961529475331483e-01,-4.753316107854100303e-01,1.570801904283443573e+00,8.053399070238268908e-05,-3.681554015753229499e-05,-3.598781924707408959e-05,-3.561026925069351104e-05,-1.151388641385732870e-04,-2.617954156658912623e-01,-2.836026004197213624e+00
-4.249537967819788098e-01,6.934660623743400532e-01,2.403747843141451901e-01,1.918585120764388641e-01,-7.654961529475331483e-01,-4.753699904067896220e-01,1.570801904283443573e+00,8.053399070238268908e-05,-3.681554015753229499e-05,-3.598781924707408959e-05,-3.561026925069351104e-05,-1.151388641385732870e-04,-2.617954156658912623e-01,-2.836026004197213624e+00
-4.249407853368844523e-01,6.934660623743400532e-01,2.403747843141451901e-01,1.918585120764388641e-01,-7.654961529475331483e-01,-4.753699904067896220e-01,1.570801904283443573e+00,8.053399070238268908e-05,-3.681554015753229499e-05,-3.598781924707408959e-05,-3.561026925069351104e-05,-1.151388641385732870e-04,-2.617954156658912623e-01,-2.836026004197213624e+00
-4.249147624466957374e-01,6.934569133834516119e-01,2.403638273087520816e-01,1.918755752667693770e-01,-7.654961529475331483e-01,-4.754083700281691582e-01,1.570801904283443573e+00,8.053399070238268908e-05,-3.681554015753229499e-05,-3.598781924707408959e-05,-3.561026925069351104e-05,-1.151388641385732870e-04,-2.617954156658912623e-01,-2.836026004197213624e+00
-4.249017510016013799e-01,6.934569133834516119e-01,2.403638273087520816e-01,1.918755752667693770e-01,-7.654961529475331483e-01,-4.754083700281691582e-01,1.570801904283443573e+00,8.053399070238268908e-05,-3.681554015753229499e-05,-3.598781924707408959e-05,-3.561026925069351104e-05,-1.151388641385732870e-04,-2.617954156658912623e-01,-2.836026004197213624e+00
-4.248887395565070224e-01,6.934569133834516119e-01,2.403638273087520816e-01,1.918926384570999177e-01,-7.654961529475331483e-01,-4.754467496495486389e-01,1.570801904283443573e+00,8.053399070238268908e-05,-3.681554015753229499e-05,-3.598781924707408959e-05,-3.561026925069351104e-05,-1.151388641385732870e-04,-2.617954156658912623e-01,-2.836026004197213624e+00
-4.248757281114126094e-01,6.934477643925629486e-01,2.403528703033589453e-01,1.918926384570999177e-01,-7.654961529475331483e-01,-4.754467496495486389e-01,1.570801904283443573e+00,8.053399070238268908e-05,-3.681554015753229499e-05,-3.598781924707408959e-05,-3.561026925069351104e-05,-1.151388641385732870e-04,-2.617954156658912623e-01,-2.836026004197213624e+00
-4.248627166663182519e-01,6.934477643925629486e-01,2.403528703033589453e-01,1.918926384570999177e-01,-7.654961529475331483e-01,-4.754467496495486389e-01,1.570801904283443573e+00,8.053399070238268908e-05,-3.681554015753229499e-05,-3.598781924707408959e-05,-3.561026925069351104e-05,-1.151388641385732870e-04,-2.617954156658912623e-01,-2.836026004197213624e+00
-4.248497052212238945e-01,6.934477643925629486e-01,2.403528703033589453e-01,1.919097016474304584e-01,-7.654961529475331483e-01,-4.754851292709281196e-01,1.570801904283443573e+00,8.053399070238268908e-05,-3.681554015753229499e-05,-3.598781924707408959e-05,-3.561026925069351104e-05,-1.151388641385732870e-04,-2.617954156658912623e-01,-2.836026004197213624e+00
-4.248497052212238945e-01,6.934386154016745074e-01,2.403419132979658368e-01,1.919097016474304584e-01,-7.654961529475331483e-01,-4.754851292709281196e-01,1.570801904283443573e+00,8.053399070238268908e-05,-3.681554015753229499e-05,-3.598781924707408959e-05,-3.561026925069351104e-05,-1.151388641385732870e-04,-2.617954156658912623e-01,-2.836026004197213624e+00
-4.248236823310351795e-01,6.934294664107860662e-01,2.403309562925727283e-01,1.919267648377609714e-01,-7.654961529475331483e-01,-4.755235088923077114e-01,1.570801904283443573e+00,8.053399070238268908e-05,-3.681554015753229499e-05,-3.598781924707408959e-05,-3.561026925069351104e-05,-1.151388641385732870e-04,-2.617954156658912623e-01,-2.836026004197213624e+00
-4.248106708859408220e-01,6.934294664107860662e-01,2.403309562925727283e-01,1.919267648377609714e-01,-7.654961529475331483e-01,-4.755235088923077114e-01,1.570801904283443573e+00,8.053399070238268908e-05,-3.681554015753229499e-05,-3.598781924707408959e-05,-3.561026925069351104e-05,-1.151388641385732870e-04,-2.617954156658912623e-01,-2.836026004197213624e+00
-4.247976594408464646e-01,6.934294664107860662e-01,2.403199992871795920e-01,1.919267648377609714e-01,-7.654961529475331483e-01,-4.755618885136871921e-01,1.570801904283443573e+00,8.053399070238268908e-05,-3.681554015753229499e-05,-3.598781924707408959e-05,-3.561026925069351104e-05,-1.151388641385732870e-04,-2.617954156658912623e-01,-2.836026004197213624e+00
-4.247846479957520516e-01,6.934203174198975139e-01,2.403199992871795920e-01,1.919438280280915121e-01,-7.654961529475331483e-01,-4.755618885136871921e-01,1.570801904283443573e+00,8.053399070238268908e-05,-3.681554015753229499e-05,-3.598781924707408959e-05,-3.561026925069351104e-05,-1.151388641385732870e-04,-2.617954156658912623e-01,-2.836026004197213624e+00
-4.247716365506576941e-01,6.934203174198975139e-01,2.403090422817865113e-01,1.919438280280915121e-01,-7.654961529475331483e-01,-4.756002681350667283e-01,1.570801904283443573e+00,8.053399070238268908e-05,-3.681554015753229499e-05,-3.598781924707408959e-05,-3.561026925069351104e-05,-1.151388641385732870e-04,-2.617954156658912623e-01,-2.836026004197213624e+00
-4.247586251055633366e-01,6.934111684290090727e-01,2.403090422817865113e-01,1.919438280280915121e-01,-7.655139580821583856e-01,-4.756002681350667283e-01,1.570801904283443573e+00,8.053399070238268908e-05,-3.681554015753229499e-05,-3.598781924707408959e-05,-3.561026925069351104e-05,-1.151388641385732870e-04,-2.617954156658912623e-01,-2.836026004197213624e+00
-4.247456136604689791e-01,6.934111684290090727e-01,2.402980852763934028e-01,1.919608912184220251e-01,-7.655139580821583856e-01,-4.756386477564463200e-01,1.570801904283443573e+00,8.053399070238268908e-05,-3.681554015753229499e-05,-3.598781924707408959e-05,-5.341540387604027334e-05,-1.151388641385732870e-04,-2.617954156658912623e-01,-2.836026004197213624e+00
-4.247326022153746217e-01,6.934020194381206315e-01,2.402871282710002665e-01,1.919779544087525658e-01,-7.655139580821583856e-01,-4.756386477564463200e-01,1.570801904283443573e+00,8.053399070238268908e-05,-3.681554015753229499e-05,-3.598781924707408959e-05,-3.561026925069351104e-05,-1.151388641385732870e-04,-2.617954156658912623e-01,-2.836026004197213624e+00
-4.247195907702802642e-01,6.934020194381206315e-01,2.402871282710002665e-01,1.919779544087525658e-01,-7.655139580821583856e-01,-4.756770273778258007e-01,1.570801904283443573e+00,8.053399070238268908e-05,-3.681554015753229499e-05,-3.598781924707408959e-05,-3.561026925069351104e-05,-1.151388641385732870e-04,-2.617954156658912623e-01,-2.836026004197213624e+00
-4.246935678800914937e-01,6.933928704472321902e-01,2.402761712656071580e-01,1.919950175990830787e-01,-7.655139580821583856e-01,-4.756770273778258007e-01,1.570801904283443573e+00,8.053399070238268908e-05,-3.681554015753229499e-05,-3.598781924707408959e-05,-3.561026925069351104e-05,-1.151388641385732870e-04,-2.617954156658912623e-01,-2.836026004197213624e+00
-4.246805564349971363e-01,6.933837214563436380e-01,2.402652142602140495e-01,1.919950175990830787e-01,-7.655139580821583856e-01,-4.757154069992052814e-01,1.570801904283443573e+00,8.053399070238268908e-05,-3.681554015753229499e-05,-3.598781924707408959e-05,-3.561026925069351104e-05,-1.151388641385732870e-04,-2.617954156658912623e-01,-2.836026004197213624e+00
-4.246675449899027788e-01,6.933837214563436380e-01,2.402652142602140495e-01,1.919950175990830787e-01,-7.655139580821583856e-01,-4.757154069992052814e-01,1.570801904283443573e+00,8.053399070238268908e-05,-3.681554015753229499e-05,-3.598781924707408959e-05,-3.561026925069351104e-05,-1.151388641385732870e-04,-2.617954156658912623e-01,-2.836026004197213624e+00
-4.246545335448084213e-01,6.933837214563436380e-01,2.402542572548209132e-01,1.920120807894135917e-01,-7.655139580821583856e-01,-4.757537866205848176e-01,1.570801904283443573e+00,8.053399070238268908e-05,-3.681554015753229499e-05,-3.598781924707408959e-05,-3.561026925069351104e-05,-1.151388641385732870e-04,-2.617954156658912623e-01,-2.836026004197213624e+00
-4.246415220997140638e-01,6.933745724654551967e-01,2.402542572548209132e-01,1.920120807894135917e-01,-7.655139580821583856e-01,-4.757537866205848176e-01,1.570801904283443573e+00,8.053399070238268908e-05,-3.681554015753229499e-05,-3.598781924707408959e-05,-3.561026925069351104e-05,-1.151388641385732870e-04,-2.617954156658912623e-01,-2.836026004197213624e+00
-4.246415220997140638e-01,6.933745724654551967e-01,2.402433002494278047e-01,1.920120807894135917e-01,-7.655139580821583856e-01,-4.757537866205848176e-01,1.570801904283443573e+00,8.053399070238268908e-05,-3.681554015753229499e-05,-3.598781924707408959e-05,-3.561026925069351104e-05,-1.151388641385732870e-04,-2.617954156658912623e-01,-2.836026004197213624e+00
-4.246285106546196508e-01,6.933654234745667555e-01,2.402433002494278047e-01,1.920291439797441324e-01,-7.655139580821583856e-01,-4.757921662419643538e-01,1.570801904283443573e+00,8.053399070238268908e-05,-3.681554015753229499e-05,-3.598781924707408959e-05,-3.561026925069351104e-05,-1.151388641385732870e-04,-2.617954156658912623e-01,-2.836026004197213624e+00
-4.245894763193365784e-01,6.933562744836780922e-01,2.402213862386415877e-01,1.920462071700746454e-01,-7.655139580821583856e-01,-4.758305458633438900e-01,1.570801904283443573e+00,8.053399070238268908e-05,-3.681554015753229499e-05,-3.598781924707408959e-05,-3.561026925069351104e-05,-1.151388641385732870e-04,-2.617954156658912623e-01,-2.836026004197213624e+00
-4.245764648742422209e-01,6.933471254927896510e-01,2.402213862386415877e-01,1.920462071700746454e-01,-7.655139580821583856e-01,-4.758689254847233707e-01,1.570801904283443573e+00,8.053399070238268908e-05,-3.681554015753229499e-05,-3.598781924707408959e-05,-3.561026925069351104e-05,-1.151388641385732870e-04,-2.617954156658912623e-01,-2.836026004197213624e+00
-4.245634534291478634e-01,6.933471254927896510e-01,2.402104292332484514e-01,1.920462071700746454e-01,-7.655139580821583856e-01,-4.758689254847233707e-01,1.570801904283443573e+00,8.053399070238268908e-05,-3.681554015753229499e-05,-3.598781924707408959e-05,-3.561026925069351104e-05,-1.151388641385732870e-04,-2.617954156658912623e-01,-2.836026004197213624e+00
-4.245504419840534505e-01,6.933379765019012098e-01,2.401994722278553707e-01,1.920632703604051861e-01,-7.655139580821583856e-01,-4.758689254847233707e-01,1.570801904283443573e+00,8.053399070238268908e-05,-3.681554015753229499e-05,-3.598781924707408959e-05,-3.561026925069351104e-05,-1.151388641385732870e-04,-2.617954156658912623e-01,-2.836026004197213624e+00
-4.245504419840534505e-01,6.933379765019012098e-01,2.401994722278553707e-01,1.920632703604051861e-01,-7.655139580821583856e-01,-4.759073051061029624e-01,1.570801904283443573e+00,8.053399070238268908e-05,-3.681554015753229499e-05,-3.598781924707408959e-05,-3.561026925069351104e-05,-1.151388641385732870e-04,-2.617954156658912623e-01,-2.836026004197213624e+00
-4.245374305389590930e-01,6.933288275110127685e-01,2.401885152224622622e-01,1.920632703604051861e-01,-7.655139580821583856e-01,-4.759073051061029624e-01,1.570801904283443573e+00,8.053399070238268908e-05,-3.681554015753229499e-05,-3.598781924707408959e-05,-3.561026925069351104e-05,-1.151388641385732870e-04,-2.617954156658912623e-01,-2.836026004197213624e+00
-4.245244190938647355e-01,6.933288275110127685e-01,2.401885152224622622e-01,1.920803335507357268e-01,-7.655139580821583856e-01,-4.759073051061029624e-01,1.570801904283443573e+00,8.053399070238268908e-05,-3.681554015753229499e-05,-3.598781924707408959e-05,-3.561026925069351104e-05,-1.151388641385732870e-04,-2.617954156658912623e-01,-2.836026004197213624e+00
-4.245114076487703780e-01,6.933196785201242163e-01,2.401775582170691259e-01,1.920803335507357268e-01,-7.655139580821583856e-01,-4.759456847274824431e-01,1.570801904283443573e+00,8.053399070238268908e-05,-3.681554015753229499e-05,-3.598781924707408959e-05,-3.561026925069351104e-05,-1.151388641385732870e-04,-2.617954156658912623e-01,-2.836026004197213624e+00
-4.244983962036760206e-01,6.933196785201242163e-01,2.401775582170691259e-01,1.920973967410662397e-01,-7.655139580821583856e-01,-4.759456847274824431e-01,1.570801904283443573e+00,8.053399070238268908e-05,-3.681554015753229499e-05,-3.598781924707408959e-05,-3.561026925069351104e-05,-1.151388641385732870e-04,-2.617954156658912623e-01,-2.836026004197213624e+00
-4.244853847585816631e-01,6.933105295292357750e-01,2.401666012116760174e-01,1.920973967410662397e-01,-7.655139580821583856e-01,-4.759840643488619794e-01,1.570801904283443573e+00,8.053399070238268908e-05,-3.681554015753229499e-05,-3.598781924707408959e-05,-3.561026925069351104e-05,-1.151388641385732870e-04,-2.617954156658912623e-01,-2.836026004197213624e+00
-4.244723733134873056e-01,6.933105295292357750e-01,2.401556442062829089e-01,1.920973967410662397e-01,-7.655139580821583856e-01,-4.759840643488619794e-01,1.570801904283443573e+00,8.053399070238268908e-05,-3.681554015753229499e-05,-3.598781924707408959e-05,-3.561026925069351104e-05,-1.151388641385732870e-04,-2.617954156658912623e-01,-2.836026004197213624e+00
-4.244593618683928926e-01,6.933105295292357750e-01,2.401556442062829089e-01,1.921144599313967805e-01,-7.655139580821583856e-01,-4.759840643488619794e-01,1.570801904283443573e+00,8.053399070238268908e-05,-3.681554015753229499e-05,-3.598781924707408959e-05,-3.561026925069351104e-05,-1.151388641385732870e-04,-2.617954156658912623e-01,-2.836026004197213624e+00
-4.244463504232985351e-01,6.933013805383473338e-01,2.401446872008897726e-01,1.921144599313967805e-01,-7.655139580821583856e-01,-4.760224439702415711e-01,1.570801904283443573e+00,8.053399070238268908e-05,-3.681554015753229499e-05,-3.598781924707408959e-05,-3.561026925069351104e-05,-1.151388641385732870e-04,-2.617954156658912623e-01,-2.836026004197213624e+00
-4.244463504232985351e-01,6.933013805383473338e-01,2.401337301954966641e-01,1.921144599313967805e-01,-7.655139580821583856e-01,-4.760224439702415711e-01,1.570801904283443573e+00,8.053399070238268908e-05,-3.681554015753229499e-05,-3.598781924707408959e-05,-3.561026925069351104e-05,-1.151388641385732870e-04,-2.617954156658912623e-01,-2.836026004197213624e+00
-4.244203275331098202e-01,6.932922315474588926e-01,2.401227731901035556e-01,1.921315231217272657e-01,-7.655317632167838449e-01,-4.760608235916210518e-01,1.570801904283443573e+00,8.053399070238268908e-05,-3.681554015753229499e-05,-3.598781924707408959e-05,-3.561026925069351104e-05,-1.151388641385732870e-04,-2.617954156658912623e-01,-2.836026004197213624e+00
-4.244073160880154627e-01,6.932830825565703403e-01,2.401227731901035556e-01,1.921315231217272657e-01,-7.655317632167838449e-01,-4.760608235916210518e-01,1.570801904283443573e+00,8.053399070238268908e-05,-3.681554015753229499e-05,-3.598781924707408959e-05,-3.561026925069351104e-05,-1.151388641385732870e-04,-2.617954156658912623e-01,-2.836026004197213624e+00
-4.243943046429211052e-01,6.932830825565703403e-01,2.401118161847104193e-01,1.921485863120578064e-01,-7.655317632167838449e-01,-4.760992032130005325e-01,1.570801904283443573e+00,8.053399070238268908e-05,-3.681554015753229499e-05,-3.598781924707408959e-05,-3.561026925069351104e-05,-1.151388641385732870e-04,-2.617954156658912623e-01,-2.836026004197213624e+00
-4.243812931978266922e-01,6.932739335656818991e-01,2.401008591793173108e-01,1.921485863120578064e-01,-7.655317632167838449e-01,-4.760992032130005325e-01,1.570801904283443573e+00,8.053399070238268908e-05,-3.681554015753229499e-05,-3.598781924707408959e-05,-3.561026925069351104e-05,-1.151388641385732870e-04,-2.617954156658912623e-01,-2.836026004197213624e+00
-4.243552703076379773e-01,6.932647845747934578e-01,2.400899021739242023e-01,1.921656495023883471e-01,-7.655317632167838449e-01,-4.761375828343800687e-01,1.570801904283443573e+00,8.053399070238268908e-05,-3.681554015753229499e-05,-3.598781924707408959e-05,-3.561026925069351104e-05,-1.151388641385732870e-04,-2.617954156658912623e-01,-2.836026004197213624e+00
-4.243422588625436198e-01,6.932647845747934578e-01,2.400789451685311215e-01,1.921656495023883471e-01,-7.655317632167838449e-01,-4.761375828343800687e-01,1.570801904283443573e+00,8.053399070238268908e-05,-3.681554015753229499e-05,-3.598781924707408959e-05,-3.561026925069351104e-05,-1.151388641385732870e-04,-2.617954156658912623e-01,-2.836026004197213624e+00
-4.243422588625436198e-01,6.932647845747934578e-01,2.400789451685311215e-01,1.921827126927188600e-01,-7.655317632167838449e-01,-4.761759624557596049e-01,1.570801904283443573e+00,8.053399070238268908e-05,-3.681554015753229499e-05,-3.598781924707408959e-05,-3.561026925069351104e-05,-1.151388641385732870e-04,-2.617954156658912623e-01,-2.836026004197213624e+00
-4.243162359723549049e-01,6.932556355839047946e-01,2.400570311577448768e-01,1.921827126927188600e-01,-7.655317632167838449e-01,-4.762143420771391411e-01,1.570801904283443573e+00,8.053399070238268908e-05,-3.681554015753229499e-05,-3.598781924707408959e-05,-3.561026925069351104e-05,-1.151388641385732870e-04,-2.617954156658912623e-01,-2.836026004197213624e+00
-4.243032245272604919e-01,6.932464865930163533e-01,2.400570311577448768e-01,1.921997758830494007e-01,-7.655317632167838449e-01,-4.762143420771391411e-01,1.570801904283443573e+00,8.053399070238268908e-05,-3.681554015753229499e-05,-3.598781924707408959e-05,-3.561026925069351104e-05,-1.151388641385732870e-04,-2.617954156658912623e-01,-2.836026004197213624e+00
-4.242902130821661344e-01,6.932464865930163533e-01,2.400460741523517683e-01,1.921997758830494007e-01,-7.655317632167838449e-01,-4.762143420771391411e-01,1.570801904283443573e+00,8.053399070238268908e-05,-3.681554015753229499e-05,-3.598781924707408959e-05,-3.561026925069351104e-05,-1.151388641385732870e-04,-2.617954156658912623e-01,-2.836026004197213624e+00
-4.242772016370717769e-01,6.932373376021279121e-01,2.400460741523517683e-01,1.921997758830494007e-01,-7.655317632167838449e-01,-4.762527216985186218e-01,1.570801904283443573e+00,8.053399070238268908e-05,-3.681554015753229499e-05,-3.598781924707408959e-05,-3.561026925069351104e-05,-1.151388641385732870e-04,-2.617954156658912623e-01,-2.836026004197213624e+00
-4.242641901919774194e-01,6.932373376021279121e-01,2.400351171469586320e-01,1.922168390733799415e-01,-7.655317632167838449e-01,-4.762527216985186218e-01,1.570801904283443573e+00,8.053399070238268908e-05,-3.681554015753229499e-05,-3.598781924707408959e-05,-3.561026925069351104e-05,-1.151388641385732870e-04,-2.617954156658912623e-01,-2.836026004197213624e+00
-4.242381673017887045e-01,6.932281886112394709e-01,2.400241601415655235e-01,1.922168390733799415e-01,-7.655317632167838449e-01,-4.762911013198982135e-01,1.570801904283443573e+00,8.053399070238268908e-05,-3.681554015753229499e-05,-3.598781924707408959e-05,-3.561026925069351104e-05,-1.151388641385732870e-04,-2.617954156658912623e-01,-2.836026004197213624e+00
-4.242251558566943470e-01,6.932190396203509186e-01,2.400132031361724150e-01,1.922339022637104544e-01,-7.655317632167838449e-01,-4.762911013198982135e-01,1.570801904283443573e+00,8.053399070238268908e-05,-3.681554015753229499e-05,-3.598781924707408959e-05,-3.561026925069351104e-05,-1.151388641385732870e-04,-2.617954156658912623e-01,-2.836026004197213624e+00
-4.241991329665055765e-01,6.932098906294624774e-01,2.400022461307792787e-01,1.922509654540409951e-01,-7.655317632167838449e-01,-4.763294809412776942e-01,1.570801904283443573e+00,8.053399070238268908e-05,-3.681554015753229499e-05,-3.598781924707408959e-05,-3.561026925069351104e-05,-1.151388641385732870e-04,-2.617954156658912623e-01,-2.836026004197213624e+00
-4.241991329665055765e-01,6.932007416385740362e-01,2.399912891253861702e-01,1.922509654540409951e-01,-7.655317632167838449e-01,-4.763678605626572304e-01,1.570801904283443573e+00,8.053399070238268908e-05,-3.681554015753229499e-05,-3.598781924707408959e-05,-3.561026925069351104e-05,-1.151388641385732870e-04,-2.617954156658912623e-01,-2.836026004197213624e+00
-4.241861215214112191e-01,6.932007416385740362e-01,2.399803321199930617e-01,1.922509654540409951e-01,-7.655317632167838449e-01,-4.763678605626572304e-01,1.570801904283443573e+00,8.053399070238268908e-05,-3.681554015753229499e-05,-3.598781924707408959e-05,-3.561026925069351104e-05,-1.151388641385732870e-04,-2.617954156658912623e-01,-2.836026004197213624e+00
-4.241731100763168616e-01,6.931915926476855949e-01,2.399693751145999254e-01,1.922680286443714803e-01,-7.655317632167838449e-01,-4.763678605626572304e-01,1.570801904283443573e+00,8.053399070238268908e-05,-3.681554015753229499e-05,-3.598781924707408959e-05,-3.561026925069351104e-05,-1.151388641385732870e-04,-2.617954156658912623e-01,-2.836026004197213624e+00
-4.241600986312225041e-01,6.931824436567970427e-01,2.399693751145999254e-01,1.922680286443714803e-01,-7.655317632167838449e-01,-4.764062401840367111e-01,1.570801904283443573e+00,8.053399070238268908e-05,-3.681554015753229499e-05,-3.598781924707408959e-05,-3.561026925069351104e-05,-1.151388641385732870e-04,-2.617954156658912623e-01,-2.836026004197213624e+00
-4.241470871861281466e-01,6.931824436567970427e-01,2.399584181092068447e-01,1.922680286443714803e-01,-7.655317632167838449e-01,-4.764062401840367111e-01,1.570801904283443573e+00,8.053399070238268908e-05,-3.681554015753229499e-05,-3.598781924707408959e-05,-3.561026925069351104e-05,-1.151388641385732870e-04,-2.617954156658912623e-01,-2.836026004197213624e+00
-4.241340757410337337e-01,6.931732946659086014e-01,2.399474611038137362e-01,1.922850918347020210e-01,-7.655317632167838449e-01,-4.764446198054163029e-01,1.570801904283443573e+00,8.053399070238268908e-05,-3.681554015753229499e-05,-3.598781924707408959e-05,-3.561026925069351104e-05,-1.151388641385732870e-04,-2.617954156658912623e-01,-2.836026004197213624e+00
-4.241210642959393762e-01,6.931732946659086014e-01,2.399365040984206277e-01,1.922850918347020210e-01,-7.655317632167838449e-01,-4.764446198054163029e-01,1.570801904283443573e+00,8.053399070238268908e-05,-3.681554015753229499e-05,-3.598781924707408959e-05,-3.561026925069351104e-05,-1.151388641385732870e-04,-2.617954156658912623e-01,-2.836026004197213624e+00
-4.240950414057506612e-01,6.931549966841314969e-01,2.399255470930274914e-01,1.923021550250325618e-01,-7.655317632167838449e-01,-4.764829994267957836e-01,1.570801904283443573e+00,8.053399070238268908e-05,-3.681554015753229499e-05,-3.598781924707408959e-05,-3.561026925069351104e-05,-1.151388641385732870e-04,-2.617954156658912623e-01,-2.836026004197213624e+00
-4.240820299606563037e-01,6.931549966841314969e-01,2.399145900876343829e-01,1.923021550250325618e-01,-7.655317632167838449e-01,-4.764829994267957836e-01,1.570801904283443573e+00,8.053399070238268908e-05,-3.681554015753229499e-05,-3.598781924707408959e-05,-3.561026925069351104e-05,-1.151388641385732870e-04,-2.617954156658912623e-01,-2.836026004197213624e+00
-4.240820299606563037e-01,6.931458476932430557e-01,2.399036330822412744e-01,1.923021550250325618e-01,-7.655317632167838449e-01,-4.765213790481753198e-01,1.570801904283443573e+00,8.053399070238268908e-05,-3.681554015753229499e-05,-3.598781924707408959e-05,-3.561026925069351104e-05,-1.151388641385732870e-04,-2.617954156658912623e-01,-2.836026004197213624e+00
-4.240690185155619463e-01,6.931366987023546145e-01,2.398926760768481381e-01,1.923192182153630747e-01,-7.655317632167838449e-01,-4.765213790481753198e-01,1.570801904283443573e+00,8.053399070238268908e-05,-3.681554015753229499e-05,-3.598781924707408959e-05,-3.561026925069351104e-05,-1.151388641385732870e-04,-2.617954156658912623e-01,-2.836026004197213624e+00
-4.240560070704675333e-01,6.931275497114661732e-01,2.398817190714550296e-01,1.923192182153630747e-01,-7.655317632167838449e-01,-4.765213790481753198e-01,1.570801904283443573e+00,8.053399070238268908e-05,-3.681554015753229499e-05,-3.598781924707408959e-05,-3.561026925069351104e-05,-1.151388641385732870e-04,-2.617954156658912623e-01,-2.836026004197213624e+00
-4.240429956253731758e-01,6.931275497114661732e-01,2.398707620660619211e-01,1.923192182153630747e-01,-7.655317632167838449e-01,-4.765597586695548560e-01,1.570801904283443573e+00,8.053399070238268908e-05,-3.681554015753229499e-05,-3.598781924707408959e-05,-3.561026925069351104e-05,-1.151388641385732870e-04,-2.617954156658912623e-01,-2.836026004197213624e+00
-4.240299841802788183e-01,6.931184007205776210e-01,2.398598050606687848e-01,1.923362814056936154e-01,-7.655317632167838449e-01,-4.765597586695548560e-01,1.570801904283443573e+00,8.053399070238268908e-05,-3.681554015753229499e-05,-3.598781924707408959e-05,-3.561026925069351104e-05,-1.151388641385732870e-04,-2.617954156658912623e-01,-2.836026004197213624e+00
-4.240039612900901034e-01,6.931001027388007385e-01,2.398378910498825956e-01,1.923533445960241284e-01,-7.655317632167838449e-01,-4.765981382909343922e-01,1.570801904283443573e+00,8.053399070238268908e-05,-3.681554015753229499e-05,-3.598781924707408959e-05,-3.561026925069351104e-05,-1.151388641385732870e-04,-2.617954156658912623e-01,-2.836026004197213624e+00
-4.239909498449957459e-01,6.931001027388007385e-01,2.398269340444894870e-01,1.923533445960241284e-01,-7.655317632167838449e-01,-4.766365179123138729e-01,1.570801904283443573e+00,8.053399070238268908e-05,-3.681554015753229499e-05,-3.598781924707408959e-05,-3.561026925069351104e-05,-1.151388641385732870e-04,-2.617954156658912623e-01,-2.836026004197213624e+00
-4.239909498449957459e-01,6.930909537479121862e-01,2.398159770390963508e-01,1.923533445960241284e-01,-7.655317632167838449e-01,-4.766365179123138729e-01,1.570801904283443573e+00,8.053399070238268908e-05,-3.681554015753229499e-05,-3.598781924707408959e-05,-3.561026925069351104e-05,-1.151388641385732870e-04,-2.617954156658912623e-01,-2.836026004197213624e+00
-4.239779383999013884e-01,6.930818047570236340e-01,2.398050200337032423e-01,1.923704077863546691e-01,-7.655317632167838449e-01,-4.766365179123138729e-01,1.570801904283443573e+00,8.053399070238268908e-05,-3.681554015753229499e-05,-3.598781924707408959e-05,-3.561026925069351104e-05,-1.151388641385732870e-04,-2.617954156658912623e-01,-2.836026004197213624e+00
-4.239649269548069754e-01,6.930726557661351928e-01,2.397940630283101338e-01,1.923704077863546691e-01,-7.655317632167838449e-01,-4.766748975336934091e-01,1.570801904283443573e+00,8.053399070238268908e-05,-3.681554015753229499e-05,-3.598781924707408959e-05,-3.561026925069351104e-05,-1.151388641385732870e-04,-2.617954156658912623e-01,-2.836026004197213624e+00
-4.239389040646182605e-01,6.930635067752467515e-01,2.397721490175238890e-01,1.923874709766851820e-01,-7.655317632167838449e-01,-4.766748975336934091e-01,1.570801904283443573e+00,8.053399070238268908e-05,-3.681554015753229499e-05,-3.598781924707408959e-05,-3.561026925069351104e-05,-1.151388641385732870e-04,-2.617954156658912623e-01,-2.836026004197213624e+00
-4.239258926195239585e-01,6.930543577843581993e-01,2.397611920121307805e-01,1.923874709766851820e-01,-7.655317632167838449e-01,-4.767132771550729453e-01,1.570801904283443573e+00,8.053399070238268908e-05,-3.681554015753229499e-05,-3.598781924707408959e-05,-3.561026925069351104e-05,-1.151388641385732870e-04,-2.617954156658912623e-01,-2.836026004197213624e+00
-4.239128811744296010e-01,6.930452087934697580e-01,2.397502350067376442e-01,1.923874709766851820e-01,-7.655317632167838449e-01,-4.767132771550729453e-01,1.570801904283443573e+00,8.053399070238268908e-05,-3.681554015753229499e-05,-3.598781924707408959e-05,-3.561026925069351104e-05,-1.151388641385732870e-04,-2.617954156658912623e-01,-2.836026004197213624e+00
-4.238998697293352436e-01,6.930360598025813168e-01,2.397392780013445357e-01,1.924045341670156950e-01,-7.655317632167838449e-01,-4.767516567764524815e-01,1.570801904283443573e+00,8.053399070238268908e-05,-3.681554015753229499e-05,-3.598781924707408959e-05,-3.561026925069351104e-05,-1.151388641385732870e-04,-2.617954156658912623e-01,-2.836026004197213624e+00
-4.238998697293352436e-01,6.930269108116928756e-01,2.397283209959514549e-01,1.924045341670156950e-01,-7.655317632167838449e-01,-4.767516567764524815e-01,1.570801904283443573e+00,8.053399070238268908e-05,-3.681554015753229499e-05,-3.598781924707408959e-05,-3.561026925069351104e-05,-1.151388641385732870e-04,-2.617954156658912623e-01,-2.836026004197213624e+00
-4.238738468391464731e-01,6.930177618208043233e-01,2.397064069851652102e-01,1.924215973573462357e-01,-7.655317632167838449e-01,-4.767900363978319622e-01,1.570801904283443573e+00,8.053399070238268908e-05,-3.681554015753229499e-05,-3.598781924707408959e-05,-3.561026925069351104e-05,-1.151388641385732870e-04,-2.617954156658912623e-01,-2.836026004197213624e+00
-4.238608353940521156e-01,6.930086128299158821e-01,2.396954499797721017e-01,1.924215973573462357e-01,-7.655317632167838449e-01,-4.767900363978319622e-01,1.570801904283443573e+00,8.053399070238268908e-05,-3.681554015753229499e-05,-3.598781924707408959e-05,-3.561026925069351104e-05,-1.151388641385732870e-04,-2.617954156658912623e-01,-2.836026004197213624e+00
-4.238478239489577581e-01,6.929994638390274408e-01,2.396844929743789654e-01,1.924215973573462357e-01,-7.655317632167838449e-01,-4.768284160192115539e-01,1.570801904283443573e+00,8.053399070238268908e-05,-3.681554015753229499e-05,-3.598781924707408959e-05,-3.561026925069351104e-05,-1.151388641385732870e-04,-2.617954156658912623e-01,-2.836026004197213624e+00
-4.238348125038634007e-01,6.929903148481387776e-01,2.396735359689858569e-01,1.924386605476767487e-01,-7.655317632167838449e-01,-4.768284160192115539e-01,1.570801904283443573e+00,8.053399070238268908e-05,-3.681554015753229499e-05,-3.598781924707408959e-05,-3.561026925069351104e-05,-1.151388641385732870e-04,-2.617954156658912623e-01,-2.836026004197213624e+00
-4.238218010587690432e-01,6.929811658572503363e-01,2.396625789635927484e-01,1.924386605476767487e-01,-7.655317632167838449e-01,-4.768667956405910346e-01,1.570801904283443573e+00,8.053399070238268908e-05,-3.681554015753229499e-05,-3.598781924707408959e-05,-3.561026925069351104e-05,-1.151388641385732870e-04,-2.617954156658912623e-01,-2.836026004197213624e+00
-4.238218010587690432e-01,6.929811658572503363e-01,2.396516219581996399e-01,1.924557237380072894e-01,-7.655317632167838449e-01,-4.768667956405910346e-01,1.570801904283443573e+00,8.053399070238268908e-05,-3.681554015753229499e-05,-3.598781924707408959e-05,-3.561026925069351104e-05,-1.151388641385732870e-04,-2.617954156658912623e-01,-2.836026004197213624e+00
-4.238087896136746857e-01,6.929720168663618951e-01,2.396406649528065036e-01,1.924557237380072894e-01,-7.655317632167838449e-01,-4.768667956405910346e-01,1.570801904283443573e+00,8.053399070238268908e-05,-3.681554015753229499e-05,-3.598781924707408959e-05,-3.561026925069351104e-05,-1.151388641385732870e-04,-2.617954156658912623e-01,-2.836026004197213624e+00
-4.237957781685802727e-01,6.929628678754734539e-01,2.396297079474133951e-01,1.924557237380072894e-01,-7.655317632167838449e-01,-4.769051752619705709e-01,1.570801904283443573e+00,8.053399070238268908e-05,-3.681554015753229499e-05,-3.598781924707408959e-05,-3.561026925069351104e-05,-1.151388641385732870e-04,-2.617954156658912623e-01,-2.836026004197213624e+00
-4.237697552783915578e-01,6.929445698936964604e-01,2.395968369312340696e-01,1.924727869283378301e-01,-7.655317632167838449e-01,-4.769435548833501071e-01,1.570801904283443573e+00,8.053399070238268908e-05,-3.681554015753229499e-05,-3.598781924707408959e-05,-3.561026925069351104e-05,-1.151388641385732870e-04,-2.617954156658912623e-01,-2.836026004197213624e+00
-4.237567438332972003e-01,6.929354209028080192e-01,2.395858799258409610e-01,1.924727869283378301e-01,-7.655317632167838449e-01,-4.769435548833501071e-01,1.570801904283443573e+00,8.053399070238268908e-05,-3.681554015753229499e-05,-3.598781924707408959e-05,-3.561026925069351104e-05,-1.151388641385732870e-04,-2.617954156658912623e-01,-2.836026004197213624e+00
-4.237437323882028428e-01,6.929354209028080192e-01,2.395749229204478248e-01,1.924898501186683430e-01,-7.655317632167838449e-01,-4.769435548833501071e-01,1.570801904283443573e+00,8.053399070238268908e-05,-3.681554015753229499e-05,-3.598781924707408959e-05,-3.561026925069351104e-05,-1.151388641385732870e-04,-2.617954156658912623e-01,-2.836026004197213624e+00
-4.237307209431084853e-01,6.929262719119194669e-01,2.395639659150547163e-01,1.924898501186683430e-01,-7.655317632167838449e-01,-4.769819345047296433e-01,1.570801904283443573e+00,8.053399070238268908e-05,-3.681554015753229499e-05,-3.598781924707408959e-05,-3.561026925069351104e-05,-1.151388641385732870e-04,-2.617954156658912623e-01,-2.836026004197213624e+00
-4.237307209431084853e-01,6.929171229210310257e-01,2.395530089096616078e-01,1.924898501186683430e-01,-7.655317632167838449e-01,-4.769819345047296433e-01,1.570801904283443573e+00,8.053399070238268908e-05,-3.681554015753229499e-05,-3.598781924707408959e-05,-3.561026925069351104e-05,-1.151388641385732870e-04,-2.617954156658912623e-01,-2.836026004197213624e+00
-4.237177094980140724e-01,6.929079739301425844e-01,2.395420519042684715e-01,1.925069133089988838e-01,-7.655317632167838449e-01,-4.770203141261091240e-01,1.570801904283443573e+00,8.053399070238268908e-05,-3.681554015753229499e-05,-3.598781924707408959e-05,-3.561026925069351104e-05,-1.151388641385732870e-04,-2.617954156658912623e-01,-2.836026004197213624e+00
-4.236916866078253574e-01,6.928896759483654799e-01,2.395201378934822545e-01,1.925069133089988838e-01,-7.655317632167838449e-01,-4.770203141261091240e-01,1.570801904283443573e+00,8.053399070238268908e-05,-3.681554015753229499e-05,-3.598781924707408959e-05,-3.561026925069351104e-05,-1.151388641385732870e-04,-2.617954156658912623e-01,-2.836026004197213624e+00
-4.236786751627309999e-01,6.928896759483654799e-01,2.395091808880891460e-01,1.925239764993293967e-01,-7.655317632167838449e-01,-4.770586937474886602e-01,1.570801904283443573e+00,8.053399070238268908e-05,-3.681554015753229499e-05,-3.598781924707408959e-05,-3.561026925069351104e-05,-1.151388641385732870e-04,-2.617954156658912623e-01,-2.836026004197213624e+00
-4.236656637176366424e-01,6.928805269574770387e-01,2.394982238826960375e-01,1.925239764993293967e-01,-7.655317632167838449e-01,-4.770586937474886602e-01,1.570801904283443573e+00,8.053399070238268908e-05,-3.681554015753229499e-05,-3.598781924707408959e-05,-3.561026925069351104e-05,-1.151388641385732870e-04,-2.617954156658912623e-01,-2.836026004197213624e+00
-4.236526522725422850e-01,6.928713779665885975e-01,2.394872668773029289e-01,1.925239764993293967e-01,-7.655317632167838449e-01,-4.770586937474886602e-01,1.570801904283443573e+00,8.053399070238268908e-05,-3.681554015753229499e-05,-3.598781924707408959e-05,-3.561026925069351104e-05,-1.151388641385732870e-04,-2.617954156658912623e-01,-2.836026004197213624e+00
-4.236396408274479275e-01,6.928622289757001562e-01,2.394763098719098204e-01,1.925410396896599097e-01,-7.655317632167838449e-01,-4.770970733688681964e-01,1.570801904283443573e+00,8.053399070238268908e-05,-3.681554015753229499e-05,-3.598781924707408959e-05,-3.561026925069351104e-05,-1.151388641385732870e-04,-2.617954156658912623e-01,-2.836026004197213624e+00
-4.236396408274479275e-01,6.928530799848116040e-01,2.394653528665166842e-01,1.925410396896599097e-01,-7.655317632167838449e-01,-4.770970733688681964e-01,1.570801904283443573e+00,8.053399070238268908e-05,-3.681554015753229499e-05,-3.598781924707408959e-05,-3.561026925069351104e-05,-1.151388641385732870e-04,-2.617954156658912623e-01,-2.836026004197213624e+00
-4.236266293823535145e-01,6.928439309939231627e-01,2.394543958611235757e-01,1.925581028799904504e-01,-7.655317632167838449e-01,-4.771354529902477326e-01,1.570801904283443573e+00,8.053399070238268908e-05,-3.681554015753229499e-05,-3.598781924707408959e-05,-3.561026925069351104e-05,-1.151388641385732870e-04,-2.617954156658912623e-01,-2.836026004197213624e+00
-4.236006064921647996e-01,6.928347820030347215e-01,2.394324818503373309e-01,1.925581028799904504e-01,-7.655317632167838449e-01,-4.771738326116272133e-01,1.570801904283443573e+00,8.053399070238268908e-05,-3.681554015753229499e-05,-3.598781924707408959e-05,-3.561026925069351104e-05,-1.151388641385732870e-04,-2.617954156658912623e-01,-2.836026004197213624e+00
-4.235875950470704421e-01,6.928256330121461692e-01,2.394215248449442224e-01,1.925751660703209633e-01,-7.655317632167838449e-01,-4.771738326116272133e-01,1.570801904283443573e+00,8.053399070238268908e-05,-3.681554015753229499e-05,-3.598781924707408959e-05,-3.561026925069351104e-05,-1.151388641385732870e-04,-2.617954156658912623e-01,-2.836026004197213624e+00
-4.235745836019760846e-01,6.928164840212577280e-01,2.394105678395511139e-01,1.925751660703209633e-01,-7.655317632167838449e-01,-4.771738326116272133e-01,1.570801904283443573e+00,8.053399070238268908e-05,-3.681554015753229499e-05,-3.598781924707408959e-05,-3.561026925069351104e-05,-1.151388641385732870e-04,-2.617954156658912623e-01,-2.836026004197213624e+00
-4.235615721568817271e-01,6.928073350303692868e-01,2.393996108341579776e-01,1.925751660703209633e-01,-7.655317632167838449e-01,-4.772122122330068050e-01,1.570801904283443573e+00,8.053399070238268908e-05,-3.681554015753229499e-05,-3.598781924707408959e-05,-3.561026925069351104e-05,-1.151388641385732870e-04,-2.617954156658912623e-01,-2.836026004197213624e+00
-4.235485607117873141e-01,6.927981860394807345e-01,2.393886538287648691e-01,1.925922292606515041e-01,-7.655139580821583856e-01,-4.772122122330068050e-01,1.570801904283443573e+00,8.053399070238268908e-05,-3.681554015753229499e-05,-3.598781924707408959e-05,-3.561026925069351104e-05,-1.151388641385732870e-04,-2.617954156658912623e-01,-2.836026004197213624e+00
-4.235355492666929567e-01,6.927890370485921823e-01,2.393776968233717883e-01,1.925922292606515041e-01,-7.655139580821583856e-01,-4.772505918543862857e-01,1.570801904283443573e+00,8.053399070238268908e-05,-3.681554015753229499e-05,-3.598781924707408959e-05,-3.561026925069351104e-05,-1.151388641385732870e-04,-2.617954156658912623e-01,-2.836026004197213624e+00
-4.235225378215985992e-01,6.927890370485921823e-01,2.393667398179786798e-01,1.925922292606515041e-01,-7.655139580821583856e-01,-4.772505918543862857e-01,1.570801904283443573e+00,8.053399070238268908e-05,-3.681554015753229499e-05,-3.598781924707408959e-05,-3.561026925069351104e-05,-1.151388641385732870e-04,-2.617954156658912623e-01,-2.836026004197213624e+00
-4.235225378215985992e-01,6.927798880577037410e-01,2.393557828125855436e-01,1.926092924509820448e-01,-7.655139580821583856e-01,-4.772889714757658219e-01,1.570801904283443573e+00,8.053399070238268908e-05,-3.681554015753229499e-05,-3.598781924707408959e-05,-3.561026925069351104e-05,-1.151388641385732870e-04,-2.617954156658912623e-01,-2.836026004197213624e+00
-4.234965149314098842e-01,6.927615900759268586e-01,2.393338688017993265e-01,1.926092924509820448e-01,-7.655139580821583856e-01,-4.772889714757658219e-01,1.570801904283443573e+00,8.053399070238268908e-05,-3.681554015753229499e-05,-3.598781924707408959e-05,-3.561026925069351104e-05,-1.151388641385732870e-04,-2.617954156658912623e-01,-2.836026004197213624e+00
-4.234835034863155268e-01,6.927524410850383063e-01,2.393229117964061903e-01,1.926263556413125577e-01,-7.655139580821583856e-01,-4.773273510971453026e-01,1.570801904283443573e+00,8.053399070238268908e-05,-3.681554015753229499e-05,-3.598781924707408959e-05,-3.561026925069351104e-05,-1.151388641385732870e-04,-2.617954156658912623e-01,-2.836026004197213624e+00
-4.234704920412211138e-01,6.927432920941498651e-01,2.393119547910130818e-01,1.926263556413125577e-01,-7.655139580821583856e-01,-4.773273510971453026e-01,1.570801904283443573e+00,8.053399070238268908e-05,-3.681554015753229499e-05,-3.598781924707408959e-05,-3.561026925069351104e-05,-1.151388641385732870e-04,-2.617954156658912623e-01,-2.836026004197213624e+00
-4.234574805961267563e-01,6.927432920941498651e-01,2.393009977856199733e-01,1.926263556413125577e-01,-7.655139580821583856e-01,-4.773657307185248944e-01,1.570801904283443573e+00,8.053399070238268908e-05,-3.681554015753229499e-05,-3.598781924707408959e-05,-3.561026925069351104e-05,-1.151388641385732870e-04,-2.617954156658912623e-01,-2.836026004197213624e+00
-4.234444691510323988e-01,6.927341431032614238e-01,2.392900407802268370e-01,1.926434188316430984e-01,-7.655139580821583856e-01,-4.773657307185248944e-01,1.570801904283443573e+00,8.053399070238268908e-05,-3.681554015753229499e-05,-3.598781924707408959e-05,-3.561026925069351104e-05,-1.151388641385732870e-04,-2.617954156658912623e-01,-2.836026004197213624e+00
-4.234314577059380413e-01,6.927249941123728716e-01,2.392790837748337285e-01,1.926434188316430984e-01,-7.655139580821583856e-01,-4.773657307185248944e-01,1.570801904283443573e+00,8.053399070238268908e-05,-3.681554015753229499e-05,-3.598781924707408959e-05,-3.561026925069351104e-05,-1.151388641385732870e-04,-2.617954156658912623e-01,-2.836026004197213624e+00
-4.234184462608436839e-01,6.927066961305958781e-01,2.392571697640475392e-01,1.926604820219735836e-01,-7.655139580821583856e-01,-4.774041103399043751e-01,1.570801904283443573e+00,8.053399070238268908e-05,-3.681554015753229499e-05,-3.598781924707408959e-05,-3.561026925069351104e-05,-1.151388641385732870e-04,-2.617954156658912623e-01,-2.836026004197213624e+00
-4.234054348157493264e-01,6.926975471397074369e-01,2.392462127586544030e-01,1.926604820219735836e-01,-7.655139580821583856e-01,-4.774424899612839113e-01,1.570801904283443573e+00,8.053399070238268908e-05,-3.681554015753229499e-05,-3.598781924707408959e-05,-3.561026925069351104e-05,-1.151388641385732870e-04,-2.617954156658912623e-01,-2.836026004197213624e+00
-4.233924233706549134e-01,6.926975471397074369e-01,2.392352557532612944e-01,1.926775452123041243e-01,-7.655139580821583856e-01,-4.774424899612839113e-01,1.570801904283443573e+00,8.053399070238268908e-05,-3.681554015753229499e-05,-3.598781924707408959e-05,-3.561026925069351104e-05,-1.151388641385732870e-04,-2.617954156658912623e-01,-2.836026004197213624e+00
-4.233664004804661984e-01,6.926792491579304434e-01,2.392133417424750497e-01,1.926775452123041243e-01,-7.655139580821583856e-01,-4.774808695826634475e-01,1.570801904283443573e+00,8.053399070238268908e-05,-3.681554015753229499e-05,-3.598781924707408959e-05,-3.561026925069351104e-05,-1.151388641385732870e-04,-2.617954156658912623e-01,-2.836026004197213624e+00
-4.233533890353718410e-01,6.926701001670420021e-01,2.392023847370819412e-01,1.926946084026346651e-01,-7.655139580821583856e-01,-4.774808695826634475e-01,1.570801904283443573e+00,8.053399070238268908e-05,-3.681554015753229499e-05,-3.598781924707408959e-05,-3.561026925069351104e-05,-1.151388641385732870e-04,-2.617954156658912623e-01,-2.836026004197213624e+00
-4.233403775902774835e-01,6.926609511761534499e-01,2.391914277316888326e-01,1.926946084026346651e-01,-7.655139580821583856e-01,-4.775192492040429837e-01,1.570801904283443573e+00,8.053399070238268908e-05,-3.681554015753229499e-05,-3.598781924707408959e-05,-3.561026925069351104e-05,-1.151388641385732870e-04,-2.617954156658912623e-01,-2.836026004197213624e+00
-4.233403775902774835e-01,6.926518021852650087e-01,2.391804707262956964e-01,1.927116715929651780e-01,-7.655139580821583856e-01,-4.775192492040429837e-01,1.570801904283443573e+00,8.053399070238268908e-05,-3.681554015753229499e-05,-3.598781924707408959e-05,-3.561026925069351104e-05,-1.151388641385732870e-04,-2.617954156658912623e-01,-2.836026004197213624e+00
-4.233273661451831260e-01,6.926518021852650087e-01,2.391695137209025879e-01,1.927116715929651780e-01,-7.655139580821583856e-01,-4.775576288254224644e-01,1.570801904283443573e+00,8.053399070238268908e-05,-3.681554015753229499e-05,-3.598781924707408959e-05,-3.561026925069351104e-05,-1.151388641385732870e-04,-2.617954156658912623e-01,-2.836026004197213624e+00
-4.233143547000887685e-01,6.926426531943765674e-01,2.391585567155094794e-01,1.927116715929651780e-01,-7.655139580821583856e-01,-4.775576288254224644e-01,1.570801904283443573e+00,8.053399070238268908e-05,-3.681554015753229499e-05,-3.598781924707408959e-05,-3.561026925069351104e-05,-1.151388641385732870e-04,-2.617954156658912623e-01,-2.836026004197213624e+00
-4.233013432549943555e-01,6.926335042034881262e-01,2.391475997101163431e-01,1.927287347832957187e-01,-7.655139580821583856e-01,-4.775576288254224644e-01,1.570801904283443573e+00,8.053399070238268908e-05,-3.681554015753229499e-05,-3.598781924707408959e-05,-3.561026925069351104e-05,-1.151388641385732870e-04,-2.617954156658912623e-01,-2.836026004197213624e+00
-4.232753203648056406e-01,6.926152062217110217e-01,2.391256856993301538e-01,1.927287347832957187e-01,-7.655139580821583856e-01,-4.775960084468020006e-01,1.570801904283443573e+00,8.053399070238268908e-05,-3.681554015753229499e-05,-3.598781924707408959e-05,-3.561026925069351104e-05,-1.151388641385732870e-04,-2.617954156658912623e-01,-2.836026004197213624e+00
-4.232753203648056406e-01,6.926060572308225805e-01,2.391147286939370176e-01,1.927457979736262594e-01,-7.655139580821583856e-01,-4.776343880681815368e-01,1.570801904283443573e+00,8.053399070238268908e-05,-3.681554015753229499e-05,-3.598781924707408959e-05,-3.561026925069351104e-05,-1.151388641385732870e-04,-2.617954156658912623e-01,-2.836026004197213624e+00
-4.232492974746169256e-01,6.925969082399341392e-01,2.390928146831508005e-01,1.927457979736262594e-01,-7.655139580821583856e-01,-4.776343880681815368e-01,1.570801904283443573e+00,8.053399070238268908e-05,-3.681554015753229499e-05,-3.598781924707408959e-05,-3.561026925069351104e-05,-1.151388641385732870e-04,-2.617954156658912623e-01,-2.836026004197213624e+00
-4.232362860295225682e-01,6.925877592490455870e-01,2.390818576777576920e-01,1.927628611639567724e-01,-7.655139580821583856e-01,-4.776727676895610730e-01,1.570801904283443573e+00,8.053399070238268908e-05,-3.681554015753229499e-05,-3.598781924707408959e-05,-3.561026925069351104e-05,-1.151388641385732870e-04,-2.617954156658912623e-01,-2.836026004197213624e+00
-4.232232745844281552e-01,6.925786102581571457e-01,2.390709006723645558e-01,1.927628611639567724e-01,-7.655139580821583856e-01,-4.776727676895610730e-01,1.570801904283443573e+00,8.053399070238268908e-05,-3.681554015753229499e-05,-3.598781924707408959e-05,-3.561026925069351104e-05,-1.151388641385732870e-04,-2.617954156658912623e-01,-2.836026004197213624e+00
-4.232102631393337977e-01,6.925603122763801522e-01,2.390489866615783388e-01,1.927799243542873131e-01,-7.654961529475331483e-01,-4.777111473109405537e-01,1.570801904283443573e+00,8.053399070238268908e-05,-3.681554015753229499e-05,-3.598781924707408959e-05,-3.561026925069351104e-05,-1.151388641385732870e-04,-2.617954156658912623e-01,-2.836026004197213624e+00
-4.231972516942394402e-01,6.925603122763801522e-01,2.390380296561852025e-01,1.927799243542873131e-01,-7.654961529475331483e-01,-4.777111473109405537e-01,1.570801904283443573e+00,8.053399070238268908e-05,-3.681554015753229499e-05,-3.598781924707408959e-05,-3.561026925069351104e-05,-1.151388641385732870e-04,-2.617954156658912623e-01,-2.836026004197213624e+00
-4.231842402491450827e-01,6.925511632854917110e-01,2.390270726507921217e-01,1.927969875446177983e-01,-7.654961529475331483e-01,-4.777495269323201454e-01,1.570801904283443573e+00,8.053399070238268908e-05,-3.681554015753229499e-05,-3.598781924707408959e-05,-3.561026925069351104e-05,-1.151388641385732870e-04,-2.617954156658912623e-01,-2.836026004197213624e+00
-4.231712288040507253e-01,6.925420142946032698e-01,2.390161156453990132e-01,1.927969875446177983e-01,-7.654961529475331483e-01,-4.777495269323201454e-01,1.570801904283443573e+00,8.053399070238268908e-05,-3.681554015753229499e-05,-3.598781924707408959e-05,-3.561026925069351104e-05,-1.151388641385732870e-04,-2.617954156658912623e-01,-2.836026004197213624e+00
-4.231582173589563678e-01,6.925328653037148285e-01,2.390051586400058770e-01,1.927969875446177983e-01,-7.654961529475331483e-01,-4.777495269323201454e-01,1.570801904283443573e+00,8.053399070238268908e-05,-3.681554015753229499e-05,-3.598781924707408959e-05,-3.561026925069351104e-05,-1.151388641385732870e-04,-2.617954156658912623e-01,-2.836026004197213624e+00
-4.231321944687675973e-01,6.925145673219377240e-01,2.389722876238265237e-01,1.928140507349483390e-01,-7.654961529475331483e-01,-4.777879065536996261e-01,1.570801904283443573e+00,8.053399070238268908e-05,-3.681554015753229499e-05,-3.598781924707408959e-05,-3.561026925069351104e-05,-1.151388641385732870e-04,-2.617954156658912623e-01,-2.836026004197213624e+00
-4.231191830236732399e-01,6.924962693401607305e-01,2.389503736130403067e-01,1.928311139252788797e-01,-7.654961529475331483e-01,-4.778262861750791624e-01,1.570801904283443573e+00,8.053399070238268908e-05,-3.681554015753229499e-05,-3.598781924707408959e-05,-3.561026925069351104e-05,-1.151388641385732870e-04,-2.617954156658912623e-01,-2.836026004197213624e+00
-4.231061715785788824e-01,6.924871203492722893e-01,2.389394166076471981e-01,1.928311139252788797e-01,-7.654961529475331483e-01,-4.778262861750791624e-01,1.570801904283443573e+00,8.053399070238268908e-05,-3.681554015753229499e-05,-3.598781924707408959e-05,-3.561026925069351104e-05,-1.151388641385732870e-04,-2.617954156658912623e-01,-2.836026004197213624e+00
-4.230931601334845249e-01,6.924779713583838481e-01,2.389284596022540619e-01,1.928481771156093927e-01,-7.654961529475331483e-01,-4.778646657964586986e-01,1.570801904283443573e+00,8.053399070238268908e-05,-3.681554015753229499e-05,-3.598781924707408959e-05,-3.561026925069351104e-05,-1.151388641385732870e-04,-2.617954156658912623e-01,-2.836026004197213624e+00
-4.230801486883901674e-01,6.924688223674954068e-01,2.389175025968609534e-01,1.928481771156093927e-01,-7.654961529475331483e-01,-4.778646657964586986e-01,1.570801904283443573e+00,8.053399070238268908e-05,-3.681554015753229499e-05,-3.598781924707408959e-05,-3.561026925069351104e-05,-1.151388641385732870e-04,-2.617954156658912623e-01,-2.836026004197213624e+00
-4.230541257982013970e-01,6.924505243857184134e-01,2.388846315806816278e-01,1.928652403059399334e-01,-7.654961529475331483e-01,-4.779030454178382348e-01,1.570801904283443573e+00,8.053399070238268908e-05,-3.681554015753229499e-05,-3.598781924707408959e-05,-3.561026925069351104e-05,-1.151388641385732870e-04,-2.617954156658912623e-01,-2.836026004197213624e+00
-4.230411143531070395e-01,6.924413753948299721e-01,2.388736745752885193e-01,1.928652403059399334e-01,-7.654783478129078000e-01,-4.779414250392177155e-01,1.570801904283443573e+00,8.053399070238268908e-05,-3.681554015753229499e-05,-3.598781924707408959e-05,-3.561026925069351104e-05,-1.151388641385732870e-04,-2.617954156658912623e-01,-2.836026004197213624e+00
-4.230411143531070395e-01,6.924322264039415309e-01,2.388627175698953831e-01,1.928652403059399334e-01,-7.654783478129078000e-01,-4.779414250392177155e-01,1.570801904283443573e+00,8.053399070238268908e-05,-3.681554015753229499e-05,-3.598781924707408959e-05,-3.561026925069351104e-05,-1.151388641385732870e-04,-2.617954156658912623e-01,-2.836026004197213624e+00
-4.230150914629183245e-01,6.924139284221644264e-01,2.388408035591091660e-01,1.928823034962704464e-01,-7.654783478129078000e-01,-4.779798046605972517e-01,1.570801904283443573e+00,8.053399070238268908e-05,-3.681554015753229499e-05,-3.598781924707408959e-05,-3.561026925069351104e-05,-1.151388641385732870e-04,-2.617954156658912623e-01,-2.836026004197213624e+00
-4.230020800178239671e-01,6.924047794312759851e-01,2.388188895483229213e-01,1.928823034962704464e-01,-7.654783478129078000e-01,-4.779798046605972517e-01,1.570801904283443573e+00,8.053399070238268908e-05,-3.681554015753229499e-05,-3.598781924707408959e-05,-3.561026925069351104e-05,-1.151388641385732870e-04,-2.617954156658912623e-01,-2.836026004197213624e+00
-4.229890685727296096e-01,6.923956304403874329e-01,2.388079325429298128e-01,1.928993666866009871e-01,-7.654783478129078000e-01,-4.780181842819767879e-01,1.570801904283443573e+00,8.053399070238268908e-05,-3.681554015753229499e-05,-3.598781924707408959e-05,-3.561026925069351104e-05,-1.151388641385732870e-04,-2.617954156658912623e-01,-2.836026004197213624e+00
-4.229760571276351966e-01,6.923864814494989917e-01,2.387969755375366765e-01,1.928993666866009871e-01,-7.654783478129078000e-01,-4.780181842819767879e-01,1.570801904283443573e+00,8.053399070238268908e-05,-3.681554015753229499e-05,-3.598781924707408959e-05,-3.561026925069351104e-05,-1.151388641385732870e-04,-2.617954156658912623e-01,-2.836026004197213624e+00
-4.229630456825408391e-01,6.923773324586105504e-01,2.387750615267504872e-01,1.928993666866009871e-01,-7.654783478129078000e-01,-4.780181842819767879e-01,1.570801904283443573e+00,8.053399070238268908e-05,-3.681554015753229499e-05,-3.598781924707408959e-05,-3.561026925069351104e-05,-1.151388641385732870e-04,-2.617954156658912623e-01,-2.836026004197213624e+00
-4.229500342374464816e-01,6.923590344768335569e-01,2.387531475159642425e-01,1.929164298769315278e-01,-7.654605426782824518e-01,-4.780565639033563241e-01,1.570801904283443573e+00,8.053399070238268908e-05,-3.681554015753229499e-05,-3.598781924707408959e-05,-3.561026925069351104e-05,-1.151388641385732870e-04,-2.617954156658912623e-01,-2.836026004197213624e+00
-4.229370227923521242e-01,6.923498854859451157e-01,2.387421905105711339e-01,1.929334930672620130e-01,-7.654605426782824518e-01,-4.780949435247358048e-01,1.570801904283443573e+00,8.053399070238268908e-05,-3.681554015753229499e-05,-3.598781924707408959e-05,-3.561026925069351104e-05,-1.151388641385732870e-04,-2.617954156658912623e-01,-2.836026004197213624e+00
-4.229240113472577667e-01,6.923407364950565634e-01,2.387202764997848892e-01,1.929334930672620130e-01,-7.654605426782824518e-01,-4.780949435247358048e-01,1.570801904283443573e+00,8.053399070238268908e-05,-3.681554015753229499e-05,-3.598781924707408959e-05,-3.561026925069351104e-05,-1.151388641385732870e-04,-2.617954156658912623e-01,-2.836026004197213624e+00
-4.228979884570689962e-01,6.923224385132795700e-01,2.386983624889986721e-01,1.929334930672620130e-01,-7.654605426782824518e-01,-4.781333231461153965e-01,1.570801904283443573e+00,8.053399070238268908e-05,-3.681554015753229499e-05,-3.598781924707408959e-05,-3.561026925069351104e-05,-1.151388641385732870e-04,-2.617954156658912623e-01,-2.836026004197213624e+00
-4.228849770119746387e-01,6.923041405315026875e-01,2.386764484782124551e-01,1.929505562575925537e-01,-7.654605426782824518e-01,-4.781333231461153965e-01,1.570801904283443573e+00,8.053399070238268908e-05,-3.681554015753229499e-05,-3.598781924707408959e-05,-3.561026925069351104e-05,-1.151388641385732870e-04,-2.617954156658912623e-01,-2.836026004197213624e+00
-4.228849770119746387e-01,6.922949915406141352e-01,2.386654914728193466e-01,1.929505562575925537e-01,-7.654605426782824518e-01,-4.781717027674948772e-01,1.570801904283443573e+00,8.053399070238268908e-05,-3.681554015753229499e-05,-3.598781924707408959e-05,-3.561026925069351104e-05,-1.151388641385732870e-04,-2.617954156658912623e-01,-2.836026004197213624e+00
-4.228589541217859238e-01,6.922766935588372528e-01,2.386326204566399933e-01,1.929676194479230666e-01,-7.654427375436571035e-01,-4.781717027674948772e-01,1.570801904283443573e+00,8.053399070238268908e-05,-3.681554015753229499e-05,-3.598781924707408959e-05,-3.561026925069351104e-05,-1.151388641385732870e-04,-2.617954156658912623e-01,-2.836026004197213624e+00
-4.228459426766915663e-01,6.922675445679488115e-01,2.386216634512468848e-01,1.929676194479230666e-01,-7.654427375436571035e-01,-4.782100823888744134e-01,1.570801904283443573e+00,8.053399070238268908e-05,-3.681554015753229499e-05,-3.598781924707408959e-05,-3.561026925069351104e-05,-1.151388641385732870e-04,-2.617954156658912623e-01,-2.836026004197213624e+00
-4.228329312315972643e-01,6.922583955770602593e-01,2.385997494404606400e-01,1.929846826382536074e-01,-7.654427375436571035e-01,-4.782100823888744134e-01,1.570801904283443573e+00,8.053399070238268908e-05,-3.681554015753229499e-05,-3.598781924707408959e-05,-3.561026925069351104e-05,-1.151388641385732870e-04,-2.617954156658912623e-01,-2.836026004197213624e+00
-4.228329312315972643e-01,6.922400975952832658e-01,2.385887924350675315e-01,1.929846826382536074e-01,-7.654427375436571035e-01,-4.782484620102538941e-01,1.570801904283443573e+00,8.053399070238268908e-05,-3.681554015753229499e-05,-3.598781924707408959e-05,-3.561026925069351104e-05,-1.151388641385732870e-04,-2.617954156658912623e-01,-2.836026004197213624e+00
-4.228069083414084939e-01,6.922217996135062723e-01,2.385559214188882060e-01,1.930017458285841481e-01,-7.654249324090317552e-01,-4.782484620102538941e-01,1.570801904283443573e+00,8.053399070238268908e-05,-3.681554015753229499e-05,-3.598781924707408959e-05,-3.561026925069351104e-05,-1.151388641385732870e-04,-2.617954156658912623e-01,-2.836026004197213624e+00
-4.227938968963141364e-01,6.922126506226178311e-01,2.385340074081019612e-01,1.930017458285841481e-01,-7.654249324090317552e-01,-4.782868416316334859e-01,1.570801904283443573e+00,8.053399070238268908e-05,-3.681554015753229499e-05,-3.598781924707408959e-05,-3.561026925069351104e-05,-1.151388641385732870e-04,-2.617954156658912623e-01,-2.836026004197213624e+00
-4.227678740061254214e-01,6.921852036499523964e-01,2.385120933973157442e-01,1.930188090189146610e-01,-7.654249324090317552e-01,-4.783252212530129666e-01,1.570801904283443573e+00,8.053399070238268908e-05,-3.681554015753229499e-05,-3.598781924707408959e-05,-3.561026925069351104e-05,-1.151388641385732870e-04,-2.617954156658912623e-01,-2.836026004197213624e+00
-4.227678740061254214e-01,6.921760546590639551e-01,2.384901793865294994e-01,1.930188090189146610e-01,-7.654071272744064069e-01,-4.783252212530129666e-01,1.570801904283443573e+00,8.053399070238268908e-05,-3.681554015753229499e-05,-3.598781924707408959e-05,-3.561026925069351104e-05,-1.151388641385732870e-04,-2.617954156658912623e-01,-2.836026004197213624e+00
-4.227548625610310640e-01,6.921669056681755139e-01,2.384792223811363909e-01,1.930358722092452017e-01,-7.654071272744064069e-01,-4.783252212530129666e-01,1.570801904283443573e+00,8.053399070238268908e-05,-3.681554015753229499e-05,-3.598781924707408959e-05,-3.561026925069351104e-05,-1.151388641385732870e-04,-2.617954156658912623e-01,-2.836026004197213624e+00
-4.227418511159367065e-01,6.921577566772868506e-01,2.384573083703501462e-01,1.930358722092452017e-01,-7.654071272744064069e-01,-4.783636008743925028e-01,1.570801904283443573e+00,8.053399070238268908e-05,-3.681554015753229499e-05,-3.598781924707408959e-05,-3.561026925069351104e-05,-1.151388641385732870e-04,-2.617954156658912623e-01,-2.836026004197213624e+00
-4.227288396708423490e-01,6.921394586955099681e-01,2.384463513649570376e-01,1.930358722092452017e-01,-7.654071272744064069e-01,-4.783636008743925028e-01,1.570801904283443573e+00,8.053399070238268908e-05,-3.681554015753229499e-05,-3.598781924707408959e-05,-3.561026925069351104e-05,-1.151388641385732870e-04,-2.617954156658912623e-01,-2.836026004197213624e+00
-4.227158282257479360e-01,6.921303097046214159e-01,2.384244373541708206e-01,1.930529353995757424e-01,-7.654071272744064069e-01,-4.783636008743925028e-01,1.570801904283443573e+00,8.053399070238268908e-05,-3.681554015753229499e-05,-3.598781924707408959e-05,-3.561026925069351104e-05,-1.151388641385732870e-04,-2.617954156658912623e-01,-2.836026004197213624e+00
-4.227158282257479360e-01,6.921211607137329747e-01,2.384134803487777121e-01,1.930529353995757424e-01,-7.653893221397810587e-01,-4.784019804957720390e-01,1.570801904283443573e+00,8.053399070238268908e-05,-3.681554015753229499e-05,-3.598781924707408959e-05,-3.561026925069351104e-05,-1.151388641385732870e-04,-2.617954156658912623e-01,-2.836026004197213624e+00
-4.227028167806535786e-01,6.921120117228445334e-01,2.383915663379914673e-01,1.930699985899062276e-01,-7.653893221397810587e-01,-4.784019804957720390e-01,1.570801904283443573e+00,8.053399070238268908e-05,-3.681554015753229499e-05,-3.598781924707408959e-05,-3.561026925069351104e-05,-1.151388641385732870e-04,-2.617954156658912623e-01,-2.836026004197213624e+00
-4.226898053355592211e-01,6.921028627319560922e-01,2.383806093325983588e-01,1.930699985899062276e-01,-7.653893221397810587e-01,-4.784019804957720390e-01,1.570801904283443573e+00,8.053399070238268908e-05,-3.681554015753229499e-05,-3.598781924707408959e-05,-3.561026925069351104e-05,-1.151388641385732870e-04,-2.617954156658912623e-01,-2.836026004197213624e+00
-4.226637824453705061e-01,6.920754157592906575e-01,2.383477383164190055e-01,1.930870617802367684e-01,-7.653715170051557104e-01,-4.784403601171515752e-01,1.570801904283443573e+00,8.053399070238268908e-05,-3.681554015753229499e-05,-3.598781924707408959e-05,-3.561026925069351104e-05,-1.151388641385732870e-04,-2.617954156658912623e-01,-2.836026004197213624e+00
-4.226507710002761486e-01,6.920662667684022162e-01,2.383258243056327608e-01,1.930870617802367684e-01,-7.653715170051557104e-01,-4.784787397385310559e-01,1.570801904283443573e+00,8.053399070238268908e-05,-3.681554015753229499e-05,-3.598781924707408959e-05,-3.561026925069351104e-05,-1.151388641385732870e-04,-2.617954156658912623e-01,-2.836026004197213624e+00
-4.226507710002761486e-01,6.920571177775135530e-01,2.383148673002396800e-01,1.930870617802367684e-01,-7.653715170051557104e-01,-4.784787397385310559e-01,1.570801904283443573e+00,8.053399070238268908e-05,-3.681554015753229499e-05,-3.598781924707408959e-05,-3.561026925069351104e-05,-1.151388641385732870e-04,-2.617954156658912623e-01,-2.836026004197213624e+00
-4.226377595551817357e-01,6.920479687866251117e-01,2.382929532894534352e-01,1.931041249705672813e-01,-7.653537118705303621e-01,-4.785171193599105921e-01,1.570801904283443573e+00,8.053399070238268908e-05,-3.681554015753229499e-05,-3.598781924707408959e-05,-3.561026925069351104e-05,-1.151388641385732870e-04,-2.617954156658912623e-01,-2.836026004197213624e+00
-4.226247481100873782e-01,6.920296708048481182e-01,2.382819962840603267e-01,1.931041249705672813e-01,-7.653537118705303621e-01,-4.785171193599105921e-01,1.570801904283443573e+00,8.053399070238268908e-05,-3.681554015753229499e-05,-3.598781924707408959e-05,-3.561026925069351104e-05,-1.151388641385732870e-04,-2.617954156658912623e-01,-2.836026004197213624e+00
-4.226117366649930207e-01,6.920205218139596770e-01,2.382600822732740820e-01,1.931211881608978220e-01,-7.653537118705303621e-01,-4.785171193599105921e-01,1.570801904283443573e+00,8.053399070238268908e-05,-3.681554015753229499e-05,-3.598781924707408959e-05,-3.561026925069351104e-05,-1.151388641385732870e-04,-2.617954156658912623e-01,-2.836026004197213624e+00
-4.225987252198986632e-01,6.920113728230712358e-01,2.382491252678809734e-01,1.931211881608978220e-01,-7.653537118705303621e-01,-4.785554989812901283e-01,1.570801904283443573e+00,8.053399070238268908e-05,-3.681554015753229499e-05,-3.598781924707408959e-05,-3.561026925069351104e-05,-1.151388641385732870e-04,-2.617954156658912623e-01,-2.836026004197213624e+00
-4.225857137748043058e-01,6.919930748412942423e-01,2.382162542517016202e-01,1.931382513512283627e-01,-7.653359067359050139e-01,-4.785554989812901283e-01,1.570801904283443573e+00,8.053399070238268908e-05,-3.681554015753229499e-05,-3.598781924707408959e-05,-3.561026925069351104e-05,-1.151388641385732870e-04,-2.617954156658912623e-01,-2.836026004197213624e+00
-4.225727023297099483e-01,6.919747768595173598e-01,2.381943402409154309e-01,1.931382513512283627e-01,-7.653359067359050139e-01,-4.785938786026696645e-01,1.570801904283443573e+00,8.053399070238268908e-05,-3.681554015753229499e-05,-3.598781924707408959e-05,-3.561026925069351104e-05,-1.151388641385732870e-04,-2.617954156658912623e-01,-2.836026004197213624e+00
-4.225596908846155353e-01,6.919656278686286965e-01,2.381833832355222946e-01,1.931382513512283627e-01,-7.653359067359050139e-01,-4.785938786026696645e-01,1.570801904283443573e+00,8.053399070238268908e-05,-3.681554015753229499e-05,-3.598781924707408959e-05,-3.561026925069351104e-05,-1.151388641385732870e-04,-2.617954156658912623e-01,-2.836026004197213624e+00
-4.225466794395211778e-01,6.919564788777402553e-01,2.381614692247360776e-01,1.931553145415588757e-01,-7.653181016012797766e-01,-4.786322582240491452e-01,1.570801904283443573e+00,8.053399070238268908e-05,-3.681554015753229499e-05,-3.598781924707408959e-05,-3.561026925069351104e-05,-1.151388641385732870e-04,-2.617954156658912623e-01,-2.836026004197213624e+00
-4.225206565493324629e-01,6.919290319050748206e-01,2.381285982085567243e-01,1.931553145415588757e-01,-7.653181016012797766e-01,-4.786322582240491452e-01,1.570801904283443573e+00,8.053399070238268908e-05,-3.681554015753229499e-05,-3.598781924707408959e-05,-3.561026925069351104e-05,-1.151388641385732870e-04,-2.617954156658912623e-01,-2.836026004197213624e+00
-4.225076451042381054e-01,6.919198829141863794e-01,2.381176412031635881e-01,1.931723777318894164e-01,-7.653002964666543173e-01,-4.786706378454287369e-01,1.570801904283443573e+00,8.053399070238268908e-05,-3.681554015753229499e-05,-3.598781924707408959e-05,-3.561026925069351104e-05,-1.151388641385732870e-04,-2.617954156658912623e-01,-2.836026004197213624e+00
-4.225076451042381054e-01,6.919107339232979381e-01,2.380957271923773710e-01,1.931723777318894164e-01,-7.653002964666543173e-01,-4.786706378454287369e-01,1.570801904283443573e+00,8.053399070238268908e-05,-3.681554015753229499e-05,-3.598781924707408959e-05,-3.561026925069351104e-05,-1.151388641385732870e-04,-2.617954156658912623e-01,-2.836026004197213624e+00
-4.224816222140493904e-01,6.918924359415209446e-01,2.380628561761980455e-01,1.931894409222199016e-01,-7.653002964666543173e-01,-4.787090174668082176e-01,1.570801904283443573e+00,8.053399070238268908e-05,-3.681554015753229499e-05,-3.598781924707408959e-05,-3.561026925069351104e-05,-1.151388641385732870e-04,-2.617954156658912623e-01,-2.836026004197213624e+00
-4.224686107689549774e-01,6.918741379597439511e-01,2.380518991708049370e-01,1.931894409222199016e-01,-7.652824913320289690e-01,-4.787090174668082176e-01,1.570801904283443573e+00,8.053399070238268908e-05,-3.681554015753229499e-05,-3.598781924707408959e-05,-3.561026925069351104e-05,-1.151388641385732870e-04,-2.617954156658912623e-01,-2.836026004197213624e+00
-4.224425878787662625e-01,6.918558399779669577e-01,2.380190281546255837e-01,1.932065041125504423e-01,-7.652824913320289690e-01,-4.787473970881877539e-01,1.570801904283443573e+00,8.053399070238268908e-05,-3.681554015753229499e-05,-3.598781924707408959e-05,-3.561026925069351104e-05,-1.151388641385732870e-04,-2.617954156658912623e-01,-2.836026004197213624e+00
-4.224425878787662625e-01,6.918375419961900752e-01,2.379971141438393389e-01,1.932065041125504423e-01,-7.652824913320289690e-01,-4.787857767095672901e-01,1.570801904283443573e+00,8.053399070238268908e-05,-3.681554015753229499e-05,-3.598781924707408959e-05,-3.561026925069351104e-05,-1.151388641385732870e-04,-2.617954156658912623e-01,-2.836026004197213624e+00
-4.224295764336719050e-01,6.918283930053015229e-01,2.379861571384462304e-01,1.932235673028809830e-01,-7.652646861974036208e-01,-4.788241563309468263e-01,1.570801904283443573e+00,8.053399070238268908e-05,-3.681554015753229499e-05,-3.598781924707408959e-05,-3.561026925069351104e-05,-1.151388641385732870e-04,-2.617954156658912623e-01,-2.836026004197213624e+00
-4.224165649885775475e-01,6.918192440144130817e-01,2.379642431276600134e-01,1.932235673028809830e-01,-7.652646861974036208e-01,-4.788241563309468263e-01,1.570801904283443573e+00,8.053399070238268908e-05,-3.681554015753229499e-05,-3.598781924707408959e-05,-3.561026925069351104e-05,-1.151388641385732870e-04,-2.617954156658912623e-01,-2.836026004197213624e+00
-4.224035535434831901e-01,6.918100950235246405e-01,2.379532861222669049e-01,1.932406304932114960e-01,-7.652646861974036208e-01,-4.788625359523263070e-01,1.570801904283443573e+00,8.053399070238268908e-05,-3.681554015753229499e-05,-3.598781924707408959e-05,-3.561026925069351104e-05,-1.151388641385732870e-04,-2.617954156658912623e-01,-2.836026004197213624e+00
-4.223905420983887771e-01,6.917917970417475360e-01,2.379313721114806601e-01,1.932406304932114960e-01,-7.652646861974036208e-01,-4.788625359523263070e-01,1.570801904283443573e+00,8.053399070238268908e-05,-3.681554015753229499e-05,-3.598781924707408959e-05,-3.561026925069351104e-05,-1.151388641385732870e-04,-2.617954156658912623e-01,-2.836026004197213624e+00
-4.223775306532944196e-01,6.917826480508590947e-01,2.379204151060875516e-01,1.932406304932114960e-01,-7.652468810627783835e-01,-4.788625359523263070e-01,1.570801904283443573e+00,8.053399070238268908e-05,-3.681554015753229499e-05,-3.598781924707408959e-05,-3.561026925069351104e-05,-1.151388641385732870e-04,-2.617954156658912623e-01,-2.836026004197213624e+00
-4.223775306532944196e-01,6.917734990599706535e-01,2.378985010953013068e-01,1.932576936835420367e-01,-7.652468810627783835e-01,-4.789009155737058432e-01,1.570801904283443573e+00,8.053399070238268908e-05,-3.681554015753229499e-05,-3.598781924707408959e-05,-3.561026925069351104e-05,-1.151388641385732870e-04,-2.617954156658912623e-01,-2.836026004197213624e+00
-4.223515077631057046e-01,6.917460520873052188e-01,2.378656300791219536e-01,1.932576936835420367e-01,-7.652290759281529242e-01,-4.789392951950853794e-01,1.570801904283443573e+00,8.053399070238268908e-05,-3.681554015753229499e-05,-3.598781924707408959e-05,-3.561026925069351104e-05,-1.151388641385732870e-04,-2.617954156658912623e-01,-2.836026004197213624e+00
-4.223384963180113472e-01,6.917369030964167775e-01,2.378437160683357643e-01,1.932747568738725497e-01,-7.652290759281529242e-01,-4.789392951950853794e-01,1.570801904283443573e+00,8.053399070238268908e-05,-3.681554015753229499e-05,-3.598781924707408959e-05,-3.561026925069351104e-05,-1.151388641385732870e-04,-2.617954156658912623e-01,-2.836026004197213624e+00
-4.223254848729169897e-01,6.917277541055282253e-01,2.378327590629426280e-01,1.932747568738725497e-01,-7.652290759281529242e-01,-4.789776748164649156e-01,1.570801904283443573e+00,8.053399070238268908e-05,-3.681554015753229499e-05,-3.598781924707408959e-05,-3.561026925069351104e-05,-1.151388641385732870e-04,-2.617954156658912623e-01,-2.836026004197213624e+00
-4.223124734278225767e-01,6.917003071328626795e-01,2.377998880467633025e-01,1.932918200642030904e-01,-7.652112707935275759e-01,-4.789776748164649156e-01,1.570801904283443573e+00,8.053399070238268908e-05,-3.681554015753229499e-05,-3.598781924707408959e-05,-3.561026925069351104e-05,-1.151388641385732870e-04,-2.617954156658912623e-01,-2.836026004197213624e+00
-4.222994619827282192e-01,6.916911581419742383e-01,2.377779740359770577e-01,1.932918200642030904e-01,-7.652112707935275759e-01,-4.790160544378443963e-01,1.570801904283443573e+00,8.053399070238268908e-05,-3.681554015753229499e-05,-3.598781924707408959e-05,-3.561026925069351104e-05,-1.151388641385732870e-04,-2.617954156658912623e-01,-2.836026004197213624e+00
-4.222734390925395043e-01,6.916637111693088036e-01,2.377451030197977044e-01,1.933088832545336311e-01,-7.651934656589022277e-01,-4.790544340592239880e-01,1.570801904283443573e+00,8.053399070238268908e-05,-3.681554015753229499e-05,-3.598781924707408959e-05,-3.561026925069351104e-05,-1.151388641385732870e-04,-2.617954156658912623e-01,-2.836026004197213624e+00
-4.222604276474451468e-01,6.916545621784203624e-01,2.377231890090114874e-01,1.933088832545336311e-01,-7.651934656589022277e-01,-4.790544340592239880e-01,1.570801904283443573e+00,8.053399070238268908e-05,-3.681554015753229499e-05,-3.598781924707408959e-05,-3.561026925069351104e-05,-1.151388641385732870e-04,-2.617954156658912623e-01,-2.836026004197213624e+00
-4.222474162023507893e-01,6.916362641966434799e-01,2.377122320036183789e-01,1.933259464448641163e-01,-7.651934656589022277e-01,-4.790544340592239880e-01,1.570801904283443573e+00,8.053399070238268908e-05,-3.681554015753229499e-05,-3.598781924707408959e-05,-3.561026925069351104e-05,-1.151388641385732870e-04,-2.617954156658912623e-01,-2.836026004197213624e+00
-4.222474162023507893e-01,6.916271152057549276e-01,2.376903179928321341e-01,1.933259464448641163e-01,-7.651934656589022277e-01,-4.790928136806034687e-01,1.570801904283443573e+00,8.053399070238268908e-05,-3.681554015753229499e-05,-3.598781924707408959e-05,-3.561026925069351104e-05,-1.151388641385732870e-04,-2.617954156658912623e-01,-2.836026004197213624e+00
-4.222344047572563763e-01,6.916088172239780452e-01,2.376684039820459171e-01,1.933259464448641163e-01,-7.651756605242769904e-01,-4.790928136806034687e-01,1.570801904283443573e+00,8.053399070238268908e-05,-3.681554015753229499e-05,-3.598781924707408959e-05,-3.561026925069351104e-05,-1.151388641385732870e-04,-2.617954156658912623e-01,-2.836026004197213624e+00
-4.222083818670676614e-01,6.915905192422009407e-01,2.376355329658665638e-01,1.933430096351946570e-01,-7.651756605242769904e-01,-4.791311933019830049e-01,1.570801904283443573e+00,8.053399070238268908e-05,-3.681554015753229499e-05,-3.598781924707408959e-05,-3.561026925069351104e-05,-1.151388641385732870e-04,-2.617954156658912623e-01,-2.836026004197213624e+00
-4.221953704219733039e-01,6.915630722695355059e-01,2.376026619496872383e-01,1.933600728255251977e-01,-7.651578553896515311e-01,-4.791695729233624856e-01,1.570801904283443573e+00,8.053399070238268908e-05,-3.681554015753229499e-05,-3.598781924707408959e-05,-3.561026925069351104e-05,-1.151388641385732870e-04,-2.617954156658912623e-01,-2.836026004197213624e+00
-4.221823589768789464e-01,6.915539232786470647e-01,2.375807479389009935e-01,1.933600728255251977e-01,-7.651578553896515311e-01,-4.791695729233624856e-01,1.570801904283443573e+00,8.053399070238268908e-05,-3.681554015753229499e-05,-3.598781924707408959e-05,-3.561026925069351104e-05,-1.151388641385732870e-04,-2.617954156658912623e-01,-2.836026004197213624e+00
-4.221693475317845889e-01,6.915356252968700712e-01,2.375588339281147765e-01,1.933771360158557107e-01,-7.651578553896515311e-01,-4.791695729233624856e-01,1.570801904283443573e+00,8.053399070238268908e-05,-3.681554015753229499e-05,-3.598781924707408959e-05,-3.561026925069351104e-05,-1.151388641385732870e-04,-2.617954156658912623e-01,-2.836026004197213624e+00
-4.221563360866902315e-01,6.915264763059816300e-01,2.375369199173285317e-01,1.933771360158557107e-01,-7.651400502550261828e-01,-4.792079525447420774e-01,1.570801904283443573e+00,8.053399070238268908e-05,-3.681554015753229499e-05,-3.598781924707408959e-05,-3.561026925069351104e-05,-1.151388641385732870e-04,-2.617954156658912623e-01,-2.836026004197213624e+00
-4.221433246415958185e-01,6.915173273150931887e-01,2.375259629119354232e-01,1.933771360158557107e-01,-7.651400502550261828e-01,-4.792079525447420774e-01,1.570801904283443573e+00,8.053399070238268908e-05,-3.681554015753229499e-05,-3.598781924707408959e-05,-3.561026925069351104e-05,-1.151388641385732870e-04,-2.617954156658912623e-01,-2.836026004197213624e+00
-4.221303131965014610e-01,6.914898803424276430e-01,2.374821348903629892e-01,1.933941992061862514e-01,-7.651400502550261828e-01,-4.792463321661215581e-01,1.570801904283443573e+00,8.053399070238268908e-05,-3.681554015753229499e-05,-3.598781924707408959e-05,-3.561026925069351104e-05,-1.151388641385732870e-04,-2.617954156658912623e-01,-2.836026004197213624e+00
-4.221042903063127461e-01,6.914624333697622083e-01,2.374492638741836359e-01,1.934112623965167643e-01,-7.651222451204008346e-01,-4.792847117875010943e-01,1.570801904283443573e+00,8.053399070238268908e-05,-3.681554015753229499e-05,-3.598781924707408959e-05,-3.561026925069351104e-05,-1.151388641385732870e-04,-2.617954156658912623e-01,-2.836026004197213624e+00
-4.221042903063127461e-01,6.914441353879853258e-01,2.374273498633973911e-01,1.934112623965167643e-01,-7.651222451204008346e-01,-4.792847117875010943e-01,1.570801904283443573e+00,8.053399070238268908e-05,-3.681554015753229499e-05,-3.598781924707408959e-05,-3.561026925069351104e-05,-1.151388641385732870e-04,-2.617954156658912623e-01,-2.836026004197213624e+00
-4.220912788612183886e-01,6.914349863970967736e-01,2.374054358526111463e-01,1.934112623965167643e-01,-7.651044399857755973e-01,-4.792847117875010943e-01,1.570801904283443573e+00,8.053399070238268908e-05,-3.681554015753229499e-05,-3.598781924707408959e-05,-3.561026925069351104e-05,-1.151388641385732870e-04,-2.617954156658912623e-01,-2.836026004197213624e+00
-4.220782674161240311e-01,6.914258374062083323e-01,2.373835218418249571e-01,1.934283255868473050e-01,-7.651044399857755973e-01,-4.793230914088806305e-01,1.570801904283443573e+00,8.053399070238268908e-05,-3.681554015753229499e-05,-3.598781924707408959e-05,-3.561026925069351104e-05,-1.151388641385732870e-04,-2.617954156658912623e-01,-2.836026004197213624e+00
-4.220652559710296181e-01,6.914075394244313388e-01,2.373616078310387123e-01,1.934283255868473050e-01,-7.651044399857755973e-01,-4.793230914088806305e-01,1.570801904283443573e+00,8.053399070238268908e-05,-3.681554015753229499e-05,-3.598781924707408959e-05,-3.561026925069351104e-05,-1.151388641385732870e-04,-2.617954156658912623e-01,-2.836026004197213624e+00
-4.220522445259352606e-01,6.913983904335427866e-01,2.373396938202524953e-01,1.934453887771778458e-01,-7.651044399857755973e-01,-4.793614710302601667e-01,1.570801904283443573e+00,8.053399070238268908e-05,-3.681554015753229499e-05,-3.598781924707408959e-05,-3.561026925069351104e-05,-1.151388641385732870e-04,-2.617954156658912623e-01,-2.836026004197213624e+00
-4.220522445259352606e-01,6.913800924517659041e-01,2.373287368148593590e-01,1.934453887771778458e-01,-7.650866348511501380e-01,-4.793614710302601667e-01,1.570801904283443573e+00,8.053399070238268908e-05,-3.681554015753229499e-05,-3.598781924707408959e-05,-3.561026925069351104e-05,-1.151388641385732870e-04,-2.617954156658912623e-01,-2.836026004197213624e+00
-4.220392330808409032e-01,6.913709434608774629e-01,2.373068228040731420e-01,1.934453887771778458e-01,-7.650866348511501380e-01,-4.793614710302601667e-01,1.570801904283443573e+00,8.053399070238268908e-05,-3.681554015753229499e-05,-3.598781924707408959e-05,-3.561026925069351104e-05,-1.151388641385732870e-04,-2.617954156658912623e-01,-2.836026004197213624e+00
-4.220262216357465457e-01,6.913526454791004694e-01,2.372849087932868972e-01,1.934624519675083310e-01,-7.650866348511501380e-01,-4.793998506516396474e-01,1.570801904283443573e+00,8.053399070238268908e-05,-3.681554015753229499e-05,-3.598781924707408959e-05,-3.561026925069351104e-05,-1.151388641385732870e-04,-2.617954156658912623e-01,-2.836026004197213624e+00
-4.220132101906521882e-01,6.913434964882120282e-01,2.372629947825006802e-01,1.934624519675083310e-01,-7.650866348511501380e-01,-4.793998506516396474e-01,1.570801904283443573e+00,8.053399070238268908e-05,-3.681554015753229499e-05,-3.598781924707408959e-05,-3.561026925069351104e-05,-1.151388641385732870e-04,-2.617954156658912623e-01,-2.836026004197213624e+00
-4.220132101906521882e-01,6.913251985064349237e-01,2.372410807717144632e-01,1.934624519675083310e-01,-7.650688297165247898e-01,-4.794382302730191836e-01,1.570801904283443573e+00,8.053399070238268908e-05,-3.681554015753229499e-05,-3.598781924707408959e-05,-3.561026925069351104e-05,-1.151388641385732870e-04,-2.617954156658912623e-01,-2.836026004197213624e+00
-4.219871873004634177e-01,6.912977515337694889e-01,2.371972527501420014e-01,1.934795151578388717e-01,-7.650688297165247898e-01,-4.794382302730191836e-01,1.570801904283443573e+00,8.053399070238268908e-05,-3.681554015753229499e-05,-3.598781924707408959e-05,-3.561026925069351104e-05,-1.151388641385732870e-04,-2.617954156658912623e-01,-2.836026004197213624e+00
-4.219741758553690603e-01,6.912794535519926065e-01,2.371862957447488651e-01,1.934795151578388717e-01,-7.650688297165247898e-01,-4.794766098943987198e-01,1.570801904283443573e+00,8.053399070238268908e-05,-3.681554015753229499e-05,-3.598781924707408959e-05,-3.561026925069351104e-05,-1.151388641385732870e-04,-2.617954156658912623e-01,-2.836026004197213624e+00
-4.219611644102747028e-01,6.912520065793271717e-01,2.371424677231764311e-01,1.934965783481693846e-01,-7.650510245818994415e-01,-4.794766098943987198e-01,1.570801904283443573e+00,8.053399070238268908e-05,-3.681554015753229499e-05,-3.598781924707408959e-05,-3.561026925069351104e-05,-1.151388641385732870e-04,-2.617954156658912623e-01,-2.836026004197213624e+00
-4.219481529651803453e-01,6.912428575884387305e-01,2.371205537123901863e-01,1.935136415384999253e-01,-7.650510245818994415e-01,-4.795149895157782560e-01,1.570801904283443573e+00,8.053399070238268908e-05,-3.681554015753229499e-05,-3.598781924707408959e-05,-3.561026925069351104e-05,-1.151388641385732870e-04,-2.617954156658912623e-01,-2.836026004197213624e+00
-4.219351415200859878e-01,6.912154106157731848e-01,2.370767256908177245e-01,1.935136415384999253e-01,-7.650332194472742042e-01,-4.795533691371577367e-01,1.570801904283443573e+00,8.053399070238268908e-05,-3.681554015753229499e-05,-3.598781924707408959e-05,-3.561026925069351104e-05,-1.151388641385732870e-04,-2.617954156658912623e-01,-2.836026004197213624e+00
-4.219221300749916304e-01,6.911971126339961913e-01,2.370548116800315075e-01,1.935307047288304660e-01,-7.650332194472742042e-01,-4.795533691371577367e-01,1.570801904283443573e+00,8.053399070238268908e-05,-3.681554015753229499e-05,-3.598781924707408959e-05,-3.561026925069351104e-05,-1.151388641385732870e-04,-2.617954156658912623e-01,-2.836026004197213624e+00
-4.219091186298972729e-01,6.911788146522193088e-01,2.370328976692452905e-01,1.935307047288304660e-01,-7.650332194472742042e-01,-4.795533691371577367e-01,1.570801904283443573e+00,8.053399070238268908e-05,-3.681554015753229499e-05,-3.598781924707408959e-05,-3.561026925069351104e-05,-1.151388641385732870e-04,-2.617954156658912623e-01,-2.836026004197213624e+00
-4.218961071848028599e-01,6.911696656613307566e-01,2.370109836584590457e-01,1.935307047288304660e-01,-7.650154143126487449e-01,-4.795917487585373284e-01,1.570801904283443573e+00,8.053399070238268908e-05,-3.681554015753229499e-05,-3.598781924707408959e-05,-3.561026925069351104e-05,-1.151388641385732870e-04,-2.617954156658912623e-01,-2.836026004197213624e+00
-4.218961071848028599e-01,6.911513676795538741e-01,2.369890696476728287e-01,1.935477679191609790e-01,-7.650154143126487449e-01,-4.795917487585373284e-01,1.570801904283443573e+00,8.053399070238268908e-05,-3.681554015753229499e-05,-3.598781924707408959e-05,-3.561026925069351104e-05,-1.151388641385732870e-04,-2.617954156658912623e-01,-2.836026004197213624e+00
-4.218830957397085024e-01,6.911422186886654329e-01,2.369671556368865839e-01,1.935477679191609790e-01,-7.650154143126487449e-01,-4.795917487585373284e-01,1.570801904283443573e+00,8.053399070238268908e-05,-3.681554015753229499e-05,-3.598781924707408959e-05,-3.561026925069351104e-05,-1.151388641385732870e-04,-2.617954156658912623e-01,-2.836026004197213624e+00
-4.218570728495197875e-01,6.911147717159998871e-01,2.369342846207072306e-01,1.935648311094915197e-01,-7.649976091780233967e-01,-4.796301283799168091e-01,1.570801904283443573e+00,8.053399070238268908e-05,-3.681554015753229499e-05,-3.598781924707408959e-05,-3.561026925069351104e-05,-1.151388641385732870e-04,-2.617954156658912623e-01,-2.836026004197213624e+00
-4.218440614044254300e-01,6.910964737342228936e-01,2.369123706099210414e-01,1.935648311094915197e-01,-7.649976091780233967e-01,-4.796301283799168091e-01,1.570801904283443573e+00,8.053399070238268908e-05,-3.681554015753229499e-05,-3.598781924707408959e-05,-3.561026925069351104e-05,-1.151388641385732870e-04,-2.617954156658912623e-01,-2.836026004197213624e+00
-4.218440614044254300e-01,6.910781757524460112e-01,2.368904565991347966e-01,1.935648311094915197e-01,-7.649798040433981594e-01,-4.796685080012963454e-01,1.570801904283443573e+00,8.053399070238268908e-05,-3.681554015753229499e-05,-3.598781924707408959e-05,-3.561026925069351104e-05,-1.151388641385732870e-04,-2.617954156658912623e-01,-2.836026004197213624e+00
-4.218310499593310725e-01,6.910690267615574589e-01,2.368685425883485518e-01,1.935818942998220049e-01,-7.649798040433981594e-01,-4.796685080012963454e-01,1.570801904283443573e+00,8.053399070238268908e-05,-3.681554015753229499e-05,-3.598781924707408959e-05,-3.561026925069351104e-05,-1.151388641385732870e-04,-2.617954156658912623e-01,-2.836026004197213624e+00
-4.218050270691423020e-01,6.910324307980034719e-01,2.368247145667760900e-01,1.935989574901525456e-01,-7.649619989087728111e-01,-4.797068876226758816e-01,1.570801904283443573e+00,8.053399070238268908e-05,-3.681554015753229499e-05,-3.598781924707408959e-05,-3.561026925069351104e-05,-1.151388641385732870e-04,-2.617954156658912623e-01,-2.836026004197213624e+00
-4.218050270691423020e-01,6.910232818071150307e-01,2.368028005559898452e-01,1.935989574901525456e-01,-7.649619989087728111e-01,-4.797068876226758816e-01,1.570801904283443573e+00,8.053399070238268908e-05,-3.681554015753229499e-05,-3.598781924707408959e-05,-3.561026925069351104e-05,-1.151388641385732870e-04,-2.617954156658912623e-01,-2.836026004197213624e+00
-4.217920156240479446e-01,6.910049838253380372e-01,2.367808865452036560e-01,1.935989574901525456e-01,-7.649441937741473518e-01,-4.797068876226758816e-01,1.570801904283443573e+00,8.053399070238268908e-05,-3.681554015753229499e-05,-3.598781924707408959e-05,-3.561026925069351104e-05,-1.151388641385732870e-04,-2.617954156658912623e-01,-2.836026004197213624e+00
-4.217790041789535871e-01,6.909958348344495960e-01,2.367589725344174112e-01,1.936160206804830863e-01,-7.649441937741473518e-01,-4.797452672440554178e-01,1.570801904283443573e+00,8.053399070238268908e-05,-3.681554015753229499e-05,-3.598781924707408959e-05,-3.561026925069351104e-05,-1.151388641385732870e-04,-2.617954156658912623e-01,-2.836026004197213624e+00
-4.217659927338592296e-01,6.909775368526727135e-01,2.367370585236311942e-01,1.936160206804830863e-01,-7.649441937741473518e-01,-4.797452672440554178e-01,1.570801904283443573e+00,8.053399070238268908e-05,-3.681554015753229499e-05,-3.598781924707408959e-05,-3.561026925069351104e-05,-1.151388641385732870e-04,-2.617954156658912623e-01,-2.836026004197213624e+00
-4.217529812887648721e-01,6.909500898800071678e-01,2.366932305020587046e-01,1.936330838708135993e-01,-7.649263886395220036e-01,-4.798220264868144347e-01,1.570801904283443573e+00,8.053399070238268908e-05,-3.681554015753229499e-05,-3.598781924707408959e-05,-3.561026925069351104e-05,-1.151388641385732870e-04,-2.617954156658912623e-01,-2.836026004197213624e+00
-4.217399698436705702e-01,6.909317918982301743e-01,2.366713164912725154e-01,1.936330838708135993e-01,-7.649263886395220036e-01,-4.798220264868144347e-01,1.570801904283443573e+00,8.053399070238268908e-05,-3.681554015753229499e-05,-3.598781924707408959e-05,-3.561026925069351104e-05,-1.151388641385732870e-04,-2.617954156658912623e-01,-2.836026004197213624e+00
-4.217269583985761572e-01,6.909226429073417330e-01,2.366494024804862706e-01,1.936330838708135993e-01,-7.649263886395220036e-01,-4.798604061081939709e-01,1.570801904283443573e+00,8.053399070238268908e-05,-3.681554015753229499e-05,-3.598781924707408959e-05,-3.561026925069351104e-05,-1.151388641385732870e-04,-2.617954156658912623e-01,-2.836026004197213624e+00
-4.217139469534817997e-01,6.909043449255647396e-01,2.366274884697000536e-01,1.936501470611441400e-01,-7.649085835048967663e-01,-4.798604061081939709e-01,1.570801904283443573e+00,8.053399070238268908e-05,-3.681554015753229499e-05,-3.598781924707408959e-05,-3.561026925069351104e-05,-1.151388641385732870e-04,-2.617954156658912623e-01,-2.836026004197213624e+00
-4.217139469534817997e-01,6.908860469437878571e-01,2.366165314643069173e-01,1.936501470611441400e-01,-7.649085835048967663e-01,-4.798604061081939709e-01,1.570801904283443573e+00,8.053399070238268908e-05,-3.681554015753229499e-05,-3.598781924707408959e-05,-3.561026925069351104e-05,-1.151388641385732870e-04,-2.617954156658912623e-01,-2.836026004197213624e+00
-4.217009355083874422e-01,6.908768979528994159e-01,2.365946174535207003e-01,1.936672102514746807e-01,-7.649085835048967663e-01,-4.798987857295735071e-01,1.570801904283443573e+00,8.053399070238268908e-05,-3.681554015753229499e-05,-3.598781924707408959e-05,-3.561026925069351104e-05,-1.151388641385732870e-04,-2.617954156658912623e-01,-2.836026004197213624e+00
-4.216879240632930848e-01,6.908585999711223113e-01,2.365727034427344555e-01,1.936672102514746807e-01,-7.648907783702714180e-01,-4.798987857295735071e-01,1.570801904283443573e+00,8.053399070238268908e-05,-3.681554015753229499e-05,-3.598781924707408959e-05,-3.561026925069351104e-05,-1.151388641385732870e-04,-2.617954156658912623e-01,-2.836026004197213624e+00
-4.216619011731043698e-01,6.908311529984568766e-01,2.365288754211620215e-01,1.936842734418051937e-01,-7.648907783702714180e-01,-4.799371653509529878e-01,1.570801904283443573e+00,8.053399070238268908e-05,-3.681554015753229499e-05,-3.598781924707408959e-05,-3.561026925069351104e-05,-1.151388641385732870e-04,-2.617954156658912623e-01,-2.836026004197213624e+00
-4.216619011731043698e-01,6.908128550166799942e-01,2.365069614103757767e-01,1.936842734418051937e-01,-7.648729732356459587e-01,-4.799371653509529878e-01,1.570801904283443573e+00,8.053399070238268908e-05,-3.681554015753229499e-05,-3.598781924707408959e-05,-3.561026925069351104e-05,-1.151388641385732870e-04,-2.617954156658912623e-01,-2.836026004197213624e+00
-4.216488897280099568e-01,6.908037060257914419e-01,2.364850473995895597e-01,1.936842734418051937e-01,-7.648729732356459587e-01,-4.799371653509529878e-01,1.570801904283443573e+00,8.053399070238268908e-05,-3.681554015753229499e-05,-3.598781924707408959e-05,-3.561026925069351104e-05,-1.151388641385732870e-04,-2.617954156658912623e-01,-2.836026004197213624e+00
-4.216358782829155993e-01,6.907854080440145594e-01,2.364631333888033149e-01,1.937013366321357344e-01,-7.648729732356459587e-01,-4.799755449723325795e-01,1.570801904283443573e+00,8.053399070238268908e-05,-3.681554015753229499e-05,-3.598781924707408959e-05,-3.561026925069351104e-05,-1.151388641385732870e-04,-2.617954156658912623e-01,-2.836026004197213624e+00
-4.216228668378212419e-01,6.907762590531261182e-01,2.364412193780170979e-01,1.937013366321357344e-01,-7.648551681010206105e-01,-4.799755449723325795e-01,1.570801904283443573e+00,8.053399070238268908e-05,-3.681554015753229499e-05,-3.598781924707408959e-05,-3.561026925069351104e-05,-1.151388641385732870e-04,-2.617954156658912623e-01,-2.836026004197213624e+00
-4.216228668378212419e-01,6.907579610713490137e-01,2.364193053672308809e-01,1.937013366321357344e-01,-7.648551681010206105e-01,-4.799755449723325795e-01,1.570801904283443573e+00,8.053399070238268908e-05,-3.681554015753229499e-05,-3.598781924707408959e-05,-3.561026925069351104e-05,-1.151388641385732870e-04,-2.617954156658912623e-01,-2.836026004197213624e+00
-4.215968439476325269e-01,6.907305140986835790e-01,2.363754773456583913e-01,1.937183998224662196e-01,-7.648551681010206105e-01,-4.800139245937120602e-01,1.570801904283443573e+00,8.053399070238268908e-05,-3.681554015753229499e-05,-3.598781924707408959e-05,-3.561026925069351104e-05,-1.151388641385732870e-04,-2.617954156658912623e-01,-2.836026004197213624e+00
-4.215838325025381694e-01,6.907122161169066965e-01,2.363535633348721743e-01,1.937183998224662196e-01,-7.648373629663953732e-01,-4.800523042150915964e-01,1.570801904283443573e+00,8.053399070238268908e-05,-3.681554015753229499e-05,-3.598781924707408959e-05,-3.561026925069351104e-05,-1.151388641385732870e-04,-2.617954156658912623e-01,-2.836026004197213624e+00
-4.215708210574438120e-01,6.906847691442412618e-01,2.363097353132997402e-01,1.937354630127967603e-01,-7.648373629663953732e-01,-4.800523042150915964e-01,1.570801904283443573e+00,8.053399070238268908e-05,-3.681554015753229499e-05,-3.598781924707408959e-05,-3.561026925069351104e-05,-1.151388641385732870e-04,-2.617954156658912623e-01,-2.836026004197213624e+00
-4.215578096123493990e-01,6.906756201533527095e-01,2.362878213025134955e-01,1.937525262031273010e-01,-7.648195578317700249e-01,-4.800906838364710771e-01,1.570801904283443573e+00,8.053399070238268908e-05,-3.681554015753229499e-05,-3.598781924707408959e-05,-3.561026925069351104e-05,-1.151388641385732870e-04,-2.617954156658912623e-01,-2.836026004197213624e+00
-4.215447981672550415e-01,6.906573221715757160e-01,2.362659072917272507e-01,1.937525262031273010e-01,-7.648195578317700249e-01,-4.800906838364710771e-01,1.570801904283443573e+00,8.053399070238268908e-05,-3.681554015753229499e-05,-3.598781924707408959e-05,-3.561026925069351104e-05,-1.151388641385732870e-04,-2.617954156658912623e-01,-2.836026004197213624e+00
-4.215317867221606840e-01,6.906390241897987226e-01,2.362439932809410337e-01,1.937525262031273010e-01,-7.648195578317700249e-01,-4.800906838364710771e-01,1.570801904283443573e+00,8.053399070238268908e-05,-3.681554015753229499e-05,-3.598781924707408959e-05,-3.561026925069351104e-05,-1.151388641385732870e-04,-2.617954156658912623e-01,-2.836026004197213624e+00
-4.215187752770663265e-01,6.906115772171333989e-01,2.362001652593685996e-01,1.937695893934578140e-01,-7.648017526971445657e-01,-4.801290634578506689e-01,1.570801904283443573e+00,8.053399070238268908e-05,-3.681554015753229499e-05,-3.598781924707408959e-05,-3.561026925069351104e-05,-1.151388641385732870e-04,-2.617954156658912623e-01,-2.836026004197213624e+00
-4.214927523868776116e-01,6.905841302444678531e-01,2.361563372377961101e-01,1.937866525837883547e-01,-7.648017526971445657e-01,-4.801674430792301496e-01,1.570801904283443573e+00,8.053399070238268908e-05,-3.681554015753229499e-05,-3.598781924707408959e-05,-3.561026925069351104e-05,-1.151388641385732870e-04,-2.617954156658912623e-01,-2.836026004197213624e+00
-4.214797409417831986e-01,6.905658322626908596e-01,2.361344232270098931e-01,1.937866525837883547e-01,-7.648017526971445657e-01,-4.801674430792301496e-01,1.570801904283443573e+00,8.053399070238268908e-05,-3.681554015753229499e-05,-3.598781924707408959e-05,-3.561026925069351104e-05,-1.151388641385732870e-04,-2.617954156658912623e-01,-2.836026004197213624e+00
-4.214797409417831986e-01,6.905475342809139772e-01,2.361125092162236483e-01,1.937866525837883547e-01,-7.647839475625192174e-01,-4.802058227006096303e-01,1.570801904283443573e+00,8.053399070238268908e-05,-3.681554015753229499e-05,-3.598781924707408959e-05,-3.561026925069351104e-05,-1.151388641385732870e-04,-2.617954156658912623e-01,-2.836026004197213624e+00
-4.214667294966888411e-01,6.905292362991369837e-01,2.360905952054374590e-01,1.938037157741188676e-01,-7.647839475625192174e-01,-4.802058227006096303e-01,1.570801904283443573e+00,8.053399070238268908e-05,-3.681554015753229499e-05,-3.598781924707408959e-05,-3.561026925069351104e-05,-1.151388641385732870e-04,-2.617954156658912623e-01,-2.836026004197213624e+00
-4.214537180515944836e-01,6.905200873082485424e-01,2.360686811946512143e-01,1.938037157741188676e-01,-7.647839475625192174e-01,-4.802058227006096303e-01,1.570801904283443573e+00,8.053399070238268908e-05,-3.681554015753229499e-05,-3.598781924707408959e-05,-3.561026925069351104e-05,-1.151388641385732870e-04,-2.617954156658912623e-01,-2.836026004197213624e+00
-4.214407066065001262e-01,6.905017893264715489e-01,2.360467671838649695e-01,1.938037157741188676e-01,-7.647661424278939801e-01,-4.802442023219892220e-01,1.570801904283443573e+00,8.053399070238268908e-05,-3.681554015753229499e-05,-3.598781924707408959e-05,-3.561026925069351104e-05,-1.151388641385732870e-04,-2.617954156658912623e-01,-2.836026004197213624e+00
-4.214276951614057687e-01,6.904743423538060032e-01,2.360029391622925077e-01,1.938207789644494083e-01,-7.647661424278939801e-01,-4.802825819433687582e-01,1.570801904283443573e+00,8.053399070238268908e-05,-3.681554015753229499e-05,-3.598781924707408959e-05,-3.561026925069351104e-05,-1.151388641385732870e-04,-2.617954156658912623e-01,-2.836026004197213624e+00
-4.214146837163114112e-01,6.904560443720291207e-01,2.359810251515062629e-01,1.938378421547799491e-01,-7.647661424278939801e-01,-4.802825819433687582e-01,1.570801904283443573e+00,8.053399070238268908e-05,-3.681554015753229499e-05,-3.598781924707408959e-05,-3.561026925069351104e-05,-1.151388641385732870e-04,-2.617954156658912623e-01,-2.836026004197213624e+00
-4.214016722712169982e-01,6.904377463902521272e-01,2.359481541353269374e-01,1.938378421547799491e-01,-7.647483372932686319e-01,-4.802825819433687582e-01,1.570801904283443573e+00,8.053399070238268908e-05,-3.681554015753229499e-05,-3.598781924707408959e-05,-3.561026925069351104e-05,-1.151388641385732870e-04,-2.617954156658912623e-01,-2.836026004197213624e+00
-4.213886608261226407e-01,6.904194484084752448e-01,2.359262401245407204e-01,1.938378421547799491e-01,-7.647483372932686319e-01,-4.803209615647482389e-01,1.570801904283443573e+00,8.053399070238268908e-05,-3.681554015753229499e-05,-3.598781924707408959e-05,-3.561026925069351104e-05,-1.151388641385732870e-04,-2.617954156658912623e-01,-2.836026004197213624e+00
-4.213886608261226407e-01,6.904011504266981403e-01,2.359043261137544756e-01,1.938549053451104343e-01,-7.647483372932686319e-01,-4.803209615647482389e-01,1.570801904283443573e+00,8.053399070238268908e-05,-3.681554015753229499e-05,-3.598781924707408959e-05,-3.561026925069351104e-05,-1.151388641385732870e-04,-2.617954156658912623e-01,-2.836026004197213624e+00
-4.213756493810282833e-01,6.903920014358096990e-01,2.358824121029682586e-01,1.938549053451104343e-01,-7.647305321586431726e-01,-4.803209615647482389e-01,1.570801904283443573e+00,8.053399070238268908e-05,-3.681554015753229499e-05,-3.598781924707408959e-05,-3.561026925069351104e-05,-1.151388641385732870e-04,-2.617954156658912623e-01,-2.836026004197213624e+00
-4.213496264908395683e-01,6.903554054722558231e-01,2.358385840813957968e-01,1.938719685354409750e-01,-7.647305321586431726e-01,-4.803593411861277196e-01,1.570801904283443573e+00,8.053399070238268908e-05,-3.681554015753229499e-05,-3.598781924707408959e-05,-3.561026925069351104e-05,-1.151388641385732870e-04,-2.617954156658912623e-01,-2.836026004197213624e+00
-4.213496264908395683e-01,6.903371074904788296e-01,2.358166700706095797e-01,1.938719685354409750e-01,-7.647127270240179353e-01,-4.803593411861277196e-01,1.570801904283443573e+00,8.053399070238268908e-05,-3.681554015753229499e-05,-3.598781924707408959e-05,-3.561026925069351104e-05,-1.151388641385732870e-04,-2.617954156658912623e-01,-2.836026004197213624e+00
-4.213366150457452108e-01,6.903279584995903884e-01,2.357837990544302265e-01,1.938719685354409750e-01,-7.647127270240179353e-01,-4.803977208075073113e-01,1.570801904283443573e+00,8.053399070238268908e-05,-3.681554015753229499e-05,-3.598781924707408959e-05,-3.561026925069351104e-05,-1.151388641385732870e-04,-2.617954156658912623e-01,-2.836026004197213624e+00
-4.213105921555564404e-01,6.902913625360364014e-01,2.357399710328577924e-01,1.938890317257714879e-01,-7.647127270240179353e-01,-4.803977208075073113e-01,1.570801904283443573e+00,8.053399070238268908e-05,-3.681554015753229499e-05,-3.598781924707408959e-05,-3.561026925069351104e-05,-1.151388641385732870e-04,-2.617954156658912623e-01,-2.836026004197213624e+00
-4.213105921555564404e-01,6.902730645542594079e-01,2.357180570220715476e-01,1.938890317257714879e-01,-7.646949218893925870e-01,-4.804361004288868475e-01,1.570801904283443573e+00,8.053399070238268908e-05,-3.681554015753229499e-05,-3.598781924707408959e-05,-3.561026925069351104e-05,-1.151388641385732870e-04,-2.617954156658912623e-01,-2.836026004197213624e+00
-4.212975807104620829e-01,6.902547665724825254e-01,2.356851860058921944e-01,1.939060949161020286e-01,-7.646949218893925870e-01,-4.804361004288868475e-01,1.570801904283443573e+00,8.053399070238268908e-05,-3.681554015753229499e-05,-3.598781924707408959e-05,-3.561026925069351104e-05,-1.151388641385732870e-04,-2.617954156658912623e-01,-2.836026004197213624e+00
-4.212845692653677254e-01,6.902364685907055319e-01,2.356632719951059496e-01,1.939060949161020286e-01,-7.646949218893925870e-01,-4.804361004288868475e-01,1.570801904283443573e+00,8.053399070238268908e-05,-3.681554015753229499e-05,-3.598781924707408959e-05,-3.561026925069351104e-05,-1.151388641385732870e-04,-2.617954156658912623e-01,-2.836026004197213624e+00
-4.212845692653677254e-01,6.902181706089286495e-01,2.356413579843197326e-01,1.939231581064325693e-01,-7.646949218893925870e-01,-4.804744800502663282e-01,1.570801904283443573e+00,8.053399070238268908e-05,-3.681554015753229499e-05,-3.598781924707408959e-05,-3.561026925069351104e-05,-1.151388641385732870e-04,-2.617954156658912623e-01,-2.836026004197213624e+00
-4.212585463751790105e-01,6.901907236362631037e-01,2.355975299627472985e-01,1.939231581064325693e-01,-7.646771167547671277e-01,-4.805128596716459199e-01,1.570801904283443573e+00,8.053399070238268908e-05,-3.681554015753229499e-05,-3.598781924707408959e-05,-3.561026925069351104e-05,-1.151388641385732870e-04,-2.617954156658912623e-01,-2.836026004197213624e+00
-4.212455349300846530e-01,6.901724256544861102e-01,2.355646589465679452e-01,1.939402212967630823e-01,-7.646771167547671277e-01,-4.805128596716459199e-01,1.570801904283443573e+00,8.053399070238268908e-05,-3.681554015753229499e-05,-3.598781924707408959e-05,-3.561026925069351104e-05,-1.151388641385732870e-04,-2.617954156658912623e-01,-2.836026004197213624e+00
-4.212455349300846530e-01,6.901541276727092278e-01,2.355427449357817005e-01,1.939402212967630823e-01,-7.646593116201417795e-01,-4.805128596716459199e-01,1.570801904283443573e+00,8.053399070238268908e-05,-3.681554015753229499e-05,-3.598781924707408959e-05,-3.561026925069351104e-05,-1.151388641385732870e-04,-2.617954156658912623e-01,-2.836026004197213624e+00
-4.212325234849902400e-01,6.901358296909322343e-01,2.355208309249954557e-01,1.939402212967630823e-01,-7.646593116201417795e-01,-4.805512392930254006e-01,1.570801904283443573e+00,8.053399070238268908e-05,-3.681554015753229499e-05,-3.598781924707408959e-05,-3.561026925069351104e-05,-1.151388641385732870e-04,-2.617954156658912623e-01,-2.836026004197213624e+00
-4.212065005948015251e-01,6.900992337273782473e-01,2.354660458980299131e-01,1.939572844870936230e-01,-7.646593116201417795e-01,-4.805512392930254006e-01,1.570801904283443573e+00,8.053399070238268908e-05,-3.681554015753229499e-05,-3.598781924707408959e-05,-3.561026925069351104e-05,-1.151388641385732870e-04,-2.617954156658912623e-01,-2.836026004197213624e+00
-4.211934891497071676e-01,6.900717867547128126e-01,2.354112608710643151e-01,1.939743476774241637e-01,-7.646415064855165422e-01,-4.805896189144048813e-01,1.570801904283443573e+00,8.053399070238268908e-05,-3.681554015753229499e-05,-3.598781924707408959e-05,-3.561026925069351104e-05,-1.151388641385732870e-04,-2.617954156658912623e-01,-2.836026004197213624e+00
-4.211804777046128101e-01,6.900534887729359301e-01,2.353893468602781258e-01,1.939743476774241637e-01,-7.646415064855165422e-01,-4.805896189144048813e-01,1.570801904283443573e+00,8.053399070238268908e-05,-3.681554015753229499e-05,-3.598781924707408959e-05,-3.561026925069351104e-05,-1.151388641385732870e-04,-2.617954156658912623e-01,-2.836026004197213624e+00
-4.211804777046128101e-01,6.900351907911588256e-01,2.353674328494918810e-01,1.939743476774241637e-01,-7.646237013508911939e-01,-4.806279985357844731e-01,1.570801904283443573e+00,8.053399070238268908e-05,-3.681554015753229499e-05,-3.598781924707408959e-05,-3.561026925069351104e-05,-1.151388641385732870e-04,-2.617954156658912623e-01,-2.836026004197213624e+00
-4.211674662595184526e-01,6.900168928093819432e-01,2.353455188387056640e-01,1.939914108677546489e-01,-7.646237013508911939e-01,-4.806279985357844731e-01,1.570801904283443573e+00,8.053399070238268908e-05,-3.681554015753229499e-05,-3.598781924707408959e-05,-3.561026925069351104e-05,-1.151388641385732870e-04,-2.617954156658912623e-01,-2.836026004197213624e+00
-4.211544548144240396e-01,6.899985948276049497e-01,2.353126478225263107e-01,1.939914108677546489e-01,-7.646058962162657346e-01,-4.806279985357844731e-01,1.570801904283443573e+00,8.053399070238268908e-05,-3.681554015753229499e-05,-3.598781924707408959e-05,-3.561026925069351104e-05,-1.151388641385732870e-04,-2.617954156658912623e-01,-2.836026004197213624e+00
-4.211414433693296822e-01,6.899802968458280672e-01,2.352907338117400660e-01,1.940084740580851896e-01,-7.646058962162657346e-01,-4.806663781571640093e-01,1.570801904283443573e+00,8.053399070238268908e-05,-3.681554015753229499e-05,-3.598781924707408959e-05,-3.561026925069351104e-05,-1.151388641385732870e-04,-2.617954156658912623e-01,-2.836026004197213624e+00
-4.211414433693296822e-01,6.899711478549395149e-01,2.352688198009538489e-01,1.940084740580851896e-01,-7.646058962162657346e-01,-4.806663781571640093e-01,1.570801904283443573e+00,8.053399070238268908e-05,-3.681554015753229499e-05,-3.598781924707408959e-05,-3.561026925069351104e-05,-1.151388641385732870e-04,-2.617954156658912623e-01,-2.836026004197213624e+00
-4.211154204791409672e-01,6.899345518913855280e-01,2.352140347739882786e-01,1.940255372484157026e-01,-7.645880910816403864e-01,-4.807047577785434900e-01,1.570801904283443573e+00,8.053399070238268908e-05,-3.681554015753229499e-05,-3.598781924707408959e-05,-3.561026925069351104e-05,-1.151388641385732870e-04,-2.617954156658912623e-01,-2.836026004197213624e+00
-4.211154204791409672e-01,6.899162539096086455e-01,2.351921207632020339e-01,1.940255372484157026e-01,-7.645702859470151491e-01,-4.807431373999229707e-01,1.570801904283443573e+00,8.053399070238268908e-05,-3.681554015753229499e-05,-3.598781924707408959e-05,-3.561026925069351104e-05,-1.151388641385732870e-04,-2.617954156658912623e-01,-2.836026004197213624e+00
-4.211024090340466097e-01,6.898979559278316520e-01,2.351592497470226806e-01,1.940255372484157026e-01,-7.645702859470151491e-01,-4.807431373999229707e-01,1.570801904283443573e+00,8.053399070238268908e-05,-3.681554015753229499e-05,-3.598781924707408959e-05,-3.561026925069351104e-05,-1.151388641385732870e-04,-2.617954156658912623e-01,-2.836026004197213624e+00
-4.210893975889522522e-01,6.898613599642777761e-01,2.351154217254502465e-01,1.940426004387462433e-01,-7.645524808123898008e-01,-4.807815170213025624e-01,1.570801904283443573e+00,8.053399070238268908e-05,-3.681554015753229499e-05,-3.598781924707408959e-05,-3.561026925069351104e-05,-1.151388641385732870e-04,-2.617954156658912623e-01,-2.836026004197213624e+00
-4.210633746987634818e-01,6.898247640007237891e-01,2.350606366984846485e-01,1.940596636290767840e-01,-7.645346756777643416e-01,-4.807815170213025624e-01,1.570801904283443573e+00,8.053399070238268908e-05,-3.681554015753229499e-05,-3.598781924707408959e-05,-3.561026925069351104e-05,-1.151388641385732870e-04,-2.617954156658912623e-01,-2.836026004197213624e+00
-4.210503632536691243e-01,6.898156150098353478e-01,2.350387226876984315e-01,1.940596636290767840e-01,-7.645346756777643416e-01,-4.808198966426820431e-01,1.570801904283443573e+00,8.053399070238268908e-05,-3.681554015753229499e-05,-3.598781924707408959e-05,-3.561026925069351104e-05,-1.151388641385732870e-04,-2.617954156658912623e-01,-2.836026004197213624e+00
-4.210503632536691243e-01,6.897973170280583544e-01,2.350168086769122144e-01,1.940596636290767840e-01,-7.645168705431389933e-01,-4.808198966426820431e-01,1.570801904283443573e+00,8.053399070238268908e-05,-3.681554015753229499e-05,-3.598781924707408959e-05,-3.561026925069351104e-05,-1.151388641385732870e-04,-2.617954156658912623e-01,-2.836026004197213624e+00
-4.210373518085747668e-01,6.897790190462813609e-01,2.349839376607328612e-01,1.940767268194072970e-01,-7.645168705431389933e-01,-4.808198966426820431e-01,1.570801904283443573e+00,8.053399070238268908e-05,-3.681554015753229499e-05,-3.598781924707408959e-05,-3.561026925069351104e-05,-1.151388641385732870e-04,-2.617954156658912623e-01,-2.836026004197213624e+00
-4.210243403634804094e-01,6.897607210645044784e-01,2.349620236499466441e-01,1.940767268194072970e-01,-7.644990654085137560e-01,-4.808582762640615793e-01,1.570801904283443573e+00,8.053399070238268908e-05,-3.681554015753229499e-05,-3.598781924707408959e-05,-3.561026925069351104e-05,-1.151388641385732870e-04,-2.617954156658912623e-01,-2.836026004197213624e+00
-4.210243403634804094e-01,6.897424230827273739e-01,2.349401096391603994e-01,1.940767268194072970e-01,-7.644990654085137560e-01,-4.808582762640615793e-01,1.570801904283443573e+00,8.053399070238268908e-05,-3.681554015753229499e-05,-3.598781924707408959e-05,-3.561026925069351104e-05,-1.151388641385732870e-04,-2.617954156658912623e-01,-2.836026004197213624e+00
-4.210113289183860519e-01,6.897241251009504914e-01,2.349181956283742101e-01,1.940937900097378377e-01,-7.644990654085137560e-01,-4.808582762640615793e-01,1.570801904283443573e+00,8.053399070238268908e-05,-3.681554015753229499e-05,-3.598781924707408959e-05,-3.561026925069351104e-05,-1.151388641385732870e-04,-2.617954156658912623e-01,-2.836026004197213624e+00
-4.209983174732916944e-01,6.897058271191734979e-01,2.348853246121948568e-01,1.940937900097378377e-01,-7.644812602738884078e-01,-4.808966558854411710e-01,1.570801904283443573e+00,8.053399070238268908e-05,-3.681554015753229499e-05,-3.598781924707408959e-05,-3.561026925069351104e-05,-1.151388641385732870e-04,-2.617954156658912623e-01,-2.836026004197213624e+00
-4.209983174732916944e-01,6.896875291373966155e-01,2.348634106014086120e-01,1.940937900097378377e-01,-7.644812602738884078e-01,-4.808966558854411710e-01,1.570801904283443573e+00,8.053399070238268908e-05,-3.681554015753229499e-05,-3.598781924707408959e-05,-3.561026925069351104e-05,-1.151388641385732870e-04,-2.617954156658912623e-01,-2.836026004197213624e+00
-4.209722945831029239e-01,6.896509331738426285e-01,2.348195825798361502e-01,1.941108532000683506e-01,-7.644634551392629485e-01,-4.809350355068206517e-01,1.570801904283443573e+00,8.053399070238268908e-05,-3.681554015753229499e-05,-3.598781924707408959e-05,-3.561026925069351104e-05,-1.151388641385732870e-04,-2.617954156658912623e-01,-2.836026004197213624e+00
-4.209722945831029239e-01,6.896326351920656350e-01,2.347867115636568247e-01,1.941108532000683506e-01,-7.644634551392629485e-01,-4.809350355068206517e-01,1.570801904283443573e+00,8.053399070238268908e-05,-3.681554015753229499e-05,-3.598781924707408959e-05,-3.561026925069351104e-05,-1.151388641385732870e-04,-2.617954156658912623e-01,-2.836026004197213624e+00
-4.209592831380085665e-01,6.896143372102886415e-01,2.347647975528705799e-01,1.941279163903988636e-01,-7.644456500046377112e-01,-4.809350355068206517e-01,1.570801904283443573e+00,8.053399070238268908e-05,-3.681554015753229499e-05,-3.598781924707408959e-05,-3.561026925069351104e-05,-1.151388641385732870e-04,-2.617954156658912623e-01,-2.836026004197213624e+00
-4.209462716929142090e-01,6.895777412467346545e-01,2.347209695312981181e-01,1.941449795807294043e-01,-7.644278448700123629e-01,-4.809734151282001324e-01,1.570801904283443573e+00,8.053399070238268908e-05,-3.681554015753229499e-05,-3.598781924707408959e-05,-3.561026925069351104e-05,-1.151388641385732870e-04,-2.617954156658912623e-01,-2.836026004197213624e+00
-4.209332602478198515e-01,6.895594432649577721e-01,2.346880985151187649e-01,1.941449795807294043e-01,-7.644278448700123629e-01,-4.809734151282001324e-01,1.570801904283443573e+00,8.053399070238268908e-05,-3.681554015753229499e-05,-3.598781924707408959e-05,-3.561026925069351104e-05,-1.151388641385732870e-04,-2.617954156658912623e-01,-2.836026004197213624e+00
-4.209202488027254940e-01,6.895502942740693308e-01,2.346661845043325478e-01,1.941449795807294043e-01,-7.644278448700123629e-01,-4.810117947495796686e-01,1.570801904283443573e+00,8.053399070238268908e-05,-3.681554015753229499e-05,-3.598781924707408959e-05,-3.561026925069351104e-05,-1.151388641385732870e-04,-2.617954156658912623e-01,-2.836026004197213624e+00
-4.209202488027254940e-01,6.895319962922923374e-01,2.346442704935463308e-01,1.941620427710599173e-01,-7.644100397353870147e-01,-4.810117947495796686e-01,1.570801904283443573e+00,8.053399070238268908e-05,-3.681554015753229499e-05,-3.598781924707408959e-05,-3.561026925069351104e-05,-1.151388641385732870e-04,-2.617954156658912623e-01,-2.836026004197213624e+00
-4.209072373576310810e-01,6.895136983105153439e-01,2.346113994773669775e-01,1.941620427710599173e-01,-7.644100397353870147e-01,-4.810117947495796686e-01,1.570801904283443573e+00,8.053399070238268908e-05,-3.681554015753229499e-05,-3.598781924707408959e-05,-3.561026925069351104e-05,-1.151388641385732870e-04,-2.617954156658912623e-01,-2.836026004197213624e+00
-4.209072373576310810e-01,6.894954003287384614e-01,2.345894854665807328e-01,1.941620427710599173e-01,-7.644100397353870147e-01,-4.810501743709592049e-01,1.570801904283443573e+00,8.053399070238268908e-05,-3.681554015753229499e-05,-3.598781924707408959e-05,-3.561026925069351104e-05,-1.151388641385732870e-04,-2.617954156658912623e-01,-2.836026004197213624e+00
-4.208812144674423661e-01,6.894588043651844744e-01,2.345347004396151902e-01,1.941791059613904580e-01,-7.643922346007615554e-01,-4.810501743709592049e-01,1.570801904283443573e+00,8.053399070238268908e-05,-3.681554015753229499e-05,-3.598781924707408959e-05,-3.561026925069351104e-05,-1.151388641385732870e-04,-2.617954156658912623e-01,-2.836026004197213624e+00
-4.208812144674423661e-01,6.894405063834074809e-01,2.345127864288289454e-01,1.941961691517209987e-01,-7.643922346007615554e-01,-4.810885539923387411e-01,1.570801904283443573e+00,8.053399070238268908e-05,-3.681554015753229499e-05,-3.598781924707408959e-05,-3.561026925069351104e-05,-1.151388641385732870e-04,-2.617954156658912623e-01,-2.836026004197213624e+00
-4.208682030223480086e-01,6.894222084016305985e-01,2.344908724180427007e-01,1.941961691517209987e-01,-7.643744294661363181e-01,-4.810885539923387411e-01,1.570801904283443573e+00,8.053399070238268908e-05,-3.681554015753229499e-05,-3.598781924707408959e-05,-3.561026925069351104e-05,-1.151388641385732870e-04,-2.617954156658912623e-01,-2.836026004197213624e+00
-4.208551915772536511e-01,6.894039104198536050e-01,2.344580014018633751e-01,1.941961691517209987e-01,-7.643744294661363181e-01,-4.810885539923387411e-01,1.570801904283443573e+00,8.053399070238268908e-05,-3.681554015753229499e-05,-3.598781924707408959e-05,-3.561026925069351104e-05,-1.151388641385732870e-04,-2.617954156658912623e-01,-2.836026004197213624e+00
-4.208421801321592937e-01,6.893764634471880592e-01,2.344141733802909133e-01,1.942132323420515116e-01,-7.643566243315109698e-01,-4.811269336137182218e-01,1.570801904283443573e+00,8.053399070238268908e-05,-3.681554015753229499e-05,-3.598781924707408959e-05,-3.561026925069351104e-05,-1.151388641385732870e-04,-2.617954156658912623e-01,-2.836026004197213624e+00
-4.208291686870648807e-01,6.893581654654111768e-01,2.343813023641115600e-01,1.942132323420515116e-01,-7.643566243315109698e-01,-4.811269336137182218e-01,1.570801904283443573e+00,8.053399070238268908e-05,-3.681554015753229499e-05,-3.598781924707408959e-05,-3.561026925069351104e-05,-1.151388641385732870e-04,-2.617954156658912623e-01,-2.836026004197213624e+00
-4.208291686870648807e-01,6.893398674836341833e-01,2.343593883533253430e-01,1.942302955323820524e-01,-7.643566243315109698e-01,-4.811653132350978135e-01,1.570801904283443573e+00,8.053399070238268908e-05,-3.681554015753229499e-05,-3.598781924707408959e-05,-3.561026925069351104e-05,-1.151388641385732870e-04,-2.617954156658912623e-01,-2.836026004197213624e+00
-4.208031457968761657e-01,6.893032715200803073e-01,2.343046033263597727e-01,1.942302955323820524e-01,-7.643388191968856216e-01,-4.812036928564772942e-01,1.570801904283443573e+00,8.053399070238268908e-05,-3.681554015753229499e-05,-3.598781924707408959e-05,-3.561026925069351104e-05,-1.151388641385732870e-04,-2.617954156658912623e-01,-2.836026004197213624e+00
-4.208031457968761657e-01,6.893032715200803073e-01,2.343046033263597727e-01,1.942302955323820524e-01,-7.643388191968856216e-01,-4.812036928564772942e-01,1.570801904283443573e+00,8.053399070238268908e-05,-3.681554015753229499e-05,-3.598781924707408959e-05,-3.561026925069351104e-05,-1.151388641385732870e-04,-2.617954156658912623e-01,-2.836026004197213624e+00
-4.207901343517818082e-01,6.892666755565263204e-01,2.342498182993942024e-01,1.942473587227125653e-01,-7.643388191968856216e-01,-4.812036928564772942e-01,1.570801904283443573e+00,8.053399070238268908e-05,-3.681554015753229499e-05,-3.598781924707408959e-05,-3.561026925069351104e-05,-1.151388641385732870e-04,-2.617954156658912623e-01,-2.836026004197213624e+00
-4.207771229066874508e-01,6.892483775747493269e-01,2.342279042886079576e-01,1.942644219130430783e-01,-7.643210140622601623e-01,-4.812420724778568304e-01,1.570801904283443573e+00,8.053399070238268908e-05,-3.681554015753229499e-05,-3.598781924707408959e-05,-3.561026925069351104e-05,-1.151388641385732870e-04,-2.617954156658912623e-01,-2.836026004197213624e+00
-4.207641114615930933e-01,6.892300795929724444e-01,2.341950332724286321e-01,1.942644219130430783e-01,-7.643210140622601623e-01,-4.812420724778568304e-01,1.570801904283443573e+00,8.053399070238268908e-05,-3.681554015753229499e-05,-3.598781924707408959e-05,-3.561026925069351104e-05,-1.151388641385732870e-04,-2.617954156658912623e-01,-2.836026004197213624e+00
-4.207641114615930933e-01,6.892117816111954509e-01,2.341731192616424151e-01,1.942644219130430783e-01,-7.643210140622601623e-01,-4.812420724778568304e-01,1.570801904283443573e+00,8.053399070238268908e-05,-3.681554015753229499e-05,-3.598781924707408959e-05,-3.561026925069351104e-05,-1.151388641385732870e-04,-2.617954156658912623e-01,-2.836026004197213624e+00
-4.207511000164987358e-01,6.891934836294184574e-01,2.341512052508561703e-01,1.942814851033736190e-01,-7.643032089276349250e-01,-4.812804520992363111e-01,1.570801904283443573e+00,8.053399070238268908e-05,-3.681554015753229499e-05,-3.598781924707408959e-05,-3.561026925069351104e-05,-1.151388641385732870e-04,-2.617954156658912623e-01,-2.836026004197213624e+00
-4.207380885714043228e-01,6.891568876658645815e-01,2.340964202238906000e-01,1.942814851033736190e-01,-7.643032089276349250e-01,-4.812804520992363111e-01,1.570801904283443573e+00,8.053399070238268908e-05,-3.681554015753229499e-05,-3.598781924707408959e-05,-3.561026925069351104e-05,-1.151388641385732870e-04,-2.617954156658912623e-01,-2.836026004197213624e+00
-4.207250771263099653e-01,6.891385896840875880e-01,2.340635492077112467e-01,1.942985482937041319e-01,-7.642854037930095767e-01,-4.812804520992363111e-01,1.570801904283443573e+00,8.053399070238268908e-05,-3.681554015753229499e-05,-3.598781924707408959e-05,-3.561026925069351104e-05,-1.151388641385732870e-04,-2.617954156658912623e-01,-2.836026004197213624e+00
-4.207120656812156079e-01,6.891202917023107055e-01,2.340416351969250297e-01,1.942985482937041319e-01,-7.642854037930095767e-01,-4.813188317206159028e-01,1.570801904283443573e+00,8.053399070238268908e-05,-3.681554015753229499e-05,-3.598781924707408959e-05,-3.561026925069351104e-05,-1.151388641385732870e-04,-2.617954156658912623e-01,-2.836026004197213624e+00
-4.206990542361212504e-01,6.891019937205336010e-01,2.340087641807456764e-01,1.942985482937041319e-01,-7.642854037930095767e-01,-4.813188317206159028e-01,1.570801904283443573e+00,8.053399070238268908e-05,-3.681554015753229499e-05,-3.598781924707408959e-05,-3.561026925069351104e-05,-1.151388641385732870e-04,-2.617954156658912623e-01,-2.836026004197213624e+00
-4.206990542361212504e-01,6.890836957387566075e-01,2.339868501699594316e-01,1.943156114840346727e-01,-7.642675986583842285e-01,-4.813572113419953835e-01,1.570801904283443573e+00,8.053399070238268908e-05,-3.681554015753229499e-05,-3.598781924707408959e-05,-3.561026925069351104e-05,-1.151388641385732870e-04,-2.617954156658912623e-01,-2.836026004197213624e+00
-4.206860427910268929e-01,6.890653977569797251e-01,2.339539791537801061e-01,1.943156114840346727e-01,-7.642675986583842285e-01,-4.813955909633749197e-01,1.570801904283443573e+00,8.053399070238268908e-05,-3.681554015753229499e-05,-3.598781924707408959e-05,-3.561026925069351104e-05,-1.151388641385732870e-04,-2.617954156658912623e-01,-2.836026004197213624e+00
-4.206730313459325354e-01,6.890288017934258491e-01,2.338991941268145358e-01,1.943326746743651856e-01,-7.642497935237587692e-01,-4.813955909633749197e-01,1.570801904283443573e+00,8.053399070238268908e-05,-3.681554015753229499e-05,-3.598781924707408959e-05,-3.561026925069351104e-05,-1.151388641385732870e-04,-2.617954156658912623e-01,-2.836026004197213624e+00
-4.206600199008381225e-01,6.890013548207603034e-01,2.338772801160282910e-01,1.943326746743651856e-01,-7.642497935237587692e-01,-4.814339705847544559e-01,1.570801904283443573e+00,8.053399070238268908e-05,-3.681554015753229499e-05,-3.598781924707408959e-05,-3.561026925069351104e-05,-1.151388641385732870e-04,-2.617954156658912623e-01,-2.836026004197213624e+00
-4.206470084557437650e-01,6.889830568389833099e-01,2.338444090998489655e-01,1.943326746743651856e-01,-7.642319883891335319e-01,-4.814339705847544559e-01,1.570801904283443573e+00,8.053399070238268908e-05,-3.681554015753229499e-05,-3.598781924707408959e-05,-3.561026925069351104e-05,-1.151388641385732870e-04,-2.617954156658912623e-01,-2.836026004197213624e+00
-4.206470084557437650e-01,6.889647588572064274e-01,2.338115380836696122e-01,1.943497378646957263e-01,-7.642319883891335319e-01,-4.814339705847544559e-01,1.570801904283443573e+00,8.053399070238268908e-05,-3.681554015753229499e-05,-3.598781924707408959e-05,-3.561026925069351104e-05,-1.151388641385732870e-04,-2.617954156658912623e-01,-2.836026004197213624e+00
-4.206339970106494630e-01,6.889464608754294339e-01,2.337896240728833952e-01,1.943497378646957263e-01,-7.642141832545081837e-01,-4.814339705847544559e-01,1.570801904283443573e+00,8.053399070238268908e-05,-3.681554015753229499e-05,-3.598781924707408959e-05,-3.561026925069351104e-05,-1.151388641385732870e-04,-2.617954156658912623e-01,-2.836026004197213624e+00
-4.206079741204607481e-01,6.889098649118754469e-01,2.337348390459178249e-01,1.943668010550262670e-01,-7.642141832545081837e-01,-4.814723502061339921e-01,1.570801904283443573e+00,8.053399070238268908e-05,-3.681554015753229499e-05,-3.598781924707408959e-05,-3.561026925069351104e-05,-1.151388641385732870e-04,-2.617954156658912623e-01,-2.836026004197213624e+00
-4.206079741204607481e-01,6.888915669300985645e-01,2.337019680297384716e-01,1.943668010550262670e-01,-7.641963781198828354e-01,-4.814723502061339921e-01,1.570801904283443573e+00,8.053399070238268908e-05,-3.681554015753229499e-05,-3.598781924707408959e-05,-3.561026925069351104e-05,-1.151388641385732870e-04,-2.617954156658912623e-01,-2.836026004197213624e+00
-4.205949626753663906e-01,6.888641199574331297e-01,2.336690970135591183e-01,1.943668010550262670e-01,-7.641963781198828354e-01,-4.815107298275134728e-01,1.570801904283443573e+00,8.053399070238268908e-05,-3.681554015753229499e-05,-3.598781924707408959e-05,-3.561026925069351104e-05,-1.151388641385732870e-04,-2.617954156658912623e-01,-2.836026004197213624e+00
-4.205819512302720331e-01,6.888458219756561363e-01,2.336471830027729013e-01,1.943838642453567800e-01,-7.641785729852573761e-01,-4.815107298275134728e-01,1.570801904283443573e+00,8.053399070238268908e-05,-3.681554015753229499e-05,-3.598781924707408959e-05,-3.561026925069351104e-05,-1.151388641385732870e-04,-2.617954156658912623e-01,-2.836026004197213624e+00
-4.205819512302720331e-01,6.888275239938791428e-01,2.336143119865935758e-01,1.943838642453567800e-01,-7.641785729852573761e-01,-4.815107298275134728e-01,1.570801904283443573e+00,8.053399070238268908e-05,-3.681554015753229499e-05,-3.598781924707408959e-05,-3.561026925069351104e-05,-1.151388641385732870e-04,-2.617954156658912623e-01,-2.836026004197213624e+00
-4.205689397851776201e-01,6.888092260121021493e-01,2.335814409704142225e-01,1.943838642453567800e-01,-7.641785729852573761e-01,-4.815491094488930646e-01,1.570801904283443573e+00,8.053399070238268908e-05,-3.681554015753229499e-05,-3.598781924707408959e-05,-3.561026925069351104e-05,-1.151388641385732870e-04,-2.617954156658912623e-01,-2.836026004197213624e+00
-4.205559283400832626e-01,6.887726300485482733e-01,2.335266559434486244e-01,1.944009274356872929e-01,-7.641607678506321388e-01,-4.815491094488930646e-01,1.570801904283443573e+00,8.053399070238268908e-05,-3.681554015753229499e-05,-3.598781924707408959e-05,-3.561026925069351104e-05,-1.151388641385732870e-04,-2.617954156658912623e-01,-2.836026004197213624e+00
-4.205429168949889052e-01,6.887543320667712798e-01,2.335047419326624352e-01,1.944009274356872929e-01,-7.641429627160067906e-01,-4.815874890702725453e-01,1.570801904283443573e+00,8.053399070238268908e-05,-3.681554015753229499e-05,-3.598781924707408959e-05,-3.561026925069351104e-05,-1.151388641385732870e-04,-2.617954156658912623e-01,-2.836026004197213624e+00
-4.205299054498945477e-01,6.887268850941058451e-01,2.334718709164830819e-01,1.944179906260178059e-01,-7.641429627160067906e-01,-4.815874890702725453e-01,1.570801904283443573e+00,8.053399070238268908e-05,-3.681554015753229499e-05,-3.598781924707408959e-05,-3.561026925069351104e-05,-1.151388641385732870e-04,-2.617954156658912623e-01,-2.836026004197213624e+00
-4.205299054498945477e-01,6.887085871123288516e-01,2.334389999003037286e-01,1.944179906260178059e-01,-7.641429627160067906e-01,-4.815874890702725453e-01,1.570801904283443573e+00,8.053399070238268908e-05,-3.681554015753229499e-05,-3.598781924707408959e-05,-3.561026925069351104e-05,-1.151388641385732870e-04,-2.617954156658912623e-01,-2.836026004197213624e+00
-4.205168940048001902e-01,6.886902891305519692e-01,2.334170858895174838e-01,1.944179906260178059e-01,-7.641251575813814423e-01,-4.816258686916520815e-01,1.570801904283443573e+00,8.053399070238268908e-05,-3.681554015753229499e-05,-3.598781924707408959e-05,-3.561026925069351104e-05,-1.151388641385732870e-04,-2.617954156658912623e-01,-2.836026004197213624e+00
-4.205038825597058327e-01,6.886536931669978712e-01,2.333513438571588050e-01,1.944350538163483466e-01,-7.641073524467560940e-01,-4.816258686916520815e-01,1.570801904283443573e+00,8.053399070238268908e-05,-3.681554015753229499e-05,-3.598781924707408959e-05,-3.561026925069351104e-05,-1.151388641385732870e-04,-2.617954156658912623e-01,-2.836026004197213624e+00
-4.204908711146114197e-01,6.886353951852209887e-01,2.333294298463725880e-01,1.944350538163483466e-01,-7.641073524467560940e-01,-4.816642483130315622e-01,1.570801904283443573e+00,8.053399070238268908e-05,-3.681554015753229499e-05,-3.598781924707408959e-05,-3.561026925069351104e-05,-1.151388641385732870e-04,-2.617954156658912623e-01,-2.836026004197213624e+00
-4.204778596695170623e-01,6.886079482125555540e-01,2.332965588301932347e-01,1.944521170066788873e-01,-7.640895473121307457e-01,-4.816642483130315622e-01,1.570801904283443573e+00,8.053399070238268908e-05,-3.681554015753229499e-05,-3.598781924707408959e-05,-3.561026925069351104e-05,-1.151388641385732870e-04,-2.617954156658912623e-01,-2.836026004197213624e+00
-4.204778596695170623e-01,6.885896502307786715e-01,2.332746448194070177e-01,1.944521170066788873e-01,-7.640895473121307457e-01,-4.816642483130315622e-01,1.570801904283443573e+00,8.053399070238268908e-05,-3.681554015753229499e-05,-3.598781924707408959e-05,-3.561026925069351104e-05,-1.151388641385732870e-04,-2.617954156658912623e-01,-2.836026004197213624e+00
-4.204518367793283473e-01,6.885530542672245735e-01,2.332089027870483111e-01,1.944691801970094003e-01,-7.640717421775053975e-01,-4.817026279344111539e-01,1.570801904283443573e+00,8.053399070238268908e-05,-3.681554015753229499e-05,-3.598781924707408959e-05,-3.561026925069351104e-05,-1.151388641385732870e-04,-2.617954156658912623e-01,-2.836026004197213624e+00
-4.204518367793283473e-01,6.885347562854476910e-01,2.331869887762620941e-01,1.944691801970094003e-01,-7.640717421775053975e-01,-4.817026279344111539e-01,1.570801904283443573e+00,8.053399070238268908e-05,-3.681554015753229499e-05,-3.598781924707408959e-05,-3.561026925069351104e-05,-1.151388641385732870e-04,-2.617954156658912623e-01,-2.836026004197213624e+00
-4.204388253342339898e-01,6.885073093127822563e-01,2.331541177600827686e-01,1.944691801970094003e-01,-7.640539370428800492e-01,-4.817026279344111539e-01,1.570801904283443573e+00,8.053399070238268908e-05,-3.681554015753229499e-05,-3.598781924707408959e-05,-3.561026925069351104e-05,-1.151388641385732870e-04,-2.617954156658912623e-01,-2.836026004197213624e+00
-4.204388253342339898e-01,6.884890113310052628e-01,2.331212467439034153e-01,1.944862433873399410e-01,-7.640361319082547009e-01,-4.817410075557906346e-01,1.570801904283443573e+00,8.053399070238268908e-05,-3.681554015753229499e-05,-3.598781924707408959e-05,-3.561026925069351104e-05,-1.151388641385732870e-04,-2.617954156658912623e-01,-2.836026004197213624e+00
-4.204128024440452749e-01,6.884524153674512759e-01,2.330664617169378172e-01,1.944862433873399410e-01,-7.640361319082547009e-01,-4.817410075557906346e-01,1.570801904283443573e+00,8.053399070238268908e-05,-3.681554015753229499e-05,-3.598781924707408959e-05,-3.561026925069351104e-05,-1.151388641385732870e-04,-2.617954156658912623e-01,-2.836026004197213624e+00
-4.204128024440452749e-01,6.884341173856743934e-01,2.330335907007585194e-01,1.945033065776704817e-01,-7.640183267736293526e-01,-4.817793871771701708e-01,1.570801904283443573e+00,8.053399070238268908e-05,-3.681554015753229499e-05,-3.598781924707408959e-05,-3.561026925069351104e-05,-1.151388641385732870e-04,-2.617954156658912623e-01,-2.836026004197213624e+00
-4.203997909989508619e-01,6.884066704130089587e-01,2.330007196845791662e-01,1.945033065776704817e-01,-7.640183267736293526e-01,-4.817793871771701708e-01,1.570801904283443573e+00,8.053399070238268908e-05,-3.681554015753229499e-05,-3.598781924707408959e-05,-3.561026925069351104e-05,-1.151388641385732870e-04,-2.617954156658912623e-01,-2.836026004197213624e+00
-4.203997909989508619e-01,6.883883724312319652e-01,2.329788056737929214e-01,1.945033065776704817e-01,-7.640005216390040044e-01,-4.817793871771701708e-01,1.570801904283443573e+00,8.053399070238268908e-05,-3.681554015753229499e-05,-3.598781924707408959e-05,-3.561026925069351104e-05,-1.151388641385732870e-04,-2.617954156658912623e-01,-2.836026004197213624e+00
-4.203867795538565044e-01,6.883700744494549717e-01,2.329459346576135681e-01,1.945203697680009947e-01,-7.640005216390040044e-01,-4.818177667985497070e-01,1.570801904283443573e+00,8.053399070238268908e-05,-3.681554015753229499e-05,-3.598781924707408959e-05,-3.561026925069351104e-05,-1.151388641385732870e-04,-2.617954156658912623e-01,-2.836026004197213624e+00
-4.203737681087621469e-01,6.883517764676779782e-01,2.329130636414342426e-01,1.945203697680009947e-01,-7.640005216390040044e-01,-4.818177667985497070e-01,1.570801904283443573e+00,8.053399070238268908e-05,-3.681554015753229499e-05,-3.598781924707408959e-05,-3.561026925069351104e-05,-1.151388641385732870e-04,-2.617954156658912623e-01,-2.836026004197213624e+00
-4.203737681087621469e-01,6.883243294950125435e-01,2.328911496306480255e-01,1.945203697680009947e-01,-7.639827165043787671e-01,-4.818177667985497070e-01,1.570801904283443573e+00,8.053399070238268908e-05,-3.681554015753229499e-05,-3.598781924707408959e-05,-3.561026925069351104e-05,-1.151388641385732870e-04,-2.617954156658912623e-01,-2.836026004197213624e+00
-4.203607566636677895e-01,6.882877335314586675e-01,2.328254075982893190e-01,1.945374329583315076e-01,-7.639649113697533078e-01,-4.818561464199292432e-01,1.570801904283443573e+00,8.053399070238268908e-05,-3.681554015753229499e-05,-3.598781924707408959e-05,-3.561026925069351104e-05,-1.151388641385732870e-04,-2.617954156658912623e-01,-2.836026004197213624e+00
-4.203477452185734320e-01,6.882694355496816740e-01,2.328034935875031020e-01,1.945544961486620206e-01,-7.639649113697533078e-01,-4.818561464199292432e-01,1.570801904283443573e+00,8.053399070238268908e-05,-3.681554015753229499e-05,-3.598781924707408959e-05,-3.561026925069351104e-05,-1.151388641385732870e-04,-2.617954156658912623e-01,-2.836026004197213624e+00
-4.203347337734790745e-01,6.882511375679046806e-01,2.327706225713237487e-01,1.945544961486620206e-01,-7.639471062351279596e-01,-4.818945260413087239e-01,1.570801904283443573e+00,8.053399070238268908e-05,-3.681554015753229499e-05,-3.598781924707408959e-05,-3.561026925069351104e-05,-1.151388641385732870e-04,-2.617954156658912623e-01,-2.836026004197213624e+00
-4.203347337734790745e-01,6.882328395861277981e-01,2.327377515551443954e-01,1.945544961486620206e-01,-7.639471062351279596e-01,-4.818945260413087239e-01,1.570801904283443573e+00,8.053399070238268908e-05,-3.681554015753229499e-05,-3.598781924707408959e-05,-3.561026925069351104e-05,-1.151388641385732870e-04,-2.617954156658912623e-01,-2.836026004197213624e+00
-4.203217223283846615e-01,6.882053926134623634e-01,2.327158375443581784e-01,1.945715593389925613e-01,-7.639471062351279596e-01,-4.818945260413087239e-01,1.570801904283443573e+00,8.053399070238268908e-05,-3.681554015753229499e-05,-3.598781924707408959e-05,-3.561026925069351104e-05,-1.151388641385732870e-04,-2.617954156658912623e-01,-2.836026004197213624e+00
-4.203217223283846615e-01,6.881870946316852589e-01,2.326829665281788528e-01,1.945715593389925613e-01,-7.639293011005026113e-01,-4.819329056626882601e-01,1.570801904283443573e+00,8.053399070238268908e-05,-3.681554015753229499e-05,-3.598781924707408959e-05,-3.561026925069351104e-05,-1.151388641385732870e-04,-2.617954156658912623e-01,-2.836026004197213624e+00
-4.203087108832903041e-01,6.881687966499083764e-01,2.326500955119994996e-01,1.945715593389925613e-01,-7.639114959658773740e-01,-4.819712852840677964e-01,1.570801904283443573e+00,8.053399070238268908e-05,-3.681554015753229499e-05,-3.598781924707408959e-05,-3.561026925069351104e-05,-1.151388641385732870e-04,-2.617954156658912623e-01,-2.836026004197213624e+00
-4.202956994381959466e-01,6.881322006863545004e-01,2.325953104850339015e-01,1.945886225293231020e-01,-7.639114959658773740e-01,-4.819712852840677964e-01,1.570801904283443573e+00,8.053399070238268908e-05,-3.681554015753229499e-05,-3.598781924707408959e-05,-3.561026925069351104e-05,-1.151388641385732870e-04,-2.617954156658912623e-01,-2.836026004197213624e+00
-4.202826879931015891e-01,6.881139027045775070e-01,2.325624394688545760e-01,1.945886225293231020e-01,-7.638936908312519147e-01,-4.820096649054473326e-01,1.570801904283443573e+00,8.053399070238268908e-05,-3.681554015753229499e-05,-3.598781924707408959e-05,-3.561026925069351104e-05,-1.151388641385732870e-04,-2.617954156658912623e-01,-2.836026004197213624e+00
-4.202826879931015891e-01,6.880864557319119612e-01,2.325295684526752227e-01,1.945886225293231020e-01,-7.638936908312519147e-01,-4.820096649054473326e-01,1.570801904283443573e+00,8.053399070238268908e-05,-3.681554015753229499e-05,-3.598781924707408959e-05,-3.561026925069351104e-05,-1.151388641385732870e-04,-2.617954156658912623e-01,-2.836026004197213624e+00
-4.202696765480072316e-01,6.880681577501350787e-01,2.325076544418890057e-01,1.946056857196536150e-01,-7.638758856966265665e-01,-4.820096649054473326e-01,1.570801904283443573e+00,8.053399070238268908e-05,-3.681554015753229499e-05,-3.598781924707408959e-05,-3.561026925069351104e-05,-1.151388641385732870e-04,-2.617954156658912623e-01,-2.836026004197213624e+00
-4.202696765480072316e-01,6.880498597683580853e-01,2.324747834257096524e-01,1.946056857196536150e-01,-7.638758856966265665e-01,-4.820480445268268133e-01,1.570801904283443573e+00,8.053399070238268908e-05,-3.681554015753229499e-05,-3.598781924707408959e-05,-3.561026925069351104e-05,-1.151388641385732870e-04,-2.617954156658912623e-01,-2.836026004197213624e+00
-4.202566651029128741e-01,6.880315617865812028e-01,2.324419124095303268e-01,1.946056857196536150e-01,-7.638580805620012182e-01,-4.820480445268268133e-01,1.570801904283443573e+00,8.053399070238268908e-05,-3.681554015753229499e-05,-3.598781924707408959e-05,-3.561026925069351104e-05,-1.151388641385732870e-04,-2.617954156658912623e-01,-2.836026004197213624e+00
-4.202566651029128741e-01,6.880132638048042093e-01,2.324090413933509736e-01,1.946227489099841557e-01,-7.638580805620012182e-01,-4.820480445268268133e-01,1.570801904283443573e+00,8.053399070238268908e-05,-3.681554015753229499e-05,-3.598781924707408959e-05,-3.561026925069351104e-05,-1.151388641385732870e-04,-2.617954156658912623e-01,-2.836026004197213624e+00
-4.202306422127241037e-01,6.879675188503617811e-01,2.323542563663853755e-01,1.946227489099841557e-01,-7.638402754273759809e-01,-4.820864241482064050e-01,1.570801904283443573e+00,8.053399070238268908e-05,-3.681554015753229499e-05,-3.598781924707408959e-05,-3.561026925069351104e-05,-1.151388641385732870e-04,-2.617954156658912623e-01,-2.836026004197213624e+00
-4.202306422127241037e-01,6.879492208685847876e-01,2.323213853502060777e-01,1.946398121003146686e-01,-7.638402754273759809e-01,-4.820864241482064050e-01,1.570801904283443573e+00,8.053399070238268908e-05,-3.681554015753229499e-05,-3.598781924707408959e-05,-3.561026925069351104e-05,-1.151388641385732870e-04,-2.617954156658912623e-01,-2.836026004197213624e+00
-4.202176307676297462e-01,6.879309228868079051e-01,2.322994713394198329e-01,1.946398121003146686e-01,-7.638224702927505216e-01,-4.821248037695858857e-01,1.570801904283443573e+00,8.053399070238268908e-05,-3.681554015753229499e-05,-3.598781924707408959e-05,-3.561026925069351104e-05,-1.151388641385732870e-04,-2.617954156658912623e-01,-2.836026004197213624e+00
-4.202046193225353887e-01,6.878851779323653659e-01,2.322337293070611264e-01,1.946568752906452093e-01,-7.638224702927505216e-01,-4.821248037695858857e-01,1.570801904283443573e+00,8.053399070238268908e-05,-3.681554015753229499e-05,-3.598781924707408959e-05,-3.561026925069351104e-05,-1.151388641385732870e-04,-2.617954156658912623e-01,-2.836026004197213624e+00
-4.201916078774410312e-01,6.878668799505884834e-01,2.322118152962749094e-01,1.946568752906452093e-01,-7.638046651581251734e-01,-4.821248037695858857e-01,1.570801904283443573e+00,8.053399070238268908e-05,-3.681554015753229499e-05,-3.598781924707408959e-05,-3.561026925069351104e-05,-1.151388641385732870e-04,-2.617954156658912623e-01,-2.836026004197213624e+00
-4.201916078774410312e-01,6.878485819688114900e-01,2.321789442800955838e-01,1.946568752906452093e-01,-7.638046651581251734e-01,-4.821631833909654219e-01,1.570801904283443573e+00,8.053399070238268908e-05,-3.681554015753229499e-05,-3.598781924707408959e-05,-3.561026925069351104e-05,-1.151388641385732870e-04,-2.617954156658912623e-01,-2.836026004197213624e+00
-4.201785964323466738e-01,6.878302839870346075e-01,2.321460732639162305e-01,1.946739384809757223e-01,-7.637868600234998251e-01,-4.821631833909654219e-01,1.570801904283443573e+00,8.053399070238268908e-05,-3.681554015753229499e-05,-3.598781924707408959e-05,-3.561026925069351104e-05,-1.151388641385732870e-04,-2.617954156658912623e-01,-2.836026004197213624e+00
-4.201785964323466738e-01,6.878028370143690617e-01,2.321241592531299858e-01,1.946739384809757223e-01,-7.637868600234998251e-01,-4.821631833909654219e-01,1.570801904283443573e+00,8.053399070238268908e-05,-3.681554015753229499e-05,-3.598781924707408959e-05,-3.561026925069351104e-05,-1.151388641385732870e-04,-2.617954156658912623e-01,-2.836026004197213624e+00
-4.201655849872522608e-01,6.877845390325920683e-01,2.320912882369506602e-01,1.946739384809757223e-01,-7.637868600234998251e-01,-4.822015630123449026e-01,1.570801904283443573e+00,8.053399070238268908e-05,-3.681554015753229499e-05,-3.598781924707408959e-05,-3.561026925069351104e-05,-1.151388641385732870e-04,-2.617954156658912623e-01,-2.836026004197213624e+00
-4.201525735421579033e-01,6.877662410508151858e-01,2.320584172207713070e-01,1.946910016713062352e-01,-7.637690548888745878e-01,-4.822015630123449026e-01,1.570801904283443573e+00,8.053399070238268908e-05,-3.681554015753229499e-05,-3.598781924707408959e-05,-3.561026925069351104e-05,-1.151388641385732870e-04,-2.617954156658912623e-01,-2.836026004197213624e+00
-4.201525735421579033e-01,6.877479430690381923e-01,2.320365032099850622e-01,1.946910016713062352e-01,-7.637690548888745878e-01,-4.822015630123449026e-01,1.570801904283443573e+00,8.053399070238268908e-05,-3.681554015753229499e-05,-3.598781924707408959e-05,-3.561026925069351104e-05,-1.151388641385732870e-04,-2.617954156658912623e-01,-2.836026004197213624e+00
-4.201395620970635458e-01,6.877021981145957641e-01,2.319817181830195196e-01,1.947080648616367760e-01,-7.637512497542491285e-01,-4.822399426337244943e-01,1.570801904283443573e+00,8.053399070238268908e-05,-3.681554015753229499e-05,-3.598781924707408959e-05,-3.561026925069351104e-05,-1.151388641385732870e-04,-2.617954156658912623e-01,-2.836026004197213624e+00
-4.201265506519691884e-01,6.876839001328187706e-01,2.319488471668401663e-01,1.947080648616367760e-01,-7.637512497542491285e-01,-4.822399426337244943e-01,1.570801904283443573e+00,8.053399070238268908e-05,-3.681554015753229499e-05,-3.598781924707408959e-05,-3.561026925069351104e-05,-1.151388641385732870e-04,-2.617954156658912623e-01,-2.836026004197213624e+00
-4.201135392068748309e-01,6.876656021510418881e-01,2.319159761506608131e-01,1.947080648616367760e-01,-7.637334446196237803e-01,-4.822783222551039750e-01,1.570801904283443573e+00,8.053399070238268908e-05,-3.681554015753229499e-05,-3.598781924707408959e-05,-3.561026925069351104e-05,-1.151388641385732870e-04,-2.617954156658912623e-01,-2.836026004197213624e+00
-4.201135392068748309e-01,6.876473041692648946e-01,2.318940621398745683e-01,1.947251280519672889e-01,-7.637334446196237803e-01,-4.822783222551039750e-01,1.570801904283443573e+00,8.053399070238268908e-05,-3.681554015753229499e-05,-3.598781924707408959e-05,-3.561026925069351104e-05,-1.151388641385732870e-04,-2.617954156658912623e-01,-2.836026004197213624e+00
-4.201005277617804734e-01,6.876290061874877901e-01,2.318611911236952705e-01,1.947251280519672889e-01,-7.637156394849985430e-01,-4.822783222551039750e-01,1.570801904283443573e+00,8.053399070238268908e-05,-3.681554015753229499e-05,-3.598781924707408959e-05,-3.561026925069351104e-05,-1.151388641385732870e-04,-2.617954156658912623e-01,-2.836026004197213624e+00
-4.200875163166861159e-01,6.875832612330454729e-01,2.318064060967296725e-01,1.947421912422978296e-01,-7.636978343503731947e-01,-4.823167018764835112e-01,1.570801904283443573e+00,8.053399070238268908e-05,-3.681554015753229499e-05,-3.598781924707408959e-05,-3.561026925069351104e-05,-1.151388641385732870e-04,-2.617954156658912623e-01,-2.836026004197213624e+00
-4.200745048715917029e-01,6.875649632512685905e-01,2.317735350805503192e-01,1.947421912422978296e-01,-7.636978343503731947e-01,-4.823167018764835112e-01,1.570801904283443573e+00,8.053399070238268908e-05,-3.681554015753229499e-05,-3.598781924707408959e-05,-3.561026925069351104e-05,-1.151388641385732870e-04,-2.617954156658912623e-01,-2.836026004197213624e+00
-4.200745048715917029e-01,6.875466652694915970e-01,2.317406640643709936e-01,1.947421912422978296e-01,-7.636800292157477354e-01,-4.823550814978630474e-01,1.570801904283443573e+00,8.053399070238268908e-05,-3.681554015753229499e-05,-3.598781924707408959e-05,-3.561026925069351104e-05,-1.151388641385732870e-04,-2.617954156658912623e-01,-2.836026004197213624e+00
-4.200614934264973455e-01,6.875283672877144925e-01,2.317187500535847766e-01,1.947592544326283703e-01,-7.636800292157477354e-01,-4.823550814978630474e-01,1.570801904283443573e+00,8.053399070238268908e-05,-3.681554015753229499e-05,-3.598781924707408959e-05,-3.561026925069351104e-05,-1.151388641385732870e-04,-2.617954156658912623e-01,-2.836026004197213624e+00
-4.200484819814029880e-01,6.875009203150491688e-01,2.316858790374054233e-01,1.947592544326283703e-01,-7.636622240811223872e-01,-4.823550814978630474e-01,1.570801904283443573e+00,8.053399070238268908e-05,-3.681554015753229499e-05,-3.598781924707408959e-05,-3.561026925069351104e-05,-1.151388641385732870e-04,-2.617954156658912623e-01,-2.836026004197213624e+00
-4.200484819814029880e-01,6.874826223332721753e-01,2.316530080212260700e-01,1.947592544326283703e-01,-7.636622240811223872e-01,-4.823934611192425836e-01,1.570801904283443573e+00,8.053399070238268908e-05,-3.681554015753229499e-05,-3.598781924707408959e-05,-3.561026925069351104e-05,-1.151388641385732870e-04,-2.617954156658912623e-01,-2.836026004197213624e+00
-4.200354705363086305e-01,6.874643243514952928e-01,2.316310940104398530e-01,1.947763176229588833e-01,-7.636444189464971499e-01,-4.823934611192425836e-01,1.570801904283443573e+00,8.053399070238268908e-05,-3.681554015753229499e-05,-3.598781924707408959e-05,-3.561026925069351104e-05,-1.151388641385732870e-04,-2.617954156658912623e-01,-2.836026004197213624e+00
-4.200354705363086305e-01,6.874460263697181883e-01,2.315982229942604997e-01,1.947763176229588833e-01,-7.636444189464971499e-01,-4.823934611192425836e-01,1.570801904283443573e+00,8.053399070238268908e-05,-3.681554015753229499e-05,-3.598781924707408959e-05,-3.561026925069351104e-05,-1.151388641385732870e-04,-2.617954156658912623e-01,-2.836026004197213624e+00
-4.200224590912142730e-01,6.874277283879411948e-01,2.315653519780811465e-01,1.947763176229588833e-01,-7.636444189464971499e-01,-4.823934611192425836e-01,1.570801904283443573e+00,8.053399070238268908e-05,-3.681554015753229499e-05,-3.598781924707408959e-05,-3.561026925069351104e-05,-1.151388641385732870e-04,-2.617954156658912623e-01,-2.836026004197213624e+00
-4.200094476461199156e-01,6.873819834334988776e-01,2.314996099457224676e-01,1.947933808132894240e-01,-7.636266138118718017e-01,-4.824318407406220643e-01,1.570801904283443573e+00,8.053399070238268908e-05,-3.681554015753229499e-05,-3.598781924707408959e-05,-3.561026925069351104e-05,-1.151388641385732870e-04,-2.617954156658912623e-01,-2.836026004197213624e+00
-4.199964362010255026e-01,6.873636854517217731e-01,2.314776959349362506e-01,1.947933808132894240e-01,-7.636088086772463424e-01,-4.824318407406220643e-01,1.570801904283443573e+00,8.053399070238268908e-05,-3.681554015753229499e-05,-3.598781924707408959e-05,-3.561026925069351104e-05,-1.151388641385732870e-04,-2.617954156658912623e-01,-2.836026004197213624e+00
-4.199964362010255026e-01,6.873453874699448907e-01,2.314448249187568973e-01,1.948104440036199370e-01,-7.636088086772463424e-01,-4.824702203620016561e-01,1.570801904283443573e+00,8.053399070238268908e-05,-3.681554015753229499e-05,-3.598781924707408959e-05,-3.561026925069351104e-05,-1.151388641385732870e-04,-2.617954156658912623e-01,-2.836026004197213624e+00
-4.199834247559311451e-01,6.873179404972794559e-01,2.314119539025775441e-01,1.948104440036199370e-01,-7.635910035426209941e-01,-4.825085999833811368e-01,1.570801904283443573e+00,8.053399070238268908e-05,-3.681554015753229499e-05,-3.598781924707408959e-05,-3.561026925069351104e-05,-1.151388641385732870e-04,-2.617954156658912623e-01,-2.836026004197213624e+00
-4.199704133108367876e-01,6.872996425155025735e-01,2.313790828863982185e-01,1.948104440036199370e-01,-7.635910035426209941e-01,-4.825085999833811368e-01,1.570801904283443573e+00,8.053399070238268908e-05,-3.681554015753229499e-05,-3.598781924707408959e-05,-3.561026925069351104e-05,-1.151388641385732870e-04,-2.617954156658912623e-01,-2.836026004197213624e+00
-4.199704133108367876e-01,6.872813445337255800e-01,2.313571688756119737e-01,1.948275071939504499e-01,-7.635910035426209941e-01,-4.825469796047606730e-01,1.570801904283443573e+00,8.053399070238268908e-05,-3.681554015753229499e-05,-3.598781924707408959e-05,-3.561026925069351104e-05,-1.151388641385732870e-04,-2.617954156658912623e-01,-2.836026004197213624e+00
-4.199574018657424301e-01,6.872630465519484755e-01,2.313242978594326205e-01,1.948275071939504499e-01,-7.635731984079957568e-01,-4.825469796047606730e-01,1.570801904283443573e+00,8.053399070238268908e-05,-3.681554015753229499e-05,-3.598781924707408959e-05,-3.561026925069351104e-05,-1.151388641385732870e-04,-2.617954156658912623e-01,-2.836026004197213624e+00
-4.199443904206480727e-01,6.872173015975061583e-01,2.312585558270739694e-01,1.948445703842809906e-01,-7.635553932733704086e-01,-4.825853592261401537e-01,1.570801904283443573e+00,8.053399070238268908e-05,-3.681554015753229499e-05,-3.598781924707408959e-05,-3.561026925069351104e-05,-1.151388641385732870e-04,-2.617954156658912623e-01,-2.836026004197213624e+00
-4.199313789755537152e-01,6.871990036157291648e-01,2.312256848108946161e-01,1.948445703842809906e-01,-7.635553932733704086e-01,-4.825853592261401537e-01,1.570801904283443573e+00,8.053399070238268908e-05,-3.681554015753229499e-05,-3.598781924707408959e-05,-3.561026925069351104e-05,-1.151388641385732870e-04,-2.617954156658912623e-01,-2.836026004197213624e+00
-4.199313789755537152e-01,6.871715566430637301e-01,2.312037708001083713e-01,1.948445703842809906e-01,-7.635375881387449493e-01,-4.825853592261401537e-01,1.570801904283443573e+00,8.053399070238268908e-05,-3.681554015753229499e-05,-3.598781924707408959e-05,-3.561026925069351104e-05,-1.151388641385732870e-04,-2.617954156658912623e-01,-2.836026004197213624e+00
-4.199183675304593022e-01,6.871532586612867366e-01,2.311708997839290181e-01,1.948616335746115036e-01,-7.635375881387449493e-01,-4.825853592261401537e-01,1.570801904283443573e+00,8.053399070238268908e-05,-3.681554015753229499e-05,-3.598781924707408959e-05,-3.561026925069351104e-05,-1.151388641385732870e-04,-2.617954156658912623e-01,-2.836026004197213624e+00
-4.199053560853649447e-01,6.871349606795098541e-01,2.311380287677496925e-01,1.948616335746115036e-01,-7.635197830041196010e-01,-4.826237388475197454e-01,1.570801904283443573e+00,8.053399070238268908e-05,-3.681554015753229499e-05,-3.598781924707408959e-05,-3.561026925069351104e-05,-1.151388641385732870e-04,-2.617954156658912623e-01,-2.836026004197213624e+00
-4.199053560853649447e-01,6.871166626977328606e-01,2.311051577515703392e-01,1.948616335746115036e-01,-7.635197830041196010e-01,-4.826237388475197454e-01,1.570801904283443573e+00,8.053399070238268908e-05,-3.681554015753229499e-05,-3.598781924707408959e-05,-3.561026925069351104e-05,-1.151388641385732870e-04,-2.617954156658912623e-01,-2.836026004197213624e+00
-4.198923446402705872e-01,6.870892157250674259e-01,2.310722867353909860e-01,1.948786967649420443e-01,-7.635019778694943637e-01,-4.826237388475197454e-01,1.570801904283443573e+00,8.053399070238268908e-05,-3.681554015753229499e-05,-3.598781924707408959e-05,-3.561026925069351104e-05,-1.151388641385732870e-04,-2.617954156658912623e-01,-2.836026004197213624e+00
-4.198793331951762298e-01,6.870526197615134389e-01,2.310175017084254434e-01,1.948786967649420443e-01,-7.634841727348690155e-01,-4.826621184688992261e-01,1.570801904283443573e+00,8.053399070238268908e-05,-3.681554015753229499e-05,-3.598781924707408959e-05,-3.561026925069351104e-05,-1.151388641385732870e-04,-2.617954156658912623e-01,-2.836026004197213624e+00
-4.198663217500818723e-01,6.870251727888480042e-01,2.309846306922460901e-01,1.948957599552725850e-01,-7.634841727348690155e-01,-4.826621184688992261e-01,1.570801904283443573e+00,8.053399070238268908e-05,-3.681554015753229499e-05,-3.598781924707408959e-05,-3.561026925069351104e-05,-1.151388641385732870e-04,-2.617954156658912623e-01,-2.836026004197213624e+00
-4.198533103049875148e-01,6.869885768252940172e-01,2.309188886598874113e-01,1.948957599552725850e-01,-7.634663676002435562e-01,-4.827004980902787623e-01,1.570801904283443573e+00,8.053399070238268908e-05,-3.681554015753229499e-05,-3.598781924707408959e-05,-3.561026925069351104e-05,-1.151388641385732870e-04,-2.617954156658912623e-01,-2.836026004197213624e+00
-4.198533103049875148e-01,6.869611298526285825e-01,2.308860176437080580e-01,1.949128231456030980e-01,-7.634485624656182079e-01,-4.827004980902787623e-01,1.570801904283443573e+00,8.053399070238268908e-05,-3.681554015753229499e-05,-3.598781924707408959e-05,-3.561026925069351104e-05,-1.151388641385732870e-04,-2.617954156658912623e-01,-2.836026004197213624e+00
-4.198402988598931573e-01,6.869428318708517001e-01,2.308531466275287047e-01,1.949128231456030980e-01,-7.634485624656182079e-01,-4.827004980902787623e-01,1.570801904283443573e+00,8.053399070238268908e-05,-3.681554015753229499e-05,-3.598781924707408959e-05,-3.561026925069351104e-05,-1.151388641385732870e-04,-2.617954156658912623e-01,-2.836026004197213624e+00
-4.198402988598931573e-01,6.869153848981862653e-01,2.308202756113493515e-01,1.949128231456030980e-01,-7.634307573309929706e-01,-4.827388777116582985e-01,1.570801904283443573e+00,8.053399070238268908e-05,-3.681554015753229499e-05,-3.598781924707408959e-05,-3.561026925069351104e-05,-1.151388641385732870e-04,-2.617954156658912623e-01,-2.836026004197213624e+00
-4.198272874147987443e-01,6.868970869164091608e-01,2.307874045951700259e-01,1.949298863359336109e-01,-7.634307573309929706e-01,-4.827388777116582985e-01,1.570801904283443573e+00,8.053399070238268908e-05,-3.681554015753229499e-05,-3.598781924707408959e-05,-3.561026925069351104e-05,-1.151388641385732870e-04,-2.617954156658912623e-01,-2.836026004197213624e+00
-4.198142759697043869e-01,6.868513419619668436e-01,2.307326195682044556e-01,1.949298863359336109e-01,-7.634129521963676224e-01,-4.827772573330378347e-01,1.570801904283443573e+00,8.053399070238268908e-05,-3.681554015753229499e-05,-3.598781924707408959e-05,-3.561026925069351104e-05,-1.151388641385732870e-04,-2.617954156658912623e-01,-2.836026004197213624e+00
-4.198012645246100294e-01,6.868055970075245265e-01,2.306668775358457768e-01,1.949469495262641239e-01,-7.633951470617421631e-01,-4.827772573330378347e-01,1.570801904283443573e+00,8.053399070238268908e-05,-3.681554015753229499e-05,-3.598781924707408959e-05,-3.561026925069351104e-05,-1.151388641385732870e-04,-2.617954156658912623e-01,-2.836026004197213624e+00
-4.197882530795156719e-01,6.867872990257474219e-01,2.306340065196664235e-01,1.949469495262641239e-01,-7.633951470617421631e-01,-4.828156369544173154e-01,1.570801904283443573e+00,8.053399070238268908e-05,-3.681554015753229499e-05,-3.598781924707408959e-05,-3.561026925069351104e-05,-1.151388641385732870e-04,-2.617954156658912623e-01,-2.836026004197213624e+00
-4.197882530795156719e-01,6.867598520530819872e-01,2.306011355034870702e-01,1.949469495262641239e-01,-7.633773419271169258e-01,-4.828156369544173154e-01,1.570801904283443573e+00,8.053399070238268908e-05,-3.681554015753229499e-05,-3.598781924707408959e-05,-3.561026925069351104e-05,-1.151388641385732870e-04,-2.617954156658912623e-01,-2.836026004197213624e+00
-4.197752416344213144e-01,6.867415540713051048e-01,2.305682644873077447e-01,1.949640127165946646e-01,-7.633773419271169258e-01,-4.828156369544173154e-01,1.570801904283443573e+00,8.053399070238268908e-05,-3.681554015753229499e-05,-3.598781924707408959e-05,-3.561026925069351104e-05,-1.151388641385732870e-04,-2.617954156658912623e-01,-2.836026004197213624e+00
-4.197752416344213144e-01,6.867232560895281113e-01,2.305353934711283914e-01,1.949640127165946646e-01,-7.633595367924915776e-01,-4.828156369544173154e-01,1.570801904283443573e+00,8.053399070238268908e-05,-3.681554015753229499e-05,-3.598781924707408959e-05,-3.561026925069351104e-05,-1.151388641385732870e-04,-2.617954156658912623e-01,-2.836026004197213624e+00
-4.197622301893269570e-01,6.866958091168625655e-01,2.305025224549490381e-01,1.949640127165946646e-01,-7.633595367924915776e-01,-4.828540165757968516e-01,1.570801904283443573e+00,8.053399070238268908e-05,-3.681554015753229499e-05,-3.598781924707408959e-05,-3.561026925069351104e-05,-1.151388641385732870e-04,-2.617954156658912623e-01,-2.836026004197213624e+00
-4.197622301893269570e-01,6.866775111350856831e-01,2.304696514387696848e-01,1.949810759069252053e-01,-7.633417316578662293e-01,-4.828540165757968516e-01,1.570801904283443573e+00,8.053399070238268908e-05,-3.681554015753229499e-05,-3.598781924707408959e-05,-3.561026925069351104e-05,-1.151388641385732870e-04,-2.617954156658912623e-01,-2.836026004197213624e+00
-4.197492187442325440e-01,6.866500641624202483e-01,2.304367804225903871e-01,1.949810759069252053e-01,-7.633417316578662293e-01,-4.828540165757968516e-01,1.570801904283443573e+00,8.053399070238268908e-05,-3.681554015753229499e-05,-3.598781924707408959e-05,-3.561026925069351104e-05,-1.151388641385732870e-04,-2.617954156658912623e-01,-2.836026004197213624e+00
-4.197362072991381865e-01,6.866043192079778201e-01,2.303819953956247890e-01,1.949981390972557183e-01,-7.633239265232407700e-01,-4.828923961971763879e-01,1.570801904283443573e+00,8.053399070238268908e-05,-3.681554015753229499e-05,-3.598781924707408959e-05,-3.561026925069351104e-05,-1.151388641385732870e-04,-2.617954156658912623e-01,-2.836026004197213624e+00
-4.197231958540438290e-01,6.865860212262008266e-01,2.303491243794454357e-01,1.949981390972557183e-01,-7.633061213886155327e-01,-4.828923961971763879e-01,1.570801904283443573e+00,8.053399070238268908e-05,-3.681554015753229499e-05,-3.598781924707408959e-05,-3.561026925069351104e-05,-1.151388641385732870e-04,-2.617954156658912623e-01,-2.836026004197213624e+00
-4.197231958540438290e-01,6.865585742535353919e-01,2.303162533632661102e-01,1.949981390972557183e-01,-7.633061213886155327e-01,-4.829307758185559241e-01,1.570801904283443573e+00,8.053399070238268908e-05,-3.681554015753229499e-05,-3.598781924707408959e-05,-3.561026925069351104e-05,-1.151388641385732870e-04,-2.617954156658912623e-01,-2.836026004197213624e+00
-4.197101844089494715e-01,6.865402762717585095e-01,2.302833823470867569e-01,1.949981390972557183e-01,-7.633061213886155327e-01,-4.829307758185559241e-01,1.570801904283443573e+00,8.053399070238268908e-05,-3.681554015753229499e-05,-3.598781924707408959e-05,-3.561026925069351104e-05,-1.151388641385732870e-04,-2.617954156658912623e-01,-2.836026004197213624e+00
-4.196971729638551141e-01,6.864945313173159702e-01,2.302176403147280781e-01,1.950152022875862590e-01,-7.632883162539901845e-01,-4.829307758185559241e-01,1.570801904283443573e+00,8.053399070238268908e-05,-3.681554015753229499e-05,-3.598781924707408959e-05,-3.561026925069351104e-05,-1.151388641385732870e-04,-2.617954156658912623e-01,-2.836026004197213624e+00
-4.196971729638551141e-01,6.864762333355390878e-01,2.301847692985487248e-01,1.950152022875862590e-01,-7.632705111193647252e-01,-4.829691554399354048e-01,1.570801904283443573e+00,8.053399070238268908e-05,-3.681554015753229499e-05,-3.598781924707408959e-05,-3.561026925069351104e-05,-1.151388641385732870e-04,-2.617954156658912623e-01,-2.836026004197213624e+00
-4.196841615187607566e-01,6.864487863628736530e-01,2.301518982823693993e-01,1.950322654779167719e-01,-7.632705111193647252e-01,-4.829691554399354048e-01,1.570801904283443573e+00,8.053399070238268908e-05,-3.681554015753229499e-05,-3.598781924707408959e-05,-3.561026925069351104e-05,-1.151388641385732870e-04,-2.617954156658912623e-01,-2.836026004197213624e+00
-4.196841615187607566e-01,6.864304883810965485e-01,2.301190272661900460e-01,1.950322654779167719e-01,-7.632705111193647252e-01,-4.829691554399354048e-01,1.570801904283443573e+00,8.053399070238268908e-05,-3.681554015753229499e-05,-3.598781924707408959e-05,-3.561026925069351104e-05,-1.151388641385732870e-04,-2.617954156658912623e-01,-2.836026004197213624e+00
-4.196711500736663436e-01,6.864030414084311138e-01,2.300861562500107205e-01,1.950322654779167719e-01,-7.632527059847393769e-01,-4.830075350613149965e-01,1.570801904283443573e+00,8.053399070238268908e-05,-3.681554015753229499e-05,-3.598781924707408959e-05,-3.561026925069351104e-05,-1.151388641385732870e-04,-2.617954156658912623e-01,-2.836026004197213624e+00
-4.196581386285719861e-01,6.863572964539887966e-01,2.300204142176520139e-01,1.950493286682473126e-01,-7.632349008501141396e-01,-4.830459146826944772e-01,1.570801904283443573e+00,8.053399070238268908e-05,-3.681554015753229499e-05,-3.598781924707408959e-05,-3.561026925069351104e-05,-1.151388641385732870e-04,-2.617954156658912623e-01,-2.836026004197213624e+00
-4.196581386285719861e-01,6.863389984722118031e-01,2.299875432014726884e-01,1.950493286682473126e-01,-7.632349008501141396e-01,-4.830459146826944772e-01,1.570801904283443573e+00,8.053399070238268908e-05,-3.681554015753229499e-05,-3.598781924707408959e-05,-3.561026925069351104e-05,-1.151388641385732870e-04,-2.617954156658912623e-01,-2.836026004197213624e+00
-4.196451271834776287e-01,6.863207004904348096e-01,2.299546721852933351e-01,1.950663918585778256e-01,-7.632170957154887914e-01,-4.830842943040740134e-01,1.570801904283443573e+00,8.053399070238268908e-05,-3.681554015753229499e-05,-3.598781924707408959e-05,-3.561026925069351104e-05,-1.151388641385732870e-04,-2.617954156658912623e-01,-2.836026004197213624e+00
-4.196321157383832712e-01,6.862749555359924925e-01,2.298889301529346285e-01,1.950663918585778256e-01,-7.632170957154887914e-01,-4.830842943040740134e-01,1.570801904283443573e+00,8.053399070238268908e-05,-3.681554015753229499e-05,-3.598781924707408959e-05,-3.561026925069351104e-05,-1.151388641385732870e-04,-2.617954156658912623e-01,-2.836026004197213624e+00
-4.196191042932889137e-01,6.862475085633269467e-01,2.298560591367553030e-01,1.950663918585778256e-01,-7.631992905808633321e-01,-4.830842943040740134e-01,1.570801904283443573e+00,8.053399070238268908e-05,-3.681554015753229499e-05,-3.598781924707408959e-05,-3.561026925069351104e-05,-1.151388641385732870e-04,-2.617954156658912623e-01,-2.836026004197213624e+00
-4.196191042932889137e-01,6.862292105815499532e-01,2.298231881205759497e-01,1.950834550489083385e-01,-7.631992905808633321e-01,-4.831226739254534941e-01,1.570801904283443573e+00,8.053399070238268908e-05,-3.681554015753229499e-05,-3.598781924707408959e-05,-3.561026925069351104e-05,-1.151388641385732870e-04,-2.617954156658912623e-01,-2.836026004197213624e+00
-4.196060928481945562e-01,6.862017636088845185e-01,2.297903171043965964e-01,1.950834550489083385e-01,-7.631992905808633321e-01,-4.831226739254534941e-01,1.570801904283443573e+00,8.053399070238268908e-05,-3.681554015753229499e-05,-3.598781924707408959e-05,-3.561026925069351104e-05,-1.151388641385732870e-04,-2.617954156658912623e-01,-2.836026004197213624e+00
-4.196060928481945562e-01,6.861834656271076360e-01,2.297574460882172431e-01,1.950834550489083385e-01,-7.631814854462379838e-01,-4.831226739254534941e-01,1.570801904283443573e+00,8.053399070238268908e-05,-3.681554015753229499e-05,-3.598781924707408959e-05,-3.561026925069351104e-05,-1.151388641385732870e-04,-2.617954156658912623e-01,-2.836026004197213624e+00
-4.195930814031001987e-01,6.861651676453306425e-01,2.297245750720379454e-01,1.951005182392388793e-01,-7.631814854462379838e-01,-4.831226739254534941e-01,1.570801904283443573e+00,8.053399070238268908e-05,-3.681554015753229499e-05,-3.598781924707408959e-05,-3.561026925069351104e-05,-1.151388641385732870e-04,-2.617954156658912623e-01,-2.836026004197213624e+00
-4.195930814031001987e-01,6.861377206726650968e-01,2.296917040558585921e-01,1.951005182392388793e-01,-7.631636803116127465e-01,-4.831610535468330858e-01,1.570801904283443573e+00,8.053399070238268908e-05,-3.681554015753229499e-05,-3.598781924707408959e-05,-3.561026925069351104e-05,-1.151388641385732870e-04,-2.617954156658912623e-01,-2.836026004197213624e+00
-4.195800699580057858e-01,6.860919757182227796e-01,2.296259620234999133e-01,1.951005182392388793e-01,-7.631458751769873983e-01,-4.831610535468330858e-01,1.570801904283443573e+00,8.053399070238268908e-05,-3.681554015753229499e-05,-3.598781924707408959e-05,-3.561026925069351104e-05,-1.151388641385732870e-04,-2.617954156658912623e-01,-2.836026004197213624e+00
-4.195670585129114283e-01,6.860736777364458971e-01,2.295930910073205600e-01,1.951175814295694200e-01,-7.631458751769873983e-01,-4.831994331682125665e-01,1.570801904283443573e+00,8.053399070238268908e-05,-3.681554015753229499e-05,-3.598781924707408959e-05,-3.561026925069351104e-05,-1.151388641385732870e-04,-2.617954156658912623e-01,-2.836026004197213624e+00
-4.195670585129114283e-01,6.860462307637803514e-01,2.295602199911412067e-01,1.951175814295694200e-01,-7.631458751769873983e-01,-4.831994331682125665e-01,1.570801904283443573e+00,8.053399070238268908e-05,-3.681554015753229499e-05,-3.598781924707408959e-05,-3.561026925069351104e-05,-1.151388641385732870e-04,-2.617954156658912623e-01,-2.836026004197213624e+00
-4.195540470678170708e-01,6.860279327820033579e-01,2.295273489749618534e-01,1.951175814295694200e-01,-7.631280700423619390e-01,-4.831994331682125665e-01,1.570801904283443573e+00,8.053399070238268908e-05,-3.681554015753229499e-05,-3.598781924707408959e-05,-3.561026925069351104e-05,-1.151388641385732870e-04,-2.617954156658912623e-01,-2.836026004197213624e+00
-4.195540470678170708e-01,6.860004858093379232e-01,2.294944779587825279e-01,1.951346446198999329e-01,-7.631280700423619390e-01,-4.831994331682125665e-01,1.570801904283443573e+00,8.053399070238268908e-05,-3.681554015753229499e-05,-3.598781924707408959e-05,-3.561026925069351104e-05,-1.151388641385732870e-04,-2.617954156658912623e-01,-2.836026004197213624e+00
-4.195410356227227688e-01,6.859821878275610407e-01,2.294616069426031746e-01,1.951346446198999329e-01,-7.631102649077367017e-01,-4.832378127895921027e-01,1.570801904283443573e+00,8.053399070238268908e-05,-3.681554015753229499e-05,-3.598781924707408959e-05,-3.561026925069351104e-05,-1.151388641385732870e-04,-2.617954156658912623e-01,-2.836026004197213624e+00
-4.195410356227227688e-01,6.859547408548954950e-01,2.294287359264238213e-01,1.951346446198999329e-01,-7.631102649077367017e-01,-4.832378127895921027e-01,1.570801904283443573e+00,8.053399070238268908e-05,-3.681554015753229499e-05,-3.598781924707408959e-05,-3.561026925069351104e-05,-1.151388641385732870e-04,-2.617954156658912623e-01,-2.836026004197213624e+00
-4.195280241776284114e-01,6.859364428731185015e-01,2.293958649102444958e-01,1.951346446198999329e-01,-7.630924597731113534e-01,-4.832378127895921027e-01,1.570801904283443573e+00,8.053399070238268908e-05,-3.681554015753229499e-05,-3.598781924707408959e-05,-3.561026925069351104e-05,-1.151388641385732870e-04,-2.617954156658912623e-01,-2.836026004197213624e+00
-4.195280241776284114e-01,6.859089959004531778e-01,2.293629938940651425e-01,1.951517078102304736e-01,-7.630924597731113534e-01,-4.832378127895921027e-01,1.570801904283443573e+00,8.053399070238268908e-05,-3.681554015753229499e-05,-3.598781924707408959e-05,-3.561026925069351104e-05,-1.151388641385732870e-04,-2.617954156658912623e-01,-2.836026004197213624e+00
-4.195020012874396964e-01,6.858632509460106386e-01,2.292972518617064359e-01,1.951517078102304736e-01,-7.630746546384860052e-01,-4.832761924109716389e-01,1.570801904283443573e+00,8.053399070238268908e-05,-3.681554015753229499e-05,-3.598781924707408959e-05,-3.561026925069351104e-05,-1.151388641385732870e-04,-2.617954156658912623e-01,-2.836026004197213624e+00
-4.195020012874396964e-01,6.858449529642337561e-01,2.292643808455271381e-01,1.951687710005609866e-01,-7.630568495038605459e-01,-4.832761924109716389e-01,1.570801904283443573e+00,8.053399070238268908e-05,-3.681554015753229499e-05,-3.598781924707408959e-05,-3.561026925069351104e-05,-1.151388641385732870e-04,-2.617954156658912623e-01,-2.836026004197213624e+00
-4.194889898423452834e-01,6.858175059915683214e-01,2.292315098293477849e-01,1.951687710005609866e-01,-7.630568495038605459e-01,-4.832761924109716389e-01,1.570801904283443573e+00,8.053399070238268908e-05,-3.681554015753229499e-05,-3.598781924707408959e-05,-3.561026925069351104e-05,-1.151388641385732870e-04,-2.617954156658912623e-01,-2.836026004197213624e+00
-4.194889898423452834e-01,6.857992080097913279e-01,2.291986388131684316e-01,1.951687710005609866e-01,-7.630390443692353086e-01,-4.833145720323511751e-01,1.570801904283443573e+00,8.053399070238268908e-05,-3.681554015753229499e-05,-3.598781924707408959e-05,-3.561026925069351104e-05,-1.151388641385732870e-04,-2.617954156658912623e-01,-2.836026004197213624e+00
-4.194759783972509259e-01,6.857534630553488997e-01,2.291328967808097528e-01,1.951858341908915273e-01,-7.630212392346099604e-01,-4.833145720323511751e-01,1.570801904283443573e+00,8.053399070238268908e-05,-3.681554015753229499e-05,-3.598781924707408959e-05,-3.561026925069351104e-05,-1.151388641385732870e-04,-2.617954156658912623e-01,-2.836026004197213624e+00
-4.194629669521565685e-01,6.857260160826834650e-01,2.291000257646303995e-01,1.951858341908915273e-01,-7.630034340999846121e-01,-4.833145720323511751e-01,1.570801904283443573e+00,8.053399070238268908e-05,-3.681554015753229499e-05,-3.598781924707408959e-05,-3.561026925069351104e-05,-1.151388641385732870e-04,-2.617954156658912623e-01,-2.836026004197213624e+00
-4.194629669521565685e-01,6.857077181009064715e-01,2.290671547484510462e-01,1.952028973812220403e-01,-7.630034340999846121e-01,-4.833529516537306558e-01,1.570801904283443573e+00,8.053399070238268908e-05,-3.681554015753229499e-05,-3.598781924707408959e-05,-3.561026925069351104e-05,-1.151388641385732870e-04,-2.617954156658912623e-01,-2.836026004197213624e+00
-4.194499555070622110e-01,6.856802711282410367e-01,2.290342837322717207e-01,1.952028973812220403e-01,-7.629856289653591528e-01,-4.833529516537306558e-01,1.570801904283443573e+00,8.053399070238268908e-05,-3.681554015753229499e-05,-3.598781924707408959e-05,-3.561026925069351104e-05,-1.151388641385732870e-04,-2.617954156658912623e-01,-2.836026004197213624e+00
-4.194499555070622110e-01,6.856619731464640433e-01,2.290014127160923674e-01,1.952028973812220403e-01,-7.629856289653591528e-01,-4.833529516537306558e-01,1.570801904283443573e+00,8.053399070238268908e-05,-3.681554015753229499e-05,-3.598781924707408959e-05,-3.561026925069351104e-05,-1.151388641385732870e-04,-2.617954156658912623e-01,-2.836026004197213624e+00
-4.194369440619678535e-01,6.856345261737986085e-01,2.289685416999130141e-01,1.952199605715525532e-01,-7.629678238307339155e-01,-4.833913312751102476e-01,1.570801904283443573e+00,8.053399070238268908e-05,-3.681554015753229499e-05,-3.598781924707408959e-05,-3.561026925069351104e-05,-1.151388641385732870e-04,-2.617954156658912623e-01,-2.836026004197213624e+00
-4.194369440619678535e-01,6.856162281920217261e-01,2.289356706837336608e-01,1.952199605715525532e-01,-7.629678238307339155e-01,-4.833913312751102476e-01,1.570801904283443573e+00,8.053399070238268908e-05,-3.681554015753229499e-05,-3.598781924707408959e-05,-3.561026925069351104e-05,-1.151388641385732870e-04,-2.617954156658912623e-01,-2.836026004197213624e+00
-4.194239326168734960e-01,6.855704832375791868e-01,2.288589716459818735e-01,1.952199605715525532e-01,-7.629500186961085673e-01,-4.833913312751102476e-01,1.570801904283443573e+00,8.053399070238268908e-05,-3.681554015753229499e-05,-3.598781924707408959e-05,-3.561026925069351104e-05,-1.151388641385732870e-04,-2.617954156658912623e-01,-2.836026004197213624e+00
-4.194239326168734960e-01,6.855430362649137521e-01,2.288261006298025202e-01,1.952370237618830939e-01,-7.629322135614832190e-01,-4.834680905178692645e-01,1.570801904283443573e+00,8.053399070238268908e-05,-3.681554015753229499e-05,-3.598781924707408959e-05,-3.561026925069351104e-05,-1.151388641385732870e-04,-2.617954156658912623e-01,-2.836026004197213624e+00
-4.194109211717790830e-01,6.855247382831368697e-01,2.287932296136231947e-01,1.952370237618830939e-01,-7.629322135614832190e-01,-4.834680905178692645e-01,1.570801904283443573e+00,8.053399070238268908e-05,-3.681554015753229499e-05,-3.598781924707408959e-05,-3.561026925069351104e-05,-1.151388641385732870e-04,-2.617954156658912623e-01,-2.836026004197213624e+00
-4.194109211717790830e-01,6.854972913104713239e-01,2.287603585974438414e-01,1.952370237618830939e-01,-7.629144084268577597e-01,-4.834680905178692645e-01,1.570801904283443573e+00,8.053399070238268908e-05,-3.681554015753229499e-05,-3.598781924707408959e-05,-3.561026925069351104e-05,-1.151388641385732870e-04,-2.617954156658912623e-01,-2.836026004197213624e+00
-4.193979097266847256e-01,6.854789933286944414e-01,2.287274875812644881e-01,1.952370237618830939e-01,-7.629144084268577597e-01,-4.834680905178692645e-01,1.570801904283443573e+00,8.053399070238268908e-05,-3.681554015753229499e-05,-3.598781924707408959e-05,-3.561026925069351104e-05,-1.151388641385732870e-04,-2.617954156658912623e-01,-2.836026004197213624e+00
-4.193979097266847256e-01,6.854515463560290067e-01,2.286946165650851903e-01,1.952540869522136069e-01,-7.628966032922325224e-01,-4.835064701392487452e-01,1.570801904283443573e+00,8.053399070238268908e-05,-3.681554015753229499e-05,-3.598781924707408959e-05,-3.561026925069351104e-05,-1.151388641385732870e-04,-2.617954156658912623e-01,-2.836026004197213624e+00
-4.193848982815903681e-01,6.854240993833635720e-01,2.286617455489058370e-01,1.952540869522136069e-01,-7.628966032922325224e-01,-4.835064701392487452e-01,1.570801904283443573e+00,8.053399070238268908e-05,-3.681554015753229499e-05,-3.598781924707408959e-05,-3.561026925069351104e-05,-1.151388641385732870e-04,-2.617954156658912623e-01,-2.836026004197213624e+00
-4.193718868364960106e-01,6.853783544289211438e-01,2.285960035165471305e-01,1.952711501425441476e-01,-7.628787981576071742e-01,-4.835064701392487452e-01,1.570801904283443573e+00,8.053399070238268908e-05,-3.681554015753229499e-05,-3.598781924707408959e-05,-3.561026925069351104e-05,-1.151388641385732870e-04,-2.617954156658912623e-01,-2.836026004197213624e+00
-4.193718868364960106e-01,6.853600564471441503e-01,2.285521754949746964e-01,1.952711501425441476e-01,-7.628787981576071742e-01,-4.835448497606283369e-01,1.570801904283443573e+00,8.053399070238268908e-05,-3.681554015753229499e-05,-3.598781924707408959e-05,-3.561026925069351104e-05,-1.151388641385732870e-04,-2.617954156658912623e-01,-2.836026004197213624e+00
-4.193588753914016531e-01,6.853326094744787156e-01,2.285193044787953431e-01,1.952711501425441476e-01,-7.628609930229818259e-01,-4.835448497606283369e-01,1.570801904283443573e+00,8.053399070238268908e-05,-3.681554015753229499e-05,-3.598781924707408959e-05,-3.561026925069351104e-05,-1.151388641385732870e-04,-2.617954156658912623e-01,-2.836026004197213624e+00
-4.193458639463072957e-01,6.852868645200362874e-01,2.284535624464366643e-01,1.952882133328746883e-01,-7.628431878883564776e-01,-4.835832293820078176e-01,1.570801904283443573e+00,8.053399070238268908e-05,-3.681554015753229499e-05,-3.598781924707408959e-05,-3.561026925069351104e-05,-1.151388641385732870e-04,-2.617954156658912623e-01,-2.836026004197213624e+00
-4.193458639463072957e-01,6.852594175473708527e-01,2.284206914302573110e-01,1.952882133328746883e-01,-7.628253827537311293e-01,-4.835832293820078176e-01,1.570801904283443573e+00,8.053399070238268908e-05,-3.681554015753229499e-05,-3.598781924707408959e-05,-3.561026925069351104e-05,-1.151388641385732870e-04,-2.617954156658912623e-01,-2.836026004197213624e+00
-4.193328525012128827e-01,6.852319705747053069e-01,2.283878204140779578e-01,1.952882133328746883e-01,-7.628253827537311293e-01,-4.835832293820078176e-01,1.570801904283443573e+00,8.053399070238268908e-05,-3.681554015753229499e-05,-3.598781924707408959e-05,-3.561026925069351104e-05,-1.151388641385732870e-04,-2.617954156658912623e-01,-2.836026004197213624e+00
-4.193328525012128827e-01,6.851862256202629897e-01,2.283220783817192789e-01,1.953052765232052013e-01,-7.628075776191057811e-01,-4.835832293820078176e-01,1.570801904283443573e+00,8.053399070238268908e-05,-3.681554015753229499e-05,-3.598781924707408959e-05,-3.561026925069351104e-05,-1.151388641385732870e-04,-2.617954156658912623e-01,-2.836026004197213624e+00
-4.193198410561185252e-01,6.851679276384859962e-01,2.282782503601468171e-01,1.953052765232052013e-01,-7.627897724844804328e-01,-4.836216090033873538e-01,1.570801904283443573e+00,8.053399070238268908e-05,-3.681554015753229499e-05,-3.598781924707408959e-05,-3.561026925069351104e-05,-1.151388641385732870e-04,-2.617954156658912623e-01,-2.836026004197213624e+00
-4.193198410561185252e-01,6.851404806658204505e-01,2.282453793439674639e-01,1.953223397135357420e-01,-7.627719673498550845e-01,-4.836216090033873538e-01,1.570801904283443573e+00,8.053399070238268908e-05,-3.681554015753229499e-05,-3.598781924707408959e-05,-3.561026925069351104e-05,-1.151388641385732870e-04,-2.617954156658912623e-01,-2.836026004197213624e+00
-4.193068296110241677e-01,6.851130336931550158e-01,2.282125083277881383e-01,1.953223397135357420e-01,-7.627719673498550845e-01,-4.836216090033873538e-01,1.570801904283443573e+00,8.053399070238268908e-05,-3.681554015753229499e-05,-3.598781924707408959e-05,-3.561026925069351104e-05,-1.151388641385732870e-04,-2.617954156658912623e-01,-2.836026004197213624e+00
-4.192938181659298102e-01,6.850672887387126986e-01,2.281467662954294318e-01,1.953394029038662549e-01,-7.627541622152297363e-01,-4.836599886247668900e-01,1.570801904283443573e+00,8.053399070238268908e-05,-3.681554015753229499e-05,-3.598781924707408959e-05,-3.561026925069351104e-05,-1.151388641385732870e-04,-2.617954156658912623e-01,-2.836026004197213624e+00
-4.192938181659298102e-01,6.850489907569357051e-01,2.281138952792500785e-01,1.953394029038662549e-01,-7.627363570806043880e-01,-4.836599886247668900e-01,1.570801904283443573e+00,8.053399070238268908e-05,-3.681554015753229499e-05,-3.598781924707408959e-05,-3.561026925069351104e-05,-1.151388641385732870e-04,-2.617954156658912623e-01,-2.836026004197213624e+00
-4.192808067208354528e-01,6.850215437842702704e-01,2.280700672576776444e-01,1.953394029038662549e-01,-7.627363570806043880e-01,-4.836599886247668900e-01,1.570801904283443573e+00,8.053399070238268908e-05,-3.681554015753229499e-05,-3.598781924707408959e-05,-3.561026925069351104e-05,-1.151388641385732870e-04,-2.617954156658912623e-01,-2.836026004197213624e+00
-4.192808067208354528e-01,6.849940968116048357e-01,2.280371962414982911e-01,1.953394029038662549e-01,-7.627185519459790397e-01,-4.836599886247668900e-01,1.570801904283443573e+00,8.053399070238268908e-05,-3.681554015753229499e-05,-3.598781924707408959e-05,-3.561026925069351104e-05,-1.151388641385732870e-04,-2.617954156658912623e-01,-2.836026004197213624e+00
-4.192677952757410953e-01,6.849483518571624074e-01,2.279714542091396123e-01,1.953564660941967679e-01,-7.627007468113536914e-01,-4.836983682461464262e-01,1.570801904283443573e+00,8.053399070238268908e-05,-3.681554015753229499e-05,-3.598781924707408959e-05,-3.561026925069351104e-05,-1.151388641385732870e-04,-2.617954156658912623e-01,-2.836026004197213624e+00
-4.192677952757410953e-01,6.849300538753854140e-01,2.279276261875671505e-01,1.953564660941967679e-01,-7.626829416767283432e-01,-4.836983682461464262e-01,1.570801904283443573e+00,8.053399070238268908e-05,-3.681554015753229499e-05,-3.598781924707408959e-05,-3.561026925069351104e-05,-1.151388641385732870e-04,-2.617954156658912623e-01,-2.836026004197213624e+00
-4.192547838306467378e-01,6.849026069027199792e-01,2.278947551713877973e-01,1.953735292845273086e-01,-7.626829416767283432e-01,-4.836983682461464262e-01,1.570801904283443573e+00,8.053399070238268908e-05,-3.681554015753229499e-05,-3.598781924707408959e-05,-3.561026925069351104e-05,-1.151388641385732870e-04,-2.617954156658912623e-01,-2.836026004197213624e+00
-4.192417723855523248e-01,6.848568619482775510e-01,2.278180561336360099e-01,1.953735292845273086e-01,-7.626651365421029949e-01,-4.837367478675259069e-01,1.570801904283443573e+00,8.053399070238268908e-05,-3.681554015753229499e-05,-3.598781924707408959e-05,-3.561026925069351104e-05,-1.151388641385732870e-04,-2.617954156658912623e-01,-2.836026004197213624e+00
-4.192417723855523248e-01,6.848294149756121163e-01,2.277851851174566566e-01,1.953735292845273086e-01,-7.626473314074777576e-01,-4.837367478675259069e-01,1.570801904283443573e+00,8.053399070238268908e-05,-3.681554015753229499e-05,-3.598781924707408959e-05,-3.561026925069351104e-05,-1.151388641385732870e-04,-2.617954156658912623e-01,-2.836026004197213624e+00
-4.192417723855523248e-01,6.848019680029466816e-01,2.277523141012773311e-01,1.953905924748578216e-01,-7.626473314074777576e-01,-4.837367478675259069e-01,1.570801904283443573e+00,8.053399070238268908e-05,-3.681554015753229499e-05,-3.598781924707408959e-05,-3.561026925069351104e-05,-1.151388641385732870e-04,-2.617954156658912623e-01,-2.836026004197213624e+00
-4.192287609404579674e-01,6.847836700211697991e-01,2.277194430850979778e-01,1.953905924748578216e-01,-7.626295262728522983e-01,-4.837751274889054431e-01,1.570801904283443573e+00,8.053399070238268908e-05,-3.681554015753229499e-05,-3.598781924707408959e-05,-3.561026925069351104e-05,-1.151388641385732870e-04,-2.617954156658912623e-01,-2.836026004197213624e+00
-4.192157494953636099e-01,6.847287760758388186e-01,2.276427440473461905e-01,1.954076556651883623e-01,-7.626117211382269501e-01,-4.837751274889054431e-01,1.570801904283443573e+00,8.053399070238268908e-05,-3.681554015753229499e-05,-3.598781924707408959e-05,-3.561026925069351104e-05,-1.151388641385732870e-04,-2.617954156658912623e-01,-2.836026004197213624e+00
-4.192157494953636099e-01,6.847104780940618252e-01,2.276098730311668372e-01,1.954076556651883623e-01,-7.626117211382269501e-01,-4.837751274889054431e-01,1.570801904283443573e+00,8.053399070238268908e-05,-3.681554015753229499e-05,-3.598781924707408959e-05,-3.561026925069351104e-05,-1.151388641385732870e-04,-2.617954156658912623e-01,-2.836026004197213624e+00
-4.192027380502692524e-01,6.846830311213965015e-01,2.275770020149874839e-01,1.954076556651883623e-01,-7.625939160036016018e-01,-4.838135071102849794e-01,1.570801904283443573e+00,8.053399070238268908e-05,-3.681554015753229499e-05,-3.598781924707408959e-05,-3.561026925069351104e-05,-1.151388641385732870e-04,-2.617954156658912623e-01,-2.836026004197213624e+00
-4.192027380502692524e-01,6.846281371760655210e-01,2.275003029772356966e-01,1.954247188555189030e-01,-7.625761108689763645e-01,-4.838518867316645156e-01,1.570801904283443573e+00,8.053399070238268908e-05,-3.681554015753229499e-05,-3.598781924707408959e-05,-3.561026925069351104e-05,-1.151388641385732870e-04,-2.617954156658912623e-01,-2.836026004197213624e+00
-4.191897266051748949e-01,6.846098391942885275e-01,2.274674319610563433e-01,1.954247188555189030e-01,-7.625583057343509052e-01,-4.838518867316645156e-01,1.570801904283443573e+00,8.053399070238268908e-05,-3.681554015753229499e-05,-3.598781924707408959e-05,-3.561026925069351104e-05,-1.151388641385732870e-04,-2.617954156658912623e-01,-2.836026004197213624e+00
-4.191897266051748949e-01,6.845823922216229818e-01,2.274345609448769900e-01,1.954247188555189030e-01,-7.625405005997255570e-01,-4.838518867316645156e-01,1.570801904283443573e+00,8.053399070238268908e-05,-3.681554015753229499e-05,-3.598781924707408959e-05,-3.561026925069351104e-05,-1.151388641385732870e-04,-2.617954156658912623e-01,-2.836026004197213624e+00
-4.191767151600805374e-01,6.845549452489576581e-01,2.273907329233045560e-01,1.954417820458494159e-01,-7.625405005997255570e-01,-4.838518867316645156e-01,1.570801904283443573e+00,8.053399070238268908e-05,-3.681554015753229499e-05,-3.598781924707408959e-05,-3.561026925069351104e-05,-1.151388641385732870e-04,-2.617954156658912623e-01,-2.836026004197213624e+00
-4.191767151600805374e-01,6.845366472671806646e-01,2.273578619071252027e-01,1.954417820458494159e-01,-7.625226954651002087e-01,-4.838902663530439963e-01,1.570801904283443573e+00,8.053399070238268908e-05,-3.681554015753229499e-05,-3.598781924707408959e-05,-3.561026925069351104e-05,-1.151388641385732870e-04,-2.617954156658912623e-01,-2.836026004197213624e+00
-4.191637037149861245e-01,6.844817533218496841e-01,2.272921198747664961e-01,1.954417820458494159e-01,-7.625048903304749714e-01,-4.838902663530439963e-01,1.570801904283443573e+00,8.053399070238268908e-05,-3.681554015753229499e-05,-3.598781924707408959e-05,-3.561026925069351104e-05,-1.151388641385732870e-04,-2.617954156658912623e-01,-2.836026004197213624e+00
-4.191637037149861245e-01,6.844634553400728016e-01,2.272482918531940621e-01,1.954588452361799567e-01,-7.624870851958495122e-01,-4.838902663530439963e-01,1.570801904283443573e+00,8.053399070238268908e-05,-3.681554015753229499e-05,-3.598781924707408959e-05,-3.561026925069351104e-05,-1.151388641385732870e-04,-2.617954156658912623e-01,-2.836026004197213624e+00
-4.191506922698917670e-01,6.844360083674073669e-01,2.272154208370147088e-01,1.954588452361799567e-01,-7.624870851958495122e-01,-4.839286459744235880e-01,1.570801904283443573e+00,8.053399070238268908e-05,-3.681554015753229499e-05,-3.598781924707408959e-05,-3.561026925069351104e-05,-1.151388641385732870e-04,-2.617954156658912623e-01,-2.836026004197213624e+00
-4.191506922698917670e-01,6.844085613947418212e-01,2.271825498208353555e-01,1.954588452361799567e-01,-7.624692800612241639e-01,-4.839286459744235880e-01,1.570801904283443573e+00,8.053399070238268908e-05,-3.681554015753229499e-05,-3.598781924707408959e-05,-3.561026925069351104e-05,-1.151388641385732870e-04,-2.617954156658912623e-01,-2.836026004197213624e+00
-4.191376808247974095e-01,6.843902634129649387e-01,2.271496788046560300e-01,1.954759084265104419e-01,-7.624514749265988156e-01,-4.839286459744235880e-01,1.570801904283443573e+00,8.053399070238268908e-05,-3.681554015753229499e-05,-3.598781924707408959e-05,-3.561026925069351104e-05,-1.151388641385732870e-04,-2.617954156658912623e-01,-2.836026004197213624e+00
-4.191246693797030520e-01,6.843353694676340693e-01,2.270729797669042149e-01,1.954759084265104419e-01,-7.624336697919735784e-01,-4.839670255958030687e-01,1.570801904283443573e+00,8.053399070238268908e-05,-3.681554015753229499e-05,-3.598781924707408959e-05,-3.561026925069351104e-05,-1.151388641385732870e-04,-2.617954156658912623e-01,-2.836026004197213624e+00
-4.191246693797030520e-01,6.843170714858569648e-01,2.270401087507248894e-01,1.954759084265104419e-01,-7.624158646573481191e-01,-4.839670255958030687e-01,1.570801904283443573e+00,8.053399070238268908e-05,-3.681554015753229499e-05,-3.598781924707408959e-05,-3.561026925069351104e-05,-1.151388641385732870e-04,-2.617954156658912623e-01,-2.836026004197213624e+00
-4.191246693797030520e-01,6.842896245131916411e-01,2.269962807291524276e-01,1.954929716168409826e-01,-7.624158646573481191e-01,-4.839670255958030687e-01,1.570801904283443573e+00,8.053399070238268908e-05,-3.681554015753229499e-05,-3.598781924707408959e-05,-3.561026925069351104e-05,-1.151388641385732870e-04,-2.617954156658912623e-01,-2.836026004197213624e+00
-4.191116579346086946e-01,6.842621775405262063e-01,2.269634097129730743e-01,1.954929716168409826e-01,-7.623980595227227708e-01,-4.839670255958030687e-01,1.570801904283443573e+00,8.053399070238268908e-05,-3.681554015753229499e-05,-3.598781924707408959e-05,-3.561026925069351104e-05,-1.151388641385732870e-04,-2.617954156658912623e-01,-2.836026004197213624e+00
-4.190986464895143371e-01,6.842164325860836671e-01,2.268976676806143955e-01,1.955100348071715233e-01,-7.623802543880975335e-01,-4.840054052171826049e-01,1.570801904283443573e+00,8.053399070238268908e-05,-3.681554015753229499e-05,-3.598781924707408959e-05,-3.561026925069351104e-05,-1.151388641385732870e-04,-2.617954156658912623e-01,-2.836026004197213624e+00
-4.190986464895143371e-01,6.841889856134183434e-01,2.268538396590419337e-01,1.955100348071715233e-01,-7.623802543880975335e-01,-4.840054052171826049e-01,1.570801904283443573e+00,8.053399070238268908e-05,-3.681554015753229499e-05,-3.598781924707408959e-05,-3.561026925069351104e-05,-1.151388641385732870e-04,-2.617954156658912623e-01,-2.836026004197213624e+00
-4.190856350444199241e-01,6.841615386407529087e-01,2.268209686428626082e-01,1.955100348071715233e-01,-7.623624492534721853e-01,-4.840437848385620856e-01,1.570801904283443573e+00,8.053399070238268908e-05,-3.681554015753229499e-05,-3.598781924707408959e-05,-3.561026925069351104e-05,-1.151388641385732870e-04,-2.617954156658912623e-01,-2.836026004197213624e+00
-4.190856350444199241e-01,6.841157936863103695e-01,2.267442696051107931e-01,1.955270979975020362e-01,-7.623446441188467260e-01,-4.840437848385620856e-01,1.570801904283443573e+00,8.053399070238268908e-05,-3.681554015753229499e-05,-3.598781924707408959e-05,-3.561026925069351104e-05,-1.151388641385732870e-04,-2.617954156658912623e-01,-2.836026004197213624e+00
-4.190726235993255666e-01,6.840883467136450458e-01,2.267113985889314398e-01,1.955270979975020362e-01,-7.623268389842213777e-01,-4.840437848385620856e-01,1.570801904283443573e+00,8.053399070238268908e-05,-3.681554015753229499e-05,-3.598781924707408959e-05,-3.561026925069351104e-05,-1.151388641385732870e-04,-2.617954156658912623e-01,-2.836026004197213624e+00
-4.190726235993255666e-01,6.840608997409796110e-01,2.266785275727521143e-01,1.955270979975020362e-01,-7.623268389842213777e-01,-4.840437848385620856e-01,1.570801904283443573e+00,8.053399070238268908e-05,-3.681554015753229499e-05,-3.598781924707408959e-05,-3.561026925069351104e-05,-1.151388641385732870e-04,-2.617954156658912623e-01,-2.836026004197213624e+00
-4.190596121542312091e-01,6.840426017592026176e-01,2.266456565565727610e-01,1.955441611878325769e-01,-7.623090338495961404e-01,-4.840821644599416773e-01,1.570801904283443573e+00,8.053399070238268908e-05,-3.681554015753229499e-05,-3.598781924707408959e-05,-3.561026925069351104e-05,-1.151388641385732870e-04,-2.617954156658912623e-01,-2.836026004197213624e+00
-4.190596121542312091e-01,6.839877078138717481e-01,2.265689575188209737e-01,1.955441611878325769e-01,-7.622912287149707922e-01,-4.840821644599416773e-01,1.570801904283443573e+00,8.053399070238268908e-05,-3.681554015753229499e-05,-3.598781924707408959e-05,-3.561026925069351104e-05,-1.151388641385732870e-04,-2.617954156658912623e-01,-2.836026004197213624e+00
-4.190466007091368517e-01,6.839694098320947546e-01,2.265360865026416204e-01,1.955612243781630899e-01,-7.622734235803453329e-01,-4.840821644599416773e-01,1.570801904283443573e+00,8.053399070238268908e-05,-3.681554015753229499e-05,-3.598781924707408959e-05,-3.561026925069351104e-05,-1.151388641385732870e-04,-2.617954156658912623e-01,-2.836026004197213624e+00
-4.190335892640424942e-01,6.839145158867637742e-01,2.264703444702829138e-01,1.955612243781630899e-01,-7.622556184457199846e-01,-4.841589237027006942e-01,1.570801904283443573e+00,8.053399070238268908e-05,-3.681554015753229499e-05,-3.598781924707408959e-05,-3.561026925069351104e-05,-1.151388641385732870e-04,-2.617954156658912623e-01,-2.836026004197213624e+00
-4.190335892640424942e-01,6.838870689140983394e-01,2.264265164487104798e-01,1.955782875684936306e-01,-7.622556184457199846e-01,-4.841589237027006942e-01,1.570801904283443573e+00,8.053399070238268908e-05,-3.681554015753229499e-05,-3.598781924707408959e-05,-3.561026925069351104e-05,-1.151388641385732870e-04,-2.617954156658912623e-01,-2.836026004197213624e+00
-4.190205778189481367e-01,6.838687709323214570e-01,2.263936454325311265e-01,1.955782875684936306e-01,-7.622378133110947473e-01,-4.841589237027006942e-01,1.570801904283443573e+00,8.053399070238268908e-05,-3.681554015753229499e-05,-3.598781924707408959e-05,-3.561026925069351104e-05,-1.151388641385732870e-04,-2.617954156658912623e-01,-2.836026004197213624e+00
-4.190205778189481367e-01,6.838413239596559112e-01,2.263607744163517732e-01,1.955782875684936306e-01,-7.622200081764693991e-01,-4.841589237027006942e-01,1.570801904283443573e+00,8.053399070238268908e-05,-3.681554015753229499e-05,-3.598781924707408959e-05,-3.561026925069351104e-05,-1.151388641385732870e-04,-2.617954156658912623e-01,-2.836026004197213624e+00
-4.190075663738537237e-01,6.837864300143250418e-01,2.262840753785999859e-01,1.955953507588241713e-01,-7.622022030418439398e-01,-4.841973033240802304e-01,1.570801904283443573e+00,8.053399070238268908e-05,-3.681554015753229499e-05,-3.598781924707408959e-05,-3.561026925069351104e-05,-1.151388641385732870e-04,-2.617954156658912623e-01,-2.836026004197213624e+00
-4.190075663738537237e-01,6.837681320325481593e-01,2.262512043624206326e-01,1.955953507588241713e-01,-7.622022030418439398e-01,-4.841973033240802304e-01,1.570801904283443573e+00,8.053399070238268908e-05,-3.681554015753229499e-05,-3.598781924707408959e-05,-3.561026925069351104e-05,-1.151388641385732870e-04,-2.617954156658912623e-01,-2.836026004197213624e+00
-4.189945549287593662e-01,6.837406850598826136e-01,2.262183333462413071e-01,1.955953507588241713e-01,-7.621843979072185915e-01,-4.841973033240802304e-01,1.570801904283443573e+00,8.053399070238268908e-05,-3.681554015753229499e-05,-3.598781924707408959e-05,-3.561026925069351104e-05,-1.151388641385732870e-04,-2.617954156658912623e-01,-2.836026004197213624e+00
-4.189945549287593662e-01,6.836949401054402964e-01,2.261416343084894920e-01,1.956124139491546565e-01,-7.621487876379680060e-01,-4.842356829454597666e-01,1.570801904283443573e+00,8.053399070238268908e-05,-3.681554015753229499e-05,-3.598781924707408959e-05,-3.561026925069351104e-05,-1.151388641385732870e-04,-2.617954156658912623e-01,-2.836026004197213624e+00
-4.189815434836650088e-01,6.836674931327747506e-01,2.261087632923101665e-01,1.956124139491546565e-01,-7.621487876379680060e-01,-4.842356829454597666e-01,1.570801904283443573e+00,8.053399070238268908e-05,-3.681554015753229499e-05,-3.598781924707408959e-05,-3.561026925069351104e-05,-1.151388641385732870e-04,-2.617954156658912623e-01,-2.836026004197213624e+00
-4.189815434836650088e-01,6.836400461601093159e-01,2.260758922761308132e-01,1.956124139491546565e-01,-7.621309825033425467e-01,-4.842356829454597666e-01,1.570801904283443573e+00,8.053399070238268908e-05,-3.681554015753229499e-05,-3.598781924707408959e-05,-3.561026925069351104e-05,-1.151388641385732870e-04,-2.617954156658912623e-01,-2.836026004197213624e+00
-4.189815434836650088e-01,6.836125991874438812e-01,2.260320642545583514e-01,1.956294771394851972e-01,-7.621309825033425467e-01,-4.842356829454597666e-01,1.570801904283443573e+00,8.053399070238268908e-05,-3.681554015753229499e-05,-3.598781924707408959e-05,-3.561026925069351104e-05,-1.151388641385732870e-04,-2.617954156658912623e-01,-2.836026004197213624e+00
-4.189685320385706513e-01,6.835668542330014530e-01,2.259663222221996726e-01,1.956294771394851972e-01,-7.620953722340919612e-01,-4.842740625668392473e-01,1.570801904283443573e+00,8.053399070238268908e-05,-3.681554015753229499e-05,-3.598781924707408959e-05,-3.561026925069351104e-05,-1.151388641385732870e-04,-2.617954156658912623e-01,-2.836026004197213624e+00
-4.189555205934762938e-01,6.835394072603360183e-01,2.259224942006272108e-01,1.956294771394851972e-01,-7.620953722340919612e-01,-4.842740625668392473e-01,1.570801904283443573e+00,8.053399070238268908e-05,-3.681554015753229499e-05,-3.598781924707408959e-05,-3.561026925069351104e-05,-1.151388641385732870e-04,-2.617954156658912623e-01,-2.836026004197213624e+00
-4.189555205934762938e-01,6.835119602876705835e-01,2.258896231844478575e-01,1.956465403298157379e-01,-7.620775670994666129e-01,-4.842740625668392473e-01,1.570801904283443573e+00,8.053399070238268908e-05,-3.681554015753229499e-05,-3.598781924707408959e-05,-3.561026925069351104e-05,-1.151388641385732870e-04,-2.617954156658912623e-01,-2.836026004197213624e+00
-4.189555205934762938e-01,6.834936623058937011e-01,2.258567521682685320e-01,1.956465403298157379e-01,-7.620775670994666129e-01,-4.842740625668392473e-01,1.570801904283443573e+00,8.053399070238268908e-05,-3.681554015753229499e-05,-3.598781924707408959e-05,-3.561026925069351104e-05,-1.151388641385732870e-04,-2.617954156658912623e-01,-2.836026004197213624e+00
-4.189425091483819363e-01,6.834662153332281553e-01,2.258129241466960702e-01,1.956465403298157379e-01,-7.620597619648411536e-01,-4.843124421882188391e-01,1.570801904283443573e+00,8.053399070238268908e-05,-3.681554015753229499e-05,-3.598781924707408959e-05,-3.561026925069351104e-05,-1.151388641385732870e-04,-2.617954156658912623e-01,-2.836026004197213624e+00
-4.189425091483819363e-01,6.834387683605627206e-01,2.257800531305167169e-01,1.956465403298157379e-01,-7.620597619648411536e-01,-4.843124421882188391e-01,1.570801904283443573e+00,8.053399070238268908e-05,-3.681554015753229499e-05,-3.598781924707408959e-05,-3.561026925069351104e-05,-1.151388641385732870e-04,-2.617954156658912623e-01,-2.836026004197213624e+00
-4.189294977032875789e-01,6.833838744152317402e-01,2.257033540927649018e-01,1.956636035201462509e-01,-7.620241516955905681e-01,-4.843124421882188391e-01,1.570801904283443573e+00,8.053399070238268908e-05,-3.681554015753229499e-05,-3.598781924707408959e-05,-3.561026925069351104e-05,-1.151388641385732870e-04,-2.617954156658912623e-01,-2.836026004197213624e+00
-4.189294977032875789e-01,6.833564274425663054e-01,2.256704830765855763e-01,1.956636035201462509e-01,-7.620241516955905681e-01,-4.843508218095983198e-01,1.570801904283443573e+00,8.053399070238268908e-05,-3.681554015753229499e-05,-3.598781924707408959e-05,-3.561026925069351104e-05,-1.151388641385732870e-04,-2.617954156658912623e-01,-2.836026004197213624e+00
-4.189294977032875789e-01,6.833381294607894230e-01,2.256266550550131145e-01,1.956806667104767916e-01,-7.620063465609652198e-01,-4.843508218095983198e-01,1.570801904283443573e+00,8.053399070238268908e-05,-3.681554015753229499e-05,-3.598781924707408959e-05,-3.561026925069351104e-05,-1.151388641385732870e-04,-2.617954156658912623e-01,-2.836026004197213624e+00
-4.189164862581931659e-01,6.833106824881239882e-01,2.255937840388337612e-01,1.956806667104767916e-01,-7.620063465609652198e-01,-4.843508218095983198e-01,1.570801904283443573e+00,8.053399070238268908e-05,-3.681554015753229499e-05,-3.598781924707408959e-05,-3.561026925069351104e-05,-1.151388641385732870e-04,-2.617954156658912623e-01,-2.836026004197213624e+00
-4.189164862581931659e-01,6.832832355154584425e-01,2.255609130226544079e-01,1.956806667104767916e-01,-7.619885414263397605e-01,-4.843508218095983198e-01,1.570801904283443573e+00,8.053399070238268908e-05,-3.681554015753229499e-05,-3.598781924707408959e-05,-3.561026925069351104e-05,-1.151388641385732870e-04,-2.617954156658912623e-01,-2.836026004197213624e+00
-4.189034748130988084e-01,6.832283415701276841e-01,2.254842139849026206e-01,1.956977299008073046e-01,-7.619707362917145232e-01,-4.843508218095983198e-01,1.570801904283443573e+00,8.053399070238268908e-05,-3.681554015753229499e-05,-3.598781924707408959e-05,-3.561026925069351104e-05,-1.151388641385732870e-04,-2.617954156658912623e-01,-2.836026004197213624e+00
-4.189034748130988084e-01,6.832008945974621383e-01,2.254403859633301588e-01,1.956977299008073046e-01,-7.619529311570891750e-01,-4.843892014309778560e-01,1.570801904283443573e+00,8.053399070238268908e-05,-3.681554015753229499e-05,-3.598781924707408959e-05,-3.561026925069351104e-05,-1.151388641385732870e-04,-2.617954156658912623e-01,-2.836026004197213624e+00
-4.189034748130988084e-01,6.831734476247967036e-01,2.254075149471508333e-01,1.956977299008073046e-01,-7.619529311570891750e-01,-4.843892014309778560e-01,1.570801904283443573e+00,8.053399070238268908e-05,-3.681554015753229499e-05,-3.598781924707408959e-05,-3.561026925069351104e-05,-1.151388641385732870e-04,-2.617954156658912623e-01,-2.836026004197213624e+00
-4.188904633680044509e-01,6.831277026703543864e-01,2.253308159093990182e-01,1.957147930911378453e-01,-7.619173208878383674e-01,-4.844275810523573367e-01,1.570801904283443573e+00,8.053399070238268908e-05,-3.681554015753229499e-05,-3.598781924707408959e-05,-3.561026925069351104e-05,-1.151388641385732870e-04,-2.617954156658912623e-01,-2.836026004197213624e+00
-4.188904633680044509e-01,6.831002556976888407e-01,2.252979448932196649e-01,1.957147930911378453e-01,-7.619173208878383674e-01,-4.844275810523573367e-01,1.570801904283443573e+00,8.053399070238268908e-05,-3.681554015753229499e-05,-3.598781924707408959e-05,-3.561026925069351104e-05,-1.151388641385732870e-04,-2.617954156658912623e-01,-2.836026004197213624e+00
-4.188774519229100934e-01,6.830728087250234060e-01,2.252541168716472308e-01,1.957147930911378453e-01,-7.618995157532131302e-01,-4.844659606737369284e-01,1.570801904283443573e+00,8.053399070238268908e-05,-3.681554015753229499e-05,-3.598781924707408959e-05,-3.561026925069351104e-05,-1.151388641385732870e-04,-2.617954156658912623e-01,-2.836026004197213624e+00
-4.188774519229100934e-01,6.830453617523579712e-01,2.252212458554678776e-01,1.957318562814683860e-01,-7.618817106185877819e-01,-4.844659606737369284e-01,1.570801904283443573e+00,8.053399070238268908e-05,-3.681554015753229499e-05,-3.598781924707408959e-05,-3.561026925069351104e-05,-1.151388641385732870e-04,-2.617954156658912623e-01,-2.836026004197213624e+00
-4.188644404778157360e-01,6.829996167979155430e-01,2.251445468177160902e-01,1.957318562814683860e-01,-7.618639054839623226e-01,-4.844659606737369284e-01,1.570801904283443573e+00,8.053399070238268908e-05,-3.681554015753229499e-05,-3.598781924707408959e-05,-3.561026925069351104e-05,-1.151388641385732870e-04,-2.617954156658912623e-01,-2.836026004197213624e+00
-4.188644404778157360e-01,6.829721698252501083e-01,2.251007187961436284e-01,1.957318562814683860e-01,-7.618639054839623226e-01,-4.844659606737369284e-01,1.570801904283443573e+00,8.053399070238268908e-05,-3.681554015753229499e-05,-3.598781924707408959e-05,-3.561026925069351104e-05,-1.151388641385732870e-04,-2.617954156658912623e-01,-2.836026004197213624e+00
-4.188644404778157360e-01,6.829447228525846736e-01,2.250678477799642752e-01,1.957489194717988712e-01,-7.618461003493369743e-01,-4.844659606737369284e-01,1.570801904283443573e+00,8.053399070238268908e-05,-3.681554015753229499e-05,-3.598781924707408959e-05,-3.561026925069351104e-05,-1.151388641385732870e-04,-2.617954156658912623e-01,-2.836026004197213624e+00
-4.188514290327213785e-01,6.829172758799191278e-01,2.250240197583918134e-01,1.957489194717988712e-01,-7.618461003493369743e-01,-4.845043402951164091e-01,1.570801904283443573e+00,8.053399070238268908e-05,-3.681554015753229499e-05,-3.598781924707408959e-05,-3.561026925069351104e-05,-1.151388641385732870e-04,-2.617954156658912623e-01,-2.836026004197213624e+00
-4.188514290327213785e-01,6.828989778981422454e-01,2.249911487422124601e-01,1.957489194717988712e-01,-7.618282952147117371e-01,-4.845043402951164091e-01,1.570801904283443573e+00,8.053399070238268908e-05,-3.681554015753229499e-05,-3.598781924707408959e-05,-3.561026925069351104e-05,-1.151388641385732870e-04,-2.617954156658912623e-01,-2.836026004197213624e+00
-4.188384175876269655e-01,6.828440839528113759e-01,2.249144497044606728e-01,1.957659826621294119e-01,-7.618104900800863888e-01,-4.845043402951164091e-01,1.570801904283443573e+00,8.053399070238268908e-05,-3.681554015753229499e-05,-3.598781924707408959e-05,-3.561026925069351104e-05,-1.151388641385732870e-04,-2.617954156658912623e-01,-2.836026004197213624e+00
-4.188384175876269655e-01,6.828166369801458302e-01,2.248706216828882110e-01,1.957659826621294119e-01,-7.617926849454609295e-01,-4.845043402951164091e-01,1.570801904283443573e+00,8.053399070238268908e-05,-3.681554015753229499e-05,-3.598781924707408959e-05,-3.561026925069351104e-05,-1.151388641385732870e-04,-2.617954156658912623e-01,-2.836026004197213624e+00
-4.188254061425326080e-01,6.827617430348149608e-01,2.247939226451364236e-01,1.957830458524599249e-01,-7.617748798108356922e-01,-4.845427199164959453e-01,1.570801904283443573e+00,8.053399070238268908e-05,-3.681554015753229499e-05,-3.598781924707408959e-05,-3.561026925069351104e-05,-1.151388641385732870e-04,-2.617954156658912623e-01,-2.836026004197213624e+00
-4.188254061425326080e-01,6.827434450530379673e-01,2.247610516289570703e-01,1.957830458524599249e-01,-7.617570746762103440e-01,-4.845427199164959453e-01,1.570801904283443573e+00,8.053399070238268908e-05,-3.681554015753229499e-05,-3.598781924707408959e-05,-3.561026925069351104e-05,-1.151388641385732870e-04,-2.617954156658912623e-01,-2.836026004197213624e+00
-4.188254061425326080e-01,6.827159980803725325e-01,2.247172236073846086e-01,1.957830458524599249e-01,-7.617570746762103440e-01,-4.845427199164959453e-01,1.570801904283443573e+00,8.053399070238268908e-05,-3.681554015753229499e-05,-3.598781924707408959e-05,-3.561026925069351104e-05,-1.151388641385732870e-04,-2.617954156658912623e-01,-2.836026004197213624e+00
-4.188254061425326080e-01,6.826885511077070978e-01,2.246843525912052830e-01,1.957830458524599249e-01,-7.617392695415849957e-01,-4.845427199164959453e-01,1.570801904283443573e+00,8.053399070238268908e-05,-3.681554015753229499e-05,-3.598781924707408959e-05,-3.561026925069351104e-05,-1.151388641385732870e-04,-2.617954156658912623e-01,-2.836026004197213624e+00
-4.188123946974382505e-01,6.826611041350416631e-01,2.246405245696328212e-01,1.958001090427904656e-01,-7.617214644069595364e-01,-4.845810995378754815e-01,1.570801904283443573e+00,8.053399070238268908e-05,-3.681554015753229499e-05,-3.598781924707408959e-05,-3.561026925069351104e-05,-1.151388641385732870e-04,-2.617954156658912623e-01,-2.836026004197213624e+00
-4.188123946974382505e-01,6.826336571623762284e-01,2.246076535534534679e-01,1.958001090427904656e-01,-7.617036592723342991e-01,-4.845810995378754815e-01,1.570801904283443573e+00,8.053399070238268908e-05,-3.681554015753229499e-05,-3.598781924707408959e-05,-3.561026925069351104e-05,-1.151388641385732870e-04,-2.617954156658912623e-01,-2.836026004197213624e+00
-4.187993832523438931e-01,6.825879122079338002e-01,2.245309545157016806e-01,1.958001090427904656e-01,-7.616858541377089509e-01,-4.845810995378754815e-01,1.570801904283443573e+00,8.053399070238268908e-05,-3.681554015753229499e-05,-3.598781924707408959e-05,-3.561026925069351104e-05,-1.151388641385732870e-04,-2.617954156658912623e-01,-2.836026004197213624e+00
-4.187993832523438931e-01,6.825604652352682544e-01,2.244980834995223273e-01,1.958171722331210063e-01,-7.616858541377089509e-01,-4.845810995378754815e-01,1.570801904283443573e+00,8.053399070238268908e-05,-3.681554015753229499e-05,-3.598781924707408959e-05,-3.561026925069351104e-05,-1.151388641385732870e-04,-2.617954156658912623e-01,-2.836026004197213624e+00
-4.187993832523438931e-01,6.825330182626029307e-01,2.244542554779498655e-01,1.958171722331210063e-01,-7.616680490030836026e-01,-4.846194791592550177e-01,1.570801904283443573e+00,8.053399070238268908e-05,-3.681554015753229499e-05,-3.598781924707408959e-05,-3.561026925069351104e-05,-1.151388641385732870e-04,-2.617954156658912623e-01,-2.836026004197213624e+00
-4.187993832523438931e-01,6.825055712899374960e-01,2.244213844617705123e-01,1.958171722331210063e-01,-7.616502438684581433e-01,-4.846194791592550177e-01,1.570801904283443573e+00,8.053399070238268908e-05,-3.681554015753229499e-05,-3.598781924707408959e-05,-3.561026925069351104e-05,-1.151388641385732870e-04,-2.617954156658912623e-01,-2.836026004197213624e+00
-4.187863718072495356e-01,6.824781243172720613e-01,2.243885134455911590e-01,1.958171722331210063e-01,-7.616502438684581433e-01,-4.846194791592550177e-01,1.570801904283443573e+00,8.053399070238268908e-05,-3.681554015753229499e-05,-3.598781924707408959e-05,-3.561026925069351104e-05,-1.151388641385732870e-04,-2.617954156658912623e-01,-2.836026004197213624e+00
-4.187863718072495356e-01,6.824323793628296331e-01,2.243118144078393716e-01,1.958342354234515192e-01,-7.616146335992075578e-01,-4.846194791592550177e-01,1.570801904283443573e+00,8.053399070238268908e-05,-3.681554015753229499e-05,-3.598781924707408959e-05,-3.561026925069351104e-05,-1.151388641385732870e-04,-2.617954156658912623e-01,-2.836026004197213624e+00
-4.187733603621551781e-01,6.823774854174987636e-01,2.242351153700875843e-01,1.958342354234515192e-01,-7.615968284645822095e-01,-4.846962384020140346e-01,1.570801904283443573e+00,8.053399070238268908e-05,-3.681554015753229499e-05,-3.598781924707408959e-05,-3.561026925069351104e-05,-1.151388641385732870e-04,-2.617954156658912623e-01,-2.836026004197213624e+00
-4.187733603621551781e-01,6.823500384448332179e-01,2.241912873485151225e-01,1.958512986137820600e-01,-7.615790233299567502e-01,-4.846962384020140346e-01,1.570801904283443573e+00,8.053399070238268908e-05,-3.681554015753229499e-05,-3.598781924707408959e-05,-3.561026925069351104e-05,-1.151388641385732870e-04,-2.617954156658912623e-01,-2.836026004197213624e+00
-4.187733603621551781e-01,6.823225914721677832e-01,2.241584163323357692e-01,1.958512986137820600e-01,-7.615790233299567502e-01,-4.846962384020140346e-01,1.570801904283443573e+00,8.053399070238268908e-05,-3.681554015753229499e-05,-3.598781924707408959e-05,-3.561026925069351104e-05,-1.151388641385732870e-04,-2.617954156658912623e-01,-2.836026004197213624e+00
-4.187603489170607651e-01,6.822768465177253550e-01,2.240817172945839819e-01,1.958512986137820600e-01,-7.615434130607061647e-01,-4.846962384020140346e-01,1.570801904283443573e+00,8.053399070238268908e-05,-3.681554015753229499e-05,-3.598781924707408959e-05,-3.561026925069351104e-05,-1.151388641385732870e-04,-2.617954156658912623e-01,-2.836026004197213624e+00
-4.187603489170607651e-01,6.822493995450599202e-01,2.240378892730115201e-01,1.958683618041125452e-01,-7.615434130607061647e-01,-4.846962384020140346e-01,1.570801904283443573e+00,8.053399070238268908e-05,-3.681554015753229499e-05,-3.598781924707408959e-05,-3.561026925069351104e-05,-1.151388641385732870e-04,-2.617954156658912623e-01,-2.836026004197213624e+00
-4.187473374719664077e-01,6.821945055997289398e-01,2.239611902352597328e-01,1.958683618041125452e-01,-7.615256079260808164e-01,-4.847346180233935709e-01,1.570801904283443573e+00,8.053399070238268908e-05,-3.681554015753229499e-05,-3.598781924707408959e-05,-3.561026925069351104e-05,-1.151388641385732870e-04,-2.617954156658912623e-01,-2.836026004197213624e+00
-4.187473374719664077e-01,6.821670586270636161e-01,2.239283192190803795e-01,1.958683618041125452e-01,-7.615078027914554681e-01,-4.847346180233935709e-01,1.570801904283443573e+00,8.053399070238268908e-05,-3.681554015753229499e-05,-3.598781924707408959e-05,-3.561026925069351104e-05,-1.151388641385732870e-04,-2.617954156658912623e-01,-2.836026004197213624e+00
-4.187343260268720502e-01,6.821396116543981814e-01,2.238844911975079177e-01,1.958683618041125452e-01,-7.615078027914554681e-01,-4.847346180233935709e-01,1.570801904283443573e+00,8.053399070238268908e-05,-3.681554015753229499e-05,-3.598781924707408959e-05,-3.561026925069351104e-05,-1.151388641385732870e-04,-2.617954156658912623e-01,-2.836026004197213624e+00
-4.187343260268720502e-01,6.821213136726211879e-01,2.238516201813285644e-01,1.958854249944430859e-01,-7.614899976568301199e-01,-4.847346180233935709e-01,1.570801904283443573e+00,8.053399070238268908e-05,-3.681554015753229499e-05,-3.598781924707408959e-05,-3.561026925069351104e-05,-1.151388641385732870e-04,-2.617954156658912623e-01,-2.836026004197213624e+00
-4.187343260268720502e-01,6.820664197272902074e-01,2.237749211435767493e-01,1.958854249944430859e-01,-7.614721925222047716e-01,-4.847729976447731071e-01,1.570801904283443573e+00,8.053399070238268908e-05,-3.681554015753229499e-05,-3.598781924707408959e-05,-3.561026925069351104e-05,-1.151388641385732870e-04,-2.617954156658912623e-01,-2.836026004197213624e+00
-4.187213145817776927e-01,6.820389727546248837e-01,2.237420501273974238e-01,1.958854249944430859e-01,-7.614543873875794233e-01,-4.847729976447731071e-01,1.570801904283443573e+00,8.053399070238268908e-05,-3.681554015753229499e-05,-3.598781924707408959e-05,-3.561026925069351104e-05,-1.151388641385732870e-04,-2.617954156658912623e-01,-2.836026004197213624e+00
-4.187213145817776927e-01,6.819840788092939032e-01,2.236653510896456087e-01,1.959024881847736266e-01,-7.614365822529540750e-01,-4.847729976447731071e-01,1.570801904283443573e+00,8.053399070238268908e-05,-3.681554015753229499e-05,-3.598781924707408959e-05,-3.561026925069351104e-05,-1.151388641385732870e-04,-2.617954156658912623e-01,-2.836026004197213624e+00
-4.187083031366833352e-01,6.819383338548515860e-01,2.235886520518938214e-01,1.959024881847736266e-01,-7.614187771183287268e-01,-4.848113772661525878e-01,1.570801904283443573e+00,8.053399070238268908e-05,-3.681554015753229499e-05,-3.598781924707408959e-05,-3.561026925069351104e-05,-1.151388641385732870e-04,-2.617954156658912623e-01,-2.836026004197213624e+00
-4.187083031366833352e-01,6.819108868821860403e-01,2.235448240303213596e-01,1.959195513751041395e-01,-7.614009719837033785e-01,-4.848113772661525878e-01,1.570801904283443573e+00,8.053399070238268908e-05,-3.681554015753229499e-05,-3.598781924707408959e-05,-3.561026925069351104e-05,-1.151388641385732870e-04,-2.617954156658912623e-01,-2.836026004197213624e+00
-4.187083031366833352e-01,6.818834399095206056e-01,2.235119530141420341e-01,1.959195513751041395e-01,-7.614009719837033785e-01,-4.848113772661525878e-01,1.570801904283443573e+00,8.053399070238268908e-05,-3.681554015753229499e-05,-3.598781924707408959e-05,-3.561026925069351104e-05,-1.151388641385732870e-04,-2.617954156658912623e-01,-2.836026004197213624e+00
-4.186952916915889777e-01,6.818285459641897361e-01,2.234352539763902190e-01,1.959195513751041395e-01,-7.613831668490780302e-01,-4.848113772661525878e-01,1.570801904283443573e+00,8.053399070238268908e-05,-3.681554015753229499e-05,-3.598781924707408959e-05,-3.561026925069351104e-05,-1.151388641385732870e-04,-2.617954156658912623e-01,-2.836026004197213624e+00
-4.186952916915889777e-01,6.818010989915241904e-01,2.234023829602108935e-01,1.959366145654346802e-01,-7.613653617144526820e-01,-4.848497568875321795e-01,1.570801904283443573e+00,8.053399070238268908e-05,-3.681554015753229499e-05,-3.598781924707408959e-05,-3.561026925069351104e-05,-1.151388641385732870e-04,-2.617954156658912623e-01,-2.836026004197213624e+00
-4.186822802464946203e-01,6.817553540370818732e-01,2.233256839224590784e-01,1.959366145654346802e-01,-7.613475565798273337e-01,-4.848497568875321795e-01,1.570801904283443573e+00,8.053399070238268908e-05,-3.681554015753229499e-05,-3.598781924707408959e-05,-3.561026925069351104e-05,-1.151388641385732870e-04,-2.617954156658912623e-01,-2.836026004197213624e+00
-4.186822802464946203e-01,6.817279070644163275e-01,2.232818559008866166e-01,1.959366145654346802e-01,-7.613297514452019854e-01,-4.848497568875321795e-01,1.570801904283443573e+00,8.053399070238268908e-05,-3.681554015753229499e-05,-3.598781924707408959e-05,-3.561026925069351104e-05,-1.151388641385732870e-04,-2.617954156658912623e-01,-2.836026004197213624e+00
-4.186692688014002073e-01,6.817004600917508927e-01,2.232489848847072633e-01,1.959536777557652210e-01,-7.613119463105767482e-01,-4.848497568875321795e-01,1.570801904283443573e+00,8.053399070238268908e-05,-3.681554015753229499e-05,-3.598781924707408959e-05,-3.561026925069351104e-05,-1.151388641385732870e-04,-2.617954156658912623e-01,-2.836026004197213624e+00
-4.186692688014002073e-01,6.816730131190855690e-01,2.232051568631348015e-01,1.959536777557652210e-01,-7.613119463105767482e-01,-4.848497568875321795e-01,1.570801904283443573e+00,8.053399070238268908e-05,-3.681554015753229499e-05,-3.598781924707408959e-05,-3.561026925069351104e-05,-1.151388641385732870e-04,-2.617954156658912623e-01,-2.836026004197213624e+00
-4.186692688014002073e-01,6.816181191737545886e-01,2.231284578253830142e-01,1.959707409460957339e-01,-7.612941411759512889e-01,-4.848881365089116602e-01,1.570801904283443573e+00,8.053399070238268908e-05,-3.681554015753229499e-05,-3.598781924707408959e-05,-3.561026925069351104e-05,-1.151388641385732870e-04,-2.617954156658912623e-01,-2.836026004197213624e+00
-4.186562573563058498e-01,6.815906722010891539e-01,2.230955868092036609e-01,1.959707409460957339e-01,-7.612763360413259406e-01,-4.848881365089116602e-01,1.570801904283443573e+00,8.053399070238268908e-05,-3.681554015753229499e-05,-3.598781924707408959e-05,-3.561026925069351104e-05,-1.151388641385732870e-04,-2.617954156658912623e-01,-2.836026004197213624e+00
-4.186562573563058498e-01,6.815449272466468367e-01,2.230188877714518736e-01,1.959707409460957339e-01,-7.612585309067005923e-01,-4.849265161302911964e-01,1.570801904283443573e+00,8.053399070238268908e-05,-3.681554015753229499e-05,-3.598781924707408959e-05,-3.561026925069351104e-05,-1.151388641385732870e-04,-2.617954156658912623e-01,-2.836026004197213624e+00
-4.186432459112114923e-01,6.815174802739812909e-01,2.229750597498794118e-01,1.959878041364262746e-01,-7.612585309067005923e-01,-4.849648957516706771e-01,1.570801904283443573e+00,8.053399070238268908e-05,-3.681554015753229499e-05,-3.598781924707408959e-05,-3.561026925069351104e-05,-1.151388641385732870e-04,-2.617954156658912623e-01,-2.836026004197213624e+00
-4.186432459112114923e-01,6.814900333013158562e-01,2.229421887337000863e-01,1.959878041364262746e-01,-7.612407257720753551e-01,-4.849648957516706771e-01,1.570801904283443573e+00,8.053399070238268908e-05,-3.681554015753229499e-05,-3.598781924707408959e-05,-3.561026925069351104e-05,-1.151388641385732870e-04,-2.617954156658912623e-01,-2.836026004197213624e+00
-4.186432459112114923e-01,6.814625863286504215e-01,2.229093177175207330e-01,1.959878041364262746e-01,-7.612407257720753551e-01,-4.849648957516706771e-01,1.570801904283443573e+00,8.053399070238268908e-05,-3.681554015753229499e-05,-3.598781924707408959e-05,-3.561026925069351104e-05,-1.151388641385732870e-04,-2.617954156658912623e-01,-2.836026004197213624e+00
-4.186302344661171349e-01,6.814076923833195520e-01,2.228326186797689179e-01,1.960048673267567598e-01,-7.612229206374498958e-01,-4.849648957516706771e-01,1.570801904283443573e+00,8.053399070238268908e-05,-3.681554015753229499e-05,-3.598781924707408959e-05,-3.561026925069351104e-05,-1.151388641385732870e-04,-2.617954156658912623e-01,-2.836026004197213624e+00
-4.186302344661171349e-01,6.813619474288770128e-01,2.227559196420171306e-01,1.960048673267567598e-01,-7.612051155028245475e-01,-4.850032753730502688e-01,1.570801904283443573e+00,8.053399070238268908e-05,-3.681554015753229499e-05,-3.598781924707408959e-05,-3.561026925069351104e-05,-1.151388641385732870e-04,-2.617954156658912623e-01,-2.836026004197213624e+00
-4.186172230210227774e-01,6.813345004562115781e-01,2.227230486258377773e-01,1.960048673267567598e-01,-7.611873103681991992e-01,-4.850032753730502688e-01,1.570801904283443573e+00,8.053399070238268908e-05,-3.681554015753229499e-05,-3.598781924707408959e-05,-3.561026925069351104e-05,-1.151388641385732870e-04,-2.617954156658912623e-01,-2.836026004197213624e+00
-4.186172230210227774e-01,6.813070534835462544e-01,2.226792206042653155e-01,1.960219305170873005e-01,-7.611873103681991992e-01,-4.850032753730502688e-01,1.570801904283443573e+00,8.053399070238268908e-05,-3.681554015753229499e-05,-3.598781924707408959e-05,-3.561026925069351104e-05,-1.151388641385732870e-04,-2.617954156658912623e-01,-2.836026004197213624e+00
-4.186172230210227774e-01,6.812796065108808197e-01,2.226463495880859900e-01,1.960219305170873005e-01,-7.611695052335739620e-01,-4.850032753730502688e-01,1.570801904283443573e+00,8.053399070238268908e-05,-3.681554015753229499e-05,-3.598781924707408959e-05,-3.561026925069351104e-05,-1.151388641385732870e-04,-2.617954156658912623e-01,-2.836026004197213624e+00
-4.186042115759284199e-01,6.812338615564382804e-01,2.225696505503341749e-01,1.960389937074178413e-01,-7.611517000989485027e-01,-4.850032753730502688e-01,1.570801904283443573e+00,8.053399070238268908e-05,-3.681554015753229499e-05,-3.598781924707408959e-05,-3.561026925069351104e-05,-1.151388641385732870e-04,-2.617954156658912623e-01,-2.836026004197213624e+00
-4.186042115759284199e-01,6.812064145837728457e-01,2.225258225287617131e-01,1.960389937074178413e-01,-7.611338949643231544e-01,-4.850416549944297495e-01,1.570801904283443573e+00,8.053399070238268908e-05,-3.681554015753229499e-05,-3.598781924707408959e-05,-3.561026925069351104e-05,-1.151388641385732870e-04,-2.617954156658912623e-01,-2.836026004197213624e+00
-4.186042115759284199e-01,6.811789676111075220e-01,2.224929515125823598e-01,1.960389937074178413e-01,-7.611338949643231544e-01,-4.850416549944297495e-01,1.570801904283443573e+00,8.053399070238268908e-05,-3.681554015753229499e-05,-3.598781924707408959e-05,-3.561026925069351104e-05,-1.151388641385732870e-04,-2.617954156658912623e-01,-2.836026004197213624e+00
-4.185912001308340069e-01,6.811240736657765416e-01,2.224162524748305725e-01,1.960560568977483542e-01,-7.610982846950725689e-01,-4.850416549944297495e-01,1.570801904283443573e+00,8.053399070238268908e-05,-3.681554015753229499e-05,-3.598781924707408959e-05,-3.561026925069351104e-05,-1.151388641385732870e-04,-2.617954156658912623e-01,-2.836026004197213624e+00
-4.185912001308340069e-01,6.810966266931111068e-01,2.223833814586512192e-01,1.960560568977483542e-01,-7.610804795604471096e-01,-4.850416549944297495e-01,1.570801904283443573e+00,8.053399070238268908e-05,-3.681554015753229499e-05,-3.598781924707408959e-05,-3.561026925069351104e-05,-1.151388641385732870e-04,-2.617954156658912623e-01,-2.836026004197213624e+00
-4.185912001308340069e-01,6.810691797204455611e-01,2.223395534370787852e-01,1.960560568977483542e-01,-7.610626744258217613e-01,-4.850416549944297495e-01,1.570801904283443573e+00,8.053399070238268908e-05,-3.681554015753229499e-05,-3.598781924707408959e-05,-3.561026925069351104e-05,-1.151388641385732870e-04,-2.617954156658912623e-01,-2.836026004197213624e+00
-4.185781886857396494e-01,6.810417327477802374e-01,2.223066824208994319e-01,1.960560568977483542e-01,-7.610626744258217613e-01,-4.850800346158092857e-01,1.570801904283443573e+00,8.053399070238268908e-05,-3.681554015753229499e-05,-3.598781924707408959e-05,-3.561026925069351104e-05,-1.151388641385732870e-04,-2.617954156658912623e-01,-2.836026004197213624e+00
-4.185781886857396494e-01,6.810142857751148027e-01,2.222628543993269701e-01,1.960731200880788949e-01,-7.610448692911965241e-01,-4.850800346158092857e-01,1.570801904283443573e+00,8.053399070238268908e-05,-3.681554015753229499e-05,-3.598781924707408959e-05,-3.561026925069351104e-05,-1.151388641385732870e-04,-2.617954156658912623e-01,-2.836026004197213624e+00
-4.185781886857396494e-01,6.809959877933378092e-01,2.222299833831476445e-01,1.960731200880788949e-01,-7.610448692911965241e-01,-4.850800346158092857e-01,1.570801904283443573e+00,8.053399070238268908e-05,-3.681554015753229499e-05,-3.598781924707408959e-05,-3.561026925069351104e-05,-1.151388641385732870e-04,-2.617954156658912623e-01,-2.836026004197213624e+00
-4.185651772406452920e-01,6.809410938480068287e-01,2.221532843453958295e-01,1.960731200880788949e-01,-7.610270641565711758e-01,-4.850800346158092857e-01,1.570801904283443573e+00,8.053399070238268908e-05,-3.681554015753229499e-05,-3.598781924707408959e-05,-3.561026925069351104e-05,-1.151388641385732870e-04,-2.617954156658912623e-01,-2.836026004197213624e+00
-4.185651772406452920e-01,6.809136468753415050e-01,2.221094563238233677e-01,1.960901832784094079e-01,-7.610092590219457165e-01,-4.851184142371888219e-01,1.570801904283443573e+00,8.053399070238268908e-05,-3.681554015753229499e-05,-3.598781924707408959e-05,-3.561026925069351104e-05,-1.151388641385732870e-04,-2.617954156658912623e-01,-2.836026004197213624e+00
-4.185651772406452920e-01,6.808861999026759593e-01,2.220765853076440421e-01,1.960901832784094079e-01,-7.609914538873203682e-01,-4.851184142371888219e-01,1.570801904283443573e+00,8.053399070238268908e-05,-3.681554015753229499e-05,-3.598781924707408959e-05,-3.561026925069351104e-05,-1.151388641385732870e-04,-2.617954156658912623e-01,-2.836026004197213624e+00
-4.185651772406452920e-01,6.808587529300105246e-01,2.220327572860715526e-01,1.960901832784094079e-01,-7.609914538873203682e-01,-4.851184142371888219e-01,1.570801904283443573e+00,8.053399070238268908e-05,-3.681554015753229499e-05,-3.598781924707408959e-05,-3.561026925069351104e-05,-1.151388641385732870e-04,-2.617954156658912623e-01,-2.836026004197213624e+00
-4.185521657955509345e-01,6.808313059573450898e-01,2.219998862698922271e-01,1.960901832784094079e-01,-7.609736487526951310e-01,-4.851184142371888219e-01,1.570801904283443573e+00,8.053399070238268908e-05,-3.681554015753229499e-05,-3.598781924707408959e-05,-3.561026925069351104e-05,-1.151388641385732870e-04,-2.617954156658912623e-01,-2.836026004197213624e+00
-4.185521657955509345e-01,6.808038589846795441e-01,2.219560582483197653e-01,1.961072464687399486e-01,-7.609558436180697827e-01,-4.851184142371888219e-01,1.570801904283443573e+00,8.053399070238268908e-05,-3.681554015753229499e-05,-3.598781924707408959e-05,-3.561026925069351104e-05,-1.151388641385732870e-04,-2.617954156658912623e-01,-2.836026004197213624e+00
-4.185521657955509345e-01,6.807764120120142204e-01,2.219231872321404120e-01,1.961072464687399486e-01,-7.609558436180697827e-01,-4.851184142371888219e-01,1.570801904283443573e+00,8.053399070238268908e-05,-3.681554015753229499e-05,-3.598781924707408959e-05,-3.561026925069351104e-05,-1.151388641385732870e-04,-2.617954156658912623e-01,-2.836026004197213624e+00
-4.185521657955509345e-01,6.807489650393487857e-01,2.218793592105679779e-01,1.961072464687399486e-01,-7.609380384834443234e-01,-4.851567938585683581e-01,1.570801904283443573e+00,8.053399070238268908e-05,-3.681554015753229499e-05,-3.598781924707408959e-05,-3.561026925069351104e-05,-1.151388641385732870e-04,-2.617954156658912623e-01,-2.836026004197213624e+00
-4.185391543504565770e-01,6.807032200849062464e-01,2.218026601728161629e-01,1.961072464687399486e-01,-7.609202333488189751e-01,-4.851951734799478388e-01,1.570801904283443573e+00,8.053399070238268908e-05,-3.681554015753229499e-05,-3.598781924707408959e-05,-3.561026925069351104e-05,-1.151388641385732870e-04,-2.617954156658912623e-01,-2.836026004197213624e+00
-4.185391543504565770e-01,6.806757731122408117e-01,2.217588321512437288e-01,1.961243096590704893e-01,-7.609024282141937379e-01,-4.851951734799478388e-01,1.570801904283443573e+00,8.053399070238268908e-05,-3.681554015753229499e-05,-3.598781924707408959e-05,-3.561026925069351104e-05,-1.151388641385732870e-04,-2.617954156658912623e-01,-2.836026004197213624e+00
-4.185391543504565770e-01,6.806483261395754880e-01,2.217259611350643755e-01,1.961243096590704893e-01,-7.608846230795683896e-01,-4.851951734799478388e-01,1.570801904283443573e+00,8.053399070238268908e-05,-3.681554015753229499e-05,-3.598781924707408959e-05,-3.561026925069351104e-05,-1.151388641385732870e-04,-2.617954156658912623e-01,-2.836026004197213624e+00
-4.185391543504565770e-01,6.806208791669099423e-01,2.216821331134918860e-01,1.961243096590704893e-01,-7.608846230795683896e-01,-4.851951734799478388e-01,1.570801904283443573e+00,8.053399070238268908e-05,-3.681554015753229499e-05,-3.598781924707408959e-05,-3.561026925069351104e-05,-1.151388641385732870e-04,-2.617954156658912623e-01,-2.836026004197213624e+00
-4.185261429053622195e-01,6.805659852215790728e-01,2.216054340757400987e-01,1.961243096590704893e-01,-7.608490128103175820e-01,-4.852335531013274306e-01,1.570801904283443573e+00,8.053399070238268908e-05,-3.681554015753229499e-05,-3.598781924707408959e-05,-3.561026925069351104e-05,-1.151388641385732870e-04,-2.617954156658912623e-01,-2.836026004197213624e+00
-4.185261429053622195e-01,6.805385382489136381e-01,2.215725630595607454e-01,1.961243096590704893e-01,-7.608490128103175820e-01,-4.852335531013274306e-01,1.570801904283443573e+00,8.053399070238268908e-05,-3.681554015753229499e-05,-3.598781924707408959e-05,-3.561026925069351104e-05,-1.151388641385732870e-04,-2.617954156658912623e-01,-2.836026004197213624e+00
-4.185261429053622195e-01,6.805110912762480924e-01,2.215287350379883113e-01,1.961413728494009745e-01,-7.608312076756923448e-01,-4.852335531013274306e-01,1.570801904283443573e+00,8.053399070238268908e-05,-3.681554015753229499e-05,-3.598781924707408959e-05,-3.561026925069351104e-05,-1.151388641385732870e-04,-2.617954156658912623e-01,-2.836026004197213624e+00
-4.185261429053622195e-01,6.804927932944712099e-01,2.214849070164158495e-01,1.961413728494009745e-01,-7.608134025410669965e-01,-4.852335531013274306e-01,1.570801904283443573e+00,8.053399070238268908e-05,-3.681554015753229499e-05,-3.598781924707408959e-05,-3.561026925069351104e-05,-1.151388641385732870e-04,-2.617954156658912623e-01,-2.836026004197213624e+00
-4.185131314602678065e-01,6.804378993491402294e-01,2.214082079786640622e-01,1.961413728494009745e-01,-7.607955974064415372e-01,-4.852335531013274306e-01,1.570801904283443573e+00,8.053399070238268908e-05,-3.681554015753229499e-05,-3.598781924707408959e-05,-3.561026925069351104e-05,-1.151388641385732870e-04,-2.617954156658912623e-01,-2.836026004197213624e+00
-4.185131314602678065e-01,6.804104523764747947e-01,2.213753369624847089e-01,1.961413728494009745e-01,-7.607777922718163000e-01,-4.852719327227069113e-01,1.570801904283443573e+00,8.053399070238268908e-05,-3.681554015753229499e-05,-3.598781924707408959e-05,-3.561026925069351104e-05,-1.151388641385732870e-04,-2.617954156658912623e-01,-2.836026004197213624e+00
-4.185131314602678065e-01,6.803830054038094710e-01,2.213315089409122471e-01,1.961584360397315152e-01,-7.607777922718163000e-01,-4.852719327227069113e-01,1.570801904283443573e+00,8.053399070238268908e-05,-3.681554015753229499e-05,-3.598781924707408959e-05,-3.561026925069351104e-05,-1.151388641385732870e-04,-2.617954156658912623e-01,-2.836026004197213624e+00
-4.185131314602678065e-01,6.803555584311440363e-01,2.212876809193397853e-01,1.961584360397315152e-01,-7.607599871371909517e-01,-4.852719327227069113e-01,1.570801904283443573e+00,8.053399070238268908e-05,-3.681554015753229499e-05,-3.598781924707408959e-05,-3.561026925069351104e-05,-1.151388641385732870e-04,-2.617954156658912623e-01,-2.836026004197213624e+00
-4.185001200151734491e-01,6.803006644858130558e-01,2.212109818815879703e-01,1.961584360397315152e-01,-7.607421820025656034e-01,-4.852719327227069113e-01,1.570801904283443573e+00,8.053399070238268908e-05,-3.681554015753229499e-05,-3.598781924707408959e-05,-3.561026925069351104e-05,-1.151388641385732870e-04,-2.617954156658912623e-01,-2.836026004197213624e+00
-4.185001200151734491e-01,6.802732175131476211e-01,2.211781108654086447e-01,1.961754992300620282e-01,-7.607243768679401441e-01,-4.852719327227069113e-01,1.570801904283443573e+00,8.053399070238268908e-05,-3.681554015753229499e-05,-3.598781924707408959e-05,-3.561026925069351104e-05,-1.151388641385732870e-04,-2.617954156658912623e-01,-2.836026004197213624e+00
-4.185001200151734491e-01,6.802457705404820754e-01,2.211342828438361829e-01,1.961754992300620282e-01,-7.607243768679401441e-01,-4.852719327227069113e-01,1.570801904283443573e+00,8.053399070238268908e-05,-3.681554015753229499e-05,-3.598781924707408959e-05,-3.561026925069351104e-05,-1.151388641385732870e-04,-2.617954156658912623e-01,-2.836026004197213624e+00
-4.185001200151734491e-01,6.802183235678167517e-01,2.210904548222637211e-01,1.961754992300620282e-01,-7.607065717333149069e-01,-4.852719327227069113e-01,1.570801904283443573e+00,8.053399070238268908e-05,-3.681554015753229499e-05,-3.598781924707408959e-05,-3.561026925069351104e-05,-1.151388641385732870e-04,-2.617954156658912623e-01,-2.836026004197213624e+00
-4.184871085700790916e-01,6.801908765951513169e-01,2.210575838060843956e-01,1.961754992300620282e-01,-7.607065717333149069e-01,-4.853103123440864475e-01,1.570801904283443573e+00,8.053399070238268908e-05,-3.681554015753229499e-05,-3.598781924707408959e-05,-3.561026925069351104e-05,-1.151388641385732870e-04,-2.617954156658912623e-01,-2.836026004197213624e+00
-4.184871085700790916e-01,6.801634296224857712e-01,2.210137557845119338e-01,1.961754992300620282e-01,-7.606887665986895586e-01,-4.853103123440864475e-01,1.570801904283443573e+00,8.053399070238268908e-05,-3.681554015753229499e-05,-3.598781924707408959e-05,-3.561026925069351104e-05,-1.151388641385732870e-04,-2.617954156658912623e-01,-2.836026004197213624e+00
-4.184871085700790916e-01,6.801085356771549018e-01,2.209370567467601465e-01,1.961925624203925689e-01,-7.606709614640642103e-01,-4.853103123440864475e-01,1.570801904283443573e+00,8.053399070238268908e-05,-3.681554015753229499e-05,-3.598781924707408959e-05,-3.561026925069351104e-05,-1.151388641385732870e-04,-2.617954156658912623e-01,-2.836026004197213624e+00
-4.184871085700790916e-01,6.800810887044895781e-01,2.208932287251876569e-01,1.961925624203925689e-01,-7.606531563294387510e-01,-4.853103123440864475e-01,1.570801904283443573e+00,8.053399070238268908e-05,-3.681554015753229499e-05,-3.598781924707408959e-05,-3.561026925069351104e-05,-1.151388641385732870e-04,-2.617954156658912623e-01,-2.836026004197213624e+00
-4.184871085700790916e-01,6.800627907227124735e-01,2.208603577090083037e-01,1.961925624203925689e-01,-7.606353511948135138e-01,-4.853103123440864475e-01,1.570801904283443573e+00,8.053399070238268908e-05,-3.681554015753229499e-05,-3.598781924707408959e-05,-3.561026925069351104e-05,-1.151388641385732870e-04,-2.617954156658912623e-01,-2.836026004197213624e+00
-4.184740971249847341e-01,6.800353437500470388e-01,2.208165296874358696e-01,1.962096256107231096e-01,-7.606353511948135138e-01,-4.853103123440864475e-01,1.570801904283443573e+00,8.053399070238268908e-05,-3.681554015753229499e-05,-3.598781924707408959e-05,-3.561026925069351104e-05,-1.151388641385732870e-04,-2.617954156658912623e-01,-2.836026004197213624e+00
-4.184740971249847341e-01,6.800078967773816041e-01,2.207836586712565163e-01,1.962096256107231096e-01,-7.606175460601881655e-01,-4.853103123440864475e-01,1.570801904283443573e+00,8.053399070238268908e-05,-3.681554015753229499e-05,-3.598781924707408959e-05,-3.561026925069351104e-05,-1.151388641385732870e-04,-2.617954156658912623e-01,-2.836026004197213624e+00
-4.184740971249847341e-01,6.799255558593852999e-01,2.206631316119322672e-01,1.962096256107231096e-01,-7.605819357909373579e-01,-4.853870715868455199e-01,1.570801904283443573e+00,8.053399070238268908e-05,-3.681554015753229499e-05,-3.598781924707408959e-05,-3.561026925069351104e-05,-1.151388641385732870e-04,-2.617954156658912623e-01,-2.836026004197213624e+00
-4.184610856798903766e-01,6.798981088867198652e-01,2.206302605957529139e-01,1.962266888010536225e-01,-7.605641306563121207e-01,-4.853870715868455199e-01,1.570801904283443573e+00,8.053399070238268908e-05,-3.681554015753229499e-05,-3.598781924707408959e-05,-3.561026925069351104e-05,-1.151388641385732870e-04,-2.617954156658912623e-01,-2.836026004197213624e+00
-4.184610856798903766e-01,6.798706619140543195e-01,2.205864325741804799e-01,1.962266888010536225e-01,-7.605463255216867724e-01,-4.853870715868455199e-01,1.570801904283443573e+00,8.053399070238268908e-05,-3.681554015753229499e-05,-3.598781924707408959e-05,-3.561026925069351104e-05,-1.151388641385732870e-04,-2.617954156658912623e-01,-2.836026004197213624e+00
-4.184610856798903766e-01,6.798157679687234500e-01,2.205097335364286371e-01,1.962266888010536225e-01,-7.605285203870613131e-01,-4.853870715868455199e-01,1.570801904283443573e+00,8.053399070238268908e-05,-3.681554015753229499e-05,-3.598781924707408959e-05,-3.561026925069351104e-05,-1.151388641385732870e-04,-2.617954156658912623e-01,-2.836026004197213624e+00
-4.184610856798903766e-01,6.797883209960580153e-01,2.204659055148562030e-01,1.962437519913841633e-01,-7.605107152524359648e-01,-4.853870715868455199e-01,1.570801904283443573e+00,8.053399070238268908e-05,-3.681554015753229499e-05,-3.598781924707408959e-05,-3.561026925069351104e-05,-1.151388641385732870e-04,-2.617954156658912623e-01,-2.836026004197213624e+00
-4.184610856798903766e-01,6.797608740233925806e-01,2.204330344986768497e-01,1.962437519913841633e-01,-7.605107152524359648e-01,-4.854254512082250006e-01,1.570801904283443573e+00,8.053399070238268908e-05,-3.681554015753229499e-05,-3.598781924707408959e-05,-3.561026925069351104e-05,-1.151388641385732870e-04,-2.617954156658912623e-01,-2.836026004197213624e+00
-4.184480742347960747e-01,6.797334270507271459e-01,2.203892064771043879e-01,1.962437519913841633e-01,-7.604929101178107276e-01,-4.854254512082250006e-01,1.570801904283443573e+00,8.053399070238268908e-05,-3.681554015753229499e-05,-3.598781924707408959e-05,-3.561026925069351104e-05,-1.151388641385732870e-04,-2.617954156658912623e-01,-2.836026004197213624e+00
-4.184480742347960747e-01,6.797059800780617111e-01,2.203453784555319539e-01,1.962437519913841633e-01,-7.604751049831853793e-01,-4.854254512082250006e-01,1.570801904283443573e+00,8.053399070238268908e-05,-3.681554015753229499e-05,-3.598781924707408959e-05,-3.561026925069351104e-05,-1.151388641385732870e-04,-2.617954156658912623e-01,-2.836026004197213624e+00
-4.184480742347960747e-01,6.796510861327308417e-01,2.202686794177801388e-01,1.962608151817147040e-01,-7.604572998485599200e-01,-4.854254512082250006e-01,1.570801904283443573e+00,8.053399070238268908e-05,-3.681554015753229499e-05,-3.598781924707408959e-05,-3.561026925069351104e-05,-1.151388641385732870e-04,-2.617954156658912623e-01,-2.836026004197213624e+00
-4.184350627897017172e-01,6.795961921873998612e-01,2.201919803800283515e-01,1.962608151817147040e-01,-7.604394947139346828e-01,-4.854254512082250006e-01,1.570801904283443573e+00,8.053399070238268908e-05,-3.681554015753229499e-05,-3.598781924707408959e-05,-3.561026925069351104e-05,-1.151388641385732870e-04,-2.617954156658912623e-01,-2.836026004197213624e+00
-4.184350627897017172e-01,6.795687452147344265e-01,2.201481523584558619e-01,1.962608151817147040e-01,-7.604216895793093345e-01,-4.854254512082250006e-01,1.570801904283443573e+00,8.053399070238268908e-05,-3.681554015753229499e-05,-3.598781924707408959e-05,-3.561026925069351104e-05,-1.151388641385732870e-04,-2.617954156658912623e-01,-2.836026004197213624e+00
-4.184350627897017172e-01,6.795412982420689918e-01,2.201152813422765364e-01,1.962778783720451892e-01,-7.604216895793093345e-01,-4.854254512082250006e-01,1.570801904283443573e+00,8.053399070238268908e-05,-3.681554015753229499e-05,-3.598781924707408959e-05,-3.561026925069351104e-05,-1.151388641385732870e-04,-2.617954156658912623e-01,-2.836026004197213624e+00
-4.184350627897017172e-01,6.795138512694034461e-01,2.200714533207040746e-01,1.962778783720451892e-01,-7.604038844446839862e-01,-4.854638308296044813e-01,1.570801904283443573e+00,8.053399070238268908e-05,-3.681554015753229499e-05,-3.598781924707408959e-05,-3.561026925069351104e-05,-1.151388641385732870e-04,-2.617954156658912623e-01,-2.836026004197213624e+00
-4.184350627897017172e-01,6.794864042967381224e-01,2.200385823045247213e-01,1.962778783720451892e-01,-7.603860793100585269e-01,-4.854638308296044813e-01,1.570801904283443573e+00,8.053399070238268908e-05,-3.681554015753229499e-05,-3.598781924707408959e-05,-3.561026925069351104e-05,-1.151388641385732870e-04,-2.617954156658912623e-01,-2.836026004197213624e+00
-4.184220513446073042e-01,6.794315103514072529e-01,2.199509262613798255e-01,1.962778783720451892e-01,-7.603682741754332897e-01,-4.854638308296044813e-01,1.570801904283443573e+00,8.053399070238268908e-05,-3.681554015753229499e-05,-3.598781924707408959e-05,-3.561026925069351104e-05,-1.151388641385732870e-04,-2.617954156658912623e-01,-2.836026004197213624e+00
-4.184220513446073042e-01,6.794040633787417072e-01,2.199180552452004722e-01,1.962949415623757299e-01,-7.603504690408079414e-01,-4.854638308296044813e-01,1.570801904283443573e+00,8.053399070238268908e-05,-3.681554015753229499e-05,-3.598781924707408959e-05,-3.561026925069351104e-05,-1.151388641385732870e-04,-2.617954156658912623e-01,-2.836026004197213624e+00
-4.184220513446073042e-01,6.793766164060762724e-01,2.198742272236280382e-01,1.962949415623757299e-01,-7.603504690408079414e-01,-4.854638308296044813e-01,1.570801904283443573e+00,8.053399070238268908e-05,-3.681554015753229499e-05,-3.598781924707408959e-05,-3.561026925069351104e-05,-1.151388641385732870e-04,-2.617954156658912623e-01,-2.836026004197213624e+00
-4.184220513446073042e-01,6.793308714516338442e-01,2.197975281858761953e-01,1.962949415623757299e-01,-7.603148587715571338e-01,-4.854638308296044813e-01,1.570801904283443573e+00,8.053399070238268908e-05,-3.681554015753229499e-05,-3.598781924707408959e-05,-3.561026925069351104e-05,-1.151388641385732870e-04,-2.617954156658912623e-01,-2.836026004197213624e+00
-4.184090398995129467e-01,6.793034244789684095e-01,2.197646571696968976e-01,1.963120047527062428e-01,-7.602970536369318966e-01,-4.855022104509840730e-01,1.570801904283443573e+00,8.053399070238268908e-05,-3.681554015753229499e-05,-3.598781924707408959e-05,-3.561026925069351104e-05,-1.151388641385732870e-04,-2.617954156658912623e-01,-2.836026004197213624e+00
-4.184090398995129467e-01,6.792759775063029748e-01,2.197208291481244080e-01,1.963120047527062428e-01,-7.602970536369318966e-01,-4.855022104509840730e-01,1.570801904283443573e+00,8.053399070238268908e-05,-3.681554015753229499e-05,-3.598781924707408959e-05,-3.561026925069351104e-05,-1.151388641385732870e-04,-2.617954156658912623e-01,-2.836026004197213624e+00
-4.184090398995129467e-01,6.792485305336375401e-01,2.196879581319450547e-01,1.963120047527062428e-01,-7.602792485023065483e-01,-4.855022104509840730e-01,1.570801904283443573e+00,8.053399070238268908e-05,-3.681554015753229499e-05,-3.598781924707408959e-05,-3.561026925069351104e-05,-1.151388641385732870e-04,-2.617954156658912623e-01,-2.836026004197213624e+00
-4.184090398995129467e-01,6.792210835609721054e-01,2.196441301103726207e-01,1.963120047527062428e-01,-7.602614433676812000e-01,-4.855022104509840730e-01,1.570801904283443573e+00,8.053399070238268908e-05,-3.681554015753229499e-05,-3.598781924707408959e-05,-3.561026925069351104e-05,-1.151388641385732870e-04,-2.617954156658912623e-01,-2.836026004197213624e+00
-4.184090398995129467e-01,6.791936365883066706e-01,2.196003020888001589e-01,1.963120047527062428e-01,-7.602614433676812000e-01,-4.855022104509840730e-01,1.570801904283443573e+00,8.053399070238268908e-05,-3.681554015753229499e-05,-3.598781924707408959e-05,-3.561026925069351104e-05,-1.151388641385732870e-04,-2.617954156658912623e-01,-2.836026004197213624e+00
-4.184090398995129467e-01,6.791661896156412359e-01,2.195674310726208056e-01,1.963290679430367836e-01,-7.602436382330557407e-01,-4.855405900723636092e-01,1.570801904283443573e+00,8.053399070238268908e-05,-3.681554015753229499e-05,-3.598781924707408959e-05,-3.561026925069351104e-05,-1.151388641385732870e-04,-2.617954156658912623e-01,-2.836026004197213624e+00
-4.184090398995129467e-01,6.791387426429756902e-01,2.195236030510483716e-01,1.963290679430367836e-01,-7.602436382330557407e-01,-4.855405900723636092e-01,1.570801904283443573e+00,8.053399070238268908e-05,-3.681554015753229499e-05,-3.598781924707408959e-05,-3.561026925069351104e-05,-1.151388641385732870e-04,-2.617954156658912623e-01,-2.836026004197213624e+00
-4.183960284544185892e-01,6.791112956703102554e-01,2.194907320348690183e-01,1.963290679430367836e-01,-7.602258330984305035e-01,-4.855405900723636092e-01,1.570801904283443573e+00,8.053399070238268908e-05,-3.681554015753229499e-05,-3.598781924707408959e-05,-3.561026925069351104e-05,-1.151388641385732870e-04,-2.617954156658912623e-01,-2.836026004197213624e+00
-4.183960284544185892e-01,6.790838486976448207e-01,2.194469040132965565e-01,1.963290679430367836e-01,-7.602080279638051552e-01,-4.855405900723636092e-01,1.570801904283443573e+00,8.053399070238268908e-05,-3.681554015753229499e-05,-3.598781924707408959e-05,-3.561026925069351104e-05,-1.151388641385732870e-04,-2.617954156658912623e-01,-2.836026004197213624e+00
-4.183960284544185892e-01,6.790289547523139513e-01,2.193702049755447414e-01,1.963461311333673243e-01,-7.601902228291798069e-01,-4.855789696937430899e-01,1.570801904283443573e+00,8.053399070238268908e-05,-3.681554015753229499e-05,-3.598781924707408959e-05,-3.561026925069351104e-05,-1.151388641385732870e-04,-2.617954156658912623e-01,-2.836026004197213624e+00
-4.183960284544185892e-01,6.790015077796485166e-01,2.193263769539722796e-01,1.963461311333673243e-01,-7.601724176945544587e-01,-4.855789696937430899e-01,1.570801904283443573e+00,8.053399070238268908e-05,-3.681554015753229499e-05,-3.598781924707408959e-05,-3.561026925069351104e-05,-1.151388641385732870e-04,-2.617954156658912623e-01,-2.836026004197213624e+00
-4.183960284544185892e-01,6.789740608069830818e-01,2.192935059377929541e-01,1.963461311333673243e-01,-7.601724176945544587e-01,-4.855789696937430899e-01,1.570801904283443573e+00,8.053399070238268908e-05,-3.681554015753229499e-05,-3.598781924707408959e-05,-3.561026925069351104e-05,-1.151388641385732870e-04,-2.617954156658912623e-01,-2.836026004197213624e+00
-4.183830170093242318e-01,6.789466138343175361e-01,2.192496779162204923e-01,1.963461311333673243e-01,-7.601546125599291104e-01,-4.855789696937430899e-01,1.570801904283443573e+00,8.053399070238268908e-05,-3.681554015753229499e-05,-3.598781924707408959e-05,-3.561026925069351104e-05,-1.151388641385732870e-04,-2.617954156658912623e-01,-2.836026004197213624e+00
-4.183830170093242318e-01,6.788917198889867777e-01,2.191729788784687050e-01,1.963461311333673243e-01,-7.601190022906784138e-01,-4.855789696937430899e-01,1.570801904283443573e+00,8.053399070238268908e-05,-3.681554015753229499e-05,-3.598781924707408959e-05,-3.561026925069351104e-05,-1.151388641385732870e-04,-2.617954156658912623e-01,-2.836026004197213624e+00
-4.183830170093242318e-01,6.788642729163212319e-01,2.191291508568962432e-01,1.963631943236978372e-01,-7.601190022906784138e-01,-4.855789696937430899e-01,1.570801904283443573e+00,8.053399070238268908e-05,-3.681554015753229499e-05,-3.598781924707408959e-05,-3.561026925069351104e-05,-1.151388641385732870e-04,-2.617954156658912623e-01,-2.836026004197213624e+00
-4.183830170093242318e-01,6.788368259436557972e-01,2.190962798407168899e-01,1.963631943236978372e-01,-7.601011971560530656e-01,-4.855789696937430899e-01,1.570801904283443573e+00,8.053399070238268908e-05,-3.681554015753229499e-05,-3.598781924707408959e-05,-3.561026925069351104e-05,-1.151388641385732870e-04,-2.617954156658912623e-01,-2.836026004197213624e+00
-4.183830170093242318e-01,6.788093789709903625e-01,2.190524518191444558e-01,1.963631943236978372e-01,-7.600833920214277173e-01,-4.855789696937430899e-01,1.570801904283443573e+00,8.053399070238268908e-05,-3.681554015753229499e-05,-3.598781924707408959e-05,-3.561026925069351104e-05,-1.151388641385732870e-04,-2.617954156658912623e-01,-2.836026004197213624e+00
-4.183830170093242318e-01,6.787819319983248167e-01,2.190195808029651026e-01,1.963631943236978372e-01,-7.600833920214277173e-01,-4.856173493151225706e-01,1.570801904283443573e+00,8.053399070238268908e-05,-3.681554015753229499e-05,-3.598781924707408959e-05,-3.561026925069351104e-05,-1.151388641385732870e-04,-2.617954156658912623e-01,-2.836026004197213624e+00
-4.183830170093242318e-01,6.787544850256593820e-01,2.189757527813926130e-01,1.963631943236978372e-01,-7.600655868868023690e-01,-4.856173493151225706e-01,1.570801904283443573e+00,8.053399070238268908e-05,-3.681554015753229499e-05,-3.598781924707408959e-05,-3.561026925069351104e-05,-1.151388641385732870e-04,-2.617954156658912623e-01,-2.836026004197213624e+00
-4.183700055642298743e-01,6.786995910803286236e-01,2.188990537436408257e-01,1.963802575140283779e-01,-7.600477817521770207e-01,-4.856173493151225706e-01,1.570801904283443573e+00,8.053399070238268908e-05,-3.681554015753229499e-05,-3.598781924707408959e-05,-3.561026925069351104e-05,-1.151388641385732870e-04,-2.617954156658912623e-01,-2.836026004197213624e+00
-4.183700055642298743e-01,6.786721441076630779e-01,2.188552257220683639e-01,1.963802575140283779e-01,-7.600299766175516725e-01,-4.856173493151225706e-01,1.570801904283443573e+00,8.053399070238268908e-05,-3.681554015753229499e-05,-3.598781924707408959e-05,-3.561026925069351104e-05,-1.151388641385732870e-04,-2.617954156658912623e-01,-2.836026004197213624e+00
-4.183700055642298743e-01,6.786446971349976431e-01,2.188113977004959299e-01,1.963802575140283779e-01,-7.600121714829263242e-01,-4.856173493151225706e-01,1.570801904283443573e+00,8.053399070238268908e-05,-3.681554015753229499e-05,-3.598781924707408959e-05,-3.561026925069351104e-05,-1.151388641385732870e-04,-2.617954156658912623e-01,-2.836026004197213624e+00
-4.183700055642298743e-01,6.786172501623322084e-01,2.187785266843165766e-01,1.963802575140283779e-01,-7.600121714829263242e-01,-4.856173493151225706e-01,1.570801904283443573e+00,8.053399070238268908e-05,-3.681554015753229499e-05,-3.598781924707408959e-05,-3.561026925069351104e-05,-1.151388641385732870e-04,-2.617954156658912623e-01,-2.836026004197213624e+00
-4.183700055642298743e-01,6.785715052078897802e-01,2.186908706411716530e-01,1.963973207043588631e-01,-7.599943663483009759e-01,-4.856173493151225706e-01,1.570801904283443573e+00,8.053399070238268908e-05,-3.681554015753229499e-05,-3.598781924707408959e-05,-3.561026925069351104e-05,-1.151388641385732870e-04,-2.617954156658912623e-01,-2.836026004197213624e+00
-4.183700055642298743e-01,6.785440582352243455e-01,2.186579996249922997e-01,1.963973207043588631e-01,-7.599765612136757387e-01,-4.856173493151225706e-01,1.570801904283443573e+00,8.053399070238268908e-05,-3.681554015753229499e-05,-3.598781924707408959e-05,-3.561026925069351104e-05,-1.151388641385732870e-04,-2.617954156658912623e-01,-2.836026004197213624e+00
-4.183700055642298743e-01,6.785166112625589108e-01,2.186141716034198379e-01,1.963973207043588631e-01,-7.599587560790502794e-01,-4.856557289365021624e-01,1.570801904283443573e+00,8.053399070238268908e-05,-3.681554015753229499e-05,-3.598781924707408959e-05,-3.561026925069351104e-05,-1.151388641385732870e-04,-2.617954156658912623e-01,-2.836026004197213624e+00
-4.183700055642298743e-01,6.784891642898933650e-01,2.185813005872405124e-01,1.963973207043588631e-01,-7.599587560790502794e-01,-4.856557289365021624e-01,1.570801904283443573e+00,8.053399070238268908e-05,-3.681554015753229499e-05,-3.598781924707408959e-05,-3.561026925069351104e-05,-1.151388641385732870e-04,-2.617954156658912623e-01,-2.836026004197213624e+00
-4.183569941191355168e-01,6.784342703445626066e-01,2.184936445440955888e-01,1.963973207043588631e-01,-7.599409509444249311e-01,-4.856557289365021624e-01,1.570801904283443573e+00,8.053399070238268908e-05,-3.681554015753229499e-05,-3.598781924707408959e-05,-3.561026925069351104e-05,-1.151388641385732870e-04,-2.617954156658912623e-01,-2.836026004197213624e+00
-4.183569941191355168e-01,6.784068233718970609e-01,2.184607735279162632e-01,1.964143838946894038e-01,-7.599231458097995828e-01,-4.856941085578816431e-01,1.570801904283443573e+00,8.053399070238268908e-05,-3.681554015753229499e-05,-3.598781924707408959e-05,-3.561026925069351104e-05,-1.151388641385732870e-04,-2.617954156658912623e-01,-2.836026004197213624e+00
-4.183569941191355168e-01,6.783793763992316261e-01,2.184169455063438015e-01,1.964143838946894038e-01,-7.599053406751743456e-01,-4.856941085578816431e-01,1.570801904283443573e+00,8.053399070238268908e-05,-3.681554015753229499e-05,-3.598781924707408959e-05,-3.561026925069351104e-05,-1.151388641385732870e-04,-2.617954156658912623e-01,-2.836026004197213624e+00
-4.183569941191355168e-01,6.783519294265661914e-01,2.183840744901644482e-01,1.964143838946894038e-01,-7.599053406751743456e-01,-4.856941085578816431e-01,1.570801904283443573e+00,8.053399070238268908e-05,-3.681554015753229499e-05,-3.598781924707408959e-05,-3.561026925069351104e-05,-1.151388641385732870e-04,-2.617954156658912623e-01,-2.836026004197213624e+00
-4.183569941191355168e-01,6.783244824539007567e-01,2.183402464685920141e-01,1.964143838946894038e-01,-7.598875355405488863e-01,-4.856941085578816431e-01,1.570801904283443573e+00,8.053399070238268908e-05,-3.681554015753229499e-05,-3.598781924707408959e-05,-3.561026925069351104e-05,-1.151388641385732870e-04,-2.617954156658912623e-01,-2.836026004197213624e+00
-4.183569941191355168e-01,6.782970354812353220e-01,2.183073754524126608e-01,1.964143838946894038e-01,-7.598875355405488863e-01,-4.856941085578816431e-01,1.570801904283443573e+00,8.053399070238268908e-05,-3.681554015753229499e-05,-3.598781924707408959e-05,-3.561026925069351104e-05,-1.151388641385732870e-04,-2.617954156658912623e-01,-2.836026004197213624e+00
-4.183569941191355168e-01,6.782421415359044525e-01,2.182197194092677373e-01,1.964314470850199446e-01,-7.598519252712981897e-01,-4.856941085578816431e-01,1.570801904283443573e+00,8.053399070238268908e-05,-3.681554015753229499e-05,-3.598781924707408959e-05,-3.561026925069351104e-05,-1.151388641385732870e-04,-2.617954156658912623e-01,-2.836026004197213624e+00
-4.183569941191355168e-01,6.782146945632389068e-01,2.181868483930883840e-01,1.964314470850199446e-01,-7.598519252712981897e-01,-4.857324881792611793e-01,1.570801904283443573e+00,8.053399070238268908e-05,-3.681554015753229499e-05,-3.598781924707408959e-05,-3.561026925069351104e-05,-1.151388641385732870e-04,-2.617954156658912623e-01,-2.836026004197213624e+00
-4.183569941191355168e-01,6.781598006179080373e-01,2.181101493553365966e-01,1.964314470850199446e-01,-7.598163150020474932e-01,-4.857324881792611793e-01,1.570801904283443573e+00,8.053399070238268908e-05,-3.681554015753229499e-05,-3.598781924707408959e-05,-3.561026925069351104e-05,-1.151388641385732870e-04,-2.617954156658912623e-01,-2.836026004197213624e+00
-4.183569941191355168e-01,6.781323536452427136e-01,2.180663213337641348e-01,1.964314470850199446e-01,-7.598163150020474932e-01,-4.857324881792611793e-01,1.570801904283443573e+00,8.053399070238268908e-05,-3.681554015753229499e-05,-3.598781924707408959e-05,-3.561026925069351104e-05,-1.151388641385732870e-04,-2.617954156658912623e-01,-2.836026004197213624e+00
-4.183569941191355168e-01,6.781049066725771679e-01,2.180224933121916731e-01,1.964314470850199446e-01,-7.597985098674221449e-01,-4.857324881792611793e-01,1.570801904283443573e+00,8.053399070238268908e-05,-3.681554015753229499e-05,-3.598781924707408959e-05,-3.561026925069351104e-05,-1.151388641385732870e-04,-2.617954156658912623e-01,-2.836026004197213624e+00
-4.183569941191355168e-01,6.780774596999117332e-01,2.179896222960123475e-01,1.964485102753504575e-01,-7.597807047327967966e-01,-4.857324881792611793e-01,1.570801904283443573e+00,8.053399070238268908e-05,-3.681554015753229499e-05,-3.598781924707408959e-05,-3.561026925069351104e-05,-1.151388641385732870e-04,-2.617954156658912623e-01,-2.836026004197213624e+00
-4.183439826740411593e-01,6.780225657545807527e-01,2.179129232582605047e-01,1.964485102753504575e-01,-7.597628995981715594e-01,-4.857324881792611793e-01,1.570801904283443573e+00,8.053399070238268908e-05,-3.681554015753229499e-05,-3.598781924707408959e-05,-3.561026925069351104e-05,-1.151388641385732870e-04,-2.617954156658912623e-01,-2.836026004197213624e+00
-4.183439826740411593e-01,6.779951187819153180e-01,2.178690952366880706e-01,1.964485102753504575e-01,-7.597450944635461001e-01,-4.857324881792611793e-01,1.570801904283443573e+00,8.053399070238268908e-05,-3.681554015753229499e-05,-3.598781924707408959e-05,-3.561026925069351104e-05,-1.151388641385732870e-04,-2.617954156658912623e-01,-2.836026004197213624e+00
-4.183439826740411593e-01,6.779402248365844486e-01,2.177923961989362556e-01,1.964655734656809982e-01,-7.597272893289207518e-01,-4.857324881792611793e-01,1.570801904283443573e+00,8.053399070238268908e-05,-3.681554015753229499e-05,-3.598781924707408959e-05,-3.561026925069351104e-05,-1.151388641385732870e-04,-2.617954156658912623e-01,-2.836026004197213624e+00
-4.183439826740411593e-01,6.779127778639190138e-01,2.177485681773638215e-01,1.964655734656809982e-01,-7.597094841942955146e-01,-4.857324881792611793e-01,1.570801904283443573e+00,8.053399070238268908e-05,-3.681554015753229499e-05,-3.598781924707408959e-05,-3.561026925069351104e-05,-1.151388641385732870e-04,-2.617954156658912623e-01,-2.836026004197213624e+00
-4.183439826740411593e-01,6.778578839185880334e-01,2.176718691396120064e-01,1.964655734656809982e-01,-7.596916790596701663e-01,-4.857708678006407710e-01,1.570801904283443573e+00,8.053399070238268908e-05,-3.681554015753229499e-05,-3.598781924707408959e-05,-3.561026925069351104e-05,-1.151388641385732870e-04,-2.617954156658912623e-01,-2.836026004197213624e+00
-4.183439826740411593e-01,6.778304369459227097e-01,2.176280411180395447e-01,1.964655734656809982e-01,-7.596738739250447070e-01,-4.857708678006407710e-01,1.570801904283443573e+00,8.053399070238268908e-05,-3.681554015753229499e-05,-3.598781924707408959e-05,-3.561026925069351104e-05,-1.151388641385732870e-04,-2.617954156658912623e-01,-2.836026004197213624e+00
-4.183439826740411593e-01,6.778029899732572749e-01,2.175842130964670829e-01,1.964655734656809982e-01,-7.596560687904193587e-01,-4.857708678006407710e-01,1.570801904283443573e+00,8.053399070238268908e-05,-3.681554015753229499e-05,-3.598781924707408959e-05,-3.561026925069351104e-05,-1.151388641385732870e-04,-2.617954156658912623e-01,-2.836026004197213624e+00
-4.183439826740411593e-01,6.777755430005918402e-01,2.175403850748946488e-01,1.964826366560115389e-01,-7.596382636557941215e-01,-4.857708678006407710e-01,1.570801904283443573e+00,8.053399070238268908e-05,-3.681554015753229499e-05,-3.598781924707408959e-05,-3.561026925069351104e-05,-1.151388641385732870e-04,-2.617954156658912623e-01,-2.836026004197213624e+00
-4.183439826740411593e-01,6.777480960279262945e-01,2.175075140587152955e-01,1.964826366560115389e-01,-7.596382636557941215e-01,-4.857708678006407710e-01,1.570801904283443573e+00,8.053399070238268908e-05,-3.681554015753229499e-05,-3.598781924707408959e-05,-3.561026925069351104e-05,-1.151388641385732870e-04,-2.617954156658912623e-01,-2.836026004197213624e+00
-4.183439826740411593e-01,6.777206490552608598e-01,2.174636860371428337e-01,1.964826366560115389e-01,-7.596204585211687732e-01,-4.857708678006407710e-01,1.570801904283443573e+00,8.053399070238268908e-05,-3.681554015753229499e-05,-3.598781924707408959e-05,-3.561026925069351104e-05,-1.151388641385732870e-04,-2.617954156658912623e-01,-2.836026004197213624e+00
-4.183439826740411593e-01,6.776657551099299903e-01,2.173869869993910464e-01,1.964826366560115389e-01,-7.596026533865433139e-01,-4.857708678006407710e-01,1.570801904283443573e+00,8.053399070238268908e-05,-3.681554015753229499e-05,-3.598781924707408959e-05,-3.561026925069351104e-05,-1.151388641385732870e-04,-2.617954156658912623e-01,-2.836026004197213624e+00
-4.183439826740411593e-01,6.776383081372645556e-01,2.173431589778185569e-01,1.964826366560115389e-01,-7.595848482519179656e-01,-4.858092474220202517e-01,1.570801904283443573e+00,8.053399070238268908e-05,-3.681554015753229499e-05,-3.598781924707408959e-05,-3.561026925069351104e-05,-1.151388641385732870e-04,-2.617954156658912623e-01,-2.836026004197213624e+00
-4.183439826740411593e-01,6.776108611645991209e-01,2.172993309562461228e-01,1.964996998463420519e-01,-7.595670431172927284e-01,-4.858092474220202517e-01,1.570801904283443573e+00,8.053399070238268908e-05,-3.681554015753229499e-05,-3.598781924707408959e-05,-3.561026925069351104e-05,-1.151388641385732870e-04,-2.617954156658912623e-01,-2.836026004197213624e+00
-4.183439826740411593e-01,6.775834141919336862e-01,2.172664599400667695e-01,1.964996998463420519e-01,-7.595670431172927284e-01,-4.858092474220202517e-01,1.570801904283443573e+00,8.053399070238268908e-05,-3.681554015753229499e-05,-3.598781924707408959e-05,-3.561026925069351104e-05,-1.151388641385732870e-04,-2.617954156658912623e-01,-2.836026004197213624e+00
-4.183439826740411593e-01,6.775559672192681404e-01,2.172226319184943077e-01,1.964996998463420519e-01,-7.595492379826673801e-01,-4.858476270433997324e-01,1.570801904283443573e+00,8.053399070238268908e-05,-3.681554015753229499e-05,-3.598781924707408959e-05,-3.561026925069351104e-05,-1.151388641385732870e-04,-2.617954156658912623e-01,-2.836026004197213624e+00
-4.183439826740411593e-01,6.775285202466027057e-01,2.171897609023149822e-01,1.964996998463420519e-01,-7.595314328480419208e-01,-4.858476270433997324e-01,1.570801904283443573e+00,8.053399070238268908e-05,-3.681554015753229499e-05,-3.598781924707408959e-05,-3.561026925069351104e-05,-1.151388641385732870e-04,-2.617954156658912623e-01,-2.836026004197213624e+00
-4.183439826740411593e-01,6.775010732739373820e-01,2.171459328807425204e-01,1.964996998463420519e-01,-7.595136277134165725e-01,-4.858476270433997324e-01,1.570801904283443573e+00,8.053399070238268908e-05,-3.681554015753229499e-05,-3.598781924707408959e-05,-3.561026925069351104e-05,-1.151388641385732870e-04,-2.617954156658912623e-01,-2.836026004197213624e+00
-4.183309712289467464e-01,6.774461793286064015e-01,2.170692338429907331e-01,1.965167630366725926e-01,-7.594958225787913353e-01,-4.858476270433997324e-01,1.570801904283443573e+00,8.053399070238268908e-05,-3.681554015753229499e-05,-3.598781924707408959e-05,-3.561026925069351104e-05,-1.151388641385732870e-04,-2.617954156658912623e-01,-2.836026004197213624e+00
-4.183309712289467464e-01,6.773912853832754211e-01,2.169925348052389180e-01,1.965167630366725926e-01,-7.594602123095405277e-01,-4.858476270433997324e-01,1.570801904283443573e+00,8.053399070238268908e-05,-3.681554015753229499e-05,-3.598781924707408959e-05,-3.561026925069351104e-05,-1.151388641385732870e-04,-2.617954156658912623e-01,-2.836026004197213624e+00
-4.183309712289467464e-01,6.773363914379446626e-01,2.169048787620939944e-01,1.965167630366725926e-01,-7.594424071749152905e-01,-4.858476270433997324e-01,1.570801904283443573e+00,8.053399070238268908e-05,-3.681554015753229499e-05,-3.598781924707408959e-05,-3.561026925069351104e-05,-1.151388641385732870e-04,-2.617954156658912623e-01,-2.836026004197213624e+00
-4.183309712289467464e-01,6.773089444652792279e-01,2.168720077459146411e-01,1.965167630366725926e-01,-7.594246020402899422e-01,-4.858476270433997324e-01,1.570801904283443573e+00,8.053399070238268908e-05,-3.681554015753229499e-05,-3.598781924707408959e-05,-3.561026925069351104e-05,-1.151388641385732870e-04,-2.617954156658912623e-01,-2.836026004197213624e+00
-4.183309712289467464e-01,6.772814974926136822e-01,2.168281797243422071e-01,1.965338262270030778e-01,-7.594246020402899422e-01,-4.858476270433997324e-01,1.570801904283443573e+00,8.053399070238268908e-05,-3.681554015753229499e-05,-3.598781924707408959e-05,-3.561026925069351104e-05,-1.151388641385732870e-04,-2.617954156658912623e-01,-2.836026004197213624e+00
-4.183309712289467464e-01,6.772540505199482475e-01,2.167953087081628538e-01,1.965338262270030778e-01,-7.594067969056645939e-01,-4.858476270433997324e-01,1.570801904283443573e+00,8.053399070238268908e-05,-3.681554015753229499e-05,-3.598781924707408959e-05,-3.561026925069351104e-05,-1.151388641385732870e-04,-2.617954156658912623e-01,-2.836026004197213624e+00
-4.183309712289467464e-01,6.772266035472828127e-01,2.167514806865903920e-01,1.965338262270030778e-01,-7.593889917710391346e-01,-4.858476270433997324e-01,1.570801904283443573e+00,8.053399070238268908e-05,-3.681554015753229499e-05,-3.598781924707408959e-05,-3.561026925069351104e-05,-1.151388641385732870e-04,-2.617954156658912623e-01,-2.836026004197213624e+00
-4.183309712289467464e-01,6.771991565746172670e-01,2.167076526650179580e-01,1.965338262270030778e-01,-7.593889917710391346e-01,-4.858860066647792686e-01,1.570801904283443573e+00,8.053399070238268908e-05,-3.681554015753229499e-05,-3.598781924707408959e-05,-3.561026925069351104e-05,-1.151388641385732870e-04,-2.617954156658912623e-01,-2.836026004197213624e+00
-4.183309712289467464e-01,6.771442626292865086e-01,2.166309536272661151e-01,1.965338262270030778e-01,-7.593533815017885491e-01,-4.858860066647792686e-01,1.570801904283443573e+00,8.053399070238268908e-05,-3.681554015753229499e-05,-3.598781924707408959e-05,-3.561026925069351104e-05,-1.151388641385732870e-04,-2.617954156658912623e-01,-2.836026004197213624e+00
-4.183309712289467464e-01,6.771168156566209628e-01,2.165871256056936811e-01,1.965508894173336185e-01,-7.593533815017885491e-01,-4.858860066647792686e-01,1.570801904283443573e+00,8.053399070238268908e-05,-3.681554015753229499e-05,-3.598781924707408959e-05,-3.561026925069351104e-05,-1.151388641385732870e-04,-2.617954156658912623e-01,-2.836026004197213624e+00
-4.183309712289467464e-01,6.770802196930670869e-01,2.165542545895143278e-01,1.965508894173336185e-01,-7.593355763671632008e-01,-4.858860066647792686e-01,1.570801904283443573e+00,8.053399070238268908e-05,-3.681554015753229499e-05,-3.598781924707408959e-05,-3.561026925069351104e-05,-1.151388641385732870e-04,-2.617954156658912623e-01,-2.836026004197213624e+00
-4.183309712289467464e-01,6.770527727204016522e-01,2.165104265679418660e-01,1.965508894173336185e-01,-7.593177712325377415e-01,-4.858860066647792686e-01,1.570801904283443573e+00,8.053399070238268908e-05,-3.681554015753229499e-05,-3.598781924707408959e-05,-3.561026925069351104e-05,-1.151388641385732870e-04,-2.617954156658912623e-01,-2.836026004197213624e+00
-4.183309712289467464e-01,6.770253257477361064e-01,2.164665985463694320e-01,1.965508894173336185e-01,-7.593177712325377415e-01,-4.858860066647792686e-01,1.570801904283443573e+00,8.053399070238268908e-05,-3.681554015753229499e-05,-3.598781924707408959e-05,-3.561026925069351104e-05,-1.151388641385732870e-04,-2.617954156658912623e-01,-2.836026004197213624e+00
-4.183309712289467464e-01,6.769704318024053480e-01,2.163898995086176169e-01,1.965508894173336185e-01,-7.592821609632871560e-01,-4.858860066647792686e-01,1.570801904283443573e+00,8.053399070238268908e-05,-3.681554015753229499e-05,-3.598781924707408959e-05,-3.561026925069351104e-05,-1.151388641385732870e-04,-2.617954156658912623e-01,-2.836026004197213624e+00
-4.183309712289467464e-01,6.769429848297399133e-01,2.163460714870451551e-01,1.965679526076641592e-01,-7.592821609632871560e-01,-4.858860066647792686e-01,1.570801904283443573e+00,8.053399070238268908e-05,-3.681554015753229499e-05,-3.598781924707408959e-05,-3.561026925069351104e-05,-1.151388641385732870e-04,-2.617954156658912623e-01,-2.836026004197213624e+00
-4.183309712289467464e-01,6.769155378570743675e-01,2.163132004708658296e-01,1.965679526076641592e-01,-7.592643558286618077e-01,-4.858860066647792686e-01,1.570801904283443573e+00,8.053399070238268908e-05,-3.681554015753229499e-05,-3.598781924707408959e-05,-3.561026925069351104e-05,-1.151388641385732870e-04,-2.617954156658912623e-01,-2.836026004197213624e+00
-4.183309712289467464e-01,6.768880908844089328e-01,2.162693724492933400e-01,1.965679526076641592e-01,-7.592465506940363484e-01,-4.859243862861588048e-01,1.570801904283443573e+00,8.053399070238268908e-05,-3.681554015753229499e-05,-3.598781924707408959e-05,-3.561026925069351104e-05,-1.151388641385732870e-04,-2.617954156658912623e-01,-2.836026004197213624e+00
-4.183309712289467464e-01,6.768606439117434981e-01,2.162255444277209060e-01,1.965679526076641592e-01,-7.592465506940363484e-01,-4.859243862861588048e-01,1.570801904283443573e+00,8.053399070238268908e-05,-3.681554015753229499e-05,-3.598781924707408959e-05,-3.561026925069351104e-05,-1.151388641385732870e-04,-2.617954156658912623e-01,-2.836026004197213624e+00
-4.183309712289467464e-01,6.768057499664126286e-01,2.161488453899690909e-01,1.965679526076641592e-01,-7.592109404247857629e-01,-4.859627659075383410e-01,1.570801904283443573e+00,8.053399070238268908e-05,-3.681554015753229499e-05,-3.598781924707408959e-05,-3.561026925069351104e-05,-1.151388641385732870e-04,-2.617954156658912623e-01,-2.836026004197213624e+00
-4.183309712289467464e-01,6.767508560210817592e-01,2.160721463522173036e-01,1.965850157979946722e-01,-7.591931352901604146e-01,-4.859627659075383410e-01,1.570801904283443573e+00,8.053399070238268908e-05,-3.681554015753229499e-05,-3.598781924707408959e-05,-3.561026925069351104e-05,-1.151388641385732870e-04,-2.617954156658912623e-01,-2.836026004197213624e+00
-4.183309712289467464e-01,6.767234090484162135e-01,2.160283183306448140e-01,1.965850157979946722e-01,-7.591753301555350664e-01,-4.859627659075383410e-01,1.570801904283443573e+00,8.053399070238268908e-05,-3.681554015753229499e-05,-3.598781924707408959e-05,-3.561026925069351104e-05,-1.151388641385732870e-04,-2.617954156658912623e-01,-2.836026004197213624e+00
-4.183309712289467464e-01,6.766685151030853440e-01,2.159516192928930267e-01,1.965850157979946722e-01,-7.591575250209097181e-01,-4.859627659075383410e-01,1.570801904283443573e+00,8.053399070238268908e-05,-3.681554015753229499e-05,-3.598781924707408959e-05,-3.561026925069351104e-05,-1.151388641385732870e-04,-2.617954156658912623e-01,-2.836026004197213624e+00
-4.183309712289467464e-01,6.766410681304199093e-01,2.159077912713205649e-01,1.965850157979946722e-01,-7.591397198862843698e-01,-4.859627659075383410e-01,1.570801904283443573e+00,8.053399070238268908e-05,-3.681554015753229499e-05,-3.598781924707408959e-05,-3.561026925069351104e-05,-1.151388641385732870e-04,-2.617954156658912623e-01,-2.836026004197213624e+00
-4.183179597838523889e-01,6.766136211577544746e-01,2.158749202551412394e-01,1.965850157979946722e-01,-7.591219147516589105e-01,-4.859627659075383410e-01,1.570801904283443573e+00,8.053399070238268908e-05,-3.681554015753229499e-05,-3.598781924707408959e-05,-3.561026925069351104e-05,-1.151388641385732870e-04,-2.617954156658912623e-01,-2.836026004197213624e+00
-4.183179597838523889e-01,6.765861741850890398e-01,2.158310922335687776e-01,1.966020789883252129e-01,-7.591219147516589105e-01,-4.859627659075383410e-01,1.570801904283443573e+00,8.053399070238268908e-05,-3.681554015753229499e-05,-3.598781924707408959e-05,-3.561026925069351104e-05,-1.151388641385732870e-04,-2.617954156658912623e-01,-2.836026004197213624e+00
-4.183179597838523889e-01,6.765587272124234941e-01,2.157982212173894243e-01,1.966020789883252129e-01,-7.591041096170336733e-01,-4.859627659075383410e-01,1.570801904283443573e+00,8.053399070238268908e-05,-3.681554015753229499e-05,-3.598781924707408959e-05,-3.561026925069351104e-05,-1.151388641385732870e-04,-2.617954156658912623e-01,-2.836026004197213624e+00
-4.183179597838523889e-01,6.765038332670926247e-01,2.157105651742445285e-01,1.966020789883252129e-01,-7.590863044824083250e-01,-4.859627659075383410e-01,1.570801904283443573e+00,8.053399070238268908e-05,-3.681554015753229499e-05,-3.598781924707408959e-05,-3.561026925069351104e-05,-1.151388641385732870e-04,-2.617954156658912623e-01,-2.836026004197213624e+00
-4.183179597838523889e-01,6.764763862944273010e-01,2.156776941580651752e-01,1.966020789883252129e-01,-7.590684993477829767e-01,-4.859627659075383410e-01,1.570801904283443573e+00,8.053399070238268908e-05,-3.681554015753229499e-05,-3.598781924707408959e-05,-3.561026925069351104e-05,-1.151388641385732870e-04,-2.617954156658912623e-01,-2.836026004197213624e+00
-4.183179597838523889e-01,6.764489393217617552e-01,2.156338661364927134e-01,1.966020789883252129e-01,-7.590506942131575174e-01,-4.859627659075383410e-01,1.570801904283443573e+00,8.053399070238268908e-05,-3.681554015753229499e-05,-3.598781924707408959e-05,-3.561026925069351104e-05,-1.151388641385732870e-04,-2.617954156658912623e-01,-2.836026004197213624e+00
-4.183179597838523889e-01,6.764306413399847617e-01,2.155900381149202516e-01,1.966020789883252129e-01,-7.590506942131575174e-01,-4.859627659075383410e-01,1.570801904283443573e+00,8.053399070238268908e-05,-3.681554015753229499e-05,-3.598781924707408959e-05,-3.561026925069351104e-05,-1.151388641385732870e-04,-2.617954156658912623e-01,-2.836026004197213624e+00
-4.183179597838523889e-01,6.764031943673193270e-01,2.155571670987408983e-01,1.966191421786557258e-01,-7.590328890785322802e-01,-4.860011455289178217e-01,1.570801904283443573e+00,8.053399070238268908e-05,-3.681554015753229499e-05,-3.598781924707408959e-05,-3.561026925069351104e-05,-1.151388641385732870e-04,-2.617954156658912623e-01,-2.836026004197213624e+00
-4.183179597838523889e-01,6.763757473946538923e-01,2.155133390771684643e-01,1.966191421786557258e-01,-7.590328890785322802e-01,-4.860011455289178217e-01,1.570801904283443573e+00,8.053399070238268908e-05,-3.681554015753229499e-05,-3.598781924707408959e-05,-3.561026925069351104e-05,-1.151388641385732870e-04,-2.617954156658912623e-01,-2.836026004197213624e+00
-4.183179597838523889e-01,6.763483004219884576e-01,2.154695110555960025e-01,1.966191421786557258e-01,-7.590150839439069319e-01,-4.860011455289178217e-01,1.570801904283443573e+00,8.053399070238268908e-05,-3.681554015753229499e-05,-3.598781924707408959e-05,-3.561026925069351104e-05,-1.151388641385732870e-04,-2.617954156658912623e-01,-2.836026004197213624e+00
-4.183179597838523889e-01,6.763208534493230228e-01,2.154366400394166770e-01,1.966191421786557258e-01,-7.589972788092815836e-01,-4.860011455289178217e-01,1.570801904283443573e+00,8.053399070238268908e-05,-3.681554015753229499e-05,-3.598781924707408959e-05,-3.561026925069351104e-05,-1.151388641385732870e-04,-2.617954156658912623e-01,-2.836026004197213624e+00
-4.183179597838523889e-01,6.762659595039920424e-01,2.153599410016648619e-01,1.966191421786557258e-01,-7.589794736746561243e-01,-4.860011455289178217e-01,1.570801904283443573e+00,8.053399070238268908e-05,-3.681554015753229499e-05,-3.598781924707408959e-05,-3.561026925069351104e-05,-1.151388641385732870e-04,-2.617954156658912623e-01,-2.836026004197213624e+00
-4.183179597838523889e-01,6.762385125313266077e-01,2.153161129800924278e-01,1.966191421786557258e-01,-7.589616685400308871e-01,-4.860011455289178217e-01,1.570801904283443573e+00,8.053399070238268908e-05,-3.681554015753229499e-05,-3.598781924707408959e-05,-3.561026925069351104e-05,-1.151388641385732870e-04,-2.617954156658912623e-01,-2.836026004197213624e+00
-4.183179597838523889e-01,6.762110655586612840e-01,2.152722849585199383e-01,1.966191421786557258e-01,-7.589438634054055388e-01,-4.860011455289178217e-01,1.570801904283443573e+00,8.053399070238268908e-05,-3.681554015753229499e-05,-3.598781924707408959e-05,-3.561026925069351104e-05,-1.151388641385732870e-04,-2.617954156658912623e-01,-2.836026004197213624e+00
-4.183179597838523889e-01,6.761561716133303035e-01,2.151955859207681510e-01,1.966362053689862666e-01,-7.589260582707801905e-01,-4.860011455289178217e-01,1.570801904283443573e+00,8.053399070238268908e-05,-3.681554015753229499e-05,-3.598781924707408959e-05,-3.561026925069351104e-05,-1.151388641385732870e-04,-2.617954156658912623e-01,-2.836026004197213624e+00
-4.183179597838523889e-01,6.761287246406648688e-01,2.151517578991956892e-01,1.966362053689862666e-01,-7.589260582707801905e-01,-4.860011455289178217e-01,1.570801904283443573e+00,8.053399070238268908e-05,-3.681554015753229499e-05,-3.598781924707408959e-05,-3.561026925069351104e-05,-1.151388641385732870e-04,-2.617954156658912623e-01,-2.836026004197213624e+00
-4.183179597838523889e-01,6.761012776679993230e-01,2.151188868830163359e-01,1.966362053689862666e-01,-7.589082531361547312e-01,-4.860395251502974134e-01,1.570801904283443573e+00,8.053399070238268908e-05,-3.681554015753229499e-05,-3.598781924707408959e-05,-3.561026925069351104e-05,-1.151388641385732870e-04,-2.617954156658912623e-01,-2.836026004197213624e+00
-4.183179597838523889e-01,6.760738306953338883e-01,2.150750588614439018e-01,1.966362053689862666e-01,-7.588904480015294940e-01,-4.860395251502974134e-01,1.570801904283443573e+00,8.053399070238268908e-05,-3.681554015753229499e-05,-3.598781924707408959e-05,-3.561026925069351104e-05,-1.151388641385732870e-04,-2.617954156658912623e-01,-2.836026004197213624e+00
-4.183179597838523889e-01,6.760463837226685646e-01,2.150421878452645486e-01,1.966362053689862666e-01,-7.588904480015294940e-01,-4.860395251502974134e-01,1.570801904283443573e+00,8.053399070238268908e-05,-3.681554015753229499e-05,-3.598781924707408959e-05,-3.561026925069351104e-05,-1.151388641385732870e-04,-2.617954156658912623e-01,-2.836026004197213624e+00
-4.183179597838523889e-01,6.760189367500031299e-01,2.149983598236920868e-01,1.966362053689862666e-01,-7.588726428669041457e-01,-4.860395251502974134e-01,1.570801904283443573e+00,8.053399070238268908e-05,-3.681554015753229499e-05,-3.598781924707408959e-05,-3.561026925069351104e-05,-1.151388641385732870e-04,-2.617954156658912623e-01,-2.836026004197213624e+00
-4.183179597838523889e-01,6.759640428046721494e-01,2.149216607859402717e-01,1.966532685593168073e-01,-7.588548377322787974e-01,-4.860395251502974134e-01,1.570801904283443573e+00,8.053399070238268908e-05,-3.681554015753229499e-05,-3.598781924707408959e-05,-3.561026925069351104e-05,-1.151388641385732870e-04,-2.617954156658912623e-01,-2.836026004197213624e+00
-4.183179597838523889e-01,6.759365958320067147e-01,2.148778327643678099e-01,1.966532685593168073e-01,-7.588370325976534492e-01,-4.860395251502974134e-01,1.570801904283443573e+00,8.053399070238268908e-05,-3.681554015753229499e-05,-3.598781924707408959e-05,-3.561026925069351104e-05,-1.151388641385732870e-04,-2.617954156658912623e-01,-2.836026004197213624e+00
-4.183179597838523889e-01,6.759091488593411690e-01,2.148340047427953758e-01,1.966532685593168073e-01,-7.588370325976534492e-01,-4.860779047716768941e-01,1.570801904283443573e+00,8.053399070238268908e-05,-3.681554015753229499e-05,-3.598781924707408959e-05,-3.561026925069351104e-05,-1.151388641385732870e-04,-2.617954156658912623e-01,-2.836026004197213624e+00
-4.183179597838523889e-01,6.758542549140104105e-01,2.147573057050435608e-01,1.966532685593168073e-01,-7.588014223284027526e-01,-4.860395251502974134e-01,1.570801904283443573e+00,8.053399070238268908e-05,-3.681554015753229499e-05,-3.598781924707408959e-05,-3.561026925069351104e-05,-1.151388641385732870e-04,-2.617954156658912623e-01,-2.836026004197213624e+00
-4.183309712289467464e-01,6.758268079413448648e-01,2.147134776834711267e-01,1.966532685593168073e-01,-7.587836171937774044e-01,-4.860779047716768941e-01,1.570801904283443573e+00,8.053399070238268908e-05,-3.681554015753229499e-05,-3.598781924707408959e-05,-3.561026925069351104e-05,-1.151388641385732870e-04,-2.617954156658912623e-01,-2.836026004197213624e+00
-4.183309712289467464e-01,6.757719139960139954e-01,2.146367786457192839e-01,1.966703317496472925e-01,-7.587658120591520561e-01,-4.860779047716768941e-01,1.570801904283443573e+00,8.053399070238268908e-05,-3.681554015753229499e-05,-3.598781924707408959e-05,-3.561026925069351104e-05,-1.151388641385732870e-04,-2.617954156658912623e-01,-2.836026004197213624e+00
-4.183309712289467464e-01,6.757444670233486717e-01,2.146039076295399861e-01,1.966703317496472925e-01,-7.587658120591520561e-01,-4.860779047716768941e-01,1.570801904283443573e+00,8.053399070238268908e-05,-3.681554015753229499e-05,-3.598781924707408959e-05,-3.561026925069351104e-05,-1.151388641385732870e-04,-2.617954156658912623e-01,-2.836026004197213624e+00
-4.183309712289467464e-01,6.757170200506831259e-01,2.145600796079674966e-01,1.966703317496472925e-01,-7.587480069245267078e-01,-4.860779047716768941e-01,1.570801904283443573e+00,8.053399070238268908e-05,-3.681554015753229499e-05,-3.598781924707408959e-05,-3.561026925069351104e-05,-1.151388641385732870e-04,-2.617954156658912623e-01,-2.836026004197213624e+00
-4.183309712289467464e-01,6.756895730780176912e-01,2.145162515863950348e-01,1.966703317496472925e-01,-7.587302017899013595e-01,-4.860779047716768941e-01,1.570801904283443573e+00,8.053399070238268908e-05,-3.681554015753229499e-05,-3.598781924707408959e-05,-3.561026925069351104e-05,-1.151388641385732870e-04,-2.617954156658912623e-01,-2.836026004197213624e+00
-4.183309712289467464e-01,6.756621261053522565e-01,2.144833805702157092e-01,1.966703317496472925e-01,-7.587123966552761223e-01,-4.860779047716768941e-01,1.570801904283443573e+00,8.053399070238268908e-05,-3.681554015753229499e-05,-3.598781924707408959e-05,-3.561026925069351104e-05,-1.151388641385732870e-04,-2.617954156658912623e-01,-2.836026004197213624e+00
-4.183309712289467464e-01,6.756346791326867107e-01,2.144395525486432474e-01,1.966703317496472925e-01,-7.587123966552761223e-01,-4.860779047716768941e-01,1.570801904283443573e+00,8.053399070238268908e-05,-3.681554015753229499e-05,-3.598781924707408959e-05,-3.561026925069351104e-05,-1.151388641385732870e-04,-2.617954156658912623e-01,-2.836026004197213624e+00
-4.183309712289467464e-01,6.755797851873559523e-01,2.143628535108914601e-01,1.966873949399778332e-01,-7.586767863860253147e-01,-4.860779047716768941e-01,1.570801904283443573e+00,8.053399070238268908e-05,-3.681554015753229499e-05,-3.598781924707408959e-05,-3.561026925069351104e-05,-1.151388641385732870e-04,-2.617954156658912623e-01,-2.836026004197213624e+00
-4.183309712289467464e-01,6.755523382146905176e-01,2.143190254893189706e-01,1.966873949399778332e-01,-7.586767863860253147e-01,-4.860779047716768941e-01,1.570801904283443573e+00,8.053399070238268908e-05,-3.681554015753229499e-05,-3.598781924707408959e-05,-3.561026925069351104e-05,-1.151388641385732870e-04,-2.617954156658912623e-01,-2.836026004197213624e+00
-4.183309712289467464e-01,6.755248912420249718e-01,2.142861544731396173e-01,1.966873949399778332e-01,-7.586589812513999664e-01,-4.860779047716768941e-01,1.570801904283443573e+00,8.053399070238268908e-05,-3.681554015753229499e-05,-3.598781924707408959e-05,-3.561026925069351104e-05,-1.151388641385732870e-04,-2.617954156658912623e-01,-2.836026004197213624e+00
-4.183309712289467464e-01,6.754699972966941024e-01,2.141984984299947214e-01,1.966873949399778332e-01,-7.586411761167747292e-01,-4.860779047716768941e-01,1.570801904283443573e+00,8.053399070238268908e-05,-3.681554015753229499e-05,-3.598781924707408959e-05,-3.561026925069351104e-05,-1.151388641385732870e-04,-2.617954156658912623e-01,-2.836026004197213624e+00
-4.183309712289467464e-01,6.754425503240285567e-01,2.141656274138153682e-01,1.966873949399778332e-01,-7.586233709821492699e-01,-4.860779047716768941e-01,1.570801904283443573e+00,8.053399070238268908e-05,-3.681554015753229499e-05,-3.598781924707408959e-05,-3.561026925069351104e-05,-1.151388641385732870e-04,-2.617954156658912623e-01,-2.836026004197213624e+00
-4.183309712289467464e-01,6.754151033513632330e-01,2.141217993922429341e-01,1.966873949399778332e-01,-7.586233709821492699e-01,-4.860779047716768941e-01,1.570801904283443573e+00,8.053399070238268908e-05,-3.681554015753229499e-05,-3.598781924707408959e-05,-3.561026925069351104e-05,-1.151388641385732870e-04,-2.617954156658912623e-01,-2.836026004197213624e+00
-4.183309712289467464e-01,6.753602094060322525e-01,2.140451003544911190e-01,1.967044581303083461e-01,-7.585877607128985733e-01,-4.861162843930564303e-01,1.570801904283443573e+00,8.053399070238268908e-05,-3.681554015753229499e-05,-3.598781924707408959e-05,-3.561026925069351104e-05,-1.151388641385732870e-04,-2.617954156658912623e-01,-2.836026004197213624e+00
-4.183309712289467464e-01,6.753327624333668178e-01,2.140012723329186850e-01,1.967044581303083461e-01,-7.585877607128985733e-01,-4.861162843930564303e-01,1.570801904283443573e+00,8.053399070238268908e-05,-3.681554015753229499e-05,-3.598781924707408959e-05,-3.561026925069351104e-05,-1.151388641385732870e-04,-2.617954156658912623e-01,-2.836026004197213624e+00
-4.183309712289467464e-01,6.752778684880358373e-01,2.139245732951668422e-01,1.967044581303083461e-01,-7.585699555782733361e-01,-4.861162843930564303e-01,1.570801904283443573e+00,8.053399070238268908e-05,-3.681554015753229499e-05,-3.598781924707408959e-05,-3.561026925069351104e-05,-1.151388641385732870e-04,-2.617954156658912623e-01,-2.836026004197213624e+00
-4.183309712289467464e-01,6.752504215153705136e-01,2.138807452735944081e-01,1.967044581303083461e-01,-7.585521504436478768e-01,-4.861162843930564303e-01,1.570801904283443573e+00,8.053399070238268908e-05,-3.681554015753229499e-05,-3.598781924707408959e-05,-3.561026925069351104e-05,-1.151388641385732870e-04,-2.617954156658912623e-01,-2.836026004197213624e+00
-4.183309712289467464e-01,6.752229745427050789e-01,2.138478742574150548e-01,1.967044581303083461e-01,-7.585343453090225285e-01,-4.861162843930564303e-01,1.570801904283443573e+00,8.053399070238268908e-05,-3.681554015753229499e-05,-3.598781924707408959e-05,-3.561026925069351104e-05,-1.151388641385732870e-04,-2.617954156658912623e-01,-2.836026004197213624e+00
-4.183309712289467464e-01,6.751955275700396442e-01,2.138040462358425930e-01,1.967215213206388869e-01,-7.585165401743971803e-01,-4.861546640144360221e-01,1.570801904283443573e+00,8.053399070238268908e-05,-3.681554015753229499e-05,-3.598781924707408959e-05,-3.561026925069351104e-05,-1.151388641385732870e-04,-2.617954156658912623e-01,-2.836026004197213624e+00
-4.183309712289467464e-01,6.751680805973740984e-01,2.137602182142701590e-01,1.967215213206388869e-01,-7.585165401743971803e-01,-4.861162843930564303e-01,1.570801904283443573e+00,8.053399070238268908e-05,-3.681554015753229499e-05,-3.598781924707408959e-05,-3.561026925069351104e-05,-1.151388641385732870e-04,-2.617954156658912623e-01,-2.836026004197213624e+00
-4.183309712289467464e-01,6.751131866520432290e-01,2.136835191765183439e-01,1.967215213206388869e-01,-7.584809299051464837e-01,-4.861546640144360221e-01,1.570801904283443573e+00,8.053399070238268908e-05,-3.681554015753229499e-05,-3.598781924707408959e-05,-3.561026925069351104e-05,-1.151388641385732870e-04,-2.617954156658912623e-01,-2.836026004197213624e+00
-4.183309712289467464e-01,6.750857396793779053e-01,2.136396911549458821e-01,1.967215213206388869e-01,-7.584631247705211354e-01,-4.861546640144360221e-01,1.570801904283443573e+00,8.053399070238268908e-05,-3.681554015753229499e-05,-3.598781924707408959e-05,-3.561026925069351104e-05,-1.151388641385732870e-04,-2.617954156658912623e-01,-2.836026004197213624e+00
-4.183309712289467464e-01,6.750582927067123595e-01,2.136068201387665288e-01,1.967215213206388869e-01,-7.584453196358957872e-01,-4.861546640144360221e-01,1.570801904283443573e+00,8.053399070238268908e-05,-3.681554015753229499e-05,-3.598781924707408959e-05,-3.561026925069351104e-05,-1.151388641385732870e-04,-2.617954156658912623e-01,-2.836026004197213624e+00
-4.183309712289467464e-01,6.750308457340469248e-01,2.135629921171940671e-01,1.967215213206388869e-01,-7.584453196358957872e-01,-4.861546640144360221e-01,1.570801904283443573e+00,8.053399070238268908e-05,-3.681554015753229499e-05,-3.598781924707408959e-05,-3.561026925069351104e-05,-1.151388641385732870e-04,-2.617954156658912623e-01,-2.836026004197213624e+00
-4.183309712289467464e-01,6.750033987613814901e-01,2.135301211010147415e-01,1.967215213206388869e-01,-7.584275145012705499e-01,-4.861546640144360221e-01,1.570801904283443573e+00,8.053399070238268908e-05,-3.681554015753229499e-05,-3.598781924707408959e-05,-3.561026925069351104e-05,-1.151388641385732870e-04,-2.617954156658912623e-01,-2.836026004197213624e+00
-4.183309712289467464e-01,6.749759517887159443e-01,2.134862930794422797e-01,1.967385845109694276e-01,-7.584097093666450906e-01,-4.861546640144360221e-01,1.570801904283443573e+00,8.053399070238268908e-05,-3.681554015753229499e-05,-3.598781924707408959e-05,-3.561026925069351104e-05,-1.151388641385732870e-04,-2.617954156658912623e-01,-2.836026004197213624e+00
-4.183309712289467464e-01,6.749485048160505096e-01,2.134424650578698179e-01,1.967385845109694276e-01,-7.583919042320197423e-01,-4.861546640144360221e-01,1.570801904283443573e+00,8.053399070238268908e-05,-3.681554015753229499e-05,-3.598781924707408959e-05,-3.561026925069351104e-05,-1.151388641385732870e-04,-2.617954156658912623e-01,-2.836026004197213624e+00
-4.183309712289467464e-01,6.748936108707196402e-01,2.133657660201180306e-01,1.967385845109694276e-01,-7.583740990973945051e-01,-4.861546640144360221e-01,1.570801904283443573e+00,8.053399070238268908e-05,-3.681554015753229499e-05,-3.598781924707408959e-05,-3.561026925069351104e-05,-1.151388641385732870e-04,-2.617954156658912623e-01,-2.836026004197213624e+00
-4.183309712289467464e-01,6.748661638980542055e-01,2.133328950039386773e-01,1.967385845109694276e-01,-7.583562939627691568e-01,-4.861546640144360221e-01,1.570801904283443573e+00,8.053399070238268908e-05,-3.681554015753229499e-05,-3.598781924707408959e-05,-3.561026925069351104e-05,-1.151388641385732870e-04,-2.617954156658912623e-01,-2.836026004197213624e+00
-4.183309712289467464e-01,6.748387169253887707e-01,2.132890669823662433e-01,1.967385845109694276e-01,-7.583562939627691568e-01,-4.861546640144360221e-01,1.570801904283443573e+00,8.053399070238268908e-05,-3.681554015753229499e-05,-3.598781924707408959e-05,-3.561026925069351104e-05,-1.151388641385732870e-04,-2.617954156658912623e-01,-2.836026004197213624e+00
-4.183309712289467464e-01,6.747838229800579013e-01,2.132123679446144005e-01,1.967385845109694276e-01,-7.583206836935183492e-01,-4.861546640144360221e-01,1.570801904283443573e+00,8.053399070238268908e-05,-3.681554015753229499e-05,-3.598781924707408959e-05,-3.561026925069351104e-05,-1.151388641385732870e-04,-2.617954156658912623e-01,-2.836026004197213624e+00
-4.183309712289467464e-01,6.747563760073924666e-01,2.131685399230419664e-01,1.967385845109694276e-01,-7.583206836935183492e-01,-4.861546640144360221e-01,1.570801904283443573e+00,8.053399070238268908e-05,-3.681554015753229499e-05,-3.598781924707408959e-05,-3.561026925069351104e-05,-1.151388641385732870e-04,-2.617954156658912623e-01,-2.836026004197213624e+00
-4.183309712289467464e-01,6.747289290347270319e-01,2.131247119014695046e-01,1.967556477012999405e-01,-7.583028785588931120e-01,-4.861546640144360221e-01,1.570801904283443573e+00,8.053399070238268908e-05,-3.681554015753229499e-05,-3.598781924707408959e-05,-3.561026925069351104e-05,-1.151388641385732870e-04,-2.617954156658912623e-01,-2.836026004197213624e+00
-4.183439826740411593e-01,6.747014820620614861e-01,2.130918408852901513e-01,1.967556477012999405e-01,-7.582850734242677637e-01,-4.861546640144360221e-01,1.570801904283443573e+00,8.053399070238268908e-05,-3.681554015753229499e-05,-3.598781924707408959e-05,-3.561026925069351104e-05,-1.151388641385732870e-04,-2.617954156658912623e-01,-2.836026004197213624e+00
-4.183439826740411593e-01,6.746740350893960514e-01,2.130480128637177173e-01,1.967556477012999405e-01,-7.582850734242677637e-01,-4.861546640144360221e-01,1.570801904283443573e+00,8.053399070238268908e-05,-3.681554015753229499e-05,-3.598781924707408959e-05,-3.561026925069351104e-05,-1.151388641385732870e-04,-2.617954156658912623e-01,-2.836026004197213624e+00
-4.183439826740411593e-01,6.746465881167306167e-01,2.130151418475383640e-01,1.967556477012999405e-01,-7.582672682896423044e-01,-4.861546640144360221e-01,1.570801904283443573e+00,8.053399070238268908e-05,-3.681554015753229499e-05,-3.598781924707408959e-05,-3.561026925069351104e-05,-1.151388641385732870e-04,-2.617954156658912623e-01,-2.836026004197213624e+00
-4.183439826740411593e-01,6.746008431622881885e-01,2.129384428097865767e-01,1.967556477012999405e-01,-7.582494631550169562e-01,-4.861930436358155028e-01,1.570801904283443573e+00,8.053399070238268908e-05,-3.681554015753229499e-05,-3.598781924707408959e-05,-3.561026925069351104e-05,-1.151388641385732870e-04,-2.617954156658912623e-01,-2.836026004197213624e+00
-4.183439826740411593e-01,6.745733961896227537e-01,2.128946147882140871e-01,1.967556477012999405e-01,-7.582316580203917189e-01,-4.861930436358155028e-01,1.570801904283443573e+00,8.053399070238268908e-05,-3.681554015753229499e-05,-3.598781924707408959e-05,-3.561026925069351104e-05,-1.151388641385732870e-04,-2.617954156658912623e-01,-2.836026004197213624e+00
-4.183439826740411593e-01,6.745459492169573190e-01,2.128507867666416531e-01,1.967556477012999405e-01,-7.582138528857663706e-01,-4.861930436358155028e-01,1.570801904283443573e+00,8.053399070238268908e-05,-3.681554015753229499e-05,-3.598781924707408959e-05,-3.561026925069351104e-05,-1.151388641385732870e-04,-2.617954156658912623e-01,-2.836026004197213624e+00
-4.183439826740411593e-01,6.745185022442917733e-01,2.128179157504622998e-01,1.967556477012999405e-01,-7.582138528857663706e-01,-4.861930436358155028e-01,1.570801904283443573e+00,8.053399070238268908e-05,-3.681554015753229499e-05,-3.598781924707408959e-05,-3.561026925069351104e-05,-1.151388641385732870e-04,-2.617954156658912623e-01,-2.836026004197213624e+00
-4.183439826740411593e-01,6.744910552716264496e-01,2.127740877288898380e-01,1.967556477012999405e-01,-7.581960477511409113e-01,-4.861930436358155028e-01,1.570801904283443573e+00,8.053399070238268908e-05,-3.681554015753229499e-05,-3.598781924707408959e-05,-3.561026925069351104e-05,-1.151388641385732870e-04,-2.617954156658912623e-01,-2.836026004197213624e+00
-4.183569941191355168e-01,6.744361613262954691e-01,2.126973886911380507e-01,1.967727108916304812e-01,-7.581782426165155631e-01,-4.861930436358155028e-01,1.570801904283443573e+00,8.053399070238268908e-05,-3.681554015753229499e-05,-3.598781924707408959e-05,-3.561026925069351104e-05,-1.151388641385732870e-04,-2.617954156658912623e-01,-2.836026004197213624e+00
-4.183569941191355168e-01,6.744087143536300344e-01,2.126535606695655889e-01,1.967727108916304812e-01,-7.581604374818903258e-01,-4.861930436358155028e-01,1.570801904283443573e+00,8.053399070238268908e-05,-3.681554015753229499e-05,-3.598781924707408959e-05,-3.561026925069351104e-05,-1.151388641385732870e-04,-2.617954156658912623e-01,-2.836026004197213624e+00
-4.183569941191355168e-01,6.743538204082992760e-01,2.125768616318138016e-01,1.967727108916304812e-01,-7.581248272126395182e-01,-4.861930436358155028e-01,1.570801904283443573e+00,8.053399070238268908e-05,-3.681554015753229499e-05,-3.598781924707408959e-05,-3.561026925069351104e-05,-1.151388641385732870e-04,-2.617954156658912623e-01,-2.836026004197213624e+00
-4.183700055642298743e-01,6.743263734356337302e-01,2.125439906156344483e-01,1.967727108916304812e-01,-7.581248272126395182e-01,-4.861930436358155028e-01,1.570801904283443573e+00,8.053399070238268908e-05,-3.681554015753229499e-05,-3.598781924707408959e-05,-3.561026925069351104e-05,-1.151388641385732870e-04,-2.617954156658912623e-01,-2.836026004197213624e+00
-4.183700055642298743e-01,6.742989264629682955e-01,2.125001625940619865e-01,1.967727108916304812e-01,-7.581070220780142810e-01,-4.861930436358155028e-01,1.570801904283443573e+00,8.053399070238268908e-05,-3.681554015753229499e-05,-3.598781924707408959e-05,-3.561026925069351104e-05,-1.151388641385732870e-04,-2.617954156658912623e-01,-2.836026004197213624e+00
-4.183700055642298743e-01,6.742714794903028608e-01,2.124672915778826332e-01,1.967727108916304812e-01,-7.580892169433889327e-01,-4.861930436358155028e-01,1.570801904283443573e+00,8.053399070238268908e-05,-3.681554015753229499e-05,-3.598781924707408959e-05,-3.561026925069351104e-05,-1.151388641385732870e-04,-2.617954156658912623e-01,-2.836026004197213624e+00
-4.183700055642298743e-01,6.742440325176373150e-01,2.124234635563101714e-01,1.967727108916304812e-01,-7.580892169433889327e-01,-4.861930436358155028e-01,1.570801904283443573e+00,8.053399070238268908e-05,-3.681554015753229499e-05,-3.598781924707408959e-05,-3.561026925069351104e-05,-1.151388641385732870e-04,-2.617954156658912623e-01,-2.836026004197213624e+00
-4.183830170093242318e-01,6.742257345358604326e-01,2.123905925401308181e-01,1.967727108916304812e-01,-7.580714118087635844e-01,-4.861930436358155028e-01,1.570801904283443573e+00,8.053399070238268908e-05,-3.681554015753229499e-05,-3.598781924707408959e-05,-3.561026925069351104e-05,-1.151388641385732870e-04,-2.617954156658912623e-01,-2.836026004197213624e+00
-4.183830170093242318e-01,6.741708405905295631e-01,2.123138935023790308e-01,1.967727108916304812e-01,-7.580536066741381251e-01,-4.861930436358155028e-01,1.570801904283443573e+00,8.053399070238268908e-05,-3.681554015753229499e-05,-3.598781924707408959e-05,-3.561026925069351104e-05,-1.151388641385732870e-04,-2.617954156658912623e-01,-2.836026004197213624e+00
-4.183830170093242318e-01,6.741433936178640174e-01,2.122700654808065690e-01,1.967727108916304812e-01,-7.580358015395128879e-01,-4.861930436358155028e-01,1.570801904283443573e+00,8.053399070238268908e-05,-3.681554015753229499e-05,-3.598781924707408959e-05,-3.561026925069351104e-05,-1.151388641385732870e-04,-2.617954156658912623e-01,-2.836026004197213624e+00
-4.183830170093242318e-01,6.741159466451985827e-01,2.122371944646272435e-01,1.967727108916304812e-01,-7.580179964048875396e-01,-4.861930436358155028e-01,1.570801904283443573e+00,8.053399070238268908e-05,-3.681554015753229499e-05,-3.598781924707408959e-05,-3.561026925069351104e-05,-1.151388641385732870e-04,-2.617954156658912623e-01,-2.836026004197213624e+00
-4.183960284544185892e-01,6.740884996725332590e-01,2.121933664430547817e-01,1.967897740819610219e-01,-7.580179964048875396e-01,-4.861930436358155028e-01,1.570801904283443573e+00,8.053399070238268908e-05,-3.681554015753229499e-05,-3.598781924707408959e-05,-3.561026925069351104e-05,-1.151388641385732870e-04,-2.617954156658912623e-01,-2.836026004197213624e+00
-4.183960284544185892e-01,6.740610526998677132e-01,2.121604954268754284e-01,1.967897740819610219e-01,-7.580001912702621913e-01,-4.861930436358155028e-01,1.570801904283443573e+00,8.053399070238268908e-05,-3.681554015753229499e-05,-3.598781924707408959e-05,-3.561026925069351104e-05,-1.151388641385732870e-04,-2.617954156658912623e-01,-2.836026004197213624e+00
-4.183960284544185892e-01,6.740336057272022785e-01,2.121166674053029944e-01,1.967897740819610219e-01,-7.579823861356367320e-01,-4.861930436358155028e-01,1.570801904283443573e+00,8.053399070238268908e-05,-3.681554015753229499e-05,-3.598781924707408959e-05,-3.561026925069351104e-05,-1.151388641385732870e-04,-2.617954156658912623e-01,-2.836026004197213624e+00
-4.183960284544185892e-01,6.740061587545368438e-01,2.120837963891236411e-01,1.967897740819610219e-01,-7.579823861356367320e-01,-4.861930436358155028e-01,1.570801904283443573e+00,8.053399070238268908e-05,-3.681554015753229499e-05,-3.598781924707408959e-05,-3.561026925069351104e-05,-1.151388641385732870e-04,-2.617954156658912623e-01,-2.836026004197213624e+00
-4.183960284544185892e-01,6.739512648092058633e-01,2.120070973513718537e-01,1.967897740819610219e-01,-7.579467758663861465e-01,-4.861930436358155028e-01,1.570801904283443573e+00,8.053399070238268908e-05,-3.681554015753229499e-05,-3.598781924707408959e-05,-3.561026925069351104e-05,-1.151388641385732870e-04,-2.617954156658912623e-01,-2.836026004197213624e+00
-4.184090398995129467e-01,6.739238178365405396e-01,2.119632693297993642e-01,1.967897740819610219e-01,-7.579467758663861465e-01,-4.861930436358155028e-01,1.570801904283443573e+00,8.053399070238268908e-05,-3.681554015753229499e-05,-3.598781924707408959e-05,-3.561026925069351104e-05,-1.151388641385732870e-04,-2.617954156658912623e-01,-2.836026004197213624e+00
-4.184090398995129467e-01,6.738963708638751049e-01,2.119303983136200109e-01,1.967897740819610219e-01,-7.579289707317607983e-01,-4.861930436358155028e-01,1.570801904283443573e+00,8.053399070238268908e-05,-3.681554015753229499e-05,-3.598781924707408959e-05,-3.561026925069351104e-05,-1.151388641385732870e-04,-2.617954156658912623e-01,-2.836026004197213624e+00
-4.184090398995129467e-01,6.738414769185441244e-01,2.118427422704751151e-01,1.967897740819610219e-01,-7.579111655971353390e-01,-4.862314232571949835e-01,1.570801904283443573e+00,8.053399070238268908e-05,-3.681554015753229499e-05,-3.598781924707408959e-05,-3.561026925069351104e-05,-1.151388641385732870e-04,-2.617954156658912623e-01,-2.836026004197213624e+00
-4.184090398995129467e-01,6.738140299458786897e-01,2.118098712542957618e-01,1.967897740819610219e-01,-7.578933604625101017e-01,-4.862314232571949835e-01,1.570801904283443573e+00,8.053399070238268908e-05,-3.681554015753229499e-05,-3.598781924707408959e-05,-3.561026925069351104e-05,-1.151388641385732870e-04,-2.617954156658912623e-01,-2.836026004197213624e+00
-4.184090398995129467e-01,6.737682849914362615e-01,2.117331722165439745e-01,1.967897740819610219e-01,-7.578755553278847534e-01,-4.862314232571949835e-01,1.570801904283443573e+00,8.053399070238268908e-05,-3.681554015753229499e-05,-3.598781924707408959e-05,-3.561026925069351104e-05,-1.151388641385732870e-04,-2.617954156658912623e-01,-2.836026004197213624e+00
-4.184220513446073042e-01,6.737408380187708268e-01,2.116893441949714849e-01,1.967897740819610219e-01,-7.578577501932594052e-01,-4.862314232571949835e-01,1.570801904283443573e+00,8.053399070238268908e-05,-3.681554015753229499e-05,-3.598781924707408959e-05,-3.561026925069351104e-05,-1.151388641385732870e-04,-2.617954156658912623e-01,-2.836026004197213624e+00
-4.184220513446073042e-01,6.737133910461053921e-01,2.116564731787921871e-01,1.967897740819610219e-01,-7.578399450586340569e-01,-4.862314232571949835e-01,1.570801904283443573e+00,8.053399070238268908e-05,-3.681554015753229499e-05,-3.598781924707408959e-05,-3.561026925069351104e-05,-1.151388641385732870e-04,-2.617954156658912623e-01,-2.836026004197213624e+00
-4.184220513446073042e-01,6.736859440734398463e-01,2.116126451572196976e-01,1.968068372722915071e-01,-7.578221399240087086e-01,-4.862314232571949835e-01,1.570801904283443573e+00,8.053399070238268908e-05,-3.681554015753229499e-05,-3.598781924707408959e-05,-3.561026925069351104e-05,-1.151388641385732870e-04,-2.617954156658912623e-01,-2.836026004197213624e+00
-4.184220513446073042e-01,6.736310501281090879e-01,2.115359461194679103e-01,1.968068372722915071e-01,-7.578043347893833603e-01,-4.862314232571949835e-01,1.570801904283443573e+00,8.053399070238268908e-05,-3.681554015753229499e-05,-3.598781924707408959e-05,-3.561026925069351104e-05,-1.151388641385732870e-04,-2.617954156658912623e-01,-2.836026004197213624e+00
-4.184350627897017172e-01,6.736036031554435421e-01,2.115030751032885570e-01,1.968068372722915071e-01,-7.577865296547580121e-01,-4.862314232571949835e-01,1.570801904283443573e+00,8.053399070238268908e-05,-3.681554015753229499e-05,-3.598781924707408959e-05,-3.561026925069351104e-05,-1.151388641385732870e-04,-2.617954156658912623e-01,-2.836026004197213624e+00
-4.184350627897017172e-01,6.735761561827781074e-01,2.114592470817160952e-01,1.968068372722915071e-01,-7.577687245201326638e-01,-4.862314232571949835e-01,1.570801904283443573e+00,8.053399070238268908e-05,-3.681554015753229499e-05,-3.598781924707408959e-05,-3.561026925069351104e-05,-1.151388641385732870e-04,-2.617954156658912623e-01,-2.836026004197213624e+00
-4.184350627897017172e-01,6.735487092101126727e-01,2.114263760655367697e-01,1.968068372722915071e-01,-7.577687245201326638e-01,-4.862314232571949835e-01,1.570801904283443573e+00,8.053399070238268908e-05,-3.681554015753229499e-05,-3.598781924707408959e-05,-3.561026925069351104e-05,-1.151388641385732870e-04,-2.617954156658912623e-01,-2.836026004197213624e+00
-4.184480742347960747e-01,6.734938152647818033e-01,2.113496770277849546e-01,1.968068372722915071e-01,-7.577509193855073155e-01,-4.862314232571949835e-01,1.570801904283443573e+00,8.053399070238268908e-05,-3.681554015753229499e-05,-3.598781924707408959e-05,-3.561026925069351104e-05,-1.151388641385732870e-04,-2.617954156658912623e-01,-2.836026004197213624e+00
-4.184480742347960747e-01,6.734663682921163685e-01,2.113058490062125205e-01,1.968068372722915071e-01,-7.577331142508819672e-01,-4.862314232571949835e-01,1.570801904283443573e+00,8.053399070238268908e-05,-3.681554015753229499e-05,-3.598781924707408959e-05,-3.561026925069351104e-05,-1.151388641385732870e-04,-2.617954156658912623e-01,-2.836026004197213624e+00
-4.184480742347960747e-01,6.734389213194509338e-01,2.112620209846400587e-01,1.968068372722915071e-01,-7.577153091162565079e-01,-4.862314232571949835e-01,1.570801904283443573e+00,8.053399070238268908e-05,-3.681554015753229499e-05,-3.598781924707408959e-05,-3.561026925069351104e-05,-1.151388641385732870e-04,-2.617954156658912623e-01,-2.836026004197213624e+00
-4.184480742347960747e-01,6.734114743467853881e-01,2.112291499684607055e-01,1.968068372722915071e-01,-7.576975039816312707e-01,-4.862314232571949835e-01,1.570801904283443573e+00,8.053399070238268908e-05,-3.681554015753229499e-05,-3.598781924707408959e-05,-3.561026925069351104e-05,-1.151388641385732870e-04,-2.617954156658912623e-01,-2.836026004197213624e+00
-4.184480742347960747e-01,6.733931763650085056e-01,2.111853219468882437e-01,1.968068372722915071e-01,-7.576975039816312707e-01,-4.862314232571949835e-01,1.570801904283443573e+00,8.053399070238268908e-05,-3.681554015753229499e-05,-3.598781924707408959e-05,-3.561026925069351104e-05,-1.151388641385732870e-04,-2.617954156658912623e-01,-2.836026004197213624e+00
-4.184610856798903766e-01,6.733382824196776362e-01,2.111195799145295371e-01,1.968068372722915071e-01,-7.576618937123805742e-01,-4.862314232571949835e-01,1.570801904283443573e+00,8.053399070238268908e-05,-3.681554015753229499e-05,-3.598781924707408959e-05,-3.561026925069351104e-05,-1.151388641385732870e-04,-2.617954156658912623e-01,-2.836026004197213624e+00
-4.184610856798903766e-01,6.733108354470120904e-01,2.110757518929571031e-01,1.968068372722915071e-01,-7.576440885777551149e-01,-4.862314232571949835e-01,1.570801904283443573e+00,8.053399070238268908e-05,-3.681554015753229499e-05,-3.598781924707408959e-05,-3.561026925069351104e-05,-1.151388641385732870e-04,-2.617954156658912623e-01,-2.836026004197213624e+00
-4.184610856798903766e-01,6.732833884743466557e-01,2.110428808767777498e-01,1.968239004626220479e-01,-7.576440885777551149e-01,-4.862314232571949835e-01,1.570801904283443573e+00,8.053399070238268908e-05,-3.681554015753229499e-05,-3.598781924707408959e-05,-3.561026925069351104e-05,-1.151388641385732870e-04,-2.617954156658912623e-01,-2.836026004197213624e+00
-4.184740971249847341e-01,6.732559415016812210e-01,2.109990528552052880e-01,1.968239004626220479e-01,-7.576262834431298776e-01,-4.862314232571949835e-01,1.570801904283443573e+00,8.053399070238268908e-05,-3.681554015753229499e-05,-3.598781924707408959e-05,-3.561026925069351104e-05,-1.151388641385732870e-04,-2.617954156658912623e-01,-2.836026004197213624e+00
-4.184740971249847341e-01,6.732010475563503515e-01,2.109223538174535006e-01,1.968239004626220479e-01,-7.576084783085045293e-01,-4.862314232571949835e-01,1.570801904283443573e+00,8.053399070238268908e-05,-3.681554015753229499e-05,-3.598781924707408959e-05,-3.561026925069351104e-05,-1.151388641385732870e-04,-2.617954156658912623e-01,-2.836026004197213624e+00
-4.184740971249847341e-01,6.731736005836849168e-01,2.108894828012741474e-01,1.968239004626220479e-01,-7.575906731738791811e-01,-4.862314232571949835e-01,1.570801904283443573e+00,8.053399070238268908e-05,-3.681554015753229499e-05,-3.598781924707408959e-05,-3.561026925069351104e-05,-1.151388641385732870e-04,-2.617954156658912623e-01,-2.836026004197213624e+00
-4.184871085700790916e-01,6.731461536110193711e-01,2.108456547797017133e-01,1.968239004626220479e-01,-7.575728680392537218e-01,-4.862314232571949835e-01,1.570801904283443573e+00,8.053399070238268908e-05,-3.681554015753229499e-05,-3.598781924707408959e-05,-3.561026925069351104e-05,-1.151388641385732870e-04,-2.617954156658912623e-01,-2.836026004197213624e+00
-4.184871085700790916e-01,6.731187066383539364e-01,2.108127837635223600e-01,1.968239004626220479e-01,-7.575728680392537218e-01,-4.862314232571949835e-01,1.570801904283443573e+00,8.053399070238268908e-05,-3.681554015753229499e-05,-3.598781924707408959e-05,-3.561026925069351104e-05,-1.151388641385732870e-04,-2.617954156658912623e-01,-2.836026004197213624e+00
-4.184871085700790916e-01,6.730912596656885016e-01,2.107689557419498982e-01,1.968239004626220479e-01,-7.575550629046284845e-01,-4.862314232571949835e-01,1.570801904283443573e+00,8.053399070238268908e-05,-3.681554015753229499e-05,-3.598781924707408959e-05,-3.561026925069351104e-05,-1.151388641385732870e-04,-2.617954156658912623e-01,-2.836026004197213624e+00
-4.185001200151734491e-01,6.730180677385806387e-01,2.106484286826256214e-01,1.968239004626220479e-01,-7.575194526353777880e-01,-4.862314232571949835e-01,1.570801904283443573e+00,8.053399070238268908e-05,-3.681554015753229499e-05,-3.598781924707408959e-05,-3.561026925069351104e-05,-1.151388641385732870e-04,-2.617954156658912623e-01,-2.836026004197213624e+00
-4.185001200151734491e-01,6.729906207659152040e-01,2.106155576664462958e-01,1.968239004626220479e-01,-7.575016475007524397e-01,-4.862314232571949835e-01,1.570801904283443573e+00,8.053399070238268908e-05,-3.681554015753229499e-05,-3.598781924707408959e-05,-3.561026925069351104e-05,-1.151388641385732870e-04,-2.617954156658912623e-01,-2.836026004197213624e+00
-4.185001200151734491e-01,6.729631737932498803e-01,2.105717296448738340e-01,1.968239004626220479e-01,-7.574838423661270914e-01,-4.862314232571949835e-01,1.570801904283443573e+00,8.053399070238268908e-05,-3.681554015753229499e-05,-3.598781924707408959e-05,-3.561026925069351104e-05,-1.151388641385732870e-04,-2.617954156658912623e-01,-2.836026004197213624e+00
-4.185131314602678065e-01,6.729082798479188998e-01,2.104950306071220467e-01,1.968409636529525608e-01,-7.574660372315017431e-01,-4.862314232571949835e-01,1.570801904283443573e+00,8.053399070238268908e-05,-3.681554015753229499e-05,-3.598781924707408959e-05,-3.561026925069351104e-05,-1.151388641385732870e-04,-2.617954156658912623e-01,-2.836026004197213624e+00
-4.185131314602678065e-01,6.728808328752534651e-01,2.104512025855495849e-01,1.968409636529525608e-01,-7.574482320968763949e-01,-4.862314232571949835e-01,1.570801904283443573e+00,8.053399070238268908e-05,-3.681554015753229499e-05,-3.598781924707408959e-05,-3.561026925069351104e-05,-1.151388641385732870e-04,-2.617954156658912623e-01,-2.836026004197213624e+00
-4.185131314602678065e-01,6.728533859025879194e-01,2.104183315693702316e-01,1.968409636529525608e-01,-7.574482320968763949e-01,-4.862314232571949835e-01,1.570801904283443573e+00,8.053399070238268908e-05,-3.681554015753229499e-05,-3.598781924707408959e-05,-3.561026925069351104e-05,-1.151388641385732870e-04,-2.617954156658912623e-01,-2.836026004197213624e+00
-4.185261429053622195e-01,6.728259389299224846e-01,2.103745035477977976e-01,1.968409636529525608e-01,-7.574304269622510466e-01,-4.862314232571949835e-01,1.570801904283443573e+00,8.053399070238268908e-05,-3.681554015753229499e-05,-3.598781924707408959e-05,-3.561026925069351104e-05,-1.151388641385732870e-04,-2.617954156658912623e-01,-2.836026004197213624e+00
-4.185261429053622195e-01,6.727984919572571609e-01,2.103416325316184443e-01,1.968409636529525608e-01,-7.574126218276256983e-01,-4.862314232571949835e-01,1.570801904283443573e+00,8.053399070238268908e-05,-3.681554015753229499e-05,-3.598781924707408959e-05,-3.561026925069351104e-05,-1.151388641385732870e-04,-2.617954156658912623e-01,-2.836026004197213624e+00
-4.185261429053622195e-01,6.727710449845916152e-01,2.102978045100459548e-01,1.968409636529525608e-01,-7.574126218276256983e-01,-4.862314232571949835e-01,1.570801904283443573e+00,8.053399070238268908e-05,-3.681554015753229499e-05,-3.598781924707408959e-05,-3.561026925069351104e-05,-1.151388641385732870e-04,-2.617954156658912623e-01,-2.836026004197213624e+00
-4.185261429053622195e-01,6.727161510392607457e-01,2.102211054722941674e-01,1.968409636529525608e-01,-7.573770115583751128e-01,-4.862314232571949835e-01,1.570801904283443573e+00,8.053399070238268908e-05,-3.681554015753229499e-05,-3.598781924707408959e-05,-3.561026925069351104e-05,-1.151388641385732870e-04,-2.617954156658912623e-01,-2.836026004197213624e+00
-4.185391543504565770e-01,6.726887040665952000e-01,2.101772774507217056e-01,1.968409636529525608e-01,-7.573592064237496535e-01,-4.862314232571949835e-01,1.570801904283443573e+00,8.053399070238268908e-05,-3.681554015753229499e-05,-3.598781924707408959e-05,-3.561026925069351104e-05,-1.151388641385732870e-04,-2.617954156658912623e-01,-2.836026004197213624e+00
-4.185391543504565770e-01,6.726338101212644416e-01,2.101005784129699183e-01,1.968409636529525608e-01,-7.573414012891243052e-01,-4.862314232571949835e-01,1.570801904283443573e+00,8.053399070238268908e-05,-3.681554015753229499e-05,-3.598781924707408959e-05,-3.561026925069351104e-05,-1.151388641385732870e-04,-2.617954156658912623e-01,-2.836026004197213624e+00
-4.185391543504565770e-01,6.726063631485990069e-01,2.100677073967905650e-01,1.968409636529525608e-01,-7.573235961544989570e-01,-4.862314232571949835e-01,1.570801904283443573e+00,8.053399070238268908e-05,-3.681554015753229499e-05,-3.598781924707408959e-05,-3.561026925069351104e-05,-1.151388641385732870e-04,-2.617954156658912623e-01,-2.836026004197213624e+00
-4.185521657955509345e-01,6.725880651668219024e-01,2.100238793752181310e-01,1.968409636529525608e-01,-7.573057910198737197e-01,-4.862314232571949835e-01,1.570801904283443573e+00,8.053399070238268908e-05,-3.681554015753229499e-05,-3.598781924707408959e-05,-3.561026925069351104e-05,-1.151388641385732870e-04,-2.617954156658912623e-01,-2.836026004197213624e+00
-4.185521657955509345e-01,6.725606181941564676e-01,2.099800513536456414e-01,1.968409636529525608e-01,-7.572879858852482604e-01,-4.862314232571949835e-01,1.570801904283443573e+00,8.053399070238268908e-05,-3.681554015753229499e-05,-3.598781924707408959e-05,-3.561026925069351104e-05,-1.151388641385732870e-04,-2.617954156658912623e-01,-2.836026004197213624e+00
-4.185521657955509345e-01,6.725057242488257092e-01,2.099033523158938541e-01,1.968580268432831015e-01,-7.572701807506229121e-01,-4.862314232571949835e-01,1.570801904283443573e+00,8.053399070238268908e-05,-3.681554015753229499e-05,-3.598781924707408959e-05,-3.561026925069351104e-05,-1.151388641385732870e-04,-2.617954156658912623e-01,-2.836026004197213624e+00
-4.185521657955509345e-01,6.724782772761601635e-01,2.098704812997145008e-01,1.968580268432831015e-01,-7.572523756159975639e-01,-4.862314232571949835e-01,1.570801904283443573e+00,8.053399070238268908e-05,-3.681554015753229499e-05,-3.598781924707408959e-05,-3.561026925069351104e-05,-1.151388641385732870e-04,-2.617954156658912623e-01,-2.836026004197213624e+00
-4.185651772406452920e-01,6.724233833308292940e-01,2.097937822619627135e-01,1.968580268432831015e-01,-7.572345704813723266e-01,-4.862698028785745197e-01,1.570801904283443573e+00,8.053399070238268908e-05,-3.681554015753229499e-05,-3.598781924707408959e-05,-3.561026925069351104e-05,-1.151388641385732870e-04,-2.617954156658912623e-01,-2.836026004197213624e+00
-4.185651772406452920e-01,6.723959363581637483e-01,2.097499542403902517e-01,1.968580268432831015e-01,-7.572167653467468673e-01,-4.862698028785745197e-01,1.570801904283443573e+00,8.053399070238268908e-05,-3.681554015753229499e-05,-3.598781924707408959e-05,-3.561026925069351104e-05,-1.151388641385732870e-04,-2.617954156658912623e-01,-2.836026004197213624e+00
-4.185651772406452920e-01,6.723776383763868658e-01,2.097170832242108984e-01,1.968580268432831015e-01,-7.572167653467468673e-01,-4.862698028785745197e-01,1.570801904283443573e+00,8.053399070238268908e-05,-3.681554015753229499e-05,-3.598781924707408959e-05,-3.561026925069351104e-05,-1.151388641385732870e-04,-2.617954156658912623e-01,-2.836026004197213624e+00
-4.185781886857396494e-01,6.723227444310559964e-01,2.096403841864591111e-01,1.968580268432831015e-01,-7.571811550774961708e-01,-4.862698028785745197e-01,1.570801904283443573e+00,8.053399070238268908e-05,-3.681554015753229499e-05,-3.598781924707408959e-05,-3.561026925069351104e-05,-1.151388641385732870e-04,-2.617954156658912623e-01,-2.836026004197213624e+00
-4.185781886857396494e-01,6.722952974583904506e-01,2.095965561648866493e-01,1.968580268432831015e-01,-7.571811550774961708e-01,-4.862698028785745197e-01,1.570801904283443573e+00,8.053399070238268908e-05,-3.681554015753229499e-05,-3.598781924707408959e-05,-3.561026925069351104e-05,-1.151388641385732870e-04,-2.617954156658912623e-01,-2.836026004197213624e+00
-4.185781886857396494e-01,6.722678504857251269e-01,2.095636851487073238e-01,1.968580268432831015e-01,-7.571633499428709335e-01,-4.862698028785745197e-01,1.570801904283443573e+00,8.053399070238268908e-05,-3.681554015753229499e-05,-3.598781924707408959e-05,-3.561026925069351104e-05,-1.151388641385732870e-04,-2.617954156658912623e-01,-2.836026004197213624e+00
-4.185912001308340069e-01,6.722129565403941465e-01,2.094869861109555087e-01,1.968580268432831015e-01,-7.571455448082454742e-01,-4.862698028785745197e-01,1.570801904283443573e+00,8.053399070238268908e-05,-3.681554015753229499e-05,-3.598781924707408959e-05,-3.561026925069351104e-05,-1.151388641385732870e-04,-2.617954156658912623e-01,-2.836026004197213624e+00
-4.185912001308340069e-01,6.721855095677287117e-01,2.094431580893830469e-01,1.968580268432831015e-01,-7.571277396736201259e-01,-4.862314232571949835e-01,1.570801904283443573e+00,8.053399070238268908e-05,-3.681554015753229499e-05,-3.598781924707408959e-05,-3.561026925069351104e-05,-1.151388641385732870e-04,-2.617954156658912623e-01,-2.836026004197213624e+00
-4.185912001308340069e-01,6.721397646132863946e-01,2.093774160570243681e-01,1.968580268432831015e-01,-7.570921294043695404e-01,-4.862314232571949835e-01,1.570801904283443573e+00,8.053399070238268908e-05,-3.681554015753229499e-05,-3.598781924707408959e-05,-3.561026925069351104e-05,-1.151388641385732870e-04,-2.617954156658912623e-01,-2.836026004197213624e+00
-4.185912001308340069e-01,6.721123176406208488e-01,2.093335880354519063e-01,1.968580268432831015e-01,-7.570921294043695404e-01,-4.862314232571949835e-01,1.570801904283443573e+00,8.053399070238268908e-05,-3.681554015753229499e-05,-3.598781924707408959e-05,-3.561026925069351104e-05,-1.151388641385732870e-04,-2.617954156658912623e-01,-2.836026004197213624e+00
-4.186042115759284199e-01,6.720848706679554141e-01,2.093007170192725530e-01,1.968750900336136422e-01,-7.570743242697440811e-01,-4.862314232571949835e-01,1.570801904283443573e+00,8.053399070238268908e-05,-3.681554015753229499e-05,-3.598781924707408959e-05,-3.561026925069351104e-05,-1.151388641385732870e-04,-2.617954156658912623e-01,-2.836026004197213624e+00
-4.186042115759284199e-01,6.720574236952899794e-01,2.092568889977000912e-01,1.968750900336136422e-01,-7.570743242697440811e-01,-4.862314232571949835e-01,1.570801904283443573e+00,8.053399070238268908e-05,-3.681554015753229499e-05,-3.598781924707408959e-05,-3.561026925069351104e-05,-1.151388641385732870e-04,-2.617954156658912623e-01,-2.836026004197213624e+00
-4.186042115759284199e-01,6.720299767226244336e-01,2.092240179815207379e-01,1.968750900336136422e-01,-7.570565191351187329e-01,-4.862314232571949835e-01,1.570801904283443573e+00,8.053399070238268908e-05,-3.681554015753229499e-05,-3.598781924707408959e-05,-3.561026925069351104e-05,-1.151388641385732870e-04,-2.617954156658912623e-01,-2.836026004197213624e+00
-4.186042115759284199e-01,6.720025297499589989e-01,2.091801899599483039e-01,1.968750900336136422e-01,-7.570387140004934956e-01,-4.862314232571949835e-01,1.570801904283443573e+00,8.053399070238268908e-05,-3.681554015753229499e-05,-3.598781924707408959e-05,-3.561026925069351104e-05,-1.151388641385732870e-04,-2.617954156658912623e-01,-2.836026004197213624e+00
-4.186172230210227774e-01,6.719476358046281295e-01,2.091034909221964888e-01,1.968750900336136422e-01,-7.570209088658681473e-01,-4.862314232571949835e-01,1.570801904283443573e+00,8.053399070238268908e-05,-3.681554015753229499e-05,-3.598781924707408959e-05,-3.561026925069351104e-05,-1.151388641385732870e-04,-2.617954156658912623e-01,-2.836026004197213624e+00
-4.186172230210227774e-01,6.719293378228511360e-01,2.090706199060171633e-01,1.968750900336136422e-01,-7.570031037312426880e-01,-4.862314232571949835e-01,1.570801904283443573e+00,8.053399070238268908e-05,-3.681554015753229499e-05,-3.598781924707408959e-05,-3.561026925069351104e-05,-1.151388641385732870e-04,-2.617954156658912623e-01,-2.836026004197213624e+00
-4.186172230210227774e-01,6.719018908501857013e-01,2.090267918844447015e-01,1.968750900336136422e-01,-7.569852985966173398e-01,-4.862314232571949835e-01,1.570801904283443573e+00,8.053399070238268908e-05,-3.681554015753229499e-05,-3.598781924707408959e-05,-3.561026925069351104e-05,-1.151388641385732870e-04,-2.617954156658912623e-01,-2.836026004197213624e+00
-4.186302344661171349e-01,6.718744438775203776e-01,2.089939208682653482e-01,1.968750900336136422e-01,-7.569674934619921025e-01,-4.862314232571949835e-01,1.570801904283443573e+00,8.053399070238268908e-05,-3.681554015753229499e-05,-3.598781924707408959e-05,-3.561026925069351104e-05,-1.151388641385732870e-04,-2.617954156658912623e-01,-2.836026004197213624e+00
-4.186302344661171349e-01,6.718195499321893971e-01,2.089172218305135609e-01,1.968750900336136422e-01,-7.569496883273667542e-01,-4.862314232571949835e-01,1.570801904283443573e+00,8.053399070238268908e-05,-3.681554015753229499e-05,-3.598781924707408959e-05,-3.561026925069351104e-05,-1.151388641385732870e-04,-2.617954156658912623e-01,-2.836026004197213624e+00
-4.186302344661171349e-01,6.717921029595239624e-01,2.088843508143342076e-01,1.968750900336136422e-01,-7.569318831927412949e-01,-4.862314232571949835e-01,1.570801904283443573e+00,8.053399070238268908e-05,-3.681554015753229499e-05,-3.598781924707408959e-05,-3.561026925069351104e-05,-1.151388641385732870e-04,-2.617954156658912623e-01,-2.836026004197213624e+00
-4.186432459112114923e-01,6.717738049777470799e-01,2.088405227927617458e-01,1.968750900336136422e-01,-7.569140780581159467e-01,-4.862698028785745197e-01,1.570801904283443573e+00,8.053399070238268908e-05,-3.681554015753229499e-05,-3.598781924707408959e-05,-3.561026925069351104e-05,-1.151388641385732870e-04,-2.617954156658912623e-01,-2.836026004197213624e+00
-4.186432459112114923e-01,6.717463580050815342e-01,2.088076517765824203e-01,1.968750900336136422e-01,-7.568962729234907094e-01,-4.862698028785745197e-01,1.570801904283443573e+00,8.053399070238268908e-05,-3.681554015753229499e-05,-3.598781924707408959e-05,-3.561026925069351104e-05,-1.151388641385732870e-04,-2.617954156658912623e-01,-2.836026004197213624e+00
-4.186432459112114923e-01,6.717189110324160994e-01,2.087638237550099307e-01,1.968750900336136422e-01,-7.568962729234907094e-01,-4.862698028785745197e-01,1.570801904283443573e+00,8.053399070238268908e-05,-3.681554015753229499e-05,-3.598781924707408959e-05,-3.561026925069351104e-05,-1.151388641385732870e-04,-2.617954156658912623e-01,-2.836026004197213624e+00
-4.186562573563058498e-01,6.716640170870851190e-01,2.086871247172581434e-01,1.968750900336136422e-01,-7.568606626542399018e-01,-4.862698028785745197e-01,1.570801904283443573e+00,8.053399070238268908e-05,-3.681554015753229499e-05,-3.598781924707408959e-05,-3.561026925069351104e-05,-1.151388641385732870e-04,-2.617954156658912623e-01,-2.836026004197213624e+00
-4.186562573563058498e-01,6.716365701144196843e-01,2.086542537010787901e-01,1.968750900336136422e-01,-7.568606626542399018e-01,-4.862698028785745197e-01,1.570801904283443573e+00,8.053399070238268908e-05,-3.681554015753229499e-05,-3.598781924707408959e-05,-3.561026925069351104e-05,-1.151388641385732870e-04,-2.617954156658912623e-01,-2.836026004197213624e+00
-4.186562573563058498e-01,6.716182721326428018e-01,2.086104256795063561e-01,1.968750900336136422e-01,-7.568428575196145536e-01,-4.862698028785745197e-01,1.570801904283443573e+00,8.053399070238268908e-05,-3.681554015753229499e-05,-3.598781924707408959e-05,-3.561026925069351104e-05,-1.151388641385732870e-04,-2.617954156658912623e-01,-2.836026004197213624e+00
-4.186562573563058498e-01,6.715908251599773671e-01,2.085775546633270028e-01,1.968750900336136422e-01,-7.568428575196145536e-01,-4.862314232571949835e-01,1.570801904283443573e+00,8.053399070238268908e-05,-3.681554015753229499e-05,-3.598781924707408959e-05,-3.561026925069351104e-05,-1.151388641385732870e-04,-2.617954156658912623e-01,-2.836026004197213624e+00
-4.186692688014002073e-01,6.715359312146463866e-01,2.085008556255752155e-01,1.968921532239441552e-01,-7.568072472503639680e-01,-4.862314232571949835e-01,1.570801904283443573e+00,8.053399070238268908e-05,-3.681554015753229499e-05,-3.598781924707408959e-05,-3.561026925069351104e-05,-1.151388641385732870e-04,-2.617954156658912623e-01,-2.836026004197213624e+00
-4.186692688014002073e-01,6.715084842419810629e-01,2.084679846093958622e-01,1.968921532239441552e-01,-7.568072472503639680e-01,-4.862314232571949835e-01,1.570801904283443573e+00,8.053399070238268908e-05,-3.681554015753229499e-05,-3.598781924707408959e-05,-3.561026925069351104e-05,-1.151388641385732870e-04,-2.617954156658912623e-01,-2.836026004197213624e+00
-4.186822802464946203e-01,6.714810372693155172e-01,2.084241565878234004e-01,1.968921532239441552e-01,-7.567894421157385088e-01,-4.862314232571949835e-01,1.570801904283443573e+00,8.053399070238268908e-05,-3.681554015753229499e-05,-3.598781924707408959e-05,-3.561026925069351104e-05,-1.151388641385732870e-04,-2.617954156658912623e-01,-2.836026004197213624e+00
-4.186822802464946203e-01,6.714535902966500824e-01,2.083912855716440748e-01,1.968921532239441552e-01,-7.567894421157385088e-01,-4.862314232571949835e-01,1.570801904283443573e+00,8.053399070238268908e-05,-3.681554015753229499e-05,-3.598781924707408959e-05,-3.561026925069351104e-05,-1.151388641385732870e-04,-2.617954156658912623e-01,-2.836026004197213624e+00
-4.186822802464946203e-01,6.714078453422077652e-01,2.083145865338922598e-01,1.968921532239441552e-01,-7.567538318464879232e-01,-4.862314232571949835e-01,1.570801904283443573e+00,8.053399070238268908e-05,-3.681554015753229499e-05,-3.598781924707408959e-05,-3.561026925069351104e-05,-1.151388641385732870e-04,-2.617954156658912623e-01,-2.836026004197213624e+00
-4.186952916915889777e-01,6.713803983695422195e-01,2.082707585123197980e-01,1.968921532239441552e-01,-7.567360267118625750e-01,-4.862314232571949835e-01,1.570801904283443573e+00,8.053399070238268908e-05,-3.681554015753229499e-05,-3.598781924707408959e-05,-3.561026925069351104e-05,-1.151388641385732870e-04,-2.617954156658912623e-01,-2.836026004197213624e+00
-4.186952916915889777e-01,6.713529513968767848e-01,2.082378874961404724e-01,1.968921532239441552e-01,-7.567360267118625750e-01,-4.862314232571949835e-01,1.570801904283443573e+00,8.053399070238268908e-05,-3.681554015753229499e-05,-3.598781924707408959e-05,-3.561026925069351104e-05,-1.151388641385732870e-04,-2.617954156658912623e-01,-2.836026004197213624e+00
-4.187083031366833352e-01,6.713072064424342456e-01,2.081611884583886296e-01,1.968921532239441552e-01,-7.567004164426118784e-01,-4.862314232571949835e-01,1.570801904283443573e+00,8.053399070238268908e-05,-3.681554015753229499e-05,-3.598781924707408959e-05,-3.561026925069351104e-05,-1.151388641385732870e-04,-2.617954156658912623e-01,-2.836026004197213624e+00
-4.187083031366833352e-01,6.712797594697689219e-01,2.081283174422093041e-01,1.968921532239441552e-01,-7.567004164426118784e-01,-4.862314232571949835e-01,1.570801904283443573e+00,8.053399070238268908e-05,-3.681554015753229499e-05,-3.598781924707408959e-05,-3.561026925069351104e-05,-1.151388641385732870e-04,-2.617954156658912623e-01,-2.836026004197213624e+00
-4.187083031366833352e-01,6.712523124971034871e-01,2.080954464260299785e-01,1.968921532239441552e-01,-7.566826113079865301e-01,-4.862314232571949835e-01,1.570801904283443573e+00,8.053399070238268908e-05,-3.681554015753229499e-05,-3.598781924707408959e-05,-3.561026925069351104e-05,-1.151388641385732870e-04,-2.617954156658912623e-01,-2.836026004197213624e+00
-4.187213145817776927e-01,6.712248655244380524e-01,2.080516184044574890e-01,1.968921532239441552e-01,-7.566826113079865301e-01,-4.862314232571949835e-01,1.570801904283443573e+00,8.053399070238268908e-05,-3.681554015753229499e-05,-3.598781924707408959e-05,-3.561026925069351104e-05,-1.151388641385732870e-04,-2.617954156658912623e-01,-2.836026004197213624e+00
-4.187213145817776927e-01,6.711974185517725067e-01,2.080187473882781635e-01,1.968921532239441552e-01,-7.566648061733611819e-01,-4.862314232571949835e-01,1.570801904283443573e+00,8.053399070238268908e-05,-3.681554015753229499e-05,-3.598781924707408959e-05,-3.561026925069351104e-05,-1.151388641385732870e-04,-2.617954156658912623e-01,-2.836026004197213624e+00
-4.187343260268720502e-01,6.711516735973301895e-01,2.079420483505263484e-01,1.968921532239441552e-01,-7.566470010387357226e-01,-4.862314232571949835e-01,1.570801904283443573e+00,8.053399070238268908e-05,-3.681554015753229499e-05,-3.598781924707408959e-05,-3.561026925069351104e-05,-1.151388641385732870e-04,-2.617954156658912623e-01,-2.836026004197213624e+00
-4.187343260268720502e-01,6.711242266246647548e-01,2.079091773343470229e-01,1.968921532239441552e-01,-7.566291959041104853e-01,-4.862314232571949835e-01,1.570801904283443573e+00,8.053399070238268908e-05,-3.681554015753229499e-05,-3.598781924707408959e-05,-3.561026925069351104e-05,-1.151388641385732870e-04,-2.617954156658912623e-01,-2.836026004197213624e+00
-4.187343260268720502e-01,6.710967796519992090e-01,2.078763063181676696e-01,1.968921532239441552e-01,-7.566291959041104853e-01,-4.862314232571949835e-01,1.570801904283443573e+00,8.053399070238268908e-05,-3.681554015753229499e-05,-3.598781924707408959e-05,-3.561026925069351104e-05,-1.151388641385732870e-04,-2.617954156658912623e-01,-2.836026004197213624e+00
-4.187343260268720502e-01,6.710693326793337743e-01,2.078324782965952078e-01,1.968921532239441552e-01,-7.566113907694851370e-01,-4.861930436358155028e-01,1.570801904283443573e+00,8.053399070238268908e-05,-3.681554015753229499e-05,-3.598781924707408959e-05,-3.561026925069351104e-05,-1.151388641385732870e-04,-2.617954156658912623e-01,-2.836026004197213624e+00
-4.187473374719664077e-01,6.710235877248913461e-01,2.077667362642365290e-01,1.968921532239441552e-01,-7.565935856348597888e-01,-4.861930436358155028e-01,1.570801904283443573e+00,8.053399070238268908e-05,-3.681554015753229499e-05,-3.598781924707408959e-05,-3.561026925069351104e-05,-1.151388641385732870e-04,-2.617954156658912623e-01,-2.836026004197213624e+00
-4.187473374719664077e-01,6.709961407522259114e-01,2.077229082426640672e-01,1.968921532239441552e-01,-7.565757805002343295e-01,-4.862314232571949835e-01,1.570801904283443573e+00,8.053399070238268908e-05,-3.681554015753229499e-05,-3.598781924707408959e-05,-3.561026925069351104e-05,-1.151388641385732870e-04,-2.617954156658912623e-01,-2.836026004197213624e+00
-4.187603489170607651e-01,6.709412468068949309e-01,2.076462092049122798e-01,1.968921532239441552e-01,-7.565579753656090922e-01,-4.862314232571949835e-01,1.570801904283443573e+00,8.053399070238268908e-05,-3.681554015753229499e-05,-3.598781924707408959e-05,-3.561026925069351104e-05,-1.151388641385732870e-04,-2.617954156658912623e-01,-2.836026004197213624e+00
-4.187603489170607651e-01,6.709229488251180484e-01,2.076133381887329266e-01,1.968921532239441552e-01,-7.565579753656090922e-01,-4.862314232571949835e-01,1.570801904283443573e+00,8.053399070238268908e-05,-3.681554015753229499e-05,-3.598781924707408959e-05,-3.561026925069351104e-05,-1.151388641385732870e-04,-2.617954156658912623e-01,-2.836026004197213624e+00
-4.187733603621551781e-01,6.708955018524526137e-01,2.075804671725535733e-01,1.968921532239441552e-01,-7.565401702309837439e-01,-4.862314232571949835e-01,1.570801904283443573e+00,8.053399070238268908e-05,-3.681554015753229499e-05,-3.598781924707408959e-05,-3.561026925069351104e-05,-1.151388641385732870e-04,-2.617954156658912623e-01,-2.836026004197213624e+00
-4.187733603621551781e-01,6.708680548797871790e-01,2.075366391509811392e-01,1.968921532239441552e-01,-7.565223650963583957e-01,-4.862314232571949835e-01,1.570801904283443573e+00,8.053399070238268908e-05,-3.681554015753229499e-05,-3.598781924707408959e-05,-3.561026925069351104e-05,-1.151388641385732870e-04,-2.617954156658912623e-01,-2.836026004197213624e+00
-4.187733603621551781e-01,6.708406079071216332e-01,2.075037681348017859e-01,1.968921532239441552e-01,-7.565223650963583957e-01,-4.862314232571949835e-01,1.570801904283443573e+00,8.053399070238268908e-05,-3.681554015753229499e-05,-3.598781924707408959e-05,-3.561026925069351104e-05,-1.151388641385732870e-04,-2.617954156658912623e-01,-2.836026004197213624e+00
-4.187863718072495356e-01,6.708131609344563095e-01,2.074599401132293242e-01,1.968921532239441552e-01,-7.565045599617330474e-01,-4.862314232571949835e-01,1.570801904283443573e+00,8.053399070238268908e-05,-3.681554015753229499e-05,-3.598781924707408959e-05,-3.561026925069351104e-05,-1.151388641385732870e-04,-2.617954156658912623e-01,-2.836026004197213624e+00
-4.187863718072495356e-01,6.707857139617908748e-01,2.074270690970499986e-01,1.968921532239441552e-01,-7.564867548271076991e-01,-4.862314232571949835e-01,1.570801904283443573e+00,8.053399070238268908e-05,-3.681554015753229499e-05,-3.598781924707408959e-05,-3.561026925069351104e-05,-1.151388641385732870e-04,-2.617954156658912623e-01,-2.836026004197213624e+00
-4.187863718072495356e-01,6.707674159800138813e-01,2.073941980808706453e-01,1.968921532239441552e-01,-7.564867548271076991e-01,-4.862314232571949835e-01,1.570801904283443573e+00,8.053399070238268908e-05,-3.681554015753229499e-05,-3.598781924707408959e-05,-3.561026925069351104e-05,-1.151388641385732870e-04,-2.617954156658912623e-01,-2.836026004197213624e+00
-4.187993832523438931e-01,6.707399690073483356e-01,2.073503700592981835e-01,1.968921532239441552e-01,-7.564689496924823509e-01,-4.862314232571949835e-01,1.570801904283443573e+00,8.053399070238268908e-05,-3.681554015753229499e-05,-3.598781924707408959e-05,-3.561026925069351104e-05,-1.151388641385732870e-04,-2.617954156658912623e-01,-2.836026004197213624e+00
-4.187993832523438931e-01,6.706850750620175772e-01,2.072846280269395047e-01,1.968921532239441552e-01,-7.564333394232316543e-01,-4.862314232571949835e-01,1.570801904283443573e+00,8.053399070238268908e-05,-3.681554015753229499e-05,-3.598781924707408959e-05,-3.561026925069351104e-05,-1.151388641385732870e-04,-2.617954156658912623e-01,-2.836026004197213624e+00
-4.188123946974382505e-01,6.706576280893520314e-01,2.072408000053670152e-01,1.969092164142746959e-01,-7.564333394232316543e-01,-4.862314232571949835e-01,1.570801904283443573e+00,8.053399070238268908e-05,-3.681554015753229499e-05,-3.598781924707408959e-05,-3.561026925069351104e-05,-1.151388641385732870e-04,-2.617954156658912623e-01,-2.836026004197213624e+00
-4.188123946974382505e-01,6.706301811166865967e-01,2.072079289891877174e-01,1.969092164142746959e-01,-7.564155342886063060e-01,-4.862314232571949835e-01,1.570801904283443573e+00,8.053399070238268908e-05,-3.681554015753229499e-05,-3.598781924707408959e-05,-3.561026925069351104e-05,-1.151388641385732870e-04,-2.617954156658912623e-01,-2.836026004197213624e+00
-4.188123946974382505e-01,6.706027341440211620e-01,2.071750579730083641e-01,1.969092164142746959e-01,-7.564155342886063060e-01,-4.862314232571949835e-01,1.570801904283443573e+00,8.053399070238268908e-05,-3.681554015753229499e-05,-3.598781924707408959e-05,-3.561026925069351104e-05,-1.151388641385732870e-04,-2.617954156658912623e-01,-2.836026004197213624e+00
-4.188254061425326080e-01,6.705569891895787338e-01,2.070983589352565768e-01,1.969092164142746959e-01,-7.563799240193554985e-01,-4.861930436358155028e-01,1.570801904283443573e+00,8.053399070238268908e-05,-3.681554015753229499e-05,-3.598781924707408959e-05,-3.561026925069351104e-05,-1.151388641385732870e-04,-2.617954156658912623e-01,-2.836026004197213624e+00
-4.188254061425326080e-01,6.705295422169132991e-01,2.070654879190772235e-01,1.969092164142746959e-01,-7.563621188847302612e-01,-4.861930436358155028e-01,1.570801904283443573e+00,8.053399070238268908e-05,-3.681554015753229499e-05,-3.598781924707408959e-05,-3.561026925069351104e-05,-1.151388641385732870e-04,-2.617954156658912623e-01,-2.836026004197213624e+00
-4.188384175876269655e-01,6.705020952442478643e-01,2.070216598975047340e-01,1.969092164142746959e-01,-7.563621188847302612e-01,-4.861930436358155028e-01,1.570801904283443573e+00,8.053399070238268908e-05,-3.681554015753229499e-05,-3.598781924707408959e-05,-3.561026925069351104e-05,-1.151388641385732870e-04,-2.617954156658912623e-01,-2.836026004197213624e+00
-4.188384175876269655e-01,6.704746482715823186e-01,2.069887888813253807e-01,1.969092164142746959e-01,-7.563443137501049129e-01,-4.861930436358155028e-01,1.570801904283443573e+00,8.053399070238268908e-05,-3.681554015753229499e-05,-3.598781924707408959e-05,-3.561026925069351104e-05,-1.151388641385732870e-04,-2.617954156658912623e-01,-2.836026004197213624e+00
-4.188514290327213785e-01,6.704289033171400014e-01,2.069120898435735934e-01,1.969092164142746959e-01,-7.563265086154795647e-01,-4.861930436358155028e-01,1.570801904283443573e+00,8.053399070238268908e-05,-3.681554015753229499e-05,-3.598781924707408959e-05,-3.561026925069351104e-05,-1.151388641385732870e-04,-2.617954156658912623e-01,-2.836026004197213624e+00
-4.188644404778157360e-01,6.703740093718090209e-01,2.068463478112149145e-01,1.969092164142746959e-01,-7.563087034808541054e-01,-4.861930436358155028e-01,1.570801904283443573e+00,8.053399070238268908e-05,-3.681554015753229499e-05,-3.598781924707408959e-05,-3.561026925069351104e-05,-1.151388641385732870e-04,-2.617954156658912623e-01,-2.836026004197213624e+00
-4.188644404778157360e-01,6.703282644173667038e-01,2.067696487734630995e-01,1.969092164142746959e-01,-7.562730932116035198e-01,-4.861930436358155028e-01,1.570801904283443573e+00,8.053399070238268908e-05,-3.681554015753229499e-05,-3.598781924707408959e-05,-3.561026925069351104e-05,-1.151388641385732870e-04,-2.617954156658912623e-01,-2.836026004197213624e+00
-4.188774519229100934e-01,6.703008174447012690e-01,2.067258207518906654e-01,1.969092164142746959e-01,-7.562730932116035198e-01,-4.861930436358155028e-01,1.570801904283443573e+00,8.053399070238268908e-05,-3.681554015753229499e-05,-3.598781924707408959e-05,-3.561026925069351104e-05,-1.151388641385732870e-04,-2.617954156658912623e-01,-2.836026004197213624e+00
-4.188774519229100934e-01,6.702550724902588408e-01,2.066600787195319588e-01,1.969092164142746959e-01,-7.562374829423528233e-01,-4.862314232571949835e-01,1.570801904283443573e+00,8.053399070238268908e-05,-3.681554015753229499e-05,-3.598781924707408959e-05,-3.561026925069351104e-05,-1.151388641385732870e-04,-2.617954156658912623e-01,-2.836026004197213624e+00
-4.188904633680044509e-01,6.702276255175934061e-01,2.066162506979595248e-01,1.969092164142746959e-01,-7.562374829423528233e-01,-4.862314232571949835e-01,1.570801904283443573e+00,8.053399070238268908e-05,-3.681554015753229499e-05,-3.598781924707408959e-05,-3.561026925069351104e-05,-1.151388641385732870e-04,-2.617954156658912623e-01,-2.836026004197213624e+00
-4.188904633680044509e-01,6.702001785449279714e-01,2.065833796817801715e-01,1.969092164142746959e-01,-7.562196778077274750e-01,-4.861930436358155028e-01,1.570801904283443573e+00,8.053399070238268908e-05,-3.681554015753229499e-05,-3.598781924707408959e-05,-3.561026925069351104e-05,-1.151388641385732870e-04,-2.617954156658912623e-01,-2.836026004197213624e+00
-4.188904633680044509e-01,6.701818805631509779e-01,2.065395516602077097e-01,1.969092164142746959e-01,-7.562018726731021268e-01,-4.861930436358155028e-01,1.570801904283443573e+00,8.053399070238268908e-05,-3.681554015753229499e-05,-3.598781924707408959e-05,-3.561026925069351104e-05,-1.151388641385732870e-04,-2.617954156658912623e-01,-2.836026004197213624e+00
-4.189034748130988084e-01,6.701269866178201084e-01,2.064738096278490309e-01,1.969092164142746959e-01,-7.561840675384767785e-01,-4.861930436358155028e-01,1.570801904283443573e+00,8.053399070238268908e-05,-3.681554015753229499e-05,-3.598781924707408959e-05,-3.561026925069351104e-05,-1.151388641385732870e-04,-2.617954156658912623e-01,-2.836026004197213624e+00
-4.189164862581931659e-01,6.700995396451545627e-01,2.064299816062765691e-01,1.969092164142746959e-01,-7.561840675384767785e-01,-4.861930436358155028e-01,1.570801904283443573e+00,8.053399070238268908e-05,-3.681554015753229499e-05,-3.598781924707408959e-05,-3.561026925069351104e-05,-1.151388641385732870e-04,-2.617954156658912623e-01,-2.836026004197213624e+00
-4.189164862581931659e-01,6.700537946907122455e-01,2.063642395739178903e-01,1.969092164142746959e-01,-7.561484572692260819e-01,-4.861930436358155028e-01,1.570801904283443573e+00,8.053399070238268908e-05,-3.681554015753229499e-05,-3.598781924707408959e-05,-3.561026925069351104e-05,-1.151388641385732870e-04,-2.617954156658912623e-01,-2.836026004197213624e+00
-4.189294977032875789e-01,6.700263477180468108e-01,2.063204115523454285e-01,1.969092164142746959e-01,-7.561484572692260819e-01,-4.861930436358155028e-01,1.570801904283443573e+00,8.053399070238268908e-05,-3.681554015753229499e-05,-3.598781924707408959e-05,-3.561026925069351104e-05,-1.151388641385732870e-04,-2.617954156658912623e-01,-2.836026004197213624e+00
-4.189294977032875789e-01,6.699989007453812651e-01,2.062875405361660752e-01,1.969092164142746959e-01,-7.561306521346007337e-01,-4.861930436358155028e-01,1.570801904283443573e+00,8.053399070238268908e-05,-3.681554015753229499e-05,-3.598781924707408959e-05,-3.561026925069351104e-05,-1.151388641385732870e-04,-2.617954156658912623e-01,-2.836026004197213624e+00
-4.189425091483819363e-01,6.699806027636042716e-01,2.062546695199867497e-01,1.969092164142746959e-01,-7.561128469999753854e-01,-4.861930436358155028e-01,1.570801904283443573e+00,8.053399070238268908e-05,-3.681554015753229499e-05,-3.598781924707408959e-05,-3.561026925069351104e-05,-1.151388641385732870e-04,-2.617954156658912623e-01,-2.836026004197213624e+00
-4.189425091483819363e-01,6.699257088182735131e-01,2.061779704822349346e-01,1.969092164142746959e-01,-7.560950418653500371e-01,-4.861930436358155028e-01,1.570801904283443573e+00,8.053399070238268908e-05,-3.681554015753229499e-05,-3.598781924707408959e-05,-3.561026925069351104e-05,-1.151388641385732870e-04,-2.617954156658912623e-01,-2.836026004197213624e+00
-4.189555205934762938e-01,6.699074108364964086e-01,2.061450994660556091e-01,1.969092164142746959e-01,-7.560772367307246888e-01,-4.861930436358155028e-01,1.570801904283443573e+00,8.053399070238268908e-05,-3.681554015753229499e-05,-3.598781924707408959e-05,-3.561026925069351104e-05,-1.151388641385732870e-04,-2.617954156658912623e-01,-2.836026004197213624e+00
-4.189555205934762938e-01,6.698799638638309739e-01,2.061012714444831195e-01,1.969092164142746959e-01,-7.560772367307246888e-01,-4.861546640144360221e-01,1.570801904283443573e+00,8.053399070238268908e-05,-3.681554015753229499e-05,-3.598781924707408959e-05,-3.561026925069351104e-05,-1.151388641385732870e-04,-2.617954156658912623e-01,-2.836026004197213624e+00
-4.189685320385706513e-01,6.698525168911656502e-01,2.060684004283037662e-01,1.969092164142746959e-01,-7.560594315960993406e-01,-4.861546640144360221e-01,1.570801904283443573e+00,8.053399070238268908e-05,-3.681554015753229499e-05,-3.598781924707408959e-05,-3.561026925069351104e-05,-1.151388641385732870e-04,-2.617954156658912623e-01,-2.836026004197213624e+00
-4.189685320385706513e-01,6.698067719367231110e-01,2.060026583959451152e-01,1.969092164142746959e-01,-7.560416264614741033e-01,-4.861546640144360221e-01,1.570801904283443573e+00,8.053399070238268908e-05,-3.681554015753229499e-05,-3.598781924707408959e-05,-3.561026925069351104e-05,-1.151388641385732870e-04,-2.617954156658912623e-01,-2.836026004197213624e+00
-4.189815434836650088e-01,6.697793249640576763e-01,2.059588303743726256e-01,1.969092164142746959e-01,-7.560238213268486440e-01,-4.861546640144360221e-01,1.570801904283443573e+00,8.053399070238268908e-05,-3.681554015753229499e-05,-3.598781924707408959e-05,-3.561026925069351104e-05,-1.151388641385732870e-04,-2.617954156658912623e-01,-2.836026004197213624e+00
-4.189815434836650088e-01,6.697518779913923526e-01,2.059259593581933279e-01,1.969092164142746959e-01,-7.560060161922232957e-01,-4.861546640144360221e-01,1.570801904283443573e+00,8.053399070238268908e-05,-3.681554015753229499e-05,-3.598781924707408959e-05,-3.561026925069351104e-05,-1.151388641385732870e-04,-2.617954156658912623e-01,-2.836026004197213624e+00
-4.189945549287593662e-01,6.697061330369498133e-01,2.058602173258346213e-01,1.969092164142746959e-01,-7.559882110575979475e-01,-4.861546640144360221e-01,1.570801904283443573e+00,8.053399070238268908e-05,-3.681554015753229499e-05,-3.598781924707408959e-05,-3.561026925069351104e-05,-1.151388641385732870e-04,-2.617954156658912623e-01,-2.836026004197213624e+00
-4.190075663738537237e-01,6.696603880825074961e-01,2.057835182880828340e-01,1.969092164142746959e-01,-7.559526007883472509e-01,-4.861546640144360221e-01,1.570801904283443573e+00,8.053399070238268908e-05,-3.681554015753229499e-05,-3.598781924707408959e-05,-3.561026925069351104e-05,-1.151388641385732870e-04,-2.617954156658912623e-01,-2.836026004197213624e+00
-4.190075663738537237e-01,6.696329411098419504e-01,2.057506472719034807e-01,1.969092164142746959e-01,-7.559526007883472509e-01,-4.861546640144360221e-01,1.570801904283443573e+00,8.053399070238268908e-05,-3.681554015753229499e-05,-3.598781924707408959e-05,-3.561026925069351104e-05,-1.151388641385732870e-04,-2.617954156658912623e-01,-2.836026004197213624e+00
-4.190205778189481367e-01,6.696054941371765157e-01,2.057177762557241274e-01,1.969092164142746959e-01,-7.559347956537219027e-01,-4.861162843930564303e-01,1.570801904283443573e+00,8.053399070238268908e-05,-3.681554015753229499e-05,-3.598781924707408959e-05,-3.561026925069351104e-05,-1.151388641385732870e-04,-2.617954156658912623e-01,-2.836026004197213624e+00
-4.190205778189481367e-01,6.695871961553996332e-01,2.056849052395448019e-01,1.969092164142746959e-01,-7.559347956537219027e-01,-4.861162843930564303e-01,1.570801904283443573e+00,8.053399070238268908e-05,-3.681554015753229499e-05,-3.598781924707408959e-05,-3.561026925069351104e-05,-1.151388641385732870e-04,-2.617954156658912623e-01,-2.836026004197213624e+00
-4.190205778189481367e-01,6.695597491827341985e-01,2.056410772179723401e-01,1.969092164142746959e-01,-7.559169905190965544e-01,-4.861162843930564303e-01,1.570801904283443573e+00,8.053399070238268908e-05,-3.681554015753229499e-05,-3.598781924707408959e-05,-3.561026925069351104e-05,-1.151388641385732870e-04,-2.617954156658912623e-01,-2.836026004197213624e+00
-4.190335892640424942e-01,6.695140042282916593e-01,2.055753351856136613e-01,1.969092164142746959e-01,-7.558991853844713171e-01,-4.861546640144360221e-01,1.570801904283443573e+00,8.053399070238268908e-05,-3.681554015753229499e-05,-3.598781924707408959e-05,-3.561026925069351104e-05,-1.151388641385732870e-04,-2.617954156658912623e-01,-2.836026004197213624e+00
-4.190466007091368517e-01,6.694865572556263356e-01,2.055424641694343080e-01,1.969092164142746959e-01,-7.558813802498458578e-01,-4.861546640144360221e-01,1.570801904283443573e+00,8.053399070238268908e-05,-3.681554015753229499e-05,-3.598781924707408959e-05,-3.561026925069351104e-05,-1.151388641385732870e-04,-2.617954156658912623e-01,-2.836026004197213624e+00
-4.190466007091368517e-01,6.694591102829609008e-01,2.054986361478618184e-01,1.969092164142746959e-01,-7.558635751152205096e-01,-4.861546640144360221e-01,1.570801904283443573e+00,8.053399070238268908e-05,-3.681554015753229499e-05,-3.598781924707408959e-05,-3.561026925069351104e-05,-1.151388641385732870e-04,-2.617954156658912623e-01,-2.836026004197213624e+00
-4.190596121542312091e-01,6.694133653285183616e-01,2.054328941155031674e-01,1.969092164142746959e-01,-7.558457699805951613e-01,-4.861546640144360221e-01,1.570801904283443573e+00,8.053399070238268908e-05,-3.681554015753229499e-05,-3.598781924707408959e-05,-3.561026925069351104e-05,-1.151388641385732870e-04,-2.617954156658912623e-01,-2.836026004197213624e+00
-4.190596121542312091e-01,6.693859183558529269e-01,2.054000230993238141e-01,1.969092164142746959e-01,-7.558457699805951613e-01,-4.861546640144360221e-01,1.570801904283443573e+00,8.053399070238268908e-05,-3.681554015753229499e-05,-3.598781924707408959e-05,-3.561026925069351104e-05,-1.151388641385732870e-04,-2.617954156658912623e-01,-2.836026004197213624e+00
-4.190726235993255666e-01,6.693676203740760444e-01,2.053671520831444608e-01,1.969092164142746959e-01,-7.558279648459699240e-01,-4.861546640144360221e-01,1.570801904283443573e+00,8.053399070238268908e-05,-3.681554015753229499e-05,-3.598781924707408959e-05,-3.561026925069351104e-05,-1.151388641385732870e-04,-2.617954156658912623e-01,-2.836026004197213624e+00
-4.190726235993255666e-01,6.693401734014104987e-01,2.053233240615720268e-01,1.969092164142746959e-01,-7.558101597113444647e-01,-4.861162843930564303e-01,1.570801904283443573e+00,8.053399070238268908e-05,-3.681554015753229499e-05,-3.598781924707408959e-05,-3.561026925069351104e-05,-1.151388641385732870e-04,-2.617954156658912623e-01,-2.836026004197213624e+00
-4.190856350444199241e-01,6.693127264287450640e-01,2.052904530453926735e-01,1.969092164142746959e-01,-7.557923545767191165e-01,-4.861162843930564303e-01,1.570801904283443573e+00,8.053399070238268908e-05,-3.681554015753229499e-05,-3.598781924707408959e-05,-3.561026925069351104e-05,-1.151388641385732870e-04,-2.617954156658912623e-01,-2.836026004197213624e+00
-4.190856350444199241e-01,6.692944284469681815e-01,2.052575820292133202e-01,1.969092164142746959e-01,-7.557923545767191165e-01,-4.861162843930564303e-01,1.570801904283443573e+00,8.053399070238268908e-05,-3.681554015753229499e-05,-3.598781924707408959e-05,-3.561026925069351104e-05,-1.151388641385732870e-04,-2.617954156658912623e-01,-2.836026004197213624e+00
-4.190986464895143371e-01,6.692395345016372010e-01,2.051808829914615329e-01,1.969092164142746959e-01,-7.557567443074685309e-01,-4.861162843930564303e-01,1.570801904283443573e+00,8.053399070238268908e-05,-3.681554015753229499e-05,-3.598781924707408959e-05,-3.561026925069351104e-05,-1.151388641385732870e-04,-2.617954156658912623e-01,-2.836026004197213624e+00
-4.190986464895143371e-01,6.692212365198602075e-01,2.051480119752821796e-01,1.969092164142746959e-01,-7.557567443074685309e-01,-4.861162843930564303e-01,1.570801904283443573e+00,8.053399070238268908e-05,-3.681554015753229499e-05,-3.598781924707408959e-05,-3.561026925069351104e-05,-1.151388641385732870e-04,-2.617954156658912623e-01,-2.836026004197213624e+00
-4.191116579346086946e-01,6.691663425745293381e-01,2.050822699429235008e-01,1.969092164142746959e-01,-7.557389391728430716e-01,-4.861162843930564303e-01,1.570801904283443573e+00,8.053399070238268908e-05,-3.681554015753229499e-05,-3.598781924707408959e-05,-3.561026925069351104e-05,-1.151388641385732870e-04,-2.617954156658912623e-01,-2.836026004197213624e+00
-4.191116579346086946e-01,6.691480445927523446e-01,2.050384419213510390e-01,1.968921532239441552e-01,-7.557211340382177234e-01,-4.861162843930564303e-01,1.570801904283443573e+00,8.053399070238268908e-05,-3.681554015753229499e-05,-3.598781924707408959e-05,-3.561026925069351104e-05,-1.151388641385732870e-04,-2.617954156658912623e-01,-2.836026004197213624e+00
-4.191246693797030520e-01,6.691205976200869099e-01,2.050055709051716857e-01,1.968921532239441552e-01,-7.557033289035924861e-01,-4.860779047716768941e-01,1.570801904283443573e+00,8.053399070238268908e-05,-3.681554015753229499e-05,-3.598781924707408959e-05,-3.561026925069351104e-05,-1.151388641385732870e-04,-2.617954156658912623e-01,-2.836026004197213624e+00
-4.191246693797030520e-01,6.690931506474215862e-01,2.049726998889923602e-01,1.968921532239441552e-01,-7.557033289035924861e-01,-4.860779047716768941e-01,1.570801904283443573e+00,8.053399070238268908e-05,-3.681554015753229499e-05,-3.598781924707408959e-05,-3.561026925069351104e-05,-1.151388641385732870e-04,-2.617954156658912623e-01,-2.836026004197213624e+00
-4.191376808247974095e-01,6.690474056929790470e-01,2.049069578566336536e-01,1.968921532239441552e-01,-7.556855237689671378e-01,-4.860779047716768941e-01,1.570801904283443573e+00,8.053399070238268908e-05,-3.681554015753229499e-05,-3.598781924707408959e-05,-3.561026925069351104e-05,-1.151388641385732870e-04,-2.617954156658912623e-01,-2.836026004197213624e+00
-4.191376808247974095e-01,6.690199587203136122e-01,2.048631298350612195e-01,1.968750900336136422e-01,-7.556677186343416786e-01,-4.860779047716768941e-01,1.570801904283443573e+00,8.053399070238268908e-05,-3.681554015753229499e-05,-3.598781924707408959e-05,-3.561026925069351104e-05,-1.151388641385732870e-04,-2.617954156658912623e-01,-2.836026004197213624e+00
-4.191506922698917670e-01,6.690016607385367298e-01,2.048302588188818663e-01,1.968750900336136422e-01,-7.556499134997163303e-01,-4.860779047716768941e-01,1.570801904283443573e+00,8.053399070238268908e-05,-3.681554015753229499e-05,-3.598781924707408959e-05,-3.561026925069351104e-05,-1.151388641385732870e-04,-2.617954156658912623e-01,-2.836026004197213624e+00
-4.191506922698917670e-01,6.689742137658711840e-01,2.047973878027025130e-01,1.968750900336136422e-01,-7.556321083650910930e-01,-4.860779047716768941e-01,1.570801904283443573e+00,8.053399070238268908e-05,-3.681554015753229499e-05,-3.598781924707408959e-05,-3.561026925069351104e-05,-1.151388641385732870e-04,-2.617954156658912623e-01,-2.836026004197213624e+00
-4.191637037149861245e-01,6.689284688114288668e-01,2.047316457703438342e-01,1.968580268432831015e-01,-7.556143032304657448e-01,-4.860779047716768941e-01,1.570801904283443573e+00,8.053399070238268908e-05,-3.681554015753229499e-05,-3.598781924707408959e-05,-3.561026925069351104e-05,-1.151388641385732870e-04,-2.617954156658912623e-01,-2.836026004197213624e+00
-4.191637037149861245e-01,6.689010218387633211e-01,2.046878177487713724e-01,1.968580268432831015e-01,-7.555964980958402855e-01,-4.860395251502974134e-01,1.570801904283443573e+00,8.053399070238268908e-05,-3.681554015753229499e-05,-3.598781924707408959e-05,-3.561026925069351104e-05,-1.151388641385732870e-04,-2.617954156658912623e-01,-2.836026004197213624e+00
-4.191767151600805374e-01,6.688735748660978864e-01,2.046549467325920191e-01,1.968580268432831015e-01,-7.555786929612149372e-01,-4.860779047716768941e-01,1.570801904283443573e+00,8.053399070238268908e-05,-3.681554015753229499e-05,-3.598781924707408959e-05,-3.561026925069351104e-05,-1.151388641385732870e-04,-2.617954156658912623e-01,-2.836026004197213624e+00
-4.191767151600805374e-01,6.688552768843208929e-01,2.046220757164126935e-01,1.968409636529525608e-01,-7.555786929612149372e-01,-4.860779047716768941e-01,1.570801904283443573e+00,8.053399070238268908e-05,-3.681554015753229499e-05,-3.598781924707408959e-05,-3.561026925069351104e-05,-1.151388641385732870e-04,-2.617954156658912623e-01,-2.836026004197213624e+00
-4.191897266051748949e-01,6.688003829389900234e-01,2.045563336840539870e-01,1.968239004626220479e-01,-7.555430826919643517e-01,-4.860779047716768941e-01,1.570801904283443573e+00,8.053399070238268908e-05,-3.681554015753229499e-05,-3.598781924707408959e-05,-3.561026925069351104e-05,-1.151388641385732870e-04,-2.617954156658912623e-01,-2.836026004197213624e+00
-4.191897266051748949e-01,6.687820849572130300e-01,2.045125056624815529e-01,1.968239004626220479e-01,-7.555430826919643517e-01,-4.860779047716768941e-01,1.570801904283443573e+00,8.053399070238268908e-05,-3.681554015753229499e-05,-3.598781924707408959e-05,-3.561026925069351104e-05,-1.151388641385732870e-04,-2.617954156658912623e-01,-2.836026004197213624e+00
-4.192027380502692524e-01,6.687546379845475952e-01,2.044796346463021997e-01,1.968068372722915071e-01,-7.555252775573388924e-01,-4.860779047716768941e-01,1.570801904283443573e+00,8.053399070238268908e-05,-3.681554015753229499e-05,-3.598781924707408959e-05,-3.561026925069351104e-05,-1.151388641385732870e-04,-2.617954156658912623e-01,-2.836026004197213624e+00
-4.192027380502692524e-01,6.687271910118822715e-01,2.044467636301228464e-01,1.968068372722915071e-01,-7.555074724227135441e-01,-4.860779047716768941e-01,1.570801904283443573e+00,8.053399070238268908e-05,-3.681554015753229499e-05,-3.598781924707408959e-05,-3.561026925069351104e-05,-1.151388641385732870e-04,-2.617954156658912623e-01,-2.836026004197213624e+00
-4.192157494953636099e-01,6.687088930301051670e-01,2.044138926139434931e-01,1.967727108916304812e-01,-7.555074724227135441e-01,-4.860395251502974134e-01,1.570801904283443573e+00,8.053399070238268908e-05,-3.681554015753229499e-05,-3.598781924707408959e-05,-3.561026925069351104e-05,-1.151388641385732870e-04,-2.617954156658912623e-01,-2.836026004197213624e+00
-4.192157494953636099e-01,6.686539990847742976e-01,2.043371935761917058e-01,1.967556477012999405e-01,-7.554896672880883068e-01,-4.860395251502974134e-01,1.570801904283443573e+00,8.053399070238268908e-05,-3.681554015753229499e-05,-3.598781924707408959e-05,-3.561026925069351104e-05,-1.151388641385732870e-04,-2.617954156658912623e-01,-2.836026004197213624e+00
-4.192287609404579674e-01,6.686357011029974151e-01,2.043043225600123525e-01,1.967215213206388869e-01,-7.554718621534629586e-01,-4.860395251502974134e-01,1.570801904283443573e+00,8.053399070238268908e-05,-3.681554015753229499e-05,-3.598781924707408959e-05,-3.561026925069351104e-05,-1.151388641385732870e-04,-2.617954156658912623e-01,-2.836026004197213624e+00
-4.192287609404579674e-01,6.686082541303318694e-01,2.042714515438330269e-01,1.967215213206388869e-01,-7.554540570188374993e-01,-4.860395251502974134e-01,1.570801904283443573e+00,8.053399070238268908e-05,-3.681554015753229499e-05,-3.598781924707408959e-05,-3.561026925069351104e-05,-1.151388641385732870e-04,-2.617954156658912623e-01,-2.836026004197213624e+00
-4.192417723855523248e-01,6.685808071576664346e-01,2.042385805276536737e-01,1.967044581303083461e-01,-7.554540570188374993e-01,-4.860395251502974134e-01,1.570801904283443573e+00,8.053399070238268908e-05,-3.681554015753229499e-05,-3.598781924707408959e-05,-3.561026925069351104e-05,-1.151388641385732870e-04,-2.617954156658912623e-01,-2.836026004197213624e+00
-4.192417723855523248e-01,6.685625091758895522e-01,2.042057095114743204e-01,1.966873949399778332e-01,-7.554362518842122620e-01,-4.860395251502974134e-01,1.570801904283443573e+00,8.053399070238268908e-05,-3.681554015753229499e-05,-3.598781924707408959e-05,-3.561026925069351104e-05,-1.151388641385732870e-04,-2.617954156658912623e-01,-2.836026004197213624e+00
-4.192547838306467378e-01,6.685167642214470130e-01,2.041290104737225330e-01,1.966873949399778332e-01,-7.554184467495869137e-01,-4.860011455289178217e-01,1.570801904283443573e+00,8.053399070238268908e-05,-3.681554015753229499e-05,-3.598781924707408959e-05,-3.561026925069351104e-05,-1.151388641385732870e-04,-2.617954156658912623e-01,-2.836026004197213624e+00
-4.192547838306467378e-01,6.684893172487815782e-01,2.040961394575431798e-01,1.966873949399778332e-01,-7.554006416149615655e-01,-4.860011455289178217e-01,1.570801904283443573e+00,8.053399070238268908e-05,-3.681554015753229499e-05,-3.598781924707408959e-05,-3.561026925069351104e-05,-1.151388641385732870e-04,-2.617954156658912623e-01,-2.836026004197213624e+00
-4.192677952757410953e-01,6.684618702761162545e-01,2.040632684413638265e-01,1.966703317496472925e-01,-7.554006416149615655e-01,-4.860011455289178217e-01,1.570801904283443573e+00,8.053399070238268908e-05,-3.681554015753229499e-05,-3.598781924707408959e-05,-3.561026925069351104e-05,-1.151388641385732870e-04,-2.617954156658912623e-01,-2.836026004197213624e+00
-4.192677952757410953e-01,6.684435722943391500e-01,2.040303974251845009e-01,1.966703317496472925e-01,-7.553828364803361062e-01,-4.860011455289178217e-01,1.570801904283443573e+00,8.053399070238268908e-05,-3.681554015753229499e-05,-3.598781924707408959e-05,-3.561026925069351104e-05,-1.151388641385732870e-04,-2.617954156658912623e-01,-2.836026004197213624e+00
-4.192677952757410953e-01,6.684161253216737153e-01,2.039975264090051477e-01,1.966532685593168073e-01,-7.553828364803361062e-01,-4.860011455289178217e-01,1.570801904283443573e+00,8.053399070238268908e-05,-3.681554015753229499e-05,-3.598781924707408959e-05,-3.561026925069351104e-05,-1.151388641385732870e-04,-2.617954156658912623e-01,-2.836026004197213624e+00
-4.192808067208354528e-01,6.683703803672313981e-01,2.039208273712533603e-01,1.966532685593168073e-01,-7.553472262110855207e-01,-4.859627659075383410e-01,1.570801904283443573e+00,8.053399070238268908e-05,-3.681554015753229499e-05,-3.598781924707408959e-05,-3.561026925069351104e-05,-1.151388641385732870e-04,-2.617954156658912623e-01,-2.836026004197213624e+00
-4.192938181659298102e-01,6.683429333945658524e-01,2.038879563550740071e-01,1.966362053689862666e-01,-7.553294210764601724e-01,-4.859627659075383410e-01,1.570801904283443573e+00,8.053399070238268908e-05,-3.681554015753229499e-05,-3.598781924707408959e-05,-3.561026925069351104e-05,-1.151388641385732870e-04,-2.617954156658912623e-01,-2.836026004197213624e+00
-4.192938181659298102e-01,6.683246354127888589e-01,2.038550853388946538e-01,1.966362053689862666e-01,-7.553294210764601724e-01,-4.859627659075383410e-01,1.570801904283443573e+00,8.053399070238268908e-05,-3.681554015753229499e-05,-3.598781924707408959e-05,-3.561026925069351104e-05,-1.151388641385732870e-04,-2.617954156658912623e-01,-2.836026004197213624e+00
-4.193068296110241677e-01,6.682971884401235352e-01,2.038222143227153005e-01,1.966362053689862666e-01,-7.553116159418347131e-01,-4.859627659075383410e-01,1.570801904283443573e+00,8.053399070238268908e-05,-3.681554015753229499e-05,-3.598781924707408959e-05,-3.561026925069351104e-05,-1.151388641385732870e-04,-2.617954156658912623e-01,-2.836026004197213624e+00
-4.193198410561185252e-01,6.682514434856809959e-01,2.037564722903566494e-01,1.966191421786557258e-01,-7.552938108072094758e-01,-4.859627659075383410e-01,1.570801904283443573e+00,8.053399070238268908e-05,-3.681554015753229499e-05,-3.598781924707408959e-05,-3.561026925069351104e-05,-1.151388641385732870e-04,-2.617954156658912623e-01,-2.836026004197213624e+00
-4.193198410561185252e-01,6.682239965130155612e-01,2.037236012741772961e-01,1.966191421786557258e-01,-7.552760056725841276e-01,-4.859627659075383410e-01,1.570801904283443573e+00,8.053399070238268908e-05,-3.681554015753229499e-05,-3.598781924707408959e-05,-3.561026925069351104e-05,-1.151388641385732870e-04,-2.617954156658912623e-01,-2.836026004197213624e+00
-4.193328525012128827e-01,6.682056985312386788e-01,2.036907302579979706e-01,1.966191421786557258e-01,-7.552582005379587793e-01,-4.859627659075383410e-01,1.570801904283443573e+00,8.053399070238268908e-05,-3.681554015753229499e-05,-3.598781924707408959e-05,-3.561026925069351104e-05,-1.151388641385732870e-04,-2.617954156658912623e-01,-2.836026004197213624e+00
-4.193328525012128827e-01,6.681874005494616853e-01,2.036578592418186173e-01,1.966020789883252129e-01,-7.552582005379587793e-01,-4.859243862861588048e-01,1.570801904283443573e+00,8.053399070238268908e-05,-3.681554015753229499e-05,-3.598781924707408959e-05,-3.561026925069351104e-05,-1.151388641385732870e-04,-2.617954156658912623e-01,-2.836026004197213624e+00
-4.193458639463072957e-01,6.681599535767961395e-01,2.036249882256392640e-01,1.966020789883252129e-01,-7.552403954033333200e-01,-4.859627659075383410e-01,1.570801904283443573e+00,8.053399070238268908e-05,-3.681554015753229499e-05,-3.598781924707408959e-05,-3.561026925069351104e-05,-1.151388641385732870e-04,-2.617954156658912623e-01,-2.836026004197213624e+00
-4.193458639463072957e-01,6.681142086223538223e-01,2.035592461932805852e-01,1.966020789883252129e-01,-7.552225902687080827e-01,-4.859627659075383410e-01,1.570801904283443573e+00,8.053399070238268908e-05,-3.681554015753229499e-05,-3.598781924707408959e-05,-3.561026925069351104e-05,-1.151388641385732870e-04,-2.617954156658912623e-01,-2.836026004197213624e+00
-4.193588753914016531e-01,6.680959106405768289e-01,2.035263751771012319e-01,1.965850157979946722e-01,-7.552047851340827345e-01,-4.859627659075383410e-01,1.570801904283443573e+00,8.053399070238268908e-05,-3.681554015753229499e-05,-3.598781924707408959e-05,-3.561026925069351104e-05,-1.151388641385732870e-04,-2.617954156658912623e-01,-2.836026004197213624e+00
-4.193588753914016531e-01,6.680684636679113941e-01,2.034935041609218787e-01,1.965850157979946722e-01,-7.552047851340827345e-01,-4.859627659075383410e-01,1.570801904283443573e+00,8.053399070238268908e-05,-3.681554015753229499e-05,-3.598781924707408959e-05,-3.561026925069351104e-05,-1.151388641385732870e-04,-2.617954156658912623e-01,-2.836026004197213624e+00
-4.193718868364960106e-01,6.680501656861344006e-01,2.034606331447425531e-01,1.965850157979946722e-01,-7.551869799994573862e-01,-4.859627659075383410e-01,1.570801904283443573e+00,8.053399070238268908e-05,-3.681554015753229499e-05,-3.598781924707408959e-05,-3.561026925069351104e-05,-1.151388641385732870e-04,-2.617954156658912623e-01,-2.836026004197213624e+00
-4.193718868364960106e-01,6.680227187134689659e-01,2.034277621285631998e-01,1.965850157979946722e-01,-7.551869799994573862e-01,-4.859243862861588048e-01,1.570801904283443573e+00,8.053399070238268908e-05,-3.681554015753229499e-05,-3.598781924707408959e-05,-3.561026925069351104e-05,-1.151388641385732870e-04,-2.617954156658912623e-01,-2.836026004197213624e+00
-4.193848982815903681e-01,6.679769737590265377e-01,2.033620200962044933e-01,1.965679526076641592e-01,-7.551513697302066896e-01,-4.859243862861588048e-01,1.570801904283443573e+00,8.053399070238268908e-05,-3.681554015753229499e-05,-3.598781924707408959e-05,-3.561026925069351104e-05,-1.151388641385732870e-04,-2.617954156658912623e-01,-2.836026004197213624e+00
-4.193979097266847256e-01,6.679312288045842205e-01,2.032962780638458422e-01,1.965679526076641592e-01,-7.551335645955813414e-01,-4.859243862861588048e-01,1.570801904283443573e+00,8.053399070238268908e-05,-3.681554015753229499e-05,-3.598781924707408959e-05,-3.561026925069351104e-05,-1.151388641385732870e-04,-2.617954156658912623e-01,-2.836026004197213624e+00
-4.194109211717790830e-01,6.679129308228072270e-01,2.032634070476664889e-01,1.965679526076641592e-01,-7.551335645955813414e-01,-4.859243862861588048e-01,1.570801904283443573e+00,8.053399070238268908e-05,-3.681554015753229499e-05,-3.598781924707408959e-05,-3.561026925069351104e-05,-1.151388641385732870e-04,-2.617954156658912623e-01,-2.836026004197213624e+00
-4.194109211717790830e-01,6.678854838501416813e-01,2.032305360314871356e-01,1.965679526076641592e-01,-7.551157594609559931e-01,-4.858860066647792686e-01,1.570801904283443573e+00,8.053399070238268908e-05,-3.681554015753229499e-05,-3.598781924707408959e-05,-3.561026925069351104e-05,-1.151388641385732870e-04,-2.617954156658912623e-01,-2.836026004197213624e+00
-4.194239326168734960e-01,6.678671858683647988e-01,2.031976650153078101e-01,1.965679526076641592e-01,-7.550979543263306448e-01,-4.858860066647792686e-01,1.570801904283443573e+00,8.053399070238268908e-05,-3.681554015753229499e-05,-3.598781924707408959e-05,-3.561026925069351104e-05,-1.151388641385732870e-04,-2.617954156658912623e-01,-2.836026004197213624e+00
-4.194369440619678535e-01,6.678397388956993641e-01,2.031647939991284568e-01,1.965508894173336185e-01,-7.550979543263306448e-01,-4.858860066647792686e-01,1.570801904283443573e+00,8.053399070238268908e-05,-3.681554015753229499e-05,-3.598781924707408959e-05,-3.561026925069351104e-05,-1.151388641385732870e-04,-2.617954156658912623e-01,-2.836026004197213624e+00
-4.194499555070622110e-01,6.677939939412568249e-01,2.030990519667697780e-01,1.965508894173336185e-01,-7.550623440570799483e-01,-4.858860066647792686e-01,1.570801904283443573e+00,8.053399070238268908e-05,-3.681554015753229499e-05,-3.598781924707408959e-05,-3.561026925069351104e-05,-1.151388641385732870e-04,-2.617954156658912623e-01,-2.836026004197213624e+00
-4.194499555070622110e-01,6.677756959594799424e-01,2.030771379559835332e-01,1.965508894173336185e-01,-7.550623440570799483e-01,-4.858860066647792686e-01,1.570801904283443573e+00,8.053399070238268908e-05,-3.681554015753229499e-05,-3.598781924707408959e-05,-3.561026925069351104e-05,-1.151388641385732870e-04,-2.617954156658912623e-01,-2.836026004197213624e+00
-4.194629669521565685e-01,6.677482489868145077e-01,2.030442669398042077e-01,1.965508894173336185e-01,-7.550445389224547110e-01,-4.858476270433997324e-01,1.570801904283443573e+00,8.053399070238268908e-05,-3.681554015753229499e-05,-3.598781924707408959e-05,-3.561026925069351104e-05,-1.151388641385732870e-04,-2.617954156658912623e-01,-2.836026004197213624e+00
-4.194629669521565685e-01,6.677299510050375142e-01,2.030113959236248544e-01,1.965508894173336185e-01,-7.550267337878292517e-01,-4.858476270433997324e-01,1.570801904283443573e+00,8.053399070238268908e-05,-3.681554015753229499e-05,-3.598781924707408959e-05,-3.561026925069351104e-05,-1.151388641385732870e-04,-2.617954156658912623e-01,-2.836026004197213624e+00
-4.194759783972509259e-01,6.677025040323720795e-01,2.029785249074455289e-01,1.965508894173336185e-01,-7.550267337878292517e-01,-4.858476270433997324e-01,1.570801904283443573e+00,8.053399070238268908e-05,-3.681554015753229499e-05,-3.598781924707408959e-05,-3.561026925069351104e-05,-1.151388641385732870e-04,-2.617954156658912623e-01,-2.836026004197213624e+00
-4.194889898423452834e-01,6.676567590779296513e-01,2.029127828750868223e-01,1.965338262270030778e-01,-7.549911235185785552e-01,-4.858476270433997324e-01,1.570801904283443573e+00,8.053399070238268908e-05,-3.681554015753229499e-05,-3.598781924707408959e-05,-3.561026925069351104e-05,-1.151388641385732870e-04,-2.617954156658912623e-01,-2.836026004197213624e+00
-4.194889898423452834e-01,6.676384610961527688e-01,2.028799118589074690e-01,1.965338262270030778e-01,-7.549911235185785552e-01,-4.858476270433997324e-01,1.570801904283443573e+00,8.053399070238268908e-05,-3.681554015753229499e-05,-3.598781924707408959e-05,-3.561026925069351104e-05,-1.151388641385732870e-04,-2.617954156658912623e-01,-2.836026004197213624e+00
-4.195020012874396964e-01,6.675927161417102296e-01,2.028141698265487902e-01,1.965338262270030778e-01,-7.549555132493278586e-01,-4.858092474220202517e-01,1.570801904283443573e+00,8.053399070238268908e-05,-3.681554015753229499e-05,-3.598781924707408959e-05,-3.561026925069351104e-05,-1.151388641385732870e-04,-2.617954156658912623e-01,-2.836026004197213624e+00
-4.195150127325340539e-01,6.675744181599333471e-01,2.027812988103694369e-01,1.965338262270030778e-01,-7.549555132493278586e-01,-4.858092474220202517e-01,1.570801904283443573e+00,8.053399070238268908e-05,-3.681554015753229499e-05,-3.598781924707408959e-05,-3.561026925069351104e-05,-1.151388641385732870e-04,-2.617954156658912623e-01,-2.836026004197213624e+00
-4.195280241776284114e-01,6.675469711872679124e-01,2.027484277941901114e-01,1.965338262270030778e-01,-7.549377081147025104e-01,-4.858092474220202517e-01,1.570801904283443573e+00,8.053399070238268908e-05,-3.681554015753229499e-05,-3.598781924707408959e-05,-3.561026925069351104e-05,-1.151388641385732870e-04,-2.617954156658912623e-01,-2.836026004197213624e+00
-4.195280241776284114e-01,6.675286732054909189e-01,2.027155567780107581e-01,1.965338262270030778e-01,-7.549377081147025104e-01,-4.858092474220202517e-01,1.570801904283443573e+00,8.053399070238268908e-05,-3.681554015753229499e-05,-3.598781924707408959e-05,-3.561026925069351104e-05,-1.151388641385732870e-04,-2.617954156658912623e-01,-2.836026004197213624e+00
-4.195410356227227688e-01,6.675103752237139254e-01,2.026826857618314048e-01,1.965338262270030778e-01,-7.549199029800771621e-01,-4.858092474220202517e-01,1.570801904283443573e+00,8.053399070238268908e-05,-3.681554015753229499e-05,-3.598781924707408959e-05,-3.561026925069351104e-05,-1.151388641385732870e-04,-2.617954156658912623e-01,-2.836026004197213624e+00
-4.195410356227227688e-01,6.674829282510484907e-01,2.026498147456520516e-01,1.965167630366725926e-01,-7.549020978454518138e-01,-4.858092474220202517e-01,1.570801904283443573e+00,8.053399070238268908e-05,-3.681554015753229499e-05,-3.598781924707408959e-05,-3.561026925069351104e-05,-1.151388641385732870e-04,-2.617954156658912623e-01,-2.836026004197213624e+00
-4.195540470678170708e-01,6.674371832966061735e-01,2.025840727132934005e-01,1.965167630366725926e-01,-7.548842927108264655e-01,-4.858092474220202517e-01,1.570801904283443573e+00,8.053399070238268908e-05,-3.681554015753229499e-05,-3.598781924707408959e-05,-3.561026925069351104e-05,-1.151388641385732870e-04,-2.617954156658912623e-01,-2.836026004197213624e+00
-4.195670585129114283e-01,6.674188853148290690e-01,2.025512016971140472e-01,1.965167630366725926e-01,-7.548842927108264655e-01,-4.858092474220202517e-01,1.570801904283443573e+00,8.053399070238268908e-05,-3.681554015753229499e-05,-3.598781924707408959e-05,-3.561026925069351104e-05,-1.151388641385732870e-04,-2.617954156658912623e-01,-2.836026004197213624e+00
-4.195670585129114283e-01,6.674005873330520755e-01,2.025183306809347217e-01,1.965167630366725926e-01,-7.548664875762011173e-01,-4.858092474220202517e-01,1.570801904283443573e+00,8.053399070238268908e-05,-3.681554015753229499e-05,-3.598781924707408959e-05,-3.561026925069351104e-05,-1.151388641385732870e-04,-2.617954156658912623e-01,-2.836026004197213624e+00
-4.195800699580057858e-01,6.673731403603867518e-01,2.024854596647553684e-01,1.965167630366725926e-01,-7.548486824415757690e-01,-4.857708678006407710e-01,1.570801904283443573e+00,8.053399070238268908e-05,-3.681554015753229499e-05,-3.598781924707408959e-05,-3.561026925069351104e-05,-1.151388641385732870e-04,-2.617954156658912623e-01,-2.836026004197213624e+00
-4.195800699580057858e-01,6.673548423786097583e-01,2.024525886485760151e-01,1.965167630366725926e-01,-7.548486824415757690e-01,-4.857708678006407710e-01,1.570801904283443573e+00,8.053399070238268908e-05,-3.681554015753229499e-05,-3.598781924707408959e-05,-3.561026925069351104e-05,-1.151388641385732870e-04,-2.617954156658912623e-01,-2.836026004197213624e+00
-4.195930814031001987e-01,6.673273954059442126e-01,2.024197176323966618e-01,1.965167630366725926e-01,-7.548308773069504207e-01,-4.857708678006407710e-01,1.570801904283443573e+00,8.053399070238268908e-05,-3.681554015753229499e-05,-3.598781924707408959e-05,-3.561026925069351104e-05,-1.151388641385732870e-04,-2.617954156658912623e-01,-2.836026004197213624e+00
-4.195930814031001987e-01,6.673090974241673301e-01,2.023868466162173363e-01,1.965167630366725926e-01,-7.548130721723250725e-01,-4.857708678006407710e-01,1.570801904283443573e+00,8.053399070238268908e-05,-3.681554015753229499e-05,-3.598781924707408959e-05,-3.561026925069351104e-05,-1.151388641385732870e-04,-2.617954156658912623e-01,-2.836026004197213624e+00
-4.196191042932889137e-01,6.672633524697249019e-01,2.023211045838586297e-01,1.964996998463420519e-01,-7.547952670376997242e-01,-4.857708678006407710e-01,1.570801904283443573e+00,8.053399070238268908e-05,-3.681554015753229499e-05,-3.598781924707408959e-05,-3.561026925069351104e-05,-1.151388641385732870e-04,-2.617954156658912623e-01,-2.836026004197213624e+00
-4.196191042932889137e-01,6.672359054970594672e-01,2.022882335676793042e-01,1.964996998463420519e-01,-7.547952670376997242e-01,-4.857324881792611793e-01,1.570801904283443573e+00,8.053399070238268908e-05,-3.681554015753229499e-05,-3.598781924707408959e-05,-3.561026925069351104e-05,-1.151388641385732870e-04,-2.617954156658912623e-01,-2.836026004197213624e+00
-4.196321157383832712e-01,6.672176075152824737e-01,2.022553625514999509e-01,1.964996998463420519e-01,-7.547774619030743759e-01,-4.857324881792611793e-01,1.570801904283443573e+00,8.053399070238268908e-05,-3.681554015753229499e-05,-3.598781924707408959e-05,-3.561026925069351104e-05,-1.151388641385732870e-04,-2.617954156658912623e-01,-2.836026004197213624e+00
-4.196321157383832712e-01,6.671901605426170390e-01,2.022224915353205976e-01,1.964996998463420519e-01,-7.547774619030743759e-01,-4.857324881792611793e-01,1.570801904283443573e+00,8.053399070238268908e-05,-3.681554015753229499e-05,-3.598781924707408959e-05,-3.561026925069351104e-05,-1.151388641385732870e-04,-2.617954156658912623e-01,-2.836026004197213624e+00
-4.196451271834776287e-01,6.671718625608401565e-01,2.021896205191412443e-01,1.964996998463420519e-01,-7.547596567684490276e-01,-4.857324881792611793e-01,1.570801904283443573e+00,8.053399070238268908e-05,-3.681554015753229499e-05,-3.598781924707408959e-05,-3.561026925069351104e-05,-1.151388641385732870e-04,-2.617954156658912623e-01,-2.836026004197213624e+00
-4.196581386285719861e-01,6.671261176063976173e-01,2.021348354921757018e-01,1.964996998463420519e-01,-7.547418516338236794e-01,-4.857324881792611793e-01,1.570801904283443573e+00,8.053399070238268908e-05,-3.681554015753229499e-05,-3.598781924707408959e-05,-3.561026925069351104e-05,-1.151388641385732870e-04,-2.617954156658912623e-01,-2.836026004197213624e+00
-4.196581386285719861e-01,6.671078196246207348e-01,2.021019644759963485e-01,1.964996998463420519e-01,-7.547240464991983311e-01,-4.856941085578816431e-01,1.570801904283443573e+00,8.053399070238268908e-05,-3.681554015753229499e-05,-3.598781924707408959e-05,-3.561026925069351104e-05,-1.151388641385732870e-04,-2.617954156658912623e-01,-2.836026004197213624e+00
-4.196711500736663436e-01,6.670803726519553001e-01,2.020690934598169952e-01,1.964996998463420519e-01,-7.547240464991983311e-01,-4.856941085578816431e-01,1.570801904283443573e+00,8.053399070238268908e-05,-3.681554015753229499e-05,-3.598781924707408959e-05,-3.561026925069351104e-05,-1.151388641385732870e-04,-2.617954156658912623e-01,-2.836026004197213624e+00
-4.196841615187607566e-01,6.670346276975127608e-01,2.020033514274583164e-01,1.964826366560115389e-01,-7.546884362299476345e-01,-4.856941085578816431e-01,1.570801904283443573e+00,8.053399070238268908e-05,-3.681554015753229499e-05,-3.598781924707408959e-05,-3.561026925069351104e-05,-1.151388641385732870e-04,-2.617954156658912623e-01,-2.836026004197213624e+00
-4.196841615187607566e-01,6.670163297157358784e-01,2.019704804112789631e-01,1.964826366560115389e-01,-7.546884362299476345e-01,-4.856941085578816431e-01,1.570801904283443573e+00,8.053399070238268908e-05,-3.681554015753229499e-05,-3.598781924707408959e-05,-3.561026925069351104e-05,-1.151388641385732870e-04,-2.617954156658912623e-01,-2.836026004197213624e+00
-4.196971729638551141e-01,6.669888827430704437e-01,2.019376093950996376e-01,1.964826366560115389e-01,-7.546706310953222863e-01,-4.856557289365021624e-01,1.570801904283443573e+00,8.053399070238268908e-05,-3.681554015753229499e-05,-3.598781924707408959e-05,-3.561026925069351104e-05,-1.151388641385732870e-04,-2.617954156658912623e-01,-2.836026004197213624e+00
-4.197101844089494715e-01,6.669705847612935612e-01,2.019047383789203121e-01,1.964826366560115389e-01,-7.546706310953222863e-01,-4.856557289365021624e-01,1.570801904283443573e+00,8.053399070238268908e-05,-3.681554015753229499e-05,-3.598781924707408959e-05,-3.561026925069351104e-05,-1.151388641385732870e-04,-2.617954156658912623e-01,-2.836026004197213624e+00
-4.197101844089494715e-01,6.669431377886280154e-01,2.018718673627409588e-01,1.964826366560115389e-01,-7.546528259606969380e-01,-4.856557289365021624e-01,1.570801904283443573e+00,8.053399070238268908e-05,-3.681554015753229499e-05,-3.598781924707408959e-05,-3.561026925069351104e-05,-1.151388641385732870e-04,-2.617954156658912623e-01,-2.836026004197213624e+00
-4.197231958540438290e-01,6.669248398068510220e-01,2.018499533519547140e-01,1.964826366560115389e-01,-7.546350208260717007e-01,-4.856557289365021624e-01,1.570801904283443573e+00,8.053399070238268908e-05,-3.681554015753229499e-05,-3.598781924707408959e-05,-3.561026925069351104e-05,-1.151388641385732870e-04,-2.617954156658912623e-01,-2.836026004197213624e+00
-4.197362072991381865e-01,6.668790948524087048e-01,2.017842113195960352e-01,1.964826366560115389e-01,-7.546172156914462414e-01,-4.856173493151225706e-01,1.570801904283443573e+00,8.053399070238268908e-05,-3.681554015753229499e-05,-3.598781924707408959e-05,-3.561026925069351104e-05,-1.151388641385732870e-04,-2.617954156658912623e-01,-2.836026004197213624e+00
-4.197362072991381865e-01,6.668607968706316003e-01,2.017513403034166819e-01,1.964826366560115389e-01,-7.545994105568208932e-01,-4.856173493151225706e-01,1.570801904283443573e+00,8.053399070238268908e-05,-3.681554015753229499e-05,-3.598781924707408959e-05,-3.561026925069351104e-05,-1.151388641385732870e-04,-2.617954156658912623e-01,-2.836026004197213624e+00
-4.197492187442325440e-01,6.668150519161892831e-01,2.016855982710580031e-01,1.964826366560115389e-01,-7.545816054221955449e-01,-4.856173493151225706e-01,1.570801904283443573e+00,8.053399070238268908e-05,-3.681554015753229499e-05,-3.598781924707408959e-05,-3.561026925069351104e-05,-1.151388641385732870e-04,-2.617954156658912623e-01,-2.836026004197213624e+00
-4.197622301893269570e-01,6.667967539344122896e-01,2.016527272548786498e-01,1.964655734656809982e-01,-7.545816054221955449e-01,-4.856173493151225706e-01,1.570801904283443573e+00,8.053399070238268908e-05,-3.681554015753229499e-05,-3.598781924707408959e-05,-3.561026925069351104e-05,-1.151388641385732870e-04,-2.617954156658912623e-01,-2.836026004197213624e+00
-4.197622301893269570e-01,6.667693069617467438e-01,2.016198562386992965e-01,1.964655734656809982e-01,-7.545638002875703076e-01,-4.856557289365021624e-01,1.570801904283443573e+00,8.053399070238268908e-05,-3.681554015753229499e-05,-3.598781924707408959e-05,-3.561026925069351104e-05,-1.151388641385732870e-04,-2.617954156658912623e-01,-2.836026004197213624e+00
-4.197752416344213144e-01,6.667510089799698614e-01,2.015869852225199987e-01,1.964655734656809982e-01,-7.545459951529448483e-01,-4.856173493151225706e-01,1.570801904283443573e+00,8.053399070238268908e-05,-3.681554015753229499e-05,-3.598781924707408959e-05,-3.561026925069351104e-05,-1.151388641385732870e-04,-2.617954156658912623e-01,-2.836026004197213624e+00
-4.197752416344213144e-01,6.667235620073044267e-01,2.015541142063406455e-01,1.964655734656809982e-01,-7.545459951529448483e-01,-4.856173493151225706e-01,1.570801904283443573e+00,8.053399070238268908e-05,-3.681554015753229499e-05,-3.598781924707408959e-05,-3.561026925069351104e-05,-1.151388641385732870e-04,-2.617954156658912623e-01,-2.836026004197213624e+00
-4.197882530795156719e-01,6.666778170528619984e-01,2.014883721739819389e-01,1.964655734656809982e-01,-7.545281900183195001e-01,-4.856173493151225706e-01,1.570801904283443573e+00,8.053399070238268908e-05,-3.681554015753229499e-05,-3.598781924707408959e-05,-3.561026925069351104e-05,-1.151388641385732870e-04,-2.617954156658912623e-01,-2.836026004197213624e+00
-4.198012645246100294e-01,6.666595190710850050e-01,2.014555011578026134e-01,1.964655734656809982e-01,-7.545103848836941518e-01,-4.856173493151225706e-01,1.570801904283443573e+00,8.053399070238268908e-05,-3.681554015753229499e-05,-3.598781924707408959e-05,-3.561026925069351104e-05,-1.151388641385732870e-04,-2.617954156658912623e-01,-2.836026004197213624e+00
-4.198142759697043869e-01,6.666320720984195702e-01,2.014226301416232601e-01,1.964655734656809982e-01,-7.544925797490689146e-01,-4.855789696937430899e-01,1.570801904283443573e+00,8.053399070238268908e-05,-3.681554015753229499e-05,-3.598781924707408959e-05,-3.561026925069351104e-05,-1.151388641385732870e-04,-2.617954156658912623e-01,-2.836026004197213624e+00
-4.198272874147987443e-01,6.665863271439771420e-01,2.013568881092645535e-01,1.964655734656809982e-01,-7.544747746144434553e-01,-4.855789696937430899e-01,1.570801904283443573e+00,8.053399070238268908e-05,-3.681554015753229499e-05,-3.598781924707408959e-05,-3.561026925069351104e-05,-1.151388641385732870e-04,-2.617954156658912623e-01,-2.836026004197213624e+00
-4.198272874147987443e-01,6.665680291622001485e-01,2.013240170930852280e-01,1.964655734656809982e-01,-7.544747746144434553e-01,-4.855789696937430899e-01,1.570801904283443573e+00,8.053399070238268908e-05,-3.681554015753229499e-05,-3.598781924707408959e-05,-3.561026925069351104e-05,-1.151388641385732870e-04,-2.617954156658912623e-01,-2.836026004197213624e+00
-4.198402988598931573e-01,6.665222842077578314e-01,2.012582750607265214e-01,1.964485102753504575e-01,-7.544569694798181070e-01,-4.855405900723636092e-01,1.570801904283443573e+00,8.053399070238268908e-05,-3.681554015753229499e-05,-3.598781924707408959e-05,-3.561026925069351104e-05,-1.151388641385732870e-04,-2.617954156658912623e-01,-2.836026004197213624e+00
-4.198533103049875148e-01,6.664765392533154031e-01,2.012034900337609789e-01,1.964485102753504575e-01,-7.544213592105675215e-01,-4.855405900723636092e-01,1.570801904283443573e+00,8.053399070238268908e-05,-3.681554015753229499e-05,-3.598781924707408959e-05,-3.561026925069351104e-05,-1.151388641385732870e-04,-2.617954156658912623e-01,-2.836026004197213624e+00
-4.198663217500818723e-01,6.664490922806499684e-01,2.011706190175816256e-01,1.964485102753504575e-01,-7.544213592105675215e-01,-4.855405900723636092e-01,1.570801904283443573e+00,8.053399070238268908e-05,-3.681554015753229499e-05,-3.598781924707408959e-05,-3.561026925069351104e-05,-1.151388641385732870e-04,-2.617954156658912623e-01,-2.836026004197213624e+00
-4.198663217500818723e-01,6.664307942988729749e-01,2.011377480014022723e-01,1.964485102753504575e-01,-7.544035540759420622e-01,-4.855022104509840730e-01,1.570801904283443573e+00,8.053399070238268908e-05,-3.681554015753229499e-05,-3.598781924707408959e-05,-3.561026925069351104e-05,-1.151388641385732870e-04,-2.617954156658912623e-01,-2.836026004197213624e+00
-4.198793331951762298e-01,6.664033473262074292e-01,2.011048769852229468e-01,1.964485102753504575e-01,-7.543857489413167139e-01,-4.855022104509840730e-01,1.570801904283443573e+00,8.053399070238268908e-05,-3.681554015753229499e-05,-3.598781924707408959e-05,-3.561026925069351104e-05,-1.151388641385732870e-04,-2.617954156658912623e-01,-2.836026004197213624e+00
-4.198793331951762298e-01,6.663850493444305467e-01,2.010720059690435935e-01,1.964485102753504575e-01,-7.543857489413167139e-01,-4.855022104509840730e-01,1.570801904283443573e+00,8.053399070238268908e-05,-3.681554015753229499e-05,-3.598781924707408959e-05,-3.561026925069351104e-05,-1.151388641385732870e-04,-2.617954156658912623e-01,-2.836026004197213624e+00
-4.198923446402705872e-01,6.663667513626535532e-01,2.010391349528642402e-01,1.964485102753504575e-01,-7.543679438066914766e-01,-4.855022104509840730e-01,1.570801904283443573e+00,8.053399070238268908e-05,-3.681554015753229499e-05,-3.598781924707408959e-05,-3.561026925069351104e-05,-1.151388641385732870e-04,-2.617954156658912623e-01,-2.836026004197213624e+00
-4.198923446402705872e-01,6.663393043899881185e-01,2.010062639366848869e-01,1.964485102753504575e-01,-7.543501386720661284e-01,-4.855022104509840730e-01,1.570801904283443573e+00,8.053399070238268908e-05,-3.681554015753229499e-05,-3.598781924707408959e-05,-3.561026925069351104e-05,-1.151388641385732870e-04,-2.617954156658912623e-01,-2.836026004197213624e+00
-4.199053560853649447e-01,6.663210064082111250e-01,2.009733929205055614e-01,1.964485102753504575e-01,-7.543501386720661284e-01,-4.854638308296044813e-01,1.570801904283443573e+00,8.053399070238268908e-05,-3.681554015753229499e-05,-3.598781924707408959e-05,-3.561026925069351104e-05,-1.151388641385732870e-04,-2.617954156658912623e-01,-2.836026004197213624e+00
-4.199053560853649447e-01,6.663027084264341315e-01,2.009405219043262081e-01,1.964485102753504575e-01,-7.543323335374406691e-01,-4.854638308296044813e-01,1.570801904283443573e+00,8.053399070238268908e-05,-3.681554015753229499e-05,-3.598781924707408959e-05,-3.561026925069351104e-05,-1.151388641385732870e-04,-2.617954156658912623e-01,-2.836026004197213624e+00
-4.199183675304593022e-01,6.662752614537688078e-01,2.009186078935399911e-01,1.964485102753504575e-01,-7.543145284028153208e-01,-4.854638308296044813e-01,1.570801904283443573e+00,8.053399070238268908e-05,-3.681554015753229499e-05,-3.598781924707408959e-05,-3.561026925069351104e-05,-1.151388641385732870e-04,-2.617954156658912623e-01,-2.836026004197213624e+00
-4.199313789755537152e-01,6.662386654902148209e-01,2.008528658611813122e-01,1.964314470850199446e-01,-7.542967232681900835e-01,-4.854638308296044813e-01,1.570801904283443573e+00,8.053399070238268908e-05,-3.681554015753229499e-05,-3.598781924707408959e-05,-3.561026925069351104e-05,-1.151388641385732870e-04,-2.617954156658912623e-01,-2.836026004197213624e+00
-4.199443904206480727e-01,6.662112185175493861e-01,2.008199948450019590e-01,1.964314470850199446e-01,-7.542967232681900835e-01,-4.854254512082250006e-01,1.570801904283443573e+00,8.053399070238268908e-05,-3.681554015753229499e-05,-3.598781924707408959e-05,-3.561026925069351104e-05,-1.151388641385732870e-04,-2.617954156658912623e-01,-2.836026004197213624e+00
-4.199443904206480727e-01,6.661929205357723927e-01,2.007871238288226057e-01,1.964314470850199446e-01,-7.542789181335647353e-01,-4.854254512082250006e-01,1.570801904283443573e+00,8.053399070238268908e-05,-3.681554015753229499e-05,-3.598781924707408959e-05,-3.561026925069351104e-05,-1.151388641385732870e-04,-2.617954156658912623e-01,-2.836026004197213624e+00
-4.199574018657424301e-01,6.661654735631069579e-01,2.007542528126432801e-01,1.964314470850199446e-01,-7.542611129989392760e-01,-4.854254512082250006e-01,1.570801904283443573e+00,8.053399070238268908e-05,-3.681554015753229499e-05,-3.598781924707408959e-05,-3.561026925069351104e-05,-1.151388641385732870e-04,-2.617954156658912623e-01,-2.836026004197213624e+00
-4.199704133108367876e-01,6.661288775995529710e-01,2.006885107802845736e-01,1.964314470850199446e-01,-7.542433078643139277e-01,-4.853870715868455199e-01,1.570801904283443573e+00,8.053399070238268908e-05,-3.681554015753229499e-05,-3.598781924707408959e-05,-3.561026925069351104e-05,-1.151388641385732870e-04,-2.617954156658912623e-01,-2.836026004197213624e+00
-4.199704133108367876e-01,6.661014306268875362e-01,2.006556397641052203e-01,1.964314470850199446e-01,-7.542433078643139277e-01,-4.853870715868455199e-01,1.570801904283443573e+00,8.053399070238268908e-05,-3.681554015753229499e-05,-3.598781924707408959e-05,-3.561026925069351104e-05,-1.151388641385732870e-04,-2.617954156658912623e-01,-2.836026004197213624e+00
-4.199834247559311451e-01,6.660831326451106538e-01,2.006337257533190310e-01,1.964314470850199446e-01,-7.542255027296886905e-01,-4.854254512082250006e-01,1.570801904283443573e+00,8.053399070238268908e-05,-3.681554015753229499e-05,-3.598781924707408959e-05,-3.561026925069351104e-05,-1.151388641385732870e-04,-2.617954156658912623e-01,-2.836026004197213624e+00
-4.199964362010255026e-01,6.660648346633336603e-01,2.006008547371396777e-01,1.964314470850199446e-01,-7.542076975950633422e-01,-4.854254512082250006e-01,1.570801904283443573e+00,8.053399070238268908e-05,-3.681554015753229499e-05,-3.598781924707408959e-05,-3.561026925069351104e-05,-1.151388641385732870e-04,-2.617954156658912623e-01,-2.836026004197213624e+00
-4.199964362010255026e-01,6.660465366815567778e-01,2.005679837209603245e-01,1.964314470850199446e-01,-7.542076975950633422e-01,-4.853870715868455199e-01,1.570801904283443573e+00,8.053399070238268908e-05,-3.681554015753229499e-05,-3.598781924707408959e-05,-3.561026925069351104e-05,-1.151388641385732870e-04,-2.617954156658912623e-01,-2.836026004197213624e+00
-4.200094476461199156e-01,6.660007917271142386e-01,2.005022416886016456e-01,1.964143838946894038e-01,-7.541898924604378829e-01,-4.853870715868455199e-01,1.570801904283443573e+00,8.053399070238268908e-05,-3.681554015753229499e-05,-3.598781924707408959e-05,-3.561026925069351104e-05,-1.151388641385732870e-04,-2.617954156658912623e-01,-2.836026004197213624e+00
-4.200224590912142730e-01,6.659550467726719214e-01,2.004474566616360753e-01,1.964143838946894038e-01,-7.541720873258126456e-01,-4.853870715868455199e-01,1.570801904283443573e+00,8.053399070238268908e-05,-3.681554015753229499e-05,-3.598781924707408959e-05,-3.561026925069351104e-05,-1.151388641385732870e-04,-2.617954156658912623e-01,-2.836026004197213624e+00
-4.200354705363086305e-01,6.659367487908948169e-01,2.004145856454567221e-01,1.964143838946894038e-01,-7.541542821911872974e-01,-4.853486919654659282e-01,1.570801904283443573e+00,8.053399070238268908e-05,-3.681554015753229499e-05,-3.598781924707408959e-05,-3.561026925069351104e-05,-1.151388641385732870e-04,-2.617954156658912623e-01,-2.836026004197213624e+00
-4.200484819814029880e-01,6.659184508091179344e-01,2.003817146292773965e-01,1.964143838946894038e-01,-7.541364770565619491e-01,-4.853486919654659282e-01,1.570801904283443573e+00,8.053399070238268908e-05,-3.681554015753229499e-05,-3.598781924707408959e-05,-3.561026925069351104e-05,-1.151388641385732870e-04,-2.617954156658912623e-01,-2.836026004197213624e+00
-4.200614934264973455e-01,6.658727058546755062e-01,2.003269296023117985e-01,1.964143838946894038e-01,-7.541186719219364898e-01,-4.853486919654659282e-01,1.570801904283443573e+00,8.053399070238268908e-05,-3.681554015753229499e-05,-3.598781924707408959e-05,-3.561026925069351104e-05,-1.151388641385732870e-04,-2.617954156658912623e-01,-2.836026004197213624e+00
-4.200614934264973455e-01,6.658544078728985127e-01,2.002940585861324729e-01,1.964143838946894038e-01,-7.541186719219364898e-01,-4.853486919654659282e-01,1.570801904283443573e+00,8.053399070238268908e-05,-3.681554015753229499e-05,-3.598781924707408959e-05,-3.561026925069351104e-05,-1.151388641385732870e-04,-2.617954156658912623e-01,-2.836026004197213624e+00
-4.200745048715917029e-01,6.658361098911215192e-01,2.002721445753462559e-01,1.964143838946894038e-01,-7.541008667873112525e-01,-4.853103123440864475e-01,1.570801904283443573e+00,8.053399070238268908e-05,-3.681554015753229499e-05,-3.598781924707408959e-05,-3.561026925069351104e-05,-1.151388641385732870e-04,-2.617954156658912623e-01,-2.836026004197213624e+00
-4.200745048715917029e-01,6.658178119093446368e-01,2.002392735591669026e-01,1.963973207043588631e-01,-7.541008667873112525e-01,-4.853103123440864475e-01,1.570801904283443573e+00,8.053399070238268908e-05,-3.681554015753229499e-05,-3.598781924707408959e-05,-3.561026925069351104e-05,-1.151388641385732870e-04,-2.617954156658912623e-01,-2.836026004197213624e+00
-4.201005277617804734e-01,6.657720669549020975e-01,2.001844885322013046e-01,1.963973207043588631e-01,-7.540652565180605560e-01,-4.853103123440864475e-01,1.570801904283443573e+00,8.053399070238268908e-05,-3.681554015753229499e-05,-3.598781924707408959e-05,-3.561026925069351104e-05,-1.151388641385732870e-04,-2.617954156658912623e-01,-2.836026004197213624e+00
-4.201005277617804734e-01,6.657537689731252151e-01,2.001516175160219790e-01,1.963973207043588631e-01,-7.540652565180605560e-01,-4.852719327227069113e-01,1.570801904283443573e+00,8.053399070238268908e-05,-3.681554015753229499e-05,-3.598781924707408959e-05,-3.561026925069351104e-05,-1.151388641385732870e-04,-2.617954156658912623e-01,-2.836026004197213624e+00
-4.201135392068748309e-01,6.657354709913482216e-01,2.001187464998426258e-01,1.963973207043588631e-01,-7.540474513834350967e-01,-4.852719327227069113e-01,1.570801904283443573e+00,8.053399070238268908e-05,-3.681554015753229499e-05,-3.598781924707408959e-05,-3.561026925069351104e-05,-1.151388641385732870e-04,-2.617954156658912623e-01,-2.836026004197213624e+00
-4.201135392068748309e-01,6.657171730095713391e-01,2.000968324890564087e-01,1.963973207043588631e-01,-7.540474513834350967e-01,-4.852719327227069113e-01,1.570801904283443573e+00,8.053399070238268908e-05,-3.681554015753229499e-05,-3.598781924707408959e-05,-3.561026925069351104e-05,-1.151388641385732870e-04,-2.617954156658912623e-01,-2.836026004197213624e+00
-4.201265506519691884e-01,6.656897260369059044e-01,2.000639614728770554e-01,1.963973207043588631e-01,-7.540296462488098594e-01,-4.852719327227069113e-01,1.570801904283443573e+00,8.053399070238268908e-05,-3.681554015753229499e-05,-3.598781924707408959e-05,-3.561026925069351104e-05,-1.151388641385732870e-04,-2.617954156658912623e-01,-2.836026004197213624e+00
-4.201395620970635458e-01,6.656531300733519174e-01,2.000091764459114851e-01,1.963802575140283779e-01,-7.540118411141845112e-01,-4.852335531013274306e-01,1.570801904283443573e+00,8.053399070238268908e-05,-3.681554015753229499e-05,-3.598781924707408959e-05,-3.561026925069351104e-05,-1.151388641385732870e-04,-2.617954156658912623e-01,-2.836026004197213624e+00
-4.201525735421579033e-01,6.656348320915749239e-01,1.999763054297321319e-01,1.963802575140283779e-01,-7.539940359795591629e-01,-4.852335531013274306e-01,1.570801904283443573e+00,8.053399070238268908e-05,-3.681554015753229499e-05,-3.598781924707408959e-05,-3.561026925069351104e-05,-1.151388641385732870e-04,-2.617954156658912623e-01,-2.836026004197213624e+00
-4.201655849872522608e-01,6.656165341097980415e-01,1.999543914189459148e-01,1.963802575140283779e-01,-7.539940359795591629e-01,-4.852335531013274306e-01,1.570801904283443573e+00,8.053399070238268908e-05,-3.681554015753229499e-05,-3.598781924707408959e-05,-3.561026925069351104e-05,-1.151388641385732870e-04,-2.617954156658912623e-01,-2.836026004197213624e+00
-4.201655849872522608e-01,6.655982361280210480e-01,1.999215204027665893e-01,1.963802575140283779e-01,-7.539762308449337036e-01,-4.852335531013274306e-01,1.570801904283443573e+00,8.053399070238268908e-05,-3.681554015753229499e-05,-3.598781924707408959e-05,-3.561026925069351104e-05,-1.151388641385732870e-04,-2.617954156658912623e-01,-2.836026004197213624e+00
-4.201785964323466738e-01,6.655524911735786198e-01,1.998667353758009912e-01,1.963802575140283779e-01,-7.539584257103084663e-01,-4.851951734799478388e-01,1.570801904283443573e+00,8.053399070238268908e-05,-3.681554015753229499e-05,-3.598781924707408959e-05,-3.561026925069351104e-05,-1.151388641385732870e-04,-2.617954156658912623e-01,-2.836026004197213624e+00
-4.201916078774410312e-01,6.655341931918016263e-01,1.998338643596216380e-01,1.963802575140283779e-01,-7.539584257103084663e-01,-4.851951734799478388e-01,1.570801904283443573e+00,8.053399070238268908e-05,-3.681554015753229499e-05,-3.598781924707408959e-05,-3.561026925069351104e-05,-1.151388641385732870e-04,-2.617954156658912623e-01,-2.836026004197213624e+00
-4.202046193225353887e-01,6.655158952100247438e-01,1.998119503488354487e-01,1.963802575140283779e-01,-7.539406205756831181e-01,-4.851951734799478388e-01,1.570801904283443573e+00,8.053399070238268908e-05,-3.681554015753229499e-05,-3.598781924707408959e-05,-3.561026925069351104e-05,-1.151388641385732870e-04,-2.617954156658912623e-01,-2.836026004197213624e+00
-4.202046193225353887e-01,6.654975972282477503e-01,1.997790793326560954e-01,1.963631943236978372e-01,-7.539406205756831181e-01,-4.851567938585683581e-01,1.570801904283443573e+00,8.053399070238268908e-05,-3.681554015753229499e-05,-3.598781924707408959e-05,-3.561026925069351104e-05,-1.151388641385732870e-04,-2.617954156658912623e-01,-2.836026004197213624e+00
-4.202176307676297462e-01,6.654518522738053221e-01,1.997242943056904974e-01,1.963631943236978372e-01,-7.539228154410577698e-01,-4.851567938585683581e-01,1.570801904283443573e+00,8.053399070238268908e-05,-3.681554015753229499e-05,-3.598781924707408959e-05,-3.561026925069351104e-05,-1.151388641385732870e-04,-2.617954156658912623e-01,-2.836026004197213624e+00
-4.202306422127241037e-01,6.654335542920283286e-01,1.996914232895111718e-01,1.963631943236978372e-01,-7.539050103064323105e-01,-4.851951734799478388e-01,1.570801904283443573e+00,8.053399070238268908e-05,-3.681554015753229499e-05,-3.598781924707408959e-05,-3.561026925069351104e-05,-1.151388641385732870e-04,-2.617954156658912623e-01,-2.836026004197213624e+00
-4.202436536578184612e-01,6.654152563102514462e-01,1.996695092787249548e-01,1.963631943236978372e-01,-7.539050103064323105e-01,-4.851567938585683581e-01,1.570801904283443573e+00,8.053399070238268908e-05,-3.681554015753229499e-05,-3.598781924707408959e-05,-3.561026925069351104e-05,-1.151388641385732870e-04,-2.617954156658912623e-01,-2.836026004197213624e+00
-4.202436536578184612e-01,6.653969583284743416e-01,1.996366382625456015e-01,1.963631943236978372e-01,-7.538872051718070733e-01,-4.851567938585683581e-01,1.570801904283443573e+00,8.053399070238268908e-05,-3.681554015753229499e-05,-3.598781924707408959e-05,-3.561026925069351104e-05,-1.151388641385732870e-04,-2.617954156658912623e-01,-2.836026004197213624e+00
-4.202566651029128741e-01,6.653786603466973482e-01,1.996037672463662482e-01,1.963631943236978372e-01,-7.538872051718070733e-01,-4.851567938585683581e-01,1.570801904283443573e+00,8.053399070238268908e-05,-3.681554015753229499e-05,-3.598781924707408959e-05,-3.561026925069351104e-05,-1.151388641385732870e-04,-2.617954156658912623e-01,-2.836026004197213624e+00
-4.202696765480072316e-01,6.653329153922550310e-01,1.995489822194006779e-01,1.963461311333673243e-01,-7.538694000371817250e-01,-4.851567938585683581e-01,1.570801904283443573e+00,8.053399070238268908e-05,-3.681554015753229499e-05,-3.598781924707408959e-05,-3.561026925069351104e-05,-1.151388641385732870e-04,-2.617954156658912623e-01,-2.836026004197213624e+00
-4.202826879931015891e-01,6.652963194287010440e-01,1.994941971924351076e-01,1.963461311333673243e-01,-7.538515949025563767e-01,-4.851184142371888219e-01,1.570801904283443573e+00,8.053399070238268908e-05,-3.681554015753229499e-05,-3.598781924707408959e-05,-3.561026925069351104e-05,-1.151388641385732870e-04,-2.617954156658912623e-01,-2.836026004197213624e+00
-4.202956994381959466e-01,6.652780214469240505e-01,1.994613261762557821e-01,1.963461311333673243e-01,-7.538337897679310284e-01,-4.851184142371888219e-01,1.570801904283443573e+00,8.053399070238268908e-05,-3.681554015753229499e-05,-3.598781924707408959e-05,-3.561026925069351104e-05,-1.151388641385732870e-04,-2.617954156658912623e-01,-2.836026004197213624e+00
-4.203087108832903041e-01,6.652505744742587268e-01,1.994394121654695373e-01,1.963461311333673243e-01,-7.538159846333056802e-01,-4.851184142371888219e-01,1.570801904283443573e+00,8.053399070238268908e-05,-3.681554015753229499e-05,-3.598781924707408959e-05,-3.561026925069351104e-05,-1.151388641385732870e-04,-2.617954156658912623e-01,-2.836026004197213624e+00
-4.203347337734790745e-01,6.651956805289277463e-01,1.993517561223246415e-01,1.963290679430367836e-01,-7.537981794986803319e-01,-4.850800346158092857e-01,1.570801904283443573e+00,8.053399070238268908e-05,-3.681554015753229499e-05,-3.598781924707408959e-05,-3.561026925069351104e-05,-1.151388641385732870e-04,-2.617954156658912623e-01,-2.836026004197213624e+00
-4.203347337734790745e-01,6.651773825471507529e-01,1.993188851061452882e-01,1.963290679430367836e-01,-7.537803743640549836e-01,-4.850800346158092857e-01,1.570801904283443573e+00,8.053399070238268908e-05,-3.681554015753229499e-05,-3.598781924707408959e-05,-3.561026925069351104e-05,-1.151388641385732870e-04,-2.617954156658912623e-01,-2.836026004197213624e+00
-4.203607566636677895e-01,6.651407865835968769e-01,1.992641000791796901e-01,1.963290679430367836e-01,-7.537625692294296353e-01,-4.850416549944297495e-01,1.570801904283443573e+00,8.053399070238268908e-05,-3.681554015753229499e-05,-3.598781924707408959e-05,-3.561026925069351104e-05,-1.151388641385732870e-04,-2.617954156658912623e-01,-2.836026004197213624e+00
-4.203607566636677895e-01,6.651224886018199944e-01,1.992312290630003646e-01,1.963290679430367836e-01,-7.537447640948042871e-01,-4.850416549944297495e-01,1.570801904283443573e+00,8.053399070238268908e-05,-3.681554015753229499e-05,-3.598781924707408959e-05,-3.561026925069351104e-05,-1.151388641385732870e-04,-2.617954156658912623e-01,-2.836026004197213624e+00
-4.203737681087621469e-01,6.650950416291544487e-01,1.992093150522141476e-01,1.963290679430367836e-01,-7.537447640948042871e-01,-4.850416549944297495e-01,1.570801904283443573e+00,8.053399070238268908e-05,-3.681554015753229499e-05,-3.598781924707408959e-05,-3.561026925069351104e-05,-1.151388641385732870e-04,-2.617954156658912623e-01,-2.836026004197213624e+00
-4.203867795538565044e-01,6.650584456656005727e-01,1.991545300252485495e-01,1.963290679430367836e-01,-7.537091538255537015e-01,-4.850032753730502688e-01,1.570801904283443573e+00,8.053399070238268908e-05,-3.681554015753229499e-05,-3.598781924707408959e-05,-3.561026925069351104e-05,-1.151388641385732870e-04,-2.617954156658912623e-01,-2.836026004197213624e+00
-4.203997909989508619e-01,6.650401476838235792e-01,1.991216590090692240e-01,1.963120047527062428e-01,-7.537091538255537015e-01,-4.850032753730502688e-01,1.570801904283443573e+00,8.053399070238268908e-05,-3.681554015753229499e-05,-3.598781924707408959e-05,-3.561026925069351104e-05,-1.151388641385732870e-04,-2.617954156658912623e-01,-2.836026004197213624e+00
-4.204128024440452749e-01,6.650035517202695923e-01,1.990668739821036537e-01,1.963120047527062428e-01,-7.536913486909282422e-01,-4.849648957516706771e-01,1.570801904283443573e+00,8.053399070238268908e-05,-3.681554015753229499e-05,-3.598781924707408959e-05,-3.561026925069351104e-05,-1.151388641385732870e-04,-2.617954156658912623e-01,-2.836026004197213624e+00
-4.204258138891396324e-01,6.649852537384927098e-01,1.990340029659243004e-01,1.963120047527062428e-01,-7.536735435563028940e-01,-4.849648957516706771e-01,1.570801904283443573e+00,8.053399070238268908e-05,-3.681554015753229499e-05,-3.598781924707408959e-05,-3.561026925069351104e-05,-1.151388641385732870e-04,-2.617954156658912623e-01,-2.836026004197213624e+00
-4.204258138891396324e-01,6.649578067658272751e-01,1.990011319497449749e-01,1.963120047527062428e-01,-7.536557384216775457e-01,-4.849648957516706771e-01,1.570801904283443573e+00,8.053399070238268908e-05,-3.681554015753229499e-05,-3.598781924707408959e-05,-3.561026925069351104e-05,-1.151388641385732870e-04,-2.617954156658912623e-01,-2.836026004197213624e+00
-4.204518367793283473e-01,6.649212108022732881e-01,1.989463469227793768e-01,1.962949415623757299e-01,-7.536379332870523085e-01,-4.849265161302911964e-01,1.570801904283443573e+00,8.053399070238268908e-05,-3.681554015753229499e-05,-3.598781924707408959e-05,-3.561026925069351104e-05,-1.151388641385732870e-04,-2.617954156658912623e-01,-2.836026004197213624e+00
-4.204518367793283473e-01,6.649029128204962946e-01,1.989244329119931598e-01,1.962949415623757299e-01,-7.536379332870523085e-01,-4.849265161302911964e-01,1.570801904283443573e+00,8.053399070238268908e-05,-3.681554015753229499e-05,-3.598781924707408959e-05,-3.561026925069351104e-05,-1.151388641385732870e-04,-2.617954156658912623e-01,-2.836026004197213624e+00
-4.204648482244227048e-01,6.648846148387194122e-01,1.988915618958138065e-01,1.962949415623757299e-01,-7.536201281524268492e-01,-4.849265161302911964e-01,1.570801904283443573e+00,8.053399070238268908e-05,-3.681554015753229499e-05,-3.598781924707408959e-05,-3.561026925069351104e-05,-1.151388641385732870e-04,-2.617954156658912623e-01,-2.836026004197213624e+00
-4.204778596695170623e-01,6.648663168569424187e-01,1.988586908796344810e-01,1.962949415623757299e-01,-7.536023230178015009e-01,-4.848881365089116602e-01,1.570801904283443573e+00,8.053399070238268908e-05,-3.681554015753229499e-05,-3.598781924707408959e-05,-3.561026925069351104e-05,-1.151388641385732870e-04,-2.617954156658912623e-01,-2.836026004197213624e+00
-4.204778596695170623e-01,6.648480188751653142e-01,1.988367768688482362e-01,1.962949415623757299e-01,-7.536023230178015009e-01,-4.848881365089116602e-01,1.570801904283443573e+00,8.053399070238268908e-05,-3.681554015753229499e-05,-3.598781924707408959e-05,-3.561026925069351104e-05,-1.151388641385732870e-04,-2.617954156658912623e-01,-2.836026004197213624e+00
-4.204908711146114197e-01,6.648205719024999905e-01,1.988039058526688829e-01,1.962949415623757299e-01,-7.535845178831761526e-01,-4.848881365089116602e-01,1.570801904283443573e+00,8.053399070238268908e-05,-3.681554015753229499e-05,-3.598781924707408959e-05,-3.561026925069351104e-05,-1.151388641385732870e-04,-2.617954156658912623e-01,-2.836026004197213624e+00
-4.205038825597058327e-01,6.648022739207229970e-01,1.987819918418826659e-01,1.962949415623757299e-01,-7.535667127485508043e-01,-4.849265161302911964e-01,1.570801904283443573e+00,8.053399070238268908e-05,-3.681554015753229499e-05,-3.598781924707408959e-05,-3.561026925069351104e-05,-1.151388641385732870e-04,-2.617954156658912623e-01,-2.836026004197213624e+00
-4.205168940048001902e-01,6.647656779571691210e-01,1.987162498095239871e-01,1.962778783720451892e-01,-7.535489076139254561e-01,-4.848881365089116602e-01,1.570801904283443573e+00,8.053399070238268908e-05,-3.681554015753229499e-05,-3.598781924707408959e-05,-3.561026925069351104e-05,-1.151388641385732870e-04,-2.617954156658912623e-01,-2.836026004197213624e+00
-4.205299054498945477e-01,6.647473799753920165e-01,1.986943357987377423e-01,1.962778783720451892e-01,-7.535489076139254561e-01,-4.848881365089116602e-01,1.570801904283443573e+00,8.053399070238268908e-05,-3.681554015753229499e-05,-3.598781924707408959e-05,-3.561026925069351104e-05,-1.151388641385732870e-04,-2.617954156658912623e-01,-2.836026004197213624e+00
-4.205299054498945477e-01,6.647290819936151340e-01,1.986614647825583890e-01,1.962778783720451892e-01,-7.535311024793001078e-01,-4.848881365089116602e-01,1.570801904283443573e+00,8.053399070238268908e-05,-3.681554015753229499e-05,-3.598781924707408959e-05,-3.561026925069351104e-05,-1.151388641385732870e-04,-2.617954156658912623e-01,-2.836026004197213624e+00
-4.205429168949889052e-01,6.647107840118381406e-01,1.986395507717721998e-01,1.962778783720451892e-01,-7.535311024793001078e-01,-4.848497568875321795e-01,1.570801904283443573e+00,8.053399070238268908e-05,-3.681554015753229499e-05,-3.598781924707408959e-05,-3.561026925069351104e-05,-1.151388641385732870e-04,-2.617954156658912623e-01,-2.836026004197213624e+00
-4.205559283400832626e-01,6.646650390573958234e-01,1.985738087394134932e-01,1.962778783720451892e-01,-7.535132973446747595e-01,-4.848497568875321795e-01,1.570801904283443573e+00,8.053399070238268908e-05,-3.681554015753229499e-05,-3.598781924707408959e-05,-3.561026925069351104e-05,-1.151388641385732870e-04,-2.617954156658912623e-01,-2.836026004197213624e+00
-4.205689397851776201e-01,6.646467410756187189e-01,1.985518947286272484e-01,1.962608151817147040e-01,-7.534954922100494112e-01,-4.848497568875321795e-01,1.570801904283443573e+00,8.053399070238268908e-05,-3.681554015753229499e-05,-3.598781924707408959e-05,-3.561026925069351104e-05,-1.151388641385732870e-04,-2.617954156658912623e-01,-2.836026004197213624e+00
-4.205819512302720331e-01,6.646284430938418364e-01,1.985190237124479229e-01,1.962608151817147040e-01,-7.534776870754240630e-01,-4.848113772661525878e-01,1.570801904283443573e+00,8.053399070238268908e-05,-3.681554015753229499e-05,-3.598781924707408959e-05,-3.561026925069351104e-05,-1.151388641385732870e-04,-2.617954156658912623e-01,-2.836026004197213624e+00
-4.205819512302720331e-01,6.646101451120648429e-01,1.984971097016617059e-01,1.962608151817147040e-01,-7.534776870754240630e-01,-4.848113772661525878e-01,1.570801904283443573e+00,8.053399070238268908e-05,-3.681554015753229499e-05,-3.598781924707408959e-05,-3.561026925069351104e-05,-1.151388641385732870e-04,-2.617954156658912623e-01,-2.836026004197213624e+00
-4.205949626753663906e-01,6.645918471302879604e-01,1.984642386854823526e-01,1.962608151817147040e-01,-7.534598819407987147e-01,-4.848113772661525878e-01,1.570801904283443573e+00,8.053399070238268908e-05,-3.681554015753229499e-05,-3.598781924707408959e-05,-3.561026925069351104e-05,-1.151388641385732870e-04,-2.617954156658912623e-01,-2.836026004197213624e+00
-4.206079741204607481e-01,6.645552511667339735e-01,1.984094536585167823e-01,1.962608151817147040e-01,-7.534420768061733664e-01,-4.847729976447731071e-01,1.570801904283443573e+00,8.053399070238268908e-05,-3.681554015753229499e-05,-3.598781924707408959e-05,-3.561026925069351104e-05,-1.151388641385732870e-04,-2.617954156658912623e-01,-2.836026004197213624e+00
-4.206209855655551055e-01,6.645369531849569800e-01,1.983875396477305653e-01,1.962608151817147040e-01,-7.534420768061733664e-01,-4.847729976447731071e-01,1.570801904283443573e+00,8.053399070238268908e-05,-3.681554015753229499e-05,-3.598781924707408959e-05,-3.561026925069351104e-05,-1.151388641385732870e-04,-2.617954156658912623e-01,-2.836026004197213624e+00
-4.206339970106494630e-01,6.645186552031799865e-01,1.983656256369443205e-01,1.962437519913841633e-01,-7.534242716715480181e-01,-4.847729976447731071e-01,1.570801904283443573e+00,8.053399070238268908e-05,-3.681554015753229499e-05,-3.598781924707408959e-05,-3.561026925069351104e-05,-1.151388641385732870e-04,-2.617954156658912623e-01,-2.836026004197213624e+00
-4.206470084557437650e-01,6.644820592396261105e-01,1.983108406099787224e-01,1.962437519913841633e-01,-7.534064665369226699e-01,-4.847346180233935709e-01,1.570801904283443573e+00,8.053399070238268908e-05,-3.681554015753229499e-05,-3.598781924707408959e-05,-3.561026925069351104e-05,-1.151388641385732870e-04,-2.617954156658912623e-01,-2.836026004197213624e+00
-4.206600199008381225e-01,6.644637612578491170e-01,1.982779695937994247e-01,1.962437519913841633e-01,-7.534064665369226699e-01,-4.847346180233935709e-01,1.570801904283443573e+00,8.053399070238268908e-05,-3.681554015753229499e-05,-3.598781924707408959e-05,-3.561026925069351104e-05,-1.151388641385732870e-04,-2.617954156658912623e-01,-2.836026004197213624e+00
-4.206730313459325354e-01,6.644454632760721235e-01,1.982560555830131799e-01,1.962437519913841633e-01,-7.533886614022973216e-01,-4.847346180233935709e-01,1.570801904283443573e+00,8.053399070238268908e-05,-3.681554015753229499e-05,-3.598781924707408959e-05,-3.561026925069351104e-05,-1.151388641385732870e-04,-2.617954156658912623e-01,-2.836026004197213624e+00
-4.206730313459325354e-01,6.644271652942952411e-01,1.982341415722269351e-01,1.962437519913841633e-01,-7.533886614022973216e-01,-4.846962384020140346e-01,1.570801904283443573e+00,8.053399070238268908e-05,-3.681554015753229499e-05,-3.598781924707408959e-05,-3.561026925069351104e-05,-1.151388641385732870e-04,-2.617954156658912623e-01,-2.836026004197213624e+00
-4.206860427910268929e-01,6.644088673125182476e-01,1.982012705560475818e-01,1.962437519913841633e-01,-7.533708562676720843e-01,-4.846962384020140346e-01,1.570801904283443573e+00,8.053399070238268908e-05,-3.681554015753229499e-05,-3.598781924707408959e-05,-3.561026925069351104e-05,-1.151388641385732870e-04,-2.617954156658912623e-01,-2.836026004197213624e+00
-4.206990542361212504e-01,6.643722713489642606e-01,1.981464855290820393e-01,1.962266888010536225e-01,-7.533530511330466251e-01,-4.846578587806344984e-01,1.570801904283443573e+00,8.053399070238268908e-05,-3.681554015753229499e-05,-3.598781924707408959e-05,-3.561026925069351104e-05,-1.151388641385732870e-04,-2.617954156658912623e-01,-2.836026004197213624e+00
-4.207250771263099653e-01,6.643356753854103847e-01,1.981026575075095775e-01,1.962266888010536225e-01,-7.533352459984212768e-01,-4.846578587806344984e-01,1.570801904283443573e+00,8.053399070238268908e-05,-3.681554015753229499e-05,-3.598781924707408959e-05,-3.561026925069351104e-05,-1.151388641385732870e-04,-2.617954156658912623e-01,-2.836026004197213624e+00
-4.207250771263099653e-01,6.643173774036333912e-01,1.980697864913302242e-01,1.962266888010536225e-01,-7.533174408637959285e-01,-4.846578587806344984e-01,1.570801904283443573e+00,8.053399070238268908e-05,-3.681554015753229499e-05,-3.598781924707408959e-05,-3.561026925069351104e-05,-1.151388641385732870e-04,-2.617954156658912623e-01,-2.836026004197213624e+00
-4.207380885714043228e-01,6.642990794218565087e-01,1.980478724805440072e-01,1.962266888010536225e-01,-7.533174408637959285e-01,-4.846194791592550177e-01,1.570801904283443573e+00,8.053399070238268908e-05,-3.681554015753229499e-05,-3.598781924707408959e-05,-3.561026925069351104e-05,-1.151388641385732870e-04,-2.617954156658912623e-01,-2.836026004197213624e+00
-4.207511000164987358e-01,6.642807814400794042e-01,1.980259584697577624e-01,1.962266888010536225e-01,-7.532996357291706913e-01,-4.846194791592550177e-01,1.570801904283443573e+00,8.053399070238268908e-05,-3.681554015753229499e-05,-3.598781924707408959e-05,-3.561026925069351104e-05,-1.151388641385732870e-04,-2.617954156658912623e-01,-2.836026004197213624e+00
-4.207511000164987358e-01,6.642624834583025217e-01,1.979930874535784369e-01,1.962096256107231096e-01,-7.532818305945452320e-01,-4.846194791592550177e-01,1.570801904283443573e+00,8.053399070238268908e-05,-3.681554015753229499e-05,-3.598781924707408959e-05,-3.561026925069351104e-05,-1.151388641385732870e-04,-2.617954156658912623e-01,-2.836026004197213624e+00
-4.207771229066874508e-01,6.642258874947486458e-01,1.979492594320059473e-01,1.962096256107231096e-01,-7.532640254599198837e-01,-4.845810995378754815e-01,1.570801904283443573e+00,8.053399070238268908e-05,-3.681554015753229499e-05,-3.598781924707408959e-05,-3.561026925069351104e-05,-1.151388641385732870e-04,-2.617954156658912623e-01,-2.836026004197213624e+00
-4.207901343517818082e-01,6.642075895129716523e-01,1.979163884158266218e-01,1.962096256107231096e-01,-7.532640254599198837e-01,-4.845810995378754815e-01,1.570801904283443573e+00,8.053399070238268908e-05,-3.681554015753229499e-05,-3.598781924707408959e-05,-3.561026925069351104e-05,-1.151388641385732870e-04,-2.617954156658912623e-01,-2.836026004197213624e+00
-4.207901343517818082e-01,6.641892915311946588e-01,1.978944744050404048e-01,1.962096256107231096e-01,-7.532462203252945354e-01,-4.845810995378754815e-01,1.570801904283443573e+00,8.053399070238268908e-05,-3.681554015753229499e-05,-3.598781924707408959e-05,-3.561026925069351104e-05,-1.151388641385732870e-04,-2.617954156658912623e-01,-2.836026004197213624e+00
-4.208031457968761657e-01,6.641801425403061065e-01,1.978725603942541600e-01,1.962096256107231096e-01,-7.532462203252945354e-01,-4.845427199164959453e-01,1.570801904283443573e+00,8.053399070238268908e-05,-3.681554015753229499e-05,-3.598781924707408959e-05,-3.561026925069351104e-05,-1.151388641385732870e-04,-2.617954156658912623e-01,-2.836026004197213624e+00
-4.208161572419705232e-01,6.641618445585292241e-01,1.978396893780748067e-01,1.961925624203925689e-01,-7.532284151906692982e-01,-4.845810995378754815e-01,1.570801904283443573e+00,8.053399070238268908e-05,-3.681554015753229499e-05,-3.598781924707408959e-05,-3.561026925069351104e-05,-1.151388641385732870e-04,-2.617954156658912623e-01,-2.836026004197213624e+00
-4.208291686870648807e-01,6.641252485949753481e-01,1.977958613565023727e-01,1.961925624203925689e-01,-7.532106100560438389e-01,-4.845810995378754815e-01,1.570801904283443573e+00,8.053399070238268908e-05,-3.681554015753229499e-05,-3.598781924707408959e-05,-3.561026925069351104e-05,-1.151388641385732870e-04,-2.617954156658912623e-01,-2.836026004197213624e+00
-4.208421801321592937e-01,6.641069506131982436e-01,1.977629903403230194e-01,1.961925624203925689e-01,-7.532106100560438389e-01,-4.845427199164959453e-01,1.570801904283443573e+00,8.053399070238268908e-05,-3.681554015753229499e-05,-3.598781924707408959e-05,-3.561026925069351104e-05,-1.151388641385732870e-04,-2.617954156658912623e-01,-2.836026004197213624e+00
-4.208421801321592937e-01,6.640886526314212501e-01,1.977410763295367746e-01,1.961925624203925689e-01,-7.531928049214184906e-01,-4.845427199164959453e-01,1.570801904283443573e+00,8.053399070238268908e-05,-3.681554015753229499e-05,-3.598781924707408959e-05,-3.561026925069351104e-05,-1.151388641385732870e-04,-2.617954156658912623e-01,-2.836026004197213624e+00
-4.208551915772536511e-01,6.640703546496443677e-01,1.977191623187505576e-01,1.961754992300620282e-01,-7.531928049214184906e-01,-4.845427199164959453e-01,1.570801904283443573e+00,8.053399070238268908e-05,-3.681554015753229499e-05,-3.598781924707408959e-05,-3.561026925069351104e-05,-1.151388641385732870e-04,-2.617954156658912623e-01,-2.836026004197213624e+00
-4.208682030223480086e-01,6.640612056587559264e-01,1.976862913025712321e-01,1.961754992300620282e-01,-7.531749997867931423e-01,-4.845043402951164091e-01,1.570801904283443573e+00,8.053399070238268908e-05,-3.681554015753229499e-05,-3.598781924707408959e-05,-3.561026925069351104e-05,-1.151388641385732870e-04,-2.617954156658912623e-01,-2.836026004197213624e+00
-4.208682030223480086e-01,6.640429076769789329e-01,1.976643772917849873e-01,1.961754992300620282e-01,-7.531749997867931423e-01,-4.845043402951164091e-01,1.570801904283443573e+00,8.053399070238268908e-05,-3.681554015753229499e-05,-3.598781924707408959e-05,-3.561026925069351104e-05,-1.151388641385732870e-04,-2.617954156658912623e-01,-2.836026004197213624e+00
-4.208942259125367236e-01,6.640063117134249460e-01,1.976205492702125255e-01,1.961754992300620282e-01,-7.531393895175424458e-01,-4.844659606737369284e-01,1.570801904283443573e+00,8.053399070238268908e-05,-3.681554015753229499e-05,-3.598781924707408959e-05,-3.561026925069351104e-05,-1.151388641385732870e-04,-2.617954156658912623e-01,-2.836026004197213624e+00
-4.208942259125367236e-01,6.639880137316479525e-01,1.975986352594262807e-01,1.961754992300620282e-01,-7.531393895175424458e-01,-4.844659606737369284e-01,1.570801904283443573e+00,8.053399070238268908e-05,-3.681554015753229499e-05,-3.598781924707408959e-05,-3.561026925069351104e-05,-1.151388641385732870e-04,-2.617954156658912623e-01,-2.836026004197213624e+00
-4.209072373576310810e-01,6.639697157498710700e-01,1.975657642432469829e-01,1.961584360397315152e-01,-7.531215843829170975e-01,-4.844659606737369284e-01,1.570801904283443573e+00,8.053399070238268908e-05,-3.681554015753229499e-05,-3.598781924707408959e-05,-3.561026925069351104e-05,-1.151388641385732870e-04,-2.617954156658912623e-01,-2.836026004197213624e+00
-4.209202488027254940e-01,6.639422687772056353e-01,1.975219362216744934e-01,1.961584360397315152e-01,-7.531037792482918602e-01,-4.844275810523573367e-01,1.570801904283443573e+00,8.053399070238268908e-05,-3.681554015753229499e-05,-3.598781924707408959e-05,-3.561026925069351104e-05,-1.151388641385732870e-04,-2.617954156658912623e-01,-2.836026004197213624e+00
-4.209332602478198515e-01,6.639239707954285308e-01,1.975000222108882764e-01,1.961584360397315152e-01,-7.531037792482918602e-01,-4.844275810523573367e-01,1.570801904283443573e+00,8.053399070238268908e-05,-3.681554015753229499e-05,-3.598781924707408959e-05,-3.561026925069351104e-05,-1.151388641385732870e-04,-2.617954156658912623e-01,-2.836026004197213624e+00
-4.209462716929142090e-01,6.639056728136516483e-01,1.974671511947089508e-01,1.961584360397315152e-01,-7.530859741136665120e-01,-4.844275810523573367e-01,1.570801904283443573e+00,8.053399070238268908e-05,-3.681554015753229499e-05,-3.598781924707408959e-05,-3.561026925069351104e-05,-1.151388641385732870e-04,-2.617954156658912623e-01,-2.836026004197213624e+00
-4.209462716929142090e-01,6.638873748318746548e-01,1.974452371839227061e-01,1.961584360397315152e-01,-7.530859741136665120e-01,-4.843892014309778560e-01,1.570801904283443573e+00,8.053399070238268908e-05,-3.681554015753229499e-05,-3.598781924707408959e-05,-3.561026925069351104e-05,-1.151388641385732870e-04,-2.617954156658912623e-01,-2.836026004197213624e+00
-4.209722945831029239e-01,6.638507788683207789e-01,1.974014091623502443e-01,1.961413728494009745e-01,-7.530681689790410527e-01,-4.843892014309778560e-01,1.570801904283443573e+00,8.053399070238268908e-05,-3.681554015753229499e-05,-3.598781924707408959e-05,-3.561026925069351104e-05,-1.151388641385732870e-04,-2.617954156658912623e-01,-2.836026004197213624e+00
-4.209853060281972814e-01,6.638233318956552331e-01,1.973466241353846740e-01,1.961413728494009745e-01,-7.530325587097904672e-01,-4.843508218095983198e-01,1.570801904283443573e+00,8.053399070238268908e-05,-3.681554015753229499e-05,-3.598781924707408959e-05,-3.561026925069351104e-05,-1.151388641385732870e-04,-2.617954156658912623e-01,-2.836026004197213624e+00
-4.209983174732916944e-01,6.638050339138783507e-01,1.973247101245984569e-01,1.961413728494009745e-01,-7.530325587097904672e-01,-4.843508218095983198e-01,1.570801904283443573e+00,8.053399070238268908e-05,-3.681554015753229499e-05,-3.598781924707408959e-05,-3.561026925069351104e-05,-1.151388641385732870e-04,-2.617954156658912623e-01,-2.836026004197213624e+00
-4.210113289183860519e-01,6.637867359321013572e-01,1.973027961138122122e-01,1.961413728494009745e-01,-7.530147535751651189e-01,-4.843124421882188391e-01,1.570801904283443573e+00,8.053399070238268908e-05,-3.681554015753229499e-05,-3.598781924707408959e-05,-3.561026925069351104e-05,-1.151388641385732870e-04,-2.617954156658912623e-01,-2.836026004197213624e+00
-4.210113289183860519e-01,6.637684379503244747e-01,1.972699250976328589e-01,1.961243096590704893e-01,-7.530147535751651189e-01,-4.843124421882188391e-01,1.570801904283443573e+00,8.053399070238268908e-05,-3.681554015753229499e-05,-3.598781924707408959e-05,-3.561026925069351104e-05,-1.151388641385732870e-04,-2.617954156658912623e-01,-2.836026004197213624e+00
-4.210243403634804094e-01,6.637501399685474812e-01,1.972480110868466419e-01,1.961243096590704893e-01,-7.529969484405396596e-01,-4.843124421882188391e-01,1.570801904283443573e+00,8.053399070238268908e-05,-3.681554015753229499e-05,-3.598781924707408959e-05,-3.561026925069351104e-05,-1.151388641385732870e-04,-2.617954156658912623e-01,-2.836026004197213624e+00
-4.210373518085747668e-01,6.637226929958819355e-01,1.972041830652741801e-01,1.961243096590704893e-01,-7.529791433059143113e-01,-4.842740625668392473e-01,1.570801904283443573e+00,8.053399070238268908e-05,-3.681554015753229499e-05,-3.598781924707408959e-05,-3.561026925069351104e-05,-1.151388641385732870e-04,-2.617954156658912623e-01,-2.836026004197213624e+00
-4.210633746987634818e-01,6.636860970323280595e-01,1.971493980383086098e-01,1.961243096590704893e-01,-7.529613381712890741e-01,-4.842740625668392473e-01,1.570801904283443573e+00,8.053399070238268908e-05,-3.681554015753229499e-05,-3.598781924707408959e-05,-3.561026925069351104e-05,-1.151388641385732870e-04,-2.617954156658912623e-01,-2.836026004197213624e+00
-4.210633746987634818e-01,6.636677990505511771e-01,1.971274840275223650e-01,1.961072464687399486e-01,-7.529613381712890741e-01,-4.842356829454597666e-01,1.570801904283443573e+00,8.053399070238268908e-05,-3.681554015753229499e-05,-3.598781924707408959e-05,-3.561026925069351104e-05,-1.151388641385732870e-04,-2.617954156658912623e-01,-2.836026004197213624e+00
-4.210763861438578393e-01,6.636495010687740725e-01,1.970946130113430395e-01,1.961072464687399486e-01,-7.529435330366637258e-01,-4.842356829454597666e-01,1.570801904283443573e+00,8.053399070238268908e-05,-3.681554015753229499e-05,-3.598781924707408959e-05,-3.561026925069351104e-05,-1.151388641385732870e-04,-2.617954156658912623e-01,-2.836026004197213624e+00
-4.210893975889522522e-01,6.636312030869971901e-01,1.970726990005568224e-01,1.961072464687399486e-01,-7.529435330366637258e-01,-4.842356829454597666e-01,1.570801904283443573e+00,8.053399070238268908e-05,-3.681554015753229499e-05,-3.598781924707408959e-05,-3.561026925069351104e-05,-1.151388641385732870e-04,-2.617954156658912623e-01,-2.836026004197213624e+00
-4.211024090340466097e-01,6.636037561143317554e-01,1.970288709789843329e-01,1.961072464687399486e-01,-7.529257279020382665e-01,-4.841973033240802304e-01,1.570801904283443573e+00,8.053399070238268908e-05,-3.681554015753229499e-05,-3.598781924707408959e-05,-3.561026925069351104e-05,-1.151388641385732870e-04,-2.617954156658912623e-01,-2.836026004197213624e+00
-4.211154204791409672e-01,6.635854581325547619e-01,1.969959999628050351e-01,1.961072464687399486e-01,-7.529079227674129182e-01,-4.841973033240802304e-01,1.570801904283443573e+00,8.053399070238268908e-05,-3.681554015753229499e-05,-3.598781924707408959e-05,-3.561026925069351104e-05,-1.151388641385732870e-04,-2.617954156658912623e-01,-2.836026004197213624e+00
-4.211154204791409672e-01,6.635671601507778794e-01,1.969740859520187903e-01,1.960901832784094079e-01,-7.529079227674129182e-01,-4.841589237027006942e-01,1.570801904283443573e+00,8.053399070238268908e-05,-3.681554015753229499e-05,-3.598781924707408959e-05,-3.561026925069351104e-05,-1.151388641385732870e-04,-2.617954156658912623e-01,-2.836026004197213624e+00
-4.211284319242353247e-01,6.635488621690007749e-01,1.969521719412325456e-01,1.960901832784094079e-01,-7.528901176327876810e-01,-4.841973033240802304e-01,1.570801904283443573e+00,8.053399070238268908e-05,-3.681554015753229499e-05,-3.598781924707408959e-05,-3.561026925069351104e-05,-1.151388641385732870e-04,-2.617954156658912623e-01,-2.836026004197213624e+00
-4.211414433693296822e-01,6.635305641872238924e-01,1.969302579304463285e-01,1.960901832784094079e-01,-7.528901176327876810e-01,-4.841973033240802304e-01,1.570801904283443573e+00,8.053399070238268908e-05,-3.681554015753229499e-05,-3.598781924707408959e-05,-3.561026925069351104e-05,-1.151388641385732870e-04,-2.617954156658912623e-01,-2.836026004197213624e+00
-4.211544548144240396e-01,6.635122662054468989e-01,1.968973869142669753e-01,1.960901832784094079e-01,-7.528901176327876810e-01,-4.841589237027006942e-01,1.570801904283443573e+00,8.053399070238268908e-05,-3.681554015753229499e-05,-3.598781924707408959e-05,-3.561026925069351104e-05,-1.151388641385732870e-04,-2.617954156658912623e-01,-2.836026004197213624e+00
-4.211544548144240396e-01,6.634939682236699054e-01,1.968754729034807582e-01,1.960901832784094079e-01,-7.528723124981623327e-01,-4.841589237027006942e-01,1.570801904283443573e+00,8.053399070238268908e-05,-3.681554015753229499e-05,-3.598781924707408959e-05,-3.561026925069351104e-05,-1.151388641385732870e-04,-2.617954156658912623e-01,-2.836026004197213624e+00
-4.211674662595184526e-01,6.634848192327814642e-01,1.968535588926945412e-01,1.960901832784094079e-01,-7.528723124981623327e-01,-4.841589237027006942e-01,1.570801904283443573e+00,8.053399070238268908e-05,-3.681554015753229499e-05,-3.598781924707408959e-05,-3.561026925069351104e-05,-1.151388641385732870e-04,-2.617954156658912623e-01,-2.836026004197213624e+00
-4.211934891497071676e-01,6.634299252874505948e-01,1.967768598549426984e-01,1.960731200880788949e-01,-7.528367022289116361e-01,-4.841205440813211580e-01,1.570801904283443573e+00,8.053399070238268908e-05,-3.681554015753229499e-05,-3.598781924707408959e-05,-3.561026925069351104e-05,-1.151388641385732870e-04,-2.617954156658912623e-01,-2.836026004197213624e+00
-4.212065005948015251e-01,6.634116273056736013e-01,1.967549458441565091e-01,1.960731200880788949e-01,-7.528367022289116361e-01,-4.840821644599416773e-01,1.570801904283443573e+00,8.053399070238268908e-05,-3.681554015753229499e-05,-3.598781924707408959e-05,-3.561026925069351104e-05,-1.151388641385732870e-04,-2.617954156658912623e-01,-2.836026004197213624e+00
-4.212195120398958825e-01,6.634024783147851601e-01,1.967330318333702643e-01,1.960731200880788949e-01,-7.528188970942862879e-01,-4.840821644599416773e-01,1.570801904283443573e+00,8.053399070238268908e-05,-3.681554015753229499e-05,-3.598781924707408959e-05,-3.561026925069351104e-05,-1.151388641385732870e-04,-2.617954156658912623e-01,-2.836026004197213624e+00
-4.212325234849902400e-01,6.633658823512311731e-01,1.966892038117978025e-01,1.960560568977483542e-01,-7.528010919596609396e-01,-4.840437848385620856e-01,1.570801904283443573e+00,8.053399070238268908e-05,-3.681554015753229499e-05,-3.598781924707408959e-05,-3.561026925069351104e-05,-1.151388641385732870e-04,-2.617954156658912623e-01,-2.836026004197213624e+00
-4.212455349300846530e-01,6.633475843694541796e-01,1.966563327956184770e-01,1.960560568977483542e-01,-7.528010919596609396e-01,-4.840437848385620856e-01,1.570801904283443573e+00,8.053399070238268908e-05,-3.681554015753229499e-05,-3.598781924707408959e-05,-3.561026925069351104e-05,-1.151388641385732870e-04,-2.617954156658912623e-01,-2.836026004197213624e+00
-4.212585463751790105e-01,6.633292863876772971e-01,1.966344187848322322e-01,1.960560568977483542e-01,-7.527832868250354803e-01,-4.840437848385620856e-01,1.570801904283443573e+00,8.053399070238268908e-05,-3.681554015753229499e-05,-3.598781924707408959e-05,-3.561026925069351104e-05,-1.151388641385732870e-04,-2.617954156658912623e-01,-2.836026004197213624e+00
-4.212715578202733679e-01,6.633018394150118624e-01,1.965905907632597704e-01,1.960560568977483542e-01,-7.527654816904102431e-01,-4.840054052171826049e-01,1.570801904283443573e+00,8.053399070238268908e-05,-3.681554015753229499e-05,-3.598781924707408959e-05,-3.561026925069351104e-05,-1.151388641385732870e-04,-2.617954156658912623e-01,-2.836026004197213624e+00
-4.212845692653677254e-01,6.632835414332348689e-01,1.965686767524735257e-01,1.960389937074178413e-01,-7.527654816904102431e-01,-4.840054052171826049e-01,1.570801904283443573e+00,8.053399070238268908e-05,-3.681554015753229499e-05,-3.598781924707408959e-05,-3.561026925069351104e-05,-1.151388641385732870e-04,-2.617954156658912623e-01,-2.836026004197213624e+00
-4.212975807104620829e-01,6.632652434514578754e-01,1.965467627416873087e-01,1.960389937074178413e-01,-7.527476765557848948e-01,-4.839670255958030687e-01,1.570801904283443573e+00,8.053399070238268908e-05,-3.681554015753229499e-05,-3.598781924707408959e-05,-3.561026925069351104e-05,-1.151388641385732870e-04,-2.617954156658912623e-01,-2.836026004197213624e+00
-4.213105921555564404e-01,6.632469454696808819e-01,1.965248487309010916e-01,1.960389937074178413e-01,-7.527476765557848948e-01,-4.839670255958030687e-01,1.570801904283443573e+00,8.053399070238268908e-05,-3.681554015753229499e-05,-3.598781924707408959e-05,-3.561026925069351104e-05,-1.151388641385732870e-04,-2.617954156658912623e-01,-2.836026004197213624e+00
-4.213105921555564404e-01,6.632377964787924407e-01,1.965029347201148746e-01,1.960389937074178413e-01,-7.527298714211595465e-01,-4.839670255958030687e-01,1.570801904283443573e+00,8.053399070238268908e-05,-3.681554015753229499e-05,-3.598781924707408959e-05,-3.561026925069351104e-05,-1.151388641385732870e-04,-2.617954156658912623e-01,-2.836026004197213624e+00
-4.213236036006507979e-01,6.632194984970154472e-01,1.964700637039355213e-01,1.960389937074178413e-01,-7.527298714211595465e-01,-4.839286459744235880e-01,1.570801904283443573e+00,8.053399070238268908e-05,-3.681554015753229499e-05,-3.598781924707408959e-05,-3.561026925069351104e-05,-1.151388641385732870e-04,-2.617954156658912623e-01,-2.836026004197213624e+00
-4.213496264908395683e-01,6.631920515243500125e-01,1.964262356823630318e-01,1.960219305170873005e-01,-7.527120662865340872e-01,-4.839286459744235880e-01,1.570801904283443573e+00,8.053399070238268908e-05,-3.681554015753229499e-05,-3.598781924707408959e-05,-3.561026925069351104e-05,-1.151388641385732870e-04,-2.617954156658912623e-01,-2.836026004197213624e+00
-4.213496264908395683e-01,6.631737535425730190e-01,1.964043216715768425e-01,1.960219305170873005e-01,-7.526942611519088500e-01,-4.838902663530439963e-01,1.570801904283443573e+00,8.053399070238268908e-05,-3.681554015753229499e-05,-3.598781924707408959e-05,-3.561026925069351104e-05,-1.151388641385732870e-04,-2.617954156658912623e-01,-2.836026004197213624e+00
-4.213626379359339258e-01,6.631554555607960255e-01,1.963824076607905977e-01,1.960219305170873005e-01,-7.526942611519088500e-01,-4.838902663530439963e-01,1.570801904283443573e+00,8.053399070238268908e-05,-3.681554015753229499e-05,-3.598781924707408959e-05,-3.561026925069351104e-05,-1.151388641385732870e-04,-2.617954156658912623e-01,-2.836026004197213624e+00
-4.213756493810282833e-01,6.631463065699075843e-01,1.963604936500043807e-01,1.960219305170873005e-01,-7.526764560172835017e-01,-4.838518867316645156e-01,1.570801904283443573e+00,8.053399070238268908e-05,-3.681554015753229499e-05,-3.598781924707408959e-05,-3.561026925069351104e-05,-1.151388641385732870e-04,-2.617954156658912623e-01,-2.836026004197213624e+00
-4.214016722712169982e-01,6.631097106063537083e-01,1.963166656284318912e-01,1.960048673267567598e-01,-7.526586508826581534e-01,-4.838518867316645156e-01,1.570801904283443573e+00,8.053399070238268908e-05,-3.681554015753229499e-05,-3.598781924707408959e-05,-3.561026925069351104e-05,-1.151388641385732870e-04,-2.617954156658912623e-01,-2.836026004197213624e+00
-4.214016722712169982e-01,6.630914126245766038e-01,1.962947516176457019e-01,1.960048673267567598e-01,-7.526586508826581534e-01,-4.838135071102849794e-01,1.570801904283443573e+00,8.053399070238268908e-05,-3.681554015753229499e-05,-3.598781924707408959e-05,-3.561026925069351104e-05,-1.151388641385732870e-04,-2.617954156658912623e-01,-2.836026004197213624e+00
-4.214146837163114112e-01,6.630822636336881626e-01,1.962728376068594571e-01,1.960048673267567598e-01,-7.526408457480326941e-01,-4.838135071102849794e-01,1.570801904283443573e+00,8.053399070238268908e-05,-3.681554015753229499e-05,-3.598781924707408959e-05,-3.561026925069351104e-05,-1.151388641385732870e-04,-2.617954156658912623e-01,-2.836026004197213624e+00
-4.214276951614057687e-01,6.630639656519112801e-01,1.962509235960732401e-01,1.960048673267567598e-01,-7.526408457480326941e-01,-4.838135071102849794e-01,1.570801904283443573e+00,8.053399070238268908e-05,-3.681554015753229499e-05,-3.598781924707408959e-05,-3.561026925069351104e-05,-1.151388641385732870e-04,-2.617954156658912623e-01,-2.836026004197213624e+00
-4.214407066065001262e-01,6.630456676701342866e-01,1.962290095852869953e-01,1.960048673267567598e-01,-7.526230406134074569e-01,-4.837751274889054431e-01,1.570801904283443573e+00,8.053399070238268908e-05,-3.681554015753229499e-05,-3.598781924707408959e-05,-3.561026925069351104e-05,-1.151388641385732870e-04,-2.617954156658912623e-01,-2.836026004197213624e+00
-4.214537180515944836e-01,6.630182206974688519e-01,1.961851815637145613e-01,1.959878041364262746e-01,-7.526230406134074569e-01,-4.837751274889054431e-01,1.570801904283443573e+00,8.053399070238268908e-05,-3.681554015753229499e-05,-3.598781924707408959e-05,-3.561026925069351104e-05,-1.151388641385732870e-04,-2.617954156658912623e-01,-2.836026004197213624e+00
-4.214667294966888411e-01,6.630090717065804107e-01,1.961632675529283165e-01,1.959878041364262746e-01,-7.526052354787821086e-01,-4.837367478675259069e-01,1.570801904283443573e+00,8.053399070238268908e-05,-3.681554015753229499e-05,-3.598781924707408959e-05,-3.561026925069351104e-05,-1.151388641385732870e-04,-2.617954156658912623e-01,-2.836026004197213624e+00
-4.214797409417831986e-01,6.629907737248033062e-01,1.961413535421420995e-01,1.959878041364262746e-01,-7.526052354787821086e-01,-4.837367478675259069e-01,1.570801904283443573e+00,8.053399070238268908e-05,-3.681554015753229499e-05,-3.598781924707408959e-05,-3.561026925069351104e-05,-1.151388641385732870e-04,-2.617954156658912623e-01,-2.836026004197213624e+00
-4.214927523868776116e-01,6.629724757430264237e-01,1.961194395313558547e-01,1.959707409460957339e-01,-7.525874303441567603e-01,-4.836983682461464262e-01,1.570801904283443573e+00,8.053399070238268908e-05,-3.681554015753229499e-05,-3.598781924707408959e-05,-3.561026925069351104e-05,-1.151388641385732870e-04,-2.617954156658912623e-01,-2.836026004197213624e+00
-4.215057638319719691e-01,6.629450287703609890e-01,1.960865685151765014e-01,1.959707409460957339e-01,-7.525696252095314120e-01,-4.837367478675259069e-01,1.570801904283443573e+00,8.053399070238268908e-05,-3.681554015753229499e-05,-3.598781924707408959e-05,-3.561026925069351104e-05,-1.151388641385732870e-04,-2.617954156658912623e-01,-2.836026004197213624e+00
-4.215187752770663265e-01,6.629267307885839955e-01,1.960646545043902844e-01,1.959707409460957339e-01,-7.525696252095314120e-01,-4.836983682461464262e-01,1.570801904283443573e+00,8.053399070238268908e-05,-3.681554015753229499e-05,-3.598781924707408959e-05,-3.561026925069351104e-05,-1.151388641385732870e-04,-2.617954156658912623e-01,-2.836026004197213624e+00
-4.215317867221606840e-01,6.629175817976955543e-01,1.960427404936040674e-01,1.959707409460957339e-01,-7.525696252095314120e-01,-4.836983682461464262e-01,1.570801904283443573e+00,8.053399070238268908e-05,-3.681554015753229499e-05,-3.598781924707408959e-05,-3.561026925069351104e-05,-1.151388641385732870e-04,-2.617954156658912623e-01,-2.836026004197213624e+00
-4.215447981672550415e-01,6.628992838159185608e-01,1.960208264828178226e-01,1.959536777557652210e-01,-7.525518200749060638e-01,-4.836983682461464262e-01,1.570801904283443573e+00,8.053399070238268908e-05,-3.681554015753229499e-05,-3.598781924707408959e-05,-3.561026925069351104e-05,-1.151388641385732870e-04,-2.617954156658912623e-01,-2.836026004197213624e+00
-4.215447981672550415e-01,6.628809858341415673e-01,1.959989124720315778e-01,1.959536777557652210e-01,-7.525518200749060638e-01,-4.836599886247668900e-01,1.570801904283443573e+00,8.053399070238268908e-05,-3.681554015753229499e-05,-3.598781924707408959e-05,-3.561026925069351104e-05,-1.151388641385732870e-04,-2.617954156658912623e-01,-2.836026004197213624e+00
-4.215708210574438120e-01,6.628535388614761326e-01,1.959550844504591161e-01,1.959536777557652210e-01,-7.525340149402807155e-01,-4.836216090033873538e-01,1.570801904283443573e+00,8.053399070238268908e-05,-3.681554015753229499e-05,-3.598781924707408959e-05,-3.561026925069351104e-05,-1.151388641385732870e-04,-2.617954156658912623e-01,-2.836026004197213624e+00
-4.215838325025381694e-01,6.628443898705876913e-01,1.959331704396729268e-01,1.959536777557652210e-01,-7.525340149402807155e-01,-4.836216090033873538e-01,1.570801904283443573e+00,8.053399070238268908e-05,-3.681554015753229499e-05,-3.598781924707408959e-05,-3.561026925069351104e-05,-1.151388641385732870e-04,-2.617954156658912623e-01,-2.836026004197213624e+00
-4.215968439476325269e-01,6.628077939070337044e-01,1.958893424181004372e-01,1.959366145654346802e-01,-7.525162098056553672e-01,-4.835832293820078176e-01,1.570801904283443573e+00,8.053399070238268908e-05,-3.681554015753229499e-05,-3.598781924707408959e-05,-3.561026925069351104e-05,-1.151388641385732870e-04,-2.617954156658912623e-01,-2.836026004197213624e+00
-4.216098553927268844e-01,6.627986449161451521e-01,1.958783854127073287e-01,1.959366145654346802e-01,-7.524984046710300190e-01,-4.835832293820078176e-01,1.570801904283443573e+00,8.053399070238268908e-05,-3.681554015753229499e-05,-3.598781924707408959e-05,-3.561026925069351104e-05,-1.151388641385732870e-04,-2.617954156658912623e-01,-2.836026004197213624e+00
-4.216228668378212419e-01,6.627803469343682696e-01,1.958564714019210840e-01,1.959366145654346802e-01,-7.524984046710300190e-01,-4.835832293820078176e-01,1.570801904283443573e+00,8.053399070238268908e-05,-3.681554015753229499e-05,-3.598781924707408959e-05,-3.561026925069351104e-05,-1.151388641385732870e-04,-2.617954156658912623e-01,-2.836026004197213624e+00
-4.216358782829155993e-01,6.627620489525912761e-01,1.958345573911348947e-01,1.959366145654346802e-01,-7.524984046710300190e-01,-4.835448497606283369e-01,1.570801904283443573e+00,8.053399070238268908e-05,-3.681554015753229499e-05,-3.598781924707408959e-05,-3.561026925069351104e-05,-1.151388641385732870e-04,-2.617954156658912623e-01,-2.836026004197213624e+00
-4.216488897280099568e-01,6.627346019799259524e-01,1.957907293695624329e-01,1.959195513751041395e-01,-7.524805995364046707e-01,-4.835064701392487452e-01,1.570801904283443573e+00,8.053399070238268908e-05,-3.681554015753229499e-05,-3.598781924707408959e-05,-3.561026925069351104e-05,-1.151388641385732870e-04,-2.617954156658912623e-01,-2.836026004197213624e+00
-4.216619011731043698e-01,6.627254529890372892e-01,1.957688153587761881e-01,1.959195513751041395e-01,-7.524627944017793224e-01,-4.835064701392487452e-01,1.570801904283443573e+00,8.053399070238268908e-05,-3.681554015753229499e-05,-3.598781924707408959e-05,-3.561026925069351104e-05,-1.151388641385732870e-04,-2.617954156658912623e-01,-2.836026004197213624e+00
-4.216749126181987273e-01,6.627071550072604067e-01,1.957469013479899433e-01,1.959195513751041395e-01,-7.524627944017793224e-01,-4.835064701392487452e-01,1.570801904283443573e+00,8.053399070238268908e-05,-3.681554015753229499e-05,-3.598781924707408959e-05,-3.561026925069351104e-05,-1.151388641385732870e-04,-2.617954156658912623e-01,-2.836026004197213624e+00
-4.216879240632930848e-01,6.626797080345949720e-01,1.957030733264175093e-01,1.959024881847736266e-01,-7.524449892671539741e-01,-4.834680905178692645e-01,1.570801904283443573e+00,8.053399070238268908e-05,-3.681554015753229499e-05,-3.598781924707408959e-05,-3.561026925069351104e-05,-1.151388641385732870e-04,-2.617954156658912623e-01,-2.836026004197213624e+00
-4.217139469534817997e-01,6.626522610619295373e-01,1.956702023102381560e-01,1.959024881847736266e-01,-7.524271841325286259e-01,-4.834297108964897283e-01,1.570801904283443573e+00,8.053399070238268908e-05,-3.681554015753229499e-05,-3.598781924707408959e-05,-3.561026925069351104e-05,-1.151388641385732870e-04,-2.617954156658912623e-01,-2.836026004197213624e+00
-4.217269583985761572e-01,6.626248140892639915e-01,1.956263742886656942e-01,1.958854249944430859e-01,-7.524093789979032776e-01,-4.833913312751102476e-01,1.570801904283443573e+00,8.053399070238268908e-05,-3.681554015753229499e-05,-3.598781924707408959e-05,-3.561026925069351104e-05,-1.151388641385732870e-04,-2.617954156658912623e-01,-2.836026004197213624e+00
-4.217399698436705702e-01,6.626065161074871090e-01,1.956044602778794494e-01,1.958854249944430859e-01,-7.524093789979032776e-01,-4.833913312751102476e-01,1.570801904283443573e+00,8.053399070238268908e-05,-3.681554015753229499e-05,-3.598781924707408959e-05,-3.561026925069351104e-05,-1.151388641385732870e-04,-2.617954156658912623e-01,-2.836026004197213624e+00
-4.217529812887648721e-01,6.625973671165985568e-01,1.955825462670932602e-01,1.958854249944430859e-01,-7.523915738632779293e-01,-4.833913312751102476e-01,1.570801904283443573e+00,8.053399070238268908e-05,-3.681554015753229499e-05,-3.598781924707408959e-05,-3.561026925069351104e-05,-1.151388641385732870e-04,-2.617954156658912623e-01,-2.836026004197213624e+00
-4.217529812887648721e-01,6.625790691348216743e-01,1.955606322563070154e-01,1.958854249944430859e-01,-7.523915738632779293e-01,-4.833529516537306558e-01,1.570801904283443573e+00,8.053399070238268908e-05,-3.681554015753229499e-05,-3.598781924707408959e-05,-3.561026925069351104e-05,-1.151388641385732870e-04,-2.617954156658912623e-01,-2.836026004197213624e+00
-4.217790041789535871e-01,6.625516221621562396e-01,1.955168042347345536e-01,1.958683618041125452e-01,-7.523737687286526921e-01,-4.833529516537306558e-01,1.570801904283443573e+00,8.053399070238268908e-05,-3.681554015753229499e-05,-3.598781924707408959e-05,-3.561026925069351104e-05,-1.151388641385732870e-04,-2.617954156658912623e-01,-2.836026004197213624e+00
-4.217920156240479446e-01,6.625424731712677984e-01,1.954948902239483088e-01,1.958683618041125452e-01,-7.523737687286526921e-01,-4.833145720323511751e-01,1.570801904283443573e+00,8.053399070238268908e-05,-3.681554015753229499e-05,-3.598781924707408959e-05,-3.561026925069351104e-05,-1.151388641385732870e-04,-2.617954156658912623e-01,-2.836026004197213624e+00
-4.218050270691423020e-01,6.625058772077138114e-01,1.954510622023758748e-01,1.958683618041125452e-01,-7.523559635940272328e-01,-4.833145720323511751e-01,1.570801904283443573e+00,8.053399070238268908e-05,-3.681554015753229499e-05,-3.598781924707408959e-05,-3.561026925069351104e-05,-1.151388641385732870e-04,-2.617954156658912623e-01,-2.836026004197213624e+00
-4.218180385142366595e-01,6.624967282168252591e-01,1.954291481915896300e-01,1.958683618041125452e-01,-7.523381584594018845e-01,-4.832761924109716389e-01,1.570801904283443573e+00,8.053399070238268908e-05,-3.681554015753229499e-05,-3.598781924707408959e-05,-3.561026925069351104e-05,-1.151388641385732870e-04,-2.617954156658912623e-01,-2.836026004197213624e+00
-4.218310499593310725e-01,6.624784302350483767e-01,1.954181911861965215e-01,1.958512986137820600e-01,-7.523381584594018845e-01,-4.832761924109716389e-01,1.570801904283443573e+00,8.053399070238268908e-05,-3.681554015753229499e-05,-3.598781924707408959e-05,-3.561026925069351104e-05,-1.151388641385732870e-04,-2.617954156658912623e-01,-2.836026004197213624e+00
-4.218440614044254300e-01,6.624692812441599354e-01,1.953962771754103045e-01,1.958512986137820600e-01,-7.523203533247765362e-01,-4.832378127895921027e-01,1.570801904283443573e+00,8.053399070238268908e-05,-3.681554015753229499e-05,-3.598781924707408959e-05,-3.561026925069351104e-05,-1.151388641385732870e-04,-2.617954156658912623e-01,-2.836026004197213624e+00
-4.218440614044254300e-01,6.624509832623829420e-01,1.953743631646240597e-01,1.958512986137820600e-01,-7.523203533247765362e-01,-4.832378127895921027e-01,1.570801904283443573e+00,8.053399070238268908e-05,-3.681554015753229499e-05,-3.598781924707408959e-05,-3.561026925069351104e-05,-1.151388641385732870e-04,-2.617954156658912623e-01,-2.836026004197213624e+00
-4.218700842946141449e-01,6.624235362897173962e-01,1.953305351430516257e-01,1.958342354234515192e-01,-7.523025481901512990e-01,-4.832378127895921027e-01,1.570801904283443573e+00,8.053399070238268908e-05,-3.681554015753229499e-05,-3.598781924707408959e-05,-3.561026925069351104e-05,-1.151388641385732870e-04,-2.617954156658912623e-01,-2.836026004197213624e+00
-4.218830957397085024e-01,6.624052383079405137e-01,1.953086211322653809e-01,1.958342354234515192e-01,-7.523025481901512990e-01,-4.831994331682125665e-01,1.570801904283443573e+00,8.053399070238268908e-05,-3.681554015753229499e-05,-3.598781924707408959e-05,-3.561026925069351104e-05,-1.151388641385732870e-04,-2.617954156658912623e-01,-2.836026004197213624e+00
-4.218830957397085024e-01,6.623960893170519615e-01,1.952867071214791361e-01,1.958342354234515192e-01,-7.522847430555258397e-01,-4.831994331682125665e-01,1.570801904283443573e+00,8.053399070238268908e-05,-3.681554015753229499e-05,-3.598781924707408959e-05,-3.561026925069351104e-05,-1.151388641385732870e-04,-2.617954156658912623e-01,-2.836026004197213624e+00
-4.218961071848028599e-01,6.623777913352750790e-01,1.952647931106929191e-01,1.958342354234515192e-01,-7.522847430555258397e-01,-4.831610535468330858e-01,1.570801904283443573e+00,8.053399070238268908e-05,-3.681554015753229499e-05,-3.598781924707408959e-05,-3.561026925069351104e-05,-1.151388641385732870e-04,-2.617954156658912623e-01,-2.836026004197213624e+00
-4.219091186298972729e-01,6.623594933534980855e-01,1.952428790999067021e-01,1.958342354234515192e-01,-7.522669379209004914e-01,-4.831610535468330858e-01,1.570801904283443573e+00,8.053399070238268908e-05,-3.681554015753229499e-05,-3.598781924707408959e-05,-3.561026925069351104e-05,-1.151388641385732870e-04,-2.617954156658912623e-01,-2.836026004197213624e+00
-4.219221300749916304e-01,6.623320463808325398e-01,1.952100080837273488e-01,1.958171722331210063e-01,-7.522491327862751431e-01,-4.831226739254534941e-01,1.570801904283443573e+00,8.053399070238268908e-05,-3.681554015753229499e-05,-3.598781924707408959e-05,-3.561026925069351104e-05,-1.151388641385732870e-04,-2.617954156658912623e-01,-2.836026004197213624e+00
-4.219351415200859878e-01,6.623228973899440986e-01,1.951880940729411318e-01,1.958171722331210063e-01,-7.522491327862751431e-01,-4.831226739254534941e-01,1.570801904283443573e+00,8.053399070238268908e-05,-3.681554015753229499e-05,-3.598781924707408959e-05,-3.561026925069351104e-05,-1.151388641385732870e-04,-2.617954156658912623e-01,-2.836026004197213624e+00
-4.219481529651803453e-01,6.623045994081672161e-01,1.951661800621548870e-01,1.958171722331210063e-01,-7.522313276516499059e-01,-4.831610535468330858e-01,1.570801904283443573e+00,8.053399070238268908e-05,-3.681554015753229499e-05,-3.598781924707408959e-05,-3.561026925069351104e-05,-1.151388641385732870e-04,-2.617954156658912623e-01,-2.836026004197213624e+00
-4.219611644102747028e-01,6.622954504172786638e-01,1.951442660513686422e-01,1.958171722331210063e-01,-7.522313276516499059e-01,-4.831226739254534941e-01,1.570801904283443573e+00,8.053399070238268908e-05,-3.681554015753229499e-05,-3.598781924707408959e-05,-3.561026925069351104e-05,-1.151388641385732870e-04,-2.617954156658912623e-01,-2.836026004197213624e+00
-4.219611644102747028e-01,6.622771524355017814e-01,1.951223520405824530e-01,1.958001090427904656e-01,-7.522313276516499059e-01,-4.831226739254534941e-01,1.570801904283443573e+00,8.053399070238268908e-05,-3.681554015753229499e-05,-3.598781924707408959e-05,-3.561026925069351104e-05,-1.151388641385732870e-04,-2.617954156658912623e-01,-2.836026004197213624e+00
-4.219871873004634177e-01,6.622497054628362356e-01,1.950894810244030997e-01,1.958001090427904656e-01,-7.522135225170244466e-01,-4.830842943040740134e-01,1.570801904283443573e+00,8.053399070238268908e-05,-3.681554015753229499e-05,-3.598781924707408959e-05,-3.561026925069351104e-05,-1.151388641385732870e-04,-2.617954156658912623e-01,-2.836026004197213624e+00
-4.220001987455578307e-01,6.622405564719477944e-01,1.950675670136168549e-01,1.958001090427904656e-01,-7.521957173823990983e-01,-4.830842943040740134e-01,1.570801904283443573e+00,8.053399070238268908e-05,-3.681554015753229499e-05,-3.598781924707408959e-05,-3.561026925069351104e-05,-1.151388641385732870e-04,-2.617954156658912623e-01,-2.836026004197213624e+00
-4.220132101906521882e-01,6.622222584901708009e-01,1.950456530028306379e-01,1.958001090427904656e-01,-7.521957173823990983e-01,-4.830842943040740134e-01,1.570801904283443573e+00,8.053399070238268908e-05,-3.681554015753229499e-05,-3.598781924707408959e-05,-3.561026925069351104e-05,-1.151388641385732870e-04,-2.617954156658912623e-01,-2.836026004197213624e+00
-4.220132101906521882e-01,6.622131094992823597e-01,1.950237389920443931e-01,1.957830458524599249e-01,-7.521779122477737500e-01,-4.830459146826944772e-01,1.570801904283443573e+00,8.053399070238268908e-05,-3.681554015753229499e-05,-3.598781924707408959e-05,-3.561026925069351104e-05,-1.151388641385732870e-04,-2.617954156658912623e-01,-2.836026004197213624e+00
-4.220262216357465457e-01,6.621948115175053662e-01,1.950018249812582039e-01,1.957830458524599249e-01,-7.521779122477737500e-01,-4.830459146826944772e-01,1.570801904283443573e+00,8.053399070238268908e-05,-3.681554015753229499e-05,-3.598781924707408959e-05,-3.561026925069351104e-05,-1.151388641385732870e-04,-2.617954156658912623e-01,-2.836026004197213624e+00
-4.220392330808409032e-01,6.621856625266169249e-01,1.949908679758650676e-01,1.957830458524599249e-01,-7.521779122477737500e-01,-4.830459146826944772e-01,1.570801904283443573e+00,8.053399070238268908e-05,-3.681554015753229499e-05,-3.598781924707408959e-05,-3.561026925069351104e-05,-1.151388641385732870e-04,-2.617954156658912623e-01,-2.836026004197213624e+00
-4.220522445259352606e-01,6.621673645448398204e-01,1.949689539650788506e-01,1.957830458524599249e-01,-7.521601071131484018e-01,-4.830075350613149965e-01,1.570801904283443573e+00,8.053399070238268908e-05,-3.681554015753229499e-05,-3.598781924707408959e-05,-3.561026925069351104e-05,-1.151388641385732870e-04,-2.617954156658912623e-01,-2.836026004197213624e+00
-4.220652559710296181e-01,6.621582155539513792e-01,1.949470399542926058e-01,1.957659826621294119e-01,-7.521601071131484018e-01,-4.830075350613149965e-01,1.570801904283443573e+00,8.053399070238268908e-05,-3.681554015753229499e-05,-3.598781924707408959e-05,-3.561026925069351104e-05,-1.151388641385732870e-04,-2.617954156658912623e-01,-2.836026004197213624e+00
-4.220782674161240311e-01,6.621307685812859445e-01,1.949141689381132525e-01,1.957659826621294119e-01,-7.521423019785230535e-01,-4.829691554399354048e-01,1.570801904283443573e+00,8.053399070238268908e-05,-3.681554015753229499e-05,-3.598781924707408959e-05,-3.561026925069351104e-05,-1.151388641385732870e-04,-2.617954156658912623e-01,-2.836026004197213624e+00
-4.220912788612183886e-01,6.621216195903975033e-01,1.948922549273270355e-01,1.957659826621294119e-01,-7.521423019785230535e-01,-4.829691554399354048e-01,1.570801904283443573e+00,8.053399070238268908e-05,-3.681554015753229499e-05,-3.598781924707408959e-05,-3.561026925069351104e-05,-1.151388641385732870e-04,-2.617954156658912623e-01,-2.836026004197213624e+00
-4.221042903063127461e-01,6.621033216086205098e-01,1.948812979219339270e-01,1.957659826621294119e-01,-7.521244968438977052e-01,-4.829691554399354048e-01,1.570801904283443573e+00,8.053399070238268908e-05,-3.681554015753229499e-05,-3.598781924707408959e-05,-3.561026925069351104e-05,-1.151388641385732870e-04,-2.617954156658912623e-01,-2.836026004197213624e+00
-4.221173017514071035e-01,6.620850236268436273e-01,1.948374699003614652e-01,1.957489194717988712e-01,-7.521066917092724680e-01,-4.829307758185559241e-01,1.570801904283443573e+00,8.053399070238268908e-05,-3.681554015753229499e-05,-3.598781924707408959e-05,-3.561026925069351104e-05,-1.151388641385732870e-04,-2.617954156658912623e-01,-2.836026004197213624e+00
-4.221303131965014610e-01,6.620667256450665228e-01,1.948265128949683567e-01,1.957489194717988712e-01,-7.521066917092724680e-01,-4.829307758185559241e-01,1.570801904283443573e+00,8.053399070238268908e-05,-3.681554015753229499e-05,-3.598781924707408959e-05,-3.561026925069351104e-05,-1.151388641385732870e-04,-2.617954156658912623e-01,-2.836026004197213624e+00
-4.221433246415958185e-01,6.620575766541780816e-01,1.948045988841821119e-01,1.957489194717988712e-01,-7.521066917092724680e-01,-4.828923961971763879e-01,1.570801904283443573e+00,8.053399070238268908e-05,-3.681554015753229499e-05,-3.598781924707408959e-05,-3.561026925069351104e-05,-1.151388641385732870e-04,-2.617954156658912623e-01,-2.836026004197213624e+00
-4.221563360866902315e-01,6.620484276632896403e-01,1.947826848733958671e-01,1.957318562814683860e-01,-7.520888865746470087e-01,-4.828923961971763879e-01,1.570801904283443573e+00,8.053399070238268908e-05,-3.681554015753229499e-05,-3.598781924707408959e-05,-3.561026925069351104e-05,-1.151388641385732870e-04,-2.617954156658912623e-01,-2.836026004197213624e+00
-4.221693475317845889e-01,6.620301296815126468e-01,1.947717278680027864e-01,1.957318562814683860e-01,-7.520888865746470087e-01,-4.828923961971763879e-01,1.570801904283443573e+00,8.053399070238268908e-05,-3.681554015753229499e-05,-3.598781924707408959e-05,-3.561026925069351104e-05,-1.151388641385732870e-04,-2.617954156658912623e-01,-2.836026004197213624e+00
-4.221823589768789464e-01,6.620209806906242056e-01,1.947498138572165416e-01,1.957318562814683860e-01,-7.520888865746470087e-01,-4.828540165757968516e-01,1.570801904283443573e+00,8.053399070238268908e-05,-3.681554015753229499e-05,-3.598781924707408959e-05,-3.561026925069351104e-05,-1.151388641385732870e-04,-2.617954156658912623e-01,-2.836026004197213624e+00
-4.221823589768789464e-01,6.620118316997357644e-01,1.947388568518234331e-01,1.957318562814683860e-01,-7.520710814400216604e-01,-4.828540165757968516e-01,1.570801904283443573e+00,8.053399070238268908e-05,-3.681554015753229499e-05,-3.598781924707408959e-05,-3.561026925069351104e-05,-1.151388641385732870e-04,-2.617954156658912623e-01,-2.836026004197213624e+00
-4.222083818670676614e-01,6.619843847270702186e-01,1.947059858356440798e-01,1.957147930911378453e-01,-7.520710814400216604e-01,-4.828156369544173154e-01,1.570801904283443573e+00,8.053399070238268908e-05,-3.681554015753229499e-05,-3.598781924707408959e-05,-3.561026925069351104e-05,-1.151388641385732870e-04,-2.617954156658912623e-01,-2.836026004197213624e+00
-4.222213933121620189e-01,6.619752357361817774e-01,1.946840718248578350e-01,1.957147930911378453e-01,-7.520532763053963121e-01,-4.828156369544173154e-01,1.570801904283443573e+00,8.053399070238268908e-05,-3.681554015753229499e-05,-3.598781924707408959e-05,-3.561026925069351104e-05,-1.151388641385732870e-04,-2.617954156658912623e-01,-2.836026004197213624e+00
-4.222344047572563763e-01,6.619660867452932251e-01,1.946731148194647265e-01,1.957147930911378453e-01,-7.520532763053963121e-01,-4.828156369544173154e-01,1.570801904283443573e+00,8.053399070238268908e-05,-3.681554015753229499e-05,-3.598781924707408959e-05,-3.561026925069351104e-05,-1.151388641385732870e-04,-2.617954156658912623e-01,-2.836026004197213624e+00
-4.222474162023507893e-01,6.619569377544047839e-01,1.946512008086785372e-01,1.956977299008073046e-01,-7.520354711707710749e-01,-4.827772573330378347e-01,1.570801904283443573e+00,8.053399070238268908e-05,-3.681554015753229499e-05,-3.598781924707408959e-05,-3.561026925069351104e-05,-1.151388641385732870e-04,-2.617954156658912623e-01,-2.836026004197213624e+00
-4.222604276474451468e-01,6.619477887635163427e-01,1.946402438032854010e-01,1.956977299008073046e-01,-7.520354711707710749e-01,-4.827772573330378347e-01,1.570801904283443573e+00,8.053399070238268908e-05,-3.681554015753229499e-05,-3.598781924707408959e-05,-3.561026925069351104e-05,-1.151388641385732870e-04,-2.617954156658912623e-01,-2.836026004197213624e+00
-4.222604276474451468e-01,6.619294907817393492e-01,1.946183297924991840e-01,1.956977299008073046e-01,-7.520354711707710749e-01,-4.827772573330378347e-01,1.570801904283443573e+00,8.053399070238268908e-05,-3.681554015753229499e-05,-3.598781924707408959e-05,-3.561026925069351104e-05,-1.151388641385732870e-04,-2.617954156658912623e-01,-2.836026004197213624e+00
-4.222864505376338617e-01,6.619111927999624667e-01,1.945854587763198307e-01,1.956977299008073046e-01,-7.520176660361456156e-01,-4.827388777116582985e-01,1.570801904283443573e+00,8.053399070238268908e-05,-3.681554015753229499e-05,-3.598781924707408959e-05,-3.561026925069351104e-05,-1.151388641385732870e-04,-2.617954156658912623e-01,-2.836026004197213624e+00
-4.222994619827282192e-01,6.619020438090739145e-01,1.945745017709266944e-01,1.956806667104767916e-01,-7.520176660361456156e-01,-4.827388777116582985e-01,1.570801904283443573e+00,8.053399070238268908e-05,-3.681554015753229499e-05,-3.598781924707408959e-05,-3.561026925069351104e-05,-1.151388641385732870e-04,-2.617954156658912623e-01,-2.836026004197213624e+00
-4.223254848729169897e-01,6.618745968364084797e-01,1.945416307547473966e-01,1.956806667104767916e-01,-7.519998609015202673e-01,-4.827004980902787623e-01,1.570801904283443573e+00,8.053399070238268908e-05,-3.681554015753229499e-05,-3.598781924707408959e-05,-3.561026925069351104e-05,-1.151388641385732870e-04,-2.617954156658912623e-01,-2.836026004197213624e+00
-4.223254848729169897e-01,6.618654478455199275e-01,1.945306737493542604e-01,1.956806667104767916e-01,-7.519820557668949190e-01,-4.826621184688992261e-01,1.570801904283443573e+00,8.053399070238268908e-05,-3.681554015753229499e-05,-3.598781924707408959e-05,-3.561026925069351104e-05,-1.151388641385732870e-04,-2.617954156658912623e-01,-2.836026004197213624e+00
-4.223384963180113472e-01,6.618562988546314863e-01,1.945087597385680434e-01,1.956636035201462509e-01,-7.519820557668949190e-01,-4.826621184688992261e-01,1.570801904283443573e+00,8.053399070238268908e-05,-3.681554015753229499e-05,-3.598781924707408959e-05,-3.561026925069351104e-05,-1.151388641385732870e-04,-2.617954156658912623e-01,-2.836026004197213624e+00
-4.223515077631057046e-01,6.618471498637430450e-01,1.944978027331749071e-01,1.956636035201462509e-01,-7.519820557668949190e-01,-4.826621184688992261e-01,1.570801904283443573e+00,8.053399070238268908e-05,-3.681554015753229499e-05,-3.598781924707408959e-05,-3.561026925069351104e-05,-1.151388641385732870e-04,-2.617954156658912623e-01,-2.836026004197213624e+00
-4.223645192082000621e-01,6.618288518819660515e-01,1.944758887223886901e-01,1.956636035201462509e-01,-7.519642506322696818e-01,-4.826237388475197454e-01,1.570801904283443573e+00,8.053399070238268908e-05,-3.681554015753229499e-05,-3.598781924707408959e-05,-3.561026925069351104e-05,-1.151388641385732870e-04,-2.617954156658912623e-01,-2.836026004197213624e+00
-4.223905420983887771e-01,6.618105539001891691e-01,1.944430177062093368e-01,1.956465403298157379e-01,-7.519642506322696818e-01,-4.826237388475197454e-01,1.570801904283443573e+00,8.053399070238268908e-05,-3.681554015753229499e-05,-3.598781924707408959e-05,-3.561026925069351104e-05,-1.151388641385732870e-04,-2.617954156658912623e-01,-2.836026004197213624e+00
-4.224035535434831901e-01,6.618014049093005058e-01,1.944320607008162005e-01,1.956465403298157379e-01,-7.519464454976442225e-01,-4.825853592261401537e-01,1.570801904283443573e+00,8.053399070238268908e-05,-3.681554015753229499e-05,-3.598781924707408959e-05,-3.561026925069351104e-05,-1.151388641385732870e-04,-2.617954156658912623e-01,-2.836026004197213624e+00
-4.224035535434831901e-01,6.617922559184120646e-01,1.944211036954231198e-01,1.956465403298157379e-01,-7.519464454976442225e-01,-4.825853592261401537e-01,1.570801904283443573e+00,8.053399070238268908e-05,-3.681554015753229499e-05,-3.598781924707408959e-05,-3.561026925069351104e-05,-1.151388641385732870e-04,-2.617954156658912623e-01,-2.836026004197213624e+00
-4.224165649885775475e-01,6.617739579366351821e-01,1.943991896846369027e-01,1.956294771394851972e-01,-7.519464454976442225e-01,-4.825853592261401537e-01,1.570801904283443573e+00,8.053399070238268908e-05,-3.681554015753229499e-05,-3.598781924707408959e-05,-3.561026925069351104e-05,-1.151388641385732870e-04,-2.617954156658912623e-01,-2.836026004197213624e+00
-4.224425878787662625e-01,6.617556599548581886e-01,1.943663186684575495e-01,1.956294771394851972e-01,-7.519286403630188742e-01,-4.825469796047606730e-01,1.570801904283443573e+00,8.053399070238268908e-05,-3.681554015753229499e-05,-3.598781924707408959e-05,-3.561026925069351104e-05,-1.151388641385732870e-04,-2.617954156658912623e-01,-2.836026004197213624e+00
-4.224686107689549774e-01,6.617373619730811951e-01,1.943334476522781962e-01,1.956124139491546565e-01,-7.519108352283935259e-01,-4.825085999833811368e-01,1.570801904283443573e+00,8.053399070238268908e-05,-3.681554015753229499e-05,-3.598781924707408959e-05,-3.561026925069351104e-05,-1.151388641385732870e-04,-2.617954156658912623e-01,-2.836026004197213624e+00
-4.224816222140493904e-01,6.617190639913043126e-01,1.943224906468850599e-01,1.956124139491546565e-01,-7.519108352283935259e-01,-4.825085999833811368e-01,1.570801904283443573e+00,8.053399070238268908e-05,-3.681554015753229499e-05,-3.598781924707408959e-05,-3.561026925069351104e-05,-1.151388641385732870e-04,-2.617954156658912623e-01,-2.836026004197213624e+00
-4.224816222140493904e-01,6.617099150004158714e-01,1.943115336414919514e-01,1.956124139491546565e-01,-7.519108352283935259e-01,-4.824702203620016561e-01,1.570801904283443573e+00,8.053399070238268908e-05,-3.681554015753229499e-05,-3.598781924707408959e-05,-3.561026925069351104e-05,-1.151388641385732870e-04,-2.617954156658912623e-01,-2.836026004197213624e+00
-4.224946336591437479e-01,6.617007660095272081e-01,1.942896196307057344e-01,1.956124139491546565e-01,-7.518930300937682887e-01,-4.825085999833811368e-01,1.570801904283443573e+00,8.053399070238268908e-05,-3.681554015753229499e-05,-3.598781924707408959e-05,-3.561026925069351104e-05,-1.151388641385732870e-04,-2.617954156658912623e-01,-2.836026004197213624e+00
-4.225076451042381054e-01,6.616916170186387669e-01,1.942786626253126259e-01,1.955953507588241713e-01,-7.518930300937682887e-01,-4.825085999833811368e-01,1.570801904283443573e+00,8.053399070238268908e-05,-3.681554015753229499e-05,-3.598781924707408959e-05,-3.561026925069351104e-05,-1.151388641385732870e-04,-2.617954156658912623e-01,-2.836026004197213624e+00
-4.225336679944268203e-01,6.616641700459733322e-01,1.942457916091332726e-01,1.955953507588241713e-01,-7.518752249591428294e-01,-4.824702203620016561e-01,1.570801904283443573e+00,8.053399070238268908e-05,-3.681554015753229499e-05,-3.598781924707408959e-05,-3.561026925069351104e-05,-1.151388641385732870e-04,-2.617954156658912623e-01,-2.836026004197213624e+00
-4.225466794395211778e-01,6.616550210550848909e-01,1.942238775983470556e-01,1.955953507588241713e-01,-7.518752249591428294e-01,-4.824702203620016561e-01,1.570801904283443573e+00,8.053399070238268908e-05,-3.681554015753229499e-05,-3.598781924707408959e-05,-3.561026925069351104e-05,-1.151388641385732870e-04,-2.617954156658912623e-01,-2.836026004197213624e+00
-4.225596908846155353e-01,6.616367230733078975e-01,1.942019635875608108e-01,1.955782875684936306e-01,-7.518574198245174811e-01,-4.824318407406220643e-01,1.570801904283443573e+00,8.053399070238268908e-05,-3.681554015753229499e-05,-3.598781924707408959e-05,-3.561026925069351104e-05,-1.151388641385732870e-04,-2.617954156658912623e-01,-2.836026004197213624e+00
-4.225727023297099483e-01,6.616275740824194562e-01,1.941800495767745938e-01,1.955782875684936306e-01,-7.518396146898921328e-01,-4.823934611192425836e-01,1.570801904283443573e+00,8.053399070238268908e-05,-3.681554015753229499e-05,-3.598781924707408959e-05,-3.561026925069351104e-05,-1.151388641385732870e-04,-2.617954156658912623e-01,-2.836026004197213624e+00
-4.225857137748043058e-01,6.616092761006424627e-01,1.941690925713814853e-01,1.955782875684936306e-01,-7.518396146898921328e-01,-4.823934611192425836e-01,1.570801904283443573e+00,8.053399070238268908e-05,-3.681554015753229499e-05,-3.598781924707408959e-05,-3.561026925069351104e-05,-1.151388641385732870e-04,-2.617954156658912623e-01,-2.836026004197213624e+00
-4.225987252198986632e-01,6.616001271097539105e-01,1.941471785605952405e-01,1.955612243781630899e-01,-7.518396146898921328e-01,-4.823934611192425836e-01,1.570801904283443573e+00,8.053399070238268908e-05,-3.681554015753229499e-05,-3.598781924707408959e-05,-3.561026925069351104e-05,-1.151388641385732870e-04,-2.617954156658912623e-01,-2.836026004197213624e+00
-4.226247481100873782e-01,6.615818291279770280e-01,1.941252645498090235e-01,1.955612243781630899e-01,-7.518218095552668956e-01,-4.823550814978630474e-01,1.570801904283443573e+00,8.053399070238268908e-05,-3.681554015753229499e-05,-3.598781924707408959e-05,-3.561026925069351104e-05,-1.151388641385732870e-04,-2.617954156658912623e-01,-2.836026004197213624e+00
-4.226247481100873782e-01,6.615726801370884758e-01,1.941033505390227787e-01,1.955612243781630899e-01,-7.518040044206414363e-01,-4.823550814978630474e-01,1.570801904283443573e+00,8.053399070238268908e-05,-3.681554015753229499e-05,-3.598781924707408959e-05,-3.561026925069351104e-05,-1.151388641385732870e-04,-2.617954156658912623e-01,-2.836026004197213624e+00
-4.226377595551817357e-01,6.615635311462000345e-01,1.940923935336296702e-01,1.955441611878325769e-01,-7.518040044206414363e-01,-4.823167018764835112e-01,1.570801904283443573e+00,8.053399070238268908e-05,-3.681554015753229499e-05,-3.598781924707408959e-05,-3.561026925069351104e-05,-1.151388641385732870e-04,-2.617954156658912623e-01,-2.836026004197213624e+00
-4.226507710002761486e-01,6.615452331644231521e-01,1.940704795228434532e-01,1.955441611878325769e-01,-7.518040044206414363e-01,-4.823167018764835112e-01,1.570801904283443573e+00,8.053399070238268908e-05,-3.681554015753229499e-05,-3.598781924707408959e-05,-3.561026925069351104e-05,-1.151388641385732870e-04,-2.617954156658912623e-01,-2.836026004197213624e+00
-4.226637824453705061e-01,6.615360841735345998e-01,1.940595225174503446e-01,1.955441611878325769e-01,-7.517861992860160880e-01,-4.823167018764835112e-01,1.570801904283443573e+00,8.053399070238268908e-05,-3.681554015753229499e-05,-3.598781924707408959e-05,-3.561026925069351104e-05,-1.151388641385732870e-04,-2.617954156658912623e-01,-2.836026004197213624e+00
-4.226767938904648636e-01,6.615177861917576063e-01,1.940266515012709914e-01,1.955270979975020362e-01,-7.517683941513908508e-01,-4.822783222551039750e-01,1.570801904283443573e+00,8.053399070238268908e-05,-3.681554015753229499e-05,-3.598781924707408959e-05,-3.561026925069351104e-05,-1.151388641385732870e-04,-2.617954156658912623e-01,-2.836026004197213624e+00
-4.226898053355592211e-01,6.615086372008691651e-01,1.940156944958778829e-01,1.955270979975020362e-01,-7.517683941513908508e-01,-4.822783222551039750e-01,1.570801904283443573e+00,8.053399070238268908e-05,-3.681554015753229499e-05,-3.598781924707408959e-05,-3.561026925069351104e-05,-1.151388641385732870e-04,-2.617954156658912623e-01,-2.836026004197213624e+00
-4.227028167806535786e-01,6.614994882099806128e-01,1.939937804850916381e-01,1.955270979975020362e-01,-7.517683941513908508e-01,-4.822399426337244943e-01,1.570801904283443573e+00,8.053399070238268908e-05,-3.681554015753229499e-05,-3.598781924707408959e-05,-3.561026925069351104e-05,-1.151388641385732870e-04,-2.617954156658912623e-01,-2.836026004197213624e+00
-4.227288396708423490e-01,6.614720412373151781e-01,1.939718664743053933e-01,1.955270979975020362e-01,-7.517505890167655025e-01,-4.822399426337244943e-01,1.570801904283443573e+00,8.053399070238268908e-05,-3.681554015753229499e-05,-3.598781924707408959e-05,-3.561026925069351104e-05,-1.151388641385732870e-04,-2.617954156658912623e-01,-2.836026004197213624e+00
-4.227418511159367065e-01,6.614628922464267369e-01,1.939499524635192040e-01,1.955100348071715233e-01,-7.517505890167655025e-01,-4.822015630123449026e-01,1.570801904283443573e+00,8.053399070238268908e-05,-3.681554015753229499e-05,-3.598781924707408959e-05,-3.561026925069351104e-05,-1.151388641385732870e-04,-2.617954156658912623e-01,-2.836026004197213624e+00
-4.227418511159367065e-01,6.614537432555382956e-01,1.939389954581260955e-01,1.955100348071715233e-01,-7.517327838821400432e-01,-4.822015630123449026e-01,1.570801904283443573e+00,8.053399070238268908e-05,-3.681554015753229499e-05,-3.598781924707408959e-05,-3.561026925069351104e-05,-1.151388641385732870e-04,-2.617954156658912623e-01,-2.836026004197213624e+00
-4.227548625610310640e-01,6.614445942646498544e-01,1.939170814473398508e-01,1.955100348071715233e-01,-7.517327838821400432e-01,-4.821631833909654219e-01,1.570801904283443573e+00,8.053399070238268908e-05,-3.681554015753229499e-05,-3.598781924707408959e-05,-3.561026925069351104e-05,-1.151388641385732870e-04,-2.617954156658912623e-01,-2.836026004197213624e+00
-4.227678740061254214e-01,6.614354452737611911e-01,1.939061244419467422e-01,1.955100348071715233e-01,-7.517149787475146949e-01,-4.821631833909654219e-01,1.570801904283443573e+00,8.053399070238268908e-05,-3.681554015753229499e-05,-3.598781924707408959e-05,-3.561026925069351104e-05,-1.151388641385732870e-04,-2.617954156658912623e-01,-2.836026004197213624e+00
-4.227938968963141364e-01,6.614171472919843087e-01,1.938732534257673890e-01,1.954929716168409826e-01,-7.517149787475146949e-01,-4.821248037695858857e-01,1.570801904283443573e+00,8.053399070238268908e-05,-3.681554015753229499e-05,-3.598781924707408959e-05,-3.561026925069351104e-05,-1.151388641385732870e-04,-2.617954156658912623e-01,-2.836026004197213624e+00
-4.228069083414084939e-01,6.613897003193188739e-01,1.938403824095880634e-01,1.954929716168409826e-01,-7.516971736128894577e-01,-4.821248037695858857e-01,1.570801904283443573e+00,8.053399070238268908e-05,-3.681554015753229499e-05,-3.598781924707408959e-05,-3.561026925069351104e-05,-1.151388641385732870e-04,-2.617954156658912623e-01,-2.836026004197213624e+00
-4.228199197865029069e-01,6.613805513284304327e-01,1.938294254041949549e-01,1.954759084265104419e-01,-7.516793684782641094e-01,-4.820864241482064050e-01,1.570801904283443573e+00,8.053399070238268908e-05,-3.681554015753229499e-05,-3.598781924707408959e-05,-3.561026925069351104e-05,-1.151388641385732870e-04,-2.617954156658912623e-01,-2.836026004197213624e+00
-4.228329312315972643e-01,6.613714023375418805e-01,1.938184683988018187e-01,1.954759084265104419e-01,-7.516793684782641094e-01,-4.820864241482064050e-01,1.570801904283443573e+00,8.053399070238268908e-05,-3.681554015753229499e-05,-3.598781924707408959e-05,-3.561026925069351104e-05,-1.151388641385732870e-04,-2.617954156658912623e-01,-2.836026004197213624e+00
-4.228459426766915663e-01,6.613622533466534392e-01,1.937965543880156016e-01,1.954759084265104419e-01,-7.516793684782641094e-01,-4.820480445268268133e-01,1.570801904283443573e+00,8.053399070238268908e-05,-3.681554015753229499e-05,-3.598781924707408959e-05,-3.561026925069351104e-05,-1.151388641385732870e-04,-2.617954156658912623e-01,-2.836026004197213624e+00
-4.228719655668802813e-01,6.613348063739878935e-01,1.937746403772293569e-01,1.954588452361799567e-01,-7.516615633436386501e-01,-4.820480445268268133e-01,1.570801904283443573e+00,8.053399070238268908e-05,-3.681554015753229499e-05,-3.598781924707408959e-05,-3.561026925069351104e-05,-1.151388641385732870e-04,-2.617954156658912623e-01,-2.836026004197213624e+00
-4.228719655668802813e-01,6.613256573830994522e-01,1.937527263664431121e-01,1.954588452361799567e-01,-7.516615633436386501e-01,-4.820480445268268133e-01,1.570801904283443573e+00,8.053399070238268908e-05,-3.681554015753229499e-05,-3.598781924707408959e-05,-3.561026925069351104e-05,-1.151388641385732870e-04,-2.617954156658912623e-01,-2.836026004197213624e+00
-4.228979884570689962e-01,6.613073594013224588e-01,1.937198553502637866e-01,1.954588452361799567e-01,-7.516437582090133018e-01,-4.820096649054473326e-01,1.570801904283443573e+00,8.053399070238268908e-05,-3.681554015753229499e-05,-3.598781924707408959e-05,-3.561026925069351104e-05,-1.151388641385732870e-04,-2.617954156658912623e-01,-2.836026004197213624e+00
-4.229109999021634092e-01,6.612982104104340175e-01,1.937088983448706780e-01,1.954417820458494159e-01,-7.516259530743880646e-01,-4.819712852840677964e-01,1.570801904283443573e+00,8.053399070238268908e-05,-3.681554015753229499e-05,-3.598781924707408959e-05,-3.561026925069351104e-05,-1.151388641385732870e-04,-2.617954156658912623e-01,-2.836026004197213624e+00
-4.229240113472577667e-01,6.612890614195455763e-01,1.936979413394775695e-01,1.954417820458494159e-01,-7.516259530743880646e-01,-4.819712852840677964e-01,1.570801904283443573e+00,8.053399070238268908e-05,-3.681554015753229499e-05,-3.598781924707408959e-05,-3.561026925069351104e-05,-1.151388641385732870e-04,-2.617954156658912623e-01,-2.836026004197213624e+00
-4.229370227923521242e-01,6.612707634377685828e-01,1.936760273286913248e-01,1.954417820458494159e-01,-7.516259530743880646e-01,-4.819712852840677964e-01,1.570801904283443573e+00,8.053399070238268908e-05,-3.681554015753229499e-05,-3.598781924707408959e-05,-3.561026925069351104e-05,-1.151388641385732870e-04,-2.617954156658912623e-01,-2.836026004197213624e+00
-4.229370227923521242e-01,6.612616144468801416e-01,1.936650703232982162e-01,1.954417820458494159e-01,-7.516081479397627163e-01,-4.819329056626882601e-01,1.570801904283443573e+00,8.053399070238268908e-05,-3.681554015753229499e-05,-3.598781924707408959e-05,-3.561026925069351104e-05,-1.151388641385732870e-04,-2.617954156658912623e-01,-2.836026004197213624e+00
-4.229630456825408391e-01,6.612433164651031481e-01,1.936321993071188630e-01,1.954247188555189030e-01,-7.516081479397627163e-01,-4.819329056626882601e-01,1.570801904283443573e+00,8.053399070238268908e-05,-3.681554015753229499e-05,-3.598781924707408959e-05,-3.561026925069351104e-05,-1.151388641385732870e-04,-2.617954156658912623e-01,-2.836026004197213624e+00
-4.229760571276351966e-01,6.612341674742145958e-01,1.936212423017257545e-01,1.954247188555189030e-01,-7.515903428051372570e-01,-4.818945260413087239e-01,1.570801904283443573e+00,8.053399070238268908e-05,-3.681554015753229499e-05,-3.598781924707408959e-05,-3.561026925069351104e-05,-1.151388641385732870e-04,-2.617954156658912623e-01,-2.836026004197213624e+00
-4.230020800178239671e-01,6.612067205015491611e-01,1.935883712855464289e-01,1.954076556651883623e-01,-7.515725376705119087e-01,-4.818945260413087239e-01,1.570801904283443573e+00,8.053399070238268908e-05,-3.681554015753229499e-05,-3.598781924707408959e-05,-3.561026925069351104e-05,-1.151388641385732870e-04,-2.617954156658912623e-01,-2.836026004197213624e+00
-4.230020800178239671e-01,6.611975715106607199e-01,1.935664572747601841e-01,1.954076556651883623e-01,-7.515725376705119087e-01,-4.818561464199292432e-01,1.570801904283443573e+00,8.053399070238268908e-05,-3.681554015753229499e-05,-3.598781924707408959e-05,-3.561026925069351104e-05,-1.151388641385732870e-04,-2.617954156658912623e-01,-2.836026004197213624e+00
-4.230150914629183245e-01,6.611884225197722786e-01,1.935555002693670756e-01,1.954076556651883623e-01,-7.515725376705119087e-01,-4.818561464199292432e-01,1.570801904283443573e+00,8.053399070238268908e-05,-3.681554015753229499e-05,-3.598781924707408959e-05,-3.561026925069351104e-05,-1.151388641385732870e-04,-2.617954156658912623e-01,-2.836026004197213624e+00
-4.230281029080126820e-01,6.611792735288838374e-01,1.935445432639739394e-01,1.954076556651883623e-01,-7.515547325358866715e-01,-4.818561464199292432e-01,1.570801904283443573e+00,8.053399070238268908e-05,-3.681554015753229499e-05,-3.598781924707408959e-05,-3.561026925069351104e-05,-1.151388641385732870e-04,-2.617954156658912623e-01,-2.836026004197213624e+00
-4.230541257982013970e-01,6.611609755471068439e-01,1.935116722477946138e-01,1.953905924748578216e-01,-7.515547325358866715e-01,-4.818561464199292432e-01,1.570801904283443573e+00,8.053399070238268908e-05,-3.681554015753229499e-05,-3.598781924707408959e-05,-3.561026925069351104e-05,-1.151388641385732870e-04,-2.617954156658912623e-01,-2.836026004197213624e+00
-4.230671372432958099e-01,6.611518265562182917e-01,1.934897582370083691e-01,1.953905924748578216e-01,-7.515369274012613232e-01,-4.818177667985497070e-01,1.570801904283443573e+00,8.053399070238268908e-05,-3.681554015753229499e-05,-3.598781924707408959e-05,-3.561026925069351104e-05,-1.151388641385732870e-04,-2.617954156658912623e-01,-2.836026004197213624e+00
-4.230801486883901674e-01,6.611426775653297394e-01,1.934788012316152883e-01,1.953905924748578216e-01,-7.515369274012613232e-01,-4.818177667985497070e-01,1.570801904283443573e+00,8.053399070238268908e-05,-3.681554015753229499e-05,-3.598781924707408959e-05,-3.561026925069351104e-05,-1.151388641385732870e-04,-2.617954156658912623e-01,-2.836026004197213624e+00
-4.230801486883901674e-01,6.611243795835528569e-01,1.934678442262221520e-01,1.953735292845273086e-01,-7.515369274012613232e-01,-4.818177667985497070e-01,1.570801904283443573e+00,8.053399070238268908e-05,-3.681554015753229499e-05,-3.598781924707408959e-05,-3.561026925069351104e-05,-1.151388641385732870e-04,-2.617954156658912623e-01,-2.836026004197213624e+00
-4.230931601334845249e-01,6.611152305926644157e-01,1.934459302154359350e-01,1.953735292845273086e-01,-7.515369274012613232e-01,-4.817793871771701708e-01,1.570801904283443573e+00,8.053399070238268908e-05,-3.681554015753229499e-05,-3.598781924707408959e-05,-3.561026925069351104e-05,-1.151388641385732870e-04,-2.617954156658912623e-01,-2.836026004197213624e+00
-4.231191830236732399e-01,6.610969326108874222e-01,1.934240162046496903e-01,1.953735292845273086e-01,-7.515191222666358639e-01,-4.817793871771701708e-01,1.570801904283443573e+00,8.053399070238268908e-05,-3.681554015753229499e-05,-3.598781924707408959e-05,-3.561026925069351104e-05,-1.151388641385732870e-04,-2.617954156658912623e-01,-2.836026004197213624e+00
-4.231321944687675973e-01,6.610877836199989810e-01,1.934021021938634455e-01,1.953564660941967679e-01,-7.515013171320106267e-01,-4.817410075557906346e-01,1.570801904283443573e+00,8.053399070238268908e-05,-3.681554015753229499e-05,-3.598781924707408959e-05,-3.561026925069351104e-05,-1.151388641385732870e-04,-2.617954156658912623e-01,-2.836026004197213624e+00
-4.231452059138619548e-01,6.610786346291105398e-01,1.933911451884703370e-01,1.953564660941967679e-01,-7.515013171320106267e-01,-4.817410075557906346e-01,1.570801904283443573e+00,8.053399070238268908e-05,-3.681554015753229499e-05,-3.598781924707408959e-05,-3.561026925069351104e-05,-1.151388641385732870e-04,-2.617954156658912623e-01,-2.836026004197213624e+00
-4.231712288040507253e-01,6.610603366473334352e-01,1.933692311776841477e-01,1.953564660941967679e-01,-7.514835119973852784e-01,-4.817026279344111539e-01,1.570801904283443573e+00,8.053399070238268908e-05,-3.681554015753229499e-05,-3.598781924707408959e-05,-3.561026925069351104e-05,-1.151388641385732870e-04,-2.617954156658912623e-01,-2.836026004197213624e+00
-4.231712288040507253e-01,6.610511876564449940e-01,1.933473171668979029e-01,1.953394029038662549e-01,-7.514835119973852784e-01,-4.817026279344111539e-01,1.570801904283443573e+00,8.053399070238268908e-05,-3.681554015753229499e-05,-3.598781924707408959e-05,-3.561026925069351104e-05,-1.151388641385732870e-04,-2.617954156658912623e-01,-2.836026004197213624e+00
-4.231842402491450827e-01,6.610420386655564418e-01,1.933363601615047944e-01,1.953394029038662549e-01,-7.514835119973852784e-01,-4.817026279344111539e-01,1.570801904283443573e+00,8.053399070238268908e-05,-3.681554015753229499e-05,-3.598781924707408959e-05,-3.561026925069351104e-05,-1.151388641385732870e-04,-2.617954156658912623e-01,-2.836026004197213624e+00
-4.231972516942394402e-01,6.610328896746680005e-01,1.933254031561116582e-01,1.953394029038662549e-01,-7.514657068627599301e-01,-4.816642483130315622e-01,1.570801904283443573e+00,8.053399070238268908e-05,-3.681554015753229499e-05,-3.598781924707408959e-05,-3.561026925069351104e-05,-1.151388641385732870e-04,-2.617954156658912623e-01,-2.836026004197213624e+00
-4.232102631393337977e-01,6.610237406837795593e-01,1.933144461507185496e-01,1.953394029038662549e-01,-7.514657068627599301e-01,-4.816642483130315622e-01,1.570801904283443573e+00,8.053399070238268908e-05,-3.681554015753229499e-05,-3.598781924707408959e-05,-3.561026925069351104e-05,-1.151388641385732870e-04,-2.617954156658912623e-01,-2.836026004197213624e+00
-4.232362860295225682e-01,6.610054427020025658e-01,1.932815751345391964e-01,1.953223397135357420e-01,-7.514479017281344708e-01,-4.816258686916520815e-01,1.570801904283443573e+00,8.053399070238268908e-05,-3.681554015753229499e-05,-3.598781924707408959e-05,-3.561026925069351104e-05,-1.151388641385732870e-04,-2.617954156658912623e-01,-2.836026004197213624e+00
-4.232492974746169256e-01,6.609962937111141246e-01,1.932706181291460878e-01,1.953223397135357420e-01,-7.514479017281344708e-01,-4.816258686916520815e-01,1.570801904283443573e+00,8.053399070238268908e-05,-3.681554015753229499e-05,-3.598781924707408959e-05,-3.561026925069351104e-05,-1.151388641385732870e-04,-2.617954156658912623e-01,-2.836026004197213624e+00
-4.232623089197112831e-01,6.609871447202256833e-01,1.932596611237529516e-01,1.953052765232052013e-01,-7.514479017281344708e-01,-4.816258686916520815e-01,1.570801904283443573e+00,8.053399070238268908e-05,-3.681554015753229499e-05,-3.598781924707408959e-05,-3.561026925069351104e-05,-1.151388641385732870e-04,-2.617954156658912623e-01,-2.836026004197213624e+00
-4.232753203648056406e-01,6.609779957293372421e-01,1.932487041183598708e-01,1.953052765232052013e-01,-7.514300965935092336e-01,-4.815874890702725453e-01,1.570801904283443573e+00,8.053399070238268908e-05,-3.681554015753229499e-05,-3.598781924707408959e-05,-3.561026925069351104e-05,-1.151388641385732870e-04,-2.617954156658912623e-01,-2.836026004197213624e+00
-4.232883318098999981e-01,6.609596977475601376e-01,1.932267901075736538e-01,1.953052765232052013e-01,-7.514300965935092336e-01,-4.815874890702725453e-01,1.570801904283443573e+00,8.053399070238268908e-05,-3.681554015753229499e-05,-3.598781924707408959e-05,-3.561026925069351104e-05,-1.151388641385732870e-04,-2.617954156658912623e-01,-2.836026004197213624e+00
-4.233013432549943555e-01,6.609505487566716964e-01,1.932158331021805175e-01,1.952882133328746883e-01,-7.514300965935092336e-01,-4.815491094488930646e-01,1.570801904283443573e+00,8.053399070238268908e-05,-3.681554015753229499e-05,-3.598781924707408959e-05,-3.561026925069351104e-05,-1.151388641385732870e-04,-2.617954156658912623e-01,-2.836026004197213624e+00
-4.233143547000887685e-01,6.609413997657831441e-01,1.932048760967874090e-01,1.952882133328746883e-01,-7.514122914588838853e-01,-4.815491094488930646e-01,1.570801904283443573e+00,8.053399070238268908e-05,-3.681554015753229499e-05,-3.598781924707408959e-05,-3.561026925069351104e-05,-1.151388641385732870e-04,-2.617954156658912623e-01,-2.836026004197213624e+00
-4.233273661451831260e-01,6.609322507748947029e-01,1.931939190913943005e-01,1.952882133328746883e-01,-7.514122914588838853e-01,-4.815107298275134728e-01,1.570801904283443573e+00,8.053399070238268908e-05,-3.681554015753229499e-05,-3.598781924707408959e-05,-3.561026925069351104e-05,-1.151388641385732870e-04,-2.617954156658912623e-01,-2.836026004197213624e+00
-4.233403775902774835e-01,6.609231017840062616e-01,1.931829620860011643e-01,1.952711501425441476e-01,-7.513944863242585370e-01,-4.815107298275134728e-01,1.570801904283443573e+00,8.053399070238268908e-05,-3.681554015753229499e-05,-3.598781924707408959e-05,-3.561026925069351104e-05,-1.151388641385732870e-04,-2.617954156658912623e-01,-2.836026004197213624e+00
-4.233664004804661984e-01,6.609139527931178204e-01,1.931610480752149472e-01,1.952711501425441476e-01,-7.513944863242585370e-01,-4.814723502061339921e-01,1.570801904283443573e+00,8.053399070238268908e-05,-3.681554015753229499e-05,-3.598781924707408959e-05,-3.561026925069351104e-05,-1.151388641385732870e-04,-2.617954156658912623e-01,-2.836026004197213624e+00
-4.233664004804661984e-01,6.609048038022292682e-01,1.931500910698218110e-01,1.952711501425441476e-01,-7.513944863242585370e-01,-4.814723502061339921e-01,1.570801904283443573e+00,8.053399070238268908e-05,-3.681554015753229499e-05,-3.598781924707408959e-05,-3.561026925069351104e-05,-1.151388641385732870e-04,-2.617954156658912623e-01,-2.836026004197213624e+00
-4.233794119255605559e-01,6.608956548113408269e-01,1.931391340644287025e-01,1.952540869522136069e-01,-7.513766811896330777e-01,-4.814723502061339921e-01,1.570801904283443573e+00,8.053399070238268908e-05,-3.681554015753229499e-05,-3.598781924707408959e-05,-3.561026925069351104e-05,-1.151388641385732870e-04,-2.617954156658912623e-01,-2.836026004197213624e+00
-4.234054348157493264e-01,6.608773568295637224e-01,1.931172200536425132e-01,1.952540869522136069e-01,-7.513766811896330777e-01,-4.814339705847544559e-01,1.570801904283443573e+00,8.053399070238268908e-05,-3.681554015753229499e-05,-3.598781924707408959e-05,-3.561026925069351104e-05,-1.151388641385732870e-04,-2.617954156658912623e-01,-2.836026004197213624e+00
-4.234184462608436839e-01,6.608682078386752812e-01,1.931062630482493769e-01,1.952370237618830939e-01,-7.513588760550078405e-01,-4.814339705847544559e-01,1.570801904283443573e+00,8.053399070238268908e-05,-3.681554015753229499e-05,-3.598781924707408959e-05,-3.561026925069351104e-05,-1.151388641385732870e-04,-2.617954156658912623e-01,-2.836026004197213624e+00
-4.234444691510323988e-01,6.608590588477868399e-01,1.930843490374631599e-01,1.952370237618830939e-01,-7.513588760550078405e-01,-4.813955909633749197e-01,1.570801904283443573e+00,8.053399070238268908e-05,-3.681554015753229499e-05,-3.598781924707408959e-05,-3.561026925069351104e-05,-1.151388641385732870e-04,-2.617954156658912623e-01,-2.836026004197213624e+00
-4.234574805961267563e-01,6.608499098568983987e-01,1.930733920320700236e-01,1.952370237618830939e-01,-7.513410709203824922e-01,-4.813955909633749197e-01,1.570801904283443573e+00,8.053399070238268908e-05,-3.681554015753229499e-05,-3.598781924707408959e-05,-3.561026925069351104e-05,-1.151388641385732870e-04,-2.617954156658912623e-01,-2.836026004197213624e+00
-4.234574805961267563e-01,6.608407608660098465e-01,1.930624350266769151e-01,1.952199605715525532e-01,-7.513410709203824922e-01,-4.813572113419953835e-01,1.570801904283443573e+00,8.053399070238268908e-05,-3.681554015753229499e-05,-3.598781924707408959e-05,-3.561026925069351104e-05,-1.151388641385732870e-04,-2.617954156658912623e-01,-2.836026004197213624e+00
-4.234835034863155268e-01,6.608224628842329640e-01,1.930405210158906704e-01,1.952199605715525532e-01,-7.513410709203824922e-01,-4.813188317206159028e-01,1.570801904283443573e+00,8.053399070238268908e-05,-3.681554015753229499e-05,-3.598781924707408959e-05,-3.561026925069351104e-05,-1.151388641385732870e-04,-2.617954156658912623e-01,-2.836026004197213624e+00
-4.235095263765042417e-01,6.608133138933445228e-01,1.930186070051044811e-01,1.952028973812220403e-01,-7.513232657857571439e-01,-4.813188317206159028e-01,1.570801904283443573e+00,8.053399070238268908e-05,-3.681554015753229499e-05,-3.598781924707408959e-05,-3.561026925069351104e-05,-1.151388641385732870e-04,-2.617954156658912623e-01,-2.836026004197213624e+00
-4.235225378215985992e-01,6.608041649024559705e-01,1.930076499997113448e-01,1.952028973812220403e-01,-7.513232657857571439e-01,-4.812804520992363111e-01,1.570801904283443573e+00,8.053399070238268908e-05,-3.681554015753229499e-05,-3.598781924707408959e-05,-3.561026925069351104e-05,-1.151388641385732870e-04,-2.617954156658912623e-01,-2.836026004197213624e+00
-4.235355492666929567e-01,6.607950159115675293e-01,1.929857359889251278e-01,1.951858341908915273e-01,-7.513054606511316846e-01,-4.812804520992363111e-01,1.570801904283443573e+00,8.053399070238268908e-05,-3.681554015753229499e-05,-3.598781924707408959e-05,-3.561026925069351104e-05,-1.151388641385732870e-04,-2.617954156658912623e-01,-2.836026004197213624e+00
-4.235615721568817271e-01,6.607767179297904248e-01,1.929638219781388830e-01,1.951687710005609866e-01,-7.513054606511316846e-01,-4.812420724778568304e-01,1.570801904283443573e+00,8.053399070238268908e-05,-3.681554015753229499e-05,-3.598781924707408959e-05,-3.561026925069351104e-05,-1.151388641385732870e-04,-2.617954156658912623e-01,-2.836026004197213624e+00
-4.235745836019760846e-01,6.607675689389019835e-01,1.929528649727457745e-01,1.951687710005609866e-01,-7.512876555165064474e-01,-4.812036928564772942e-01,1.570801904283443573e+00,8.053399070238268908e-05,-3.681554015753229499e-05,-3.598781924707408959e-05,-3.561026925069351104e-05,-1.151388641385732870e-04,-2.617954156658912623e-01,-2.836026004197213624e+00
-4.236006064921647996e-01,6.607584199480135423e-01,1.929309509619595298e-01,1.951687710005609866e-01,-7.512876555165064474e-01,-4.812036928564772942e-01,1.570801904283443573e+00,8.053399070238268908e-05,-3.681554015753229499e-05,-3.598781924707408959e-05,-3.561026925069351104e-05,-1.151388641385732870e-04,-2.617954156658912623e-01,-2.836026004197213624e+00
-4.236266293823535145e-01,6.607401219662365488e-01,1.929090369511733127e-01,1.951517078102304736e-01,-7.512698503818810991e-01,-4.811653132350978135e-01,1.570801904283443573e+00,8.053399070238268908e-05,-3.681554015753229499e-05,-3.598781924707408959e-05,-3.561026925069351104e-05,-1.151388641385732870e-04,-2.617954156658912623e-01,-2.836026004197213624e+00
-4.236396408274479275e-01,6.607309729753481076e-01,1.928871229403870957e-01,1.951346446198999329e-01,-7.512698503818810991e-01,-4.811269336137182218e-01,1.570801904283443573e+00,8.053399070238268908e-05,-3.681554015753229499e-05,-3.598781924707408959e-05,-3.561026925069351104e-05,-1.151388641385732870e-04,-2.617954156658912623e-01,-2.836026004197213624e+00
-4.236526522725422850e-01,6.607218239844596663e-01,1.928761659349939872e-01,1.951346446198999329e-01,-7.512520452472557508e-01,-4.811269336137182218e-01,1.570801904283443573e+00,8.053399070238268908e-05,-3.681554015753229499e-05,-3.598781924707408959e-05,-3.561026925069351104e-05,-1.151388641385732870e-04,-2.617954156658912623e-01,-2.836026004197213624e+00
-4.236786751627309999e-01,6.607035260026826728e-01,1.928652089296008509e-01,1.951175814295694200e-01,-7.512520452472557508e-01,-4.810885539923387411e-01,1.570801904283443573e+00,8.053399070238268908e-05,-3.681554015753229499e-05,-3.598781924707408959e-05,-3.561026925069351104e-05,-1.151388641385732870e-04,-2.617954156658912623e-01,-2.836026004197213624e+00
-4.236916866078253574e-01,6.606943770117942316e-01,1.928542519242077424e-01,1.951175814295694200e-01,-7.512520452472557508e-01,-4.810885539923387411e-01,1.570801904283443573e+00,8.053399070238268908e-05,-3.681554015753229499e-05,-3.598781924707408959e-05,-3.561026925069351104e-05,-1.151388641385732870e-04,-2.617954156658912623e-01,-2.836026004197213624e+00
-4.237046980529197149e-01,6.606943770117942316e-01,1.928432949188146339e-01,1.951175814295694200e-01,-7.512342401126304026e-01,-4.810501743709592049e-01,1.570801904283443573e+00,8.053399070238268908e-05,-3.681554015753229499e-05,-3.598781924707408959e-05,-3.561026925069351104e-05,-1.151388641385732870e-04,-2.617954156658912623e-01,-2.836026004197213624e+00
-4.237177094980140724e-01,6.606852280209056794e-01,1.928323379134214977e-01,1.951175814295694200e-01,-7.512342401126304026e-01,-4.810501743709592049e-01,1.570801904283443573e+00,8.053399070238268908e-05,-3.681554015753229499e-05,-3.598781924707408959e-05,-3.561026925069351104e-05,-1.151388641385732870e-04,-2.617954156658912623e-01,-2.836026004197213624e+00
-4.237307209431084853e-01,6.606760790300171271e-01,1.928213809080283891e-01,1.951005182392388793e-01,-7.512342401126304026e-01,-4.810501743709592049e-01,1.570801904283443573e+00,8.053399070238268908e-05,-3.681554015753229499e-05,-3.598781924707408959e-05,-3.561026925069351104e-05,-1.151388641385732870e-04,-2.617954156658912623e-01,-2.836026004197213624e+00
-4.237437323882028428e-01,6.606669300391286859e-01,1.928104239026352806e-01,1.951005182392388793e-01,-7.512342401126304026e-01,-4.810117947495796686e-01,1.570801904283443573e+00,8.053399070238268908e-05,-3.681554015753229499e-05,-3.598781924707408959e-05,-3.561026925069351104e-05,-1.151388641385732870e-04,-2.617954156658912623e-01,-2.836026004197213624e+00
-4.237567438332972003e-01,6.606577810482402446e-01,1.927885098918490359e-01,1.950834550489083385e-01,-7.512164349780050543e-01,-4.810117947495796686e-01,1.570801904283443573e+00,8.053399070238268908e-05,-3.681554015753229499e-05,-3.598781924707408959e-05,-3.561026925069351104e-05,-1.151388641385732870e-04,-2.617954156658912623e-01,-2.836026004197213624e+00
-4.237697552783915578e-01,6.606486320573518034e-01,1.927775528864559551e-01,1.950834550489083385e-01,-7.512164349780050543e-01,-4.810117947495796686e-01,1.570801904283443573e+00,8.053399070238268908e-05,-3.681554015753229499e-05,-3.598781924707408959e-05,-3.561026925069351104e-05,-1.151388641385732870e-04,-2.617954156658912623e-01,-2.836026004197213624e+00
-4.237827667234859153e-01,6.606394830664632511e-01,1.927665958810628466e-01,1.950834550489083385e-01,-7.511986298433797060e-01,-4.810117947495796686e-01,1.570801904283443573e+00,8.053399070238268908e-05,-3.681554015753229499e-05,-3.598781924707408959e-05,-3.561026925069351104e-05,-1.151388641385732870e-04,-2.617954156658912623e-01,-2.836026004197213624e+00
-4.237957781685802727e-01,6.606394830664632511e-01,1.927556388756697103e-01,1.950663918585778256e-01,-7.511986298433797060e-01,-4.809734151282001324e-01,1.570801904283443573e+00,8.053399070238268908e-05,-3.681554015753229499e-05,-3.598781924707408959e-05,-3.561026925069351104e-05,-1.151388641385732870e-04,-2.617954156658912623e-01,-2.836026004197213624e+00
-4.238087896136746857e-01,6.606303340755748099e-01,1.927446818702766018e-01,1.950663918585778256e-01,-7.511986298433797060e-01,-4.809734151282001324e-01,1.570801904283443573e+00,8.053399070238268908e-05,-3.681554015753229499e-05,-3.598781924707408959e-05,-3.561026925069351104e-05,-1.151388641385732870e-04,-2.617954156658912623e-01,-2.836026004197213624e+00
-4.238348125038634007e-01,6.606120360937978164e-01,1.927227678594903570e-01,1.950493286682473126e-01,-7.511808247087543577e-01,-4.809350355068206517e-01,1.570801904283443573e+00,8.053399070238268908e-05,-3.681554015753229499e-05,-3.598781924707408959e-05,-3.561026925069351104e-05,-1.151388641385732870e-04,-2.617954156658912623e-01,-2.836026004197213624e+00
-4.238478239489577581e-01,6.606120360937978164e-01,1.927227678594903570e-01,1.950493286682473126e-01,-7.511808247087543577e-01,-4.809350355068206517e-01,1.570801904283443573e+00,8.053399070238268908e-05,-3.681554015753229499e-05,-3.598781924707408959e-05,-3.561026925069351104e-05,-1.151388641385732870e-04,-2.617954156658912623e-01,-2.836026004197213624e+00
-4.238608353940521156e-01,6.606028871029092642e-01,1.927118108540972485e-01,1.950493286682473126e-01,-7.511808247087543577e-01,-4.808966558854411710e-01,1.570801904283443573e+00,8.053399070238268908e-05,-3.681554015753229499e-05,-3.598781924707408959e-05,-3.561026925069351104e-05,-1.151388641385732870e-04,-2.617954156658912623e-01,-2.836026004197213624e+00
-4.238738468391464731e-01,6.605937381120208229e-01,1.927008538487041400e-01,1.950322654779167719e-01,-7.511630195741290095e-01,-4.808966558854411710e-01,1.570801904283443573e+00,8.053399070238268908e-05,-3.681554015753229499e-05,-3.598781924707408959e-05,-3.561026925069351104e-05,-1.151388641385732870e-04,-2.617954156658912623e-01,-2.836026004197213624e+00
-4.238738468391464731e-01,6.605845891211323817e-01,1.926898968433110038e-01,1.950322654779167719e-01,-7.511630195741290095e-01,-4.808966558854411710e-01,1.570801904283443573e+00,8.053399070238268908e-05,-3.681554015753229499e-05,-3.598781924707408959e-05,-3.561026925069351104e-05,-1.151388641385732870e-04,-2.617954156658912623e-01,-2.836026004197213624e+00
-4.239128811744296010e-01,6.605662911393553882e-01,1.926570258271317060e-01,1.950152022875862590e-01,-7.511452144395036612e-01,-4.808198966426820431e-01,1.570801904283443573e+00,8.053399070238268908e-05,-3.681554015753229499e-05,-3.598781924707408959e-05,-3.561026925069351104e-05,-1.151388641385732870e-04,-2.617954156658912623e-01,-2.836026004197213624e+00
-4.239258926195239585e-01,6.605571421484669470e-01,1.926460688217385697e-01,1.950152022875862590e-01,-7.511452144395036612e-01,-4.808198966426820431e-01,1.570801904283443573e+00,8.053399070238268908e-05,-3.681554015753229499e-05,-3.598781924707408959e-05,-3.561026925069351104e-05,-1.151388641385732870e-04,-2.617954156658912623e-01,-2.836026004197213624e+00
-4.239389040646182605e-01,6.605571421484669470e-01,1.926351118163454612e-01,1.950152022875862590e-01,-7.511452144395036612e-01,-4.808198966426820431e-01,1.570801904283443573e+00,8.053399070238268908e-05,-3.681554015753229499e-05,-3.598781924707408959e-05,-3.561026925069351104e-05,-1.151388641385732870e-04,-2.617954156658912623e-01,-2.836026004197213624e+00
-4.239519155097126180e-01,6.605479931575785058e-01,1.926241548109523527e-01,1.949981390972557183e-01,-7.511274093048783129e-01,-4.807815170213025624e-01,1.570801904283443573e+00,8.053399070238268908e-05,-3.681554015753229499e-05,-3.598781924707408959e-05,-3.561026925069351104e-05,-1.151388641385732870e-04,-2.617954156658912623e-01,-2.836026004197213624e+00
-4.239779383999013884e-01,6.605296951758015123e-01,1.926131978055592164e-01,1.949981390972557183e-01,-7.511274093048783129e-01,-4.807815170213025624e-01,1.570801904283443573e+00,8.053399070238268908e-05,-3.681554015753229499e-05,-3.598781924707408959e-05,-3.561026925069351104e-05,-1.151388641385732870e-04,-2.617954156658912623e-01,-2.836026004197213624e+00
-4.239779383999013884e-01,6.605296951758015123e-01,1.926022408001661079e-01,1.949810759069252053e-01,-7.511096041702529646e-01,-4.807431373999229707e-01,1.570801904283443573e+00,8.053399070238268908e-05,-3.681554015753229499e-05,-3.598781924707408959e-05,-3.561026925069351104e-05,-1.151388641385732870e-04,-2.617954156658912623e-01,-2.836026004197213624e+00
-4.239909498449957459e-01,6.605205461849130710e-01,1.925912837947729994e-01,1.949810759069252053e-01,-7.511096041702529646e-01,-4.807431373999229707e-01,1.570801904283443573e+00,8.053399070238268908e-05,-3.681554015753229499e-05,-3.598781924707408959e-05,-3.561026925069351104e-05,-1.151388641385732870e-04,-2.617954156658912623e-01,-2.836026004197213624e+00
-4.240169727351844609e-01,6.605113971940244078e-01,1.925693697839867546e-01,1.949640127165946646e-01,-7.510917990356276164e-01,-4.807047577785434900e-01,1.570801904283443573e+00,8.053399070238268908e-05,-3.681554015753229499e-05,-3.598781924707408959e-05,-3.561026925069351104e-05,-1.151388641385732870e-04,-2.617954156658912623e-01,-2.836026004197213624e+00
-4.240299841802788183e-01,6.605022482031359665e-01,1.925693697839867546e-01,1.949640127165946646e-01,-7.510917990356276164e-01,-4.807047577785434900e-01,1.570801904283443573e+00,8.053399070238268908e-05,-3.681554015753229499e-05,-3.598781924707408959e-05,-3.561026925069351104e-05,-1.151388641385732870e-04,-2.617954156658912623e-01,-2.836026004197213624e+00
-4.240429956253731758e-01,6.604930992122475253e-01,1.925584127785936461e-01,1.949640127165946646e-01,-7.510917990356276164e-01,-4.806663781571640093e-01,1.570801904283443573e+00,8.053399070238268908e-05,-3.681554015753229499e-05,-3.598781924707408959e-05,-3.561026925069351104e-05,-1.151388641385732870e-04,-2.617954156658912623e-01,-2.836026004197213624e+00
-4.240690185155619463e-01,6.604839502213590841e-01,1.925364987678074291e-01,1.949469495262641239e-01,-7.510739939010022681e-01,-4.806663781571640093e-01,1.570801904283443573e+00,8.053399070238268908e-05,-3.681554015753229499e-05,-3.598781924707408959e-05,-3.561026925069351104e-05,-1.151388641385732870e-04,-2.617954156658912623e-01,-2.836026004197213624e+00
-4.240820299606563037e-01,6.604839502213590841e-01,1.925364987678074291e-01,1.949469495262641239e-01,-7.510739939010022681e-01,-4.806279985357844731e-01,1.570801904283443573e+00,8.053399070238268908e-05,-3.681554015753229499e-05,-3.598781924707408959e-05,-3.561026925069351104e-05,-1.151388641385732870e-04,-2.617954156658912623e-01,-2.836026004197213624e+00
-4.241080528508450187e-01,6.604656522395820906e-01,1.925145847570212121e-01,1.949298863359336109e-01,-7.510739939010022681e-01,-4.806279985357844731e-01,1.570801904283443573e+00,8.053399070238268908e-05,-3.681554015753229499e-05,-3.598781924707408959e-05,-3.561026925069351104e-05,-1.151388641385732870e-04,-2.617954156658912623e-01,-2.836026004197213624e+00
-4.241080528508450187e-01,6.604656522395820906e-01,1.925145847570212121e-01,1.949298863359336109e-01,-7.510739939010022681e-01,-4.805896189144048813e-01,1.570801904283443573e+00,8.053399070238268908e-05,-3.681554015753229499e-05,-3.598781924707408959e-05,-3.561026925069351104e-05,-1.151388641385732870e-04,-2.617954156658912623e-01,-2.836026004197213624e+00
-4.241210642959393762e-01,6.604565032486936493e-01,1.925036277516280758e-01,1.949298863359336109e-01,-7.510561887663769198e-01,-4.805896189144048813e-01,1.570801904283443573e+00,8.053399070238268908e-05,-3.681554015753229499e-05,-3.598781924707408959e-05,-3.561026925069351104e-05,-1.151388641385732870e-04,-2.617954156658912623e-01,-2.836026004197213624e+00
-4.241340757410337337e-01,6.604565032486936493e-01,1.924926707462349673e-01,1.949128231456030980e-01,-7.510561887663769198e-01,-4.805512392930254006e-01,1.570801904283443573e+00,8.053399070238268908e-05,-3.681554015753229499e-05,-3.598781924707408959e-05,-3.561026925069351104e-05,-1.151388641385732870e-04,-2.617954156658912623e-01,-2.836026004197213624e+00
-4.241600986312225041e-01,6.604382052669166558e-01,1.924817137408418588e-01,1.949128231456030980e-01,-7.510561887663769198e-01,-4.805512392930254006e-01,1.570801904283443573e+00,8.053399070238268908e-05,-3.681554015753229499e-05,-3.598781924707408959e-05,-3.561026925069351104e-05,-1.151388641385732870e-04,-2.617954156658912623e-01,-2.836026004197213624e+00
-4.241731100763168616e-01,6.604382052669166558e-01,1.924707567354487225e-01,1.948957599552725850e-01,-7.510561887663769198e-01,-4.805128596716459199e-01,1.570801904283443573e+00,8.053399070238268908e-05,-3.681554015753229499e-05,-3.598781924707408959e-05,-3.561026925069351104e-05,-1.151388641385732870e-04,-2.617954156658912623e-01,-2.836026004197213624e+00
-4.241861215214112191e-01,6.604290562760282146e-01,1.924707567354487225e-01,1.948957599552725850e-01,-7.510383836317516826e-01,-4.805128596716459199e-01,1.570801904283443573e+00,8.053399070238268908e-05,-3.681554015753229499e-05,-3.598781924707408959e-05,-3.561026925069351104e-05,-1.151388641385732870e-04,-2.617954156658912623e-01,-2.836026004197213624e+00
-4.241991329665055765e-01,6.604290562760282146e-01,1.924597997300556140e-01,1.948957599552725850e-01,-7.510383836317516826e-01,-4.805128596716459199e-01,1.570801904283443573e+00,8.053399070238268908e-05,-3.681554015753229499e-05,-3.598781924707408959e-05,-3.561026925069351104e-05,-1.151388641385732870e-04,-2.617954156658912623e-01,-2.836026004197213624e+00
-4.242251558566943470e-01,6.604199072851397734e-01,1.924488427246625055e-01,1.948786967649420443e-01,-7.510383836317516826e-01,-4.804744800502663282e-01,1.570801904283443573e+00,8.053399070238268908e-05,-3.681554015753229499e-05,-3.598781924707408959e-05,-3.561026925069351104e-05,-1.151388641385732870e-04,-2.617954156658912623e-01,-2.836026004197213624e+00
-4.242381673017887045e-01,6.604107582942511101e-01,1.924378857192693693e-01,1.948786967649420443e-01,-7.510383836317516826e-01,-4.804361004288868475e-01,1.570801904283443573e+00,8.053399070238268908e-05,-3.681554015753229499e-05,-3.598781924707408959e-05,-3.561026925069351104e-05,-1.151388641385732870e-04,-2.617954156658912623e-01,-2.836026004197213624e+00
-4.242511787468830620e-01,6.604107582942511101e-01,1.924378857192693693e-01,1.948616335746115036e-01,-7.510205784971262233e-01,-4.804361004288868475e-01,1.570801904283443573e+00,8.053399070238268908e-05,-3.681554015753229499e-05,-3.598781924707408959e-05,-3.561026925069351104e-05,-1.151388641385732870e-04,-2.617954156658912623e-01,-2.836026004197213624e+00
-4.242511787468830620e-01,6.604016093033626689e-01,1.924269287138762885e-01,1.948616335746115036e-01,-7.510205784971262233e-01,-4.804361004288868475e-01,1.570801904283443573e+00,8.053399070238268908e-05,-3.681554015753229499e-05,-3.598781924707408959e-05,-3.561026925069351104e-05,-1.151388641385732870e-04,-2.617954156658912623e-01,-2.836026004197213624e+00
-4.242772016370717769e-01,6.603924603124742276e-01,1.924159717084831800e-01,1.948445703842809906e-01,-7.510205784971262233e-01,-4.803977208075073113e-01,1.570801904283443573e+00,8.053399070238268908e-05,-3.681554015753229499e-05,-3.598781924707408959e-05,-3.561026925069351104e-05,-1.151388641385732870e-04,-2.617954156658912623e-01,-2.836026004197213624e+00
-4.242902130821661344e-01,6.603924603124742276e-01,1.924159717084831800e-01,1.948445703842809906e-01,-7.510205784971262233e-01,-4.803977208075073113e-01,1.570801904283443573e+00,8.053399070238268908e-05,-3.681554015753229499e-05,-3.598781924707408959e-05,-3.561026925069351104e-05,-1.151388641385732870e-04,-2.617954156658912623e-01,-2.836026004197213624e+00
-4.243032245272604919e-01,6.603833113215857864e-01,1.924050147030900437e-01,1.948445703842809906e-01,-7.510027733625008750e-01,-4.803593411861277196e-01,1.570801904283443573e+00,8.053399070238268908e-05,-3.681554015753229499e-05,-3.598781924707408959e-05,-3.561026925069351104e-05,-1.151388641385732870e-04,-2.617954156658912623e-01,-2.836026004197213624e+00
-4.243162359723549049e-01,6.603833113215857864e-01,1.923940576976969352e-01,1.948275071939504499e-01,-7.510027733625008750e-01,-4.803593411861277196e-01,1.570801904283443573e+00,8.053399070238268908e-05,-3.681554015753229499e-05,-3.598781924707408959e-05,-3.561026925069351104e-05,-1.151388641385732870e-04,-2.617954156658912623e-01,-2.836026004197213624e+00
-4.243422588625436198e-01,6.603741623306972341e-01,1.923831006923038267e-01,1.948275071939504499e-01,-7.510027733625008750e-01,-4.803209615647482389e-01,1.570801904283443573e+00,8.053399070238268908e-05,-3.681554015753229499e-05,-3.598781924707408959e-05,-3.561026925069351104e-05,-1.151388641385732870e-04,-2.617954156658912623e-01,-2.836026004197213624e+00
-4.243552703076379773e-01,6.603741623306972341e-01,1.923831006923038267e-01,1.948275071939504499e-01,-7.509849682278755267e-01,-4.803209615647482389e-01,1.570801904283443573e+00,8.053399070238268908e-05,-3.681554015753229499e-05,-3.598781924707408959e-05,-3.561026925069351104e-05,-1.151388641385732870e-04,-2.617954156658912623e-01,-2.836026004197213624e+00
-4.243682817527323348e-01,6.603650133398087929e-01,1.923721436869107182e-01,1.948104440036199370e-01,-7.509849682278755267e-01,-4.802825819433687582e-01,1.570801904283443573e+00,8.053399070238268908e-05,-3.681554015753229499e-05,-3.598781924707408959e-05,-3.561026925069351104e-05,-1.151388641385732870e-04,-2.617954156658912623e-01,-2.836026004197213624e+00
-4.243682817527323348e-01,6.603650133398087929e-01,1.923721436869107182e-01,1.948104440036199370e-01,-7.509849682278755267e-01,-4.802825819433687582e-01,1.570801904283443573e+00,8.053399070238268908e-05,-3.681554015753229499e-05,-3.598781924707408959e-05,-3.561026925069351104e-05,-1.151388641385732870e-04,-2.617954156658912623e-01,-2.836026004197213624e+00
-4.243812931978266922e-01,6.603558643489203517e-01,1.923611866815175819e-01,1.948104440036199370e-01,-7.509849682278755267e-01,-4.802442023219892220e-01,1.570801904283443573e+00,8.053399070238268908e-05,-3.681554015753229499e-05,-3.598781924707408959e-05,-3.561026925069351104e-05,-1.151388641385732870e-04,-2.617954156658912623e-01,-2.836026004197213624e+00
-4.243943046429211052e-01,6.603558643489203517e-01,1.923611866815175819e-01,1.947933808132894240e-01,-7.509671630932502895e-01,-4.802442023219892220e-01,1.570801904283443573e+00,8.053399070238268908e-05,-3.681554015753229499e-05,-3.598781924707408959e-05,-3.561026925069351104e-05,-1.151388641385732870e-04,-2.617954156658912623e-01,-2.836026004197213624e+00
-4.244073160880154627e-01,6.603467153580317994e-01,1.923502296761244734e-01,1.947933808132894240e-01,-7.509671630932502895e-01,-4.802442023219892220e-01,1.570801904283443573e+00,8.053399070238268908e-05,-3.681554015753229499e-05,-3.598781924707408959e-05,-3.561026925069351104e-05,-1.151388641385732870e-04,-2.617954156658912623e-01,-2.836026004197213624e+00
-4.244203275331098202e-01,6.603467153580317994e-01,1.923502296761244734e-01,1.947933808132894240e-01,-7.509671630932502895e-01,-4.802058227006096303e-01,1.570801904283443573e+00,8.053399070238268908e-05,-3.681554015753229499e-05,-3.598781924707408959e-05,-3.561026925069351104e-05,-1.151388641385732870e-04,-2.617954156658912623e-01,-2.836026004197213624e+00
-4.244333389782041777e-01,6.603467153580317994e-01,1.923392726707313649e-01,1.947763176229588833e-01,-7.509671630932502895e-01,-4.802058227006096303e-01,1.570801904283443573e+00,8.053399070238268908e-05,-3.681554015753229499e-05,-3.598781924707408959e-05,-3.561026925069351104e-05,-1.151388641385732870e-04,-2.617954156658912623e-01,-2.836026004197213624e+00
-4.244593618683928926e-01,6.603375663671433582e-01,1.923283156653382286e-01,1.947763176229588833e-01,-7.509493579586248302e-01,-4.801674430792301496e-01,1.570801904283443573e+00,8.053399070238268908e-05,-3.681554015753229499e-05,-3.598781924707408959e-05,-3.561026925069351104e-05,-1.151388641385732870e-04,-2.617954156658912623e-01,-2.836026004197213624e+00
-4.244723733134873056e-01,6.603284173762549170e-01,1.923283156653382286e-01,1.947763176229588833e-01,-7.509493579586248302e-01,-4.801674430792301496e-01,1.570801904283443573e+00,8.053399070238268908e-05,-3.681554015753229499e-05,-3.598781924707408959e-05,-3.561026925069351104e-05,-1.151388641385732870e-04,-2.617954156658912623e-01,-2.836026004197213624e+00
-4.244853847585816631e-01,6.603192683853663647e-01,1.923064016545520394e-01,1.947592544326283703e-01,-7.509493579586248302e-01,-4.801290634578506689e-01,1.570801904283443573e+00,8.053399070238268908e-05,-3.681554015753229499e-05,-3.598781924707408959e-05,-3.561026925069351104e-05,-1.151388641385732870e-04,-2.617954156658912623e-01,-2.836026004197213624e+00
-4.244983962036760206e-01,6.603192683853663647e-01,1.923064016545520394e-01,1.947592544326283703e-01,-7.509315528239994819e-01,-4.800906838364710771e-01,1.570801904283443573e+00,8.053399070238268908e-05,-3.681554015753229499e-05,-3.598781924707408959e-05,-3.561026925069351104e-05,-1.151388641385732870e-04,-2.617954156658912623e-01,-2.836026004197213624e+00
-4.245114076487703780e-01,6.603192683853663647e-01,1.922954446491589031e-01,1.947421912422978296e-01,-7.509315528239994819e-01,-4.800906838364710771e-01,1.570801904283443573e+00,8.053399070238268908e-05,-3.681554015753229499e-05,-3.598781924707408959e-05,-3.561026925069351104e-05,-1.151388641385732870e-04,-2.617954156658912623e-01,-2.836026004197213624e+00
-4.245374305389590930e-01,6.603101193944778124e-01,1.922844876437657946e-01,1.947421912422978296e-01,-7.509137476893741336e-01,-4.800523042150915964e-01,1.570801904283443573e+00,8.053399070238268908e-05,-3.681554015753229499e-05,-3.598781924707408959e-05,-3.561026925069351104e-05,-1.151388641385732870e-04,-2.617954156658912623e-01,-2.836026004197213624e+00
-4.245504419840534505e-01,6.603009704035893712e-01,1.922844876437657946e-01,1.947251280519672889e-01,-7.509137476893741336e-01,-4.800523042150915964e-01,1.570801904283443573e+00,8.053399070238268908e-05,-3.681554015753229499e-05,-3.598781924707408959e-05,-3.561026925069351104e-05,-1.151388641385732870e-04,-2.617954156658912623e-01,-2.836026004197213624e+00
-4.245764648742422209e-01,6.603009704035893712e-01,1.922735306383726861e-01,1.947251280519672889e-01,-7.509137476893741336e-01,-4.800139245937120602e-01,1.570801904283443573e+00,8.053399070238268908e-05,-3.681554015753229499e-05,-3.598781924707408959e-05,-3.561026925069351104e-05,-1.151388641385732870e-04,-2.617954156658912623e-01,-2.836026004197213624e+00
-4.245894763193365784e-01,6.602918214127009300e-01,1.922625736329795498e-01,1.947080648616367760e-01,-7.508959425547488964e-01,-4.800139245937120602e-01,1.570801904283443573e+00,8.053399070238268908e-05,-3.681554015753229499e-05,-3.598781924707408959e-05,-5.341540387604027334e-05,-1.151388641385732870e-04,-2.617954156658912623e-01,-2.836026004197213624e+00
-4.246024877644309359e-01,6.602826724218124887e-01,1.922516166275864413e-01,1.947080648616367760e-01,-7.508959425547488964e-01,-4.800139245937120602e-01,1.570801904283443573e+00,8.053399070238268908e-05,-3.681554015753229499e-05,-3.598781924707408959e-05,-3.561026925069351104e-05,-1.151388641385732870e-04,-2.617954156658912623e-01,-2.836026004197213624e+00
-4.246154992095252934e-01,6.602826724218124887e-01,1.922516166275864413e-01,1.946910016713062352e-01,-7.508959425547488964e-01,-4.799755449723325795e-01,1.570801904283443573e+00,8.053399070238268908e-05,-3.681554015753229499e-05,-3.598781924707408959e-05,-3.561026925069351104e-05,-1.151388641385732870e-04,-2.617954156658912623e-01,-2.836026004197213624e+00
-4.246285106546196508e-01,6.602735234309239365e-01,1.922406596221933328e-01,1.946910016713062352e-01,-7.508959425547488964e-01,-4.799755449723325795e-01,1.570801904283443573e+00,8.053399070238268908e-05,-3.681554015753229499e-05,-3.598781924707408959e-05,-3.561026925069351104e-05,-1.151388641385732870e-04,-2.617954156658912623e-01,-2.836026004197213624e+00
-4.246545335448084213e-01,6.602735234309239365e-01,1.922297026168002243e-01,1.946739384809757223e-01,-7.508781374201234371e-01,-4.799371653509529878e-01,1.570801904283443573e+00,8.053399070238268908e-05,-3.681554015753229499e-05,-3.598781924707408959e-05,-3.561026925069351104e-05,-1.151388641385732870e-04,-2.617954156658912623e-01,-2.836026004197213624e+00
-4.246675449899027788e-01,6.602643744400354953e-01,1.922297026168002243e-01,1.946739384809757223e-01,-7.508781374201234371e-01,-4.799371653509529878e-01,1.570801904283443573e+00,8.053399070238268908e-05,-3.681554015753229499e-05,-3.598781924707408959e-05,-3.561026925069351104e-05,-1.151388641385732870e-04,-2.617954156658912623e-01,-2.836026004197213624e+00
-4.246805564349971363e-01,6.602643744400354953e-01,1.922297026168002243e-01,1.946739384809757223e-01,-7.508781374201234371e-01,-4.798987857295735071e-01,1.570801904283443573e+00,8.053399070238268908e-05,-3.681554015753229499e-05,-3.598781924707408959e-05,-3.561026925069351104e-05,-1.151388641385732870e-04,-2.617954156658912623e-01,-2.836026004197213624e+00
-4.246935678800914937e-01,6.602643744400354953e-01,1.922187456114070880e-01,1.946739384809757223e-01,-7.508781374201234371e-01,-4.798987857295735071e-01,1.570801904283443573e+00,8.053399070238268908e-05,-3.681554015753229499e-05,-3.598781924707408959e-05,-3.561026925069351104e-05,-1.151388641385732870e-04,-2.617954156658912623e-01,-2.836026004197213624e+00
-4.246935678800914937e-01,6.602552254491470540e-01,1.922187456114070880e-01,1.946568752906452093e-01,-7.508603322854980888e-01,-4.798987857295735071e-01,1.570801904283443573e+00,8.053399070238268908e-05,-3.681554015753229499e-05,-3.598781924707408959e-05,-3.561026925069351104e-05,-1.151388641385732870e-04,-2.617954156658912623e-01,-2.836026004197213624e+00
-4.247065793251858512e-01,6.602552254491470540e-01,1.922077886060139795e-01,1.946568752906452093e-01,-7.508603322854980888e-01,-4.798604061081939709e-01,1.570801904283443573e+00,8.053399070238268908e-05,-3.681554015753229499e-05,-3.598781924707408959e-05,-3.561026925069351104e-05,-1.151388641385732870e-04,-2.617954156658912623e-01,-2.836026004197213624e+00
-4.247195907702802642e-01,6.602460764582585018e-01,1.922077886060139795e-01,1.946568752906452093e-01,-7.508603322854980888e-01,-4.798604061081939709e-01,1.570801904283443573e+00,8.053399070238268908e-05,-3.681554015753229499e-05,-3.598781924707408959e-05,-3.561026925069351104e-05,-1.151388641385732870e-04,-2.617954156658912623e-01,-2.836026004197213624e+00
-4.247326022153746217e-01,6.602460764582585018e-01,1.921968316006208988e-01,1.946398121003146686e-01,-7.508603322854980888e-01,-4.798220264868144347e-01,1.570801904283443573e+00,8.053399070238268908e-05,-3.681554015753229499e-05,-3.598781924707408959e-05,-3.561026925069351104e-05,-1.151388641385732870e-04,-2.617954156658912623e-01,-2.836026004197213624e+00
-4.247586251055633366e-01,6.602369274673700605e-01,1.921858745952277625e-01,1.946398121003146686e-01,-7.508425271508727405e-01,-4.798220264868144347e-01,1.570801904283443573e+00,8.053399070238268908e-05,-3.681554015753229499e-05,-3.598781924707408959e-05,-3.561026925069351104e-05,-1.151388641385732870e-04,-2.617954156658912623e-01,-2.836026004197213624e+00
-4.247716365506576941e-01,6.602369274673700605e-01,1.921858745952277625e-01,1.946227489099841557e-01,-7.508425271508727405e-01,-4.797836468654348985e-01,1.570801904283443573e+00,8.053399070238268908e-05,-3.681554015753229499e-05,-3.598781924707408959e-05,-3.561026925069351104e-05,-1.151388641385732870e-04,-2.617954156658912623e-01,-2.836026004197213624e+00
-4.247846479957520516e-01,6.602277784764815083e-01,1.921749175898346540e-01,1.946227489099841557e-01,-7.508425271508727405e-01,-4.797836468654348985e-01,1.570801904283443573e+00,8.053399070238268908e-05,-3.681554015753229499e-05,-3.598781924707408959e-05,-3.561026925069351104e-05,-1.151388641385732870e-04,-2.617954156658912623e-01,-2.836026004197213624e+00
-4.247976594408464646e-01,6.602277784764815083e-01,1.921749175898346540e-01,1.946227489099841557e-01,-7.508425271508727405e-01,-4.797452672440554178e-01,1.570801904283443573e+00,8.053399070238268908e-05,-3.681554015753229499e-05,-3.598781924707408959e-05,-3.561026925069351104e-05,-1.151388641385732870e-04,-2.617954156658912623e-01,-2.836026004197213624e+00
-4.248106708859408220e-01,6.602277784764815083e-01,1.921639605844415455e-01,1.946056857196536150e-01,-7.508247220162473923e-01,-4.797452672440554178e-01,1.570801904283443573e+00,8.053399070238268908e-05,-3.681554015753229499e-05,-3.598781924707408959e-05,-3.561026925069351104e-05,-1.151388641385732870e-04,-2.617954156658912623e-01,-2.836026004197213624e+00
-4.248366937761295370e-01,6.602186294855930671e-01,1.921530035790484092e-01,1.946056857196536150e-01,-7.508247220162473923e-01,-4.797068876226758816e-01,1.570801904283443573e+00,8.053399070238268908e-05,-3.681554015753229499e-05,-3.598781924707408959e-05,-3.561026925069351104e-05,-1.151388641385732870e-04,-2.617954156658912623e-01,-2.836026004197213624e+00
-4.248366937761295370e-01,6.602186294855930671e-01,1.921530035790484092e-01,1.945886225293231020e-01,-7.508247220162473923e-01,-4.797068876226758816e-01,1.570801904283443573e+00,8.053399070238268908e-05,-3.681554015753229499e-05,-3.598781924707408959e-05,-3.561026925069351104e-05,-1.151388641385732870e-04,-2.617954156658912623e-01,-2.836026004197213624e+00
-4.248627166663182519e-01,6.602094804947045148e-01,1.921420465736553007e-01,1.945886225293231020e-01,-7.508069168816220440e-01,-4.796685080012963454e-01,1.570801904283443573e+00,8.053399070238268908e-05,-3.681554015753229499e-05,-3.598781924707408959e-05,-3.561026925069351104e-05,-1.151388641385732870e-04,-2.617954156658912623e-01,-2.836026004197213624e+00
-4.248757281114126094e-01,6.602094804947045148e-01,1.921420465736553007e-01,1.945715593389925613e-01,-7.508069168816220440e-01,-4.796301283799168091e-01,1.570801904283443573e+00,8.053399070238268908e-05,-3.681554015753229499e-05,-3.598781924707408959e-05,-3.561026925069351104e-05,-1.151388641385732870e-04,-2.617954156658912623e-01,-2.836026004197213624e+00
-4.248887395565070224e-01,6.602003315038160736e-01,1.921420465736553007e-01,1.945715593389925613e-01,-7.508069168816220440e-01,-4.796301283799168091e-01,1.570801904283443573e+00,8.053399070238268908e-05,-3.681554015753229499e-05,-3.598781924707408959e-05,-3.561026925069351104e-05,-1.151388641385732870e-04,-2.617954156658912623e-01,-2.836026004197213624e+00
-4.249147624466957374e-01,6.602003315038160736e-01,1.921310895682621922e-01,1.945544961486620206e-01,-7.507891117469966957e-01,-4.795917487585373284e-01,1.570801904283443573e+00,8.053399070238268908e-05,-3.681554015753229499e-05,-3.598781924707408959e-05,-3.561026925069351104e-05,-1.151388641385732870e-04,-2.617954156658912623e-01,-2.836026004197213624e+00
-4.249277738917900948e-01,6.602003315038160736e-01,1.921310895682621922e-01,1.945544961486620206e-01,-7.507891117469966957e-01,-4.795917487585373284e-01,1.570801904283443573e+00,8.053399070238268908e-05,-3.681554015753229499e-05,-3.598781924707408959e-05,-3.561026925069351104e-05,-1.151388641385732870e-04,-2.617954156658912623e-01,-2.836026004197213624e+00
-4.249407853368844523e-01,6.601911825129276323e-01,1.921201325628690559e-01,1.945544961486620206e-01,-7.507891117469966957e-01,-4.795917487585373284e-01,1.570801904283443573e+00,8.053399070238268908e-05,-3.681554015753229499e-05,-3.598781924707408959e-05,-3.561026925069351104e-05,-1.151388641385732870e-04,-2.617954156658912623e-01,-2.836026004197213624e+00
-4.249537967819788098e-01,6.601911825129276323e-01,1.921201325628690559e-01,1.945374329583315076e-01,-7.507891117469966957e-01,-4.795533691371577367e-01,1.570801904283443573e+00,8.053399070238268908e-05,-3.681554015753229499e-05,-3.598781924707408959e-05,-3.561026925069351104e-05,-1.151388641385732870e-04,-2.617954156658912623e-01,-2.836026004197213624e+00
-4.249668082270732228e-01,6.601911825129276323e-01,1.921201325628690559e-01,1.945374329583315076e-01,-7.507891117469966957e-01,-4.795533691371577367e-01,1.570801904283443573e+00,8.053399070238268908e-05,-3.681554015753229499e-05,-3.598781924707408959e-05,-3.561026925069351104e-05,-1.151388641385732870e-04,-2.617954156658912623e-01,-2.836026004197213624e+00
-4.249798196721675803e-01,6.601911825129276323e-01,1.921091755574759474e-01,1.945374329583315076e-01,-7.507891117469966957e-01,-4.795149895157782560e-01,1.570801904283443573e+00,8.053399070238268908e-05,-3.681554015753229499e-05,-3.598781924707408959e-05,-3.561026925069351104e-05,-1.151388641385732870e-04,-2.617954156658912623e-01,-2.836026004197213624e+00
-4.250058425623562952e-01,6.601820335220390801e-01,1.921091755574759474e-01,1.945203697680009947e-01,-7.507713066123714585e-01,-4.795149895157782560e-01,1.570801904283443573e+00,8.053399070238268908e-05,-3.681554015753229499e-05,-3.598781924707408959e-05,-3.561026925069351104e-05,-1.151388641385732870e-04,-2.617954156658912623e-01,-2.836026004197213624e+00
-4.250058425623562952e-01,6.601820335220390801e-01,1.921091755574759474e-01,1.945203697680009947e-01,-7.507713066123714585e-01,-4.794766098943987198e-01,1.570801904283443573e+00,8.053399070238268908e-05,-3.681554015753229499e-05,-3.598781924707408959e-05,-3.561026925069351104e-05,-1.151388641385732870e-04,-2.617954156658912623e-01,-2.836026004197213624e+00
-4.250188540074506527e-01,6.601820335220390801e-01,1.921091755574759474e-01,1.945033065776704817e-01,-7.507713066123714585e-01,-4.794766098943987198e-01,1.570801904283443573e+00,8.053399070238268908e-05,-3.681554015753229499e-05,-3.598781924707408959e-05,-3.561026925069351104e-05,-1.151388641385732870e-04,-2.617954156658912623e-01,-2.836026004197213624e+00
-4.250318654525449547e-01,6.601820335220390801e-01,1.920982185520828389e-01,1.945033065776704817e-01,-7.507713066123714585e-01,-4.794382302730191836e-01,1.570801904283443573e+00,8.053399070238268908e-05,-3.681554015753229499e-05,-3.598781924707408959e-05,-3.561026925069351104e-05,-1.151388641385732870e-04,-2.617954156658912623e-01,-2.836026004197213624e+00
-4.250708997878280826e-01,6.601728845311506388e-01,1.920982185520828389e-01,1.944862433873399410e-01,-7.507535014777459992e-01,-4.793998506516396474e-01,1.570801904283443573e+00,8.053399070238268908e-05,-3.681554015753229499e-05,-3.598781924707408959e-05,-3.561026925069351104e-05,-1.151388641385732870e-04,-2.617954156658912623e-01,-2.836026004197213624e+00
-4.250839112329224401e-01,6.601728845311506388e-01,1.920982185520828389e-01,1.944862433873399410e-01,-7.507535014777459992e-01,-4.793998506516396474e-01,1.570801904283443573e+00,8.053399070238268908e-05,-3.681554015753229499e-05,-3.598781924707408959e-05,-3.561026925069351104e-05,-1.151388641385732870e-04,-2.617954156658912623e-01,-2.836026004197213624e+00
-4.250969226780167975e-01,6.601728845311506388e-01,1.920982185520828389e-01,1.944691801970094003e-01,-7.507535014777459992e-01,-4.793998506516396474e-01,1.570801904283443573e+00,8.053399070238268908e-05,-3.681554015753229499e-05,-3.598781924707408959e-05,-3.561026925069351104e-05,-1.151388641385732870e-04,-2.617954156658912623e-01,-2.836026004197213624e+00
-4.251099341231111550e-01,6.601728845311506388e-01,1.920982185520828389e-01,1.944691801970094003e-01,-7.507535014777459992e-01,-4.793614710302601667e-01,1.570801904283443573e+00,8.053399070238268908e-05,-3.681554015753229499e-05,-3.598781924707408959e-05,-3.561026925069351104e-05,-1.151388641385732870e-04,-2.617954156658912623e-01,-2.836026004197213624e+00
-4.251229455682055125e-01,6.601728845311506388e-01,1.920872615466897027e-01,1.944691801970094003e-01,-7.507535014777459992e-01,-4.793614710302601667e-01,1.570801904283443573e+00,8.053399070238268908e-05,-3.681554015753229499e-05,-3.598781924707408959e-05,-3.561026925069351104e-05,-1.151388641385732870e-04,-2.617954156658912623e-01,-2.836026004197213624e+00
-4.251489684583942830e-01,6.601728845311506388e-01,1.920872615466897027e-01,1.944521170066788873e-01,-7.507356963431206509e-01,-4.793230914088806305e-01,1.570801904283443573e+00,8.053399070238268908e-05,-3.681554015753229499e-05,-3.598781924707408959e-05,-3.561026925069351104e-05,-1.151388641385732870e-04,-2.617954156658912623e-01,-2.836026004197213624e+00
-4.251619799034886404e-01,6.601728845311506388e-01,1.920872615466897027e-01,1.944521170066788873e-01,-7.507356963431206509e-01,-4.793230914088806305e-01,1.570801904283443573e+00,8.053399070238268908e-05,-3.681554015753229499e-05,-3.598781924707408959e-05,-3.561026925069351104e-05,-1.151388641385732870e-04,-2.617954156658912623e-01,-2.836026004197213624e+00
-4.251619799034886404e-01,6.601728845311506388e-01,1.920872615466897027e-01,1.944521170066788873e-01,-7.507356963431206509e-01,-4.792847117875010943e-01,1.570801904283443573e+00,8.053399070238268908e-05,-3.681554015753229499e-05,-3.598781924707408959e-05,-3.561026925069351104e-05,-1.151388641385732870e-04,-2.617954156658912623e-01,-2.836026004197213624e+00
-4.251880027936773554e-01,6.601728845311506388e-01,1.920872615466897027e-01,1.944350538163483466e-01,-7.507356963431206509e-01,-4.792463321661215581e-01,1.570801904283443573e+00,8.053399070238268908e-05,-3.681554015753229499e-05,-3.598781924707408959e-05,-3.561026925069351104e-05,-1.151388641385732870e-04,-2.617954156658912623e-01,-2.836026004197213624e+00
-4.252010142387717129e-01,6.601728845311506388e-01,1.920872615466897027e-01,1.944179906260178059e-01,-7.507356963431206509e-01,-4.792463321661215581e-01,1.570801904283443573e+00,8.053399070238268908e-05,-3.681554015753229499e-05,-3.598781924707408959e-05,-3.561026925069351104e-05,-1.151388641385732870e-04,-2.617954156658912623e-01,-2.836026004197213624e+00
-4.252140256838660703e-01,6.601728845311506388e-01,1.920872615466897027e-01,1.944179906260178059e-01,-7.507356963431206509e-01,-4.792463321661215581e-01,1.570801904283443573e+00,8.053399070238268908e-05,-3.681554015753229499e-05,-3.598781924707408959e-05,-3.561026925069351104e-05,-1.151388641385732870e-04,-2.617954156658912623e-01,-2.836026004197213624e+00
-4.252270371289604833e-01,6.601637355402621976e-01,1.920872615466897027e-01,1.944179906260178059e-01,-7.507356963431206509e-01,-4.792079525447420774e-01,1.570801904283443573e+00,8.053399070238268908e-05,-3.681554015753229499e-05,-3.598781924707408959e-05,-3.561026925069351104e-05,-1.151388641385732870e-04,-2.617954156658912623e-01,-2.836026004197213624e+00
-4.252400485740548408e-01,6.601637355402621976e-01,1.920872615466897027e-01,1.944009274356872929e-01,-7.507178912084953026e-01,-4.792079525447420774e-01,1.570801904283443573e+00,8.053399070238268908e-05,-3.681554015753229499e-05,-3.598781924707408959e-05,-3.561026925069351104e-05,-1.151388641385732870e-04,-2.617954156658912623e-01,-2.836026004197213624e+00
-4.252660714642435558e-01,6.601637355402621976e-01,1.920872615466897027e-01,1.944009274356872929e-01,-7.507178912084953026e-01,-4.791695729233624856e-01,1.570801904283443573e+00,8.053399070238268908e-05,-3.681554015753229499e-05,-3.598781924707408959e-05,-3.561026925069351104e-05,-1.151388641385732870e-04,-2.617954156658912623e-01,-2.836026004197213624e+00
-4.252790829093379132e-01,6.601637355402621976e-01,1.920872615466897027e-01,1.944009274356872929e-01,-7.507178912084953026e-01,-4.791695729233624856e-01,1.570801904283443573e+00,8.053399070238268908e-05,-3.681554015753229499e-05,-3.598781924707408959e-05,-3.561026925069351104e-05,-1.151388641385732870e-04,-2.617954156658912623e-01,-2.836026004197213624e+00
-4.252920943544322707e-01,6.601637355402621976e-01,1.920872615466897027e-01,1.943838642453567800e-01,-7.507178912084953026e-01,-4.791311933019830049e-01,1.570801904283443573e+00,8.053399070238268908e-05,-3.681554015753229499e-05,-3.598781924707408959e-05,-3.561026925069351104e-05,-1.151388641385732870e-04,-2.617954156658912623e-01,-2.836026004197213624e+00
-4.252920943544322707e-01,6.601637355402621976e-01,1.920872615466897027e-01,1.943838642453567800e-01,-7.507178912084953026e-01,-4.791311933019830049e-01,1.570801904283443573e+00,8.053399070238268908e-05,-3.681554015753229499e-05,-3.598781924707408959e-05,-3.561026925069351104e-05,-1.151388641385732870e-04,-2.617954156658912623e-01,-2.836026004197213624e+00
-4.253051057995266837e-01,6.601637355402621976e-01,1.920872615466897027e-01,1.943668010550262670e-01,-7.507178912084953026e-01,-4.790928136806034687e-01,1.570801904283443573e+00,8.053399070238268908e-05,-3.681554015753229499e-05,-3.598781924707408959e-05,-3.561026925069351104e-05,-1.151388641385732870e-04,-2.617954156658912623e-01,-2.836026004197213624e+00
-4.253181172446210412e-01,6.601637355402621976e-01,1.920872615466897027e-01,1.943668010550262670e-01,-7.507178912084953026e-01,-4.790928136806034687e-01,1.570801904283443573e+00,8.053399070238268908e-05,-3.681554015753229499e-05,-3.598781924707408959e-05,-3.561026925069351104e-05,-1.151388641385732870e-04,-2.617954156658912623e-01,-2.836026004197213624e+00
-4.253311286897153987e-01,6.601637355402621976e-01,1.920872615466897027e-01,1.943668010550262670e-01,-7.507178912084953026e-01,-4.790928136806034687e-01,1.570801904283443573e+00,8.053399070238268908e-05,-3.681554015753229499e-05,-3.598781924707408959e-05,-3.561026925069351104e-05,-1.151388641385732870e-04,-2.617954156658912623e-01,-2.836026004197213624e+00
-4.253571515799041136e-01,6.601637355402621976e-01,1.920872615466897027e-01,1.943497378646957263e-01,-7.507178912084953026e-01,-4.790544340592239880e-01,1.570801904283443573e+00,8.053399070238268908e-05,-3.681554015753229499e-05,-3.598781924707408959e-05,-3.561026925069351104e-05,-1.151388641385732870e-04,-2.617954156658912623e-01,-2.836026004197213624e+00
-4.253701630249984711e-01,6.601637355402621976e-01,1.920872615466897027e-01,1.943497378646957263e-01,-7.507000860738700654e-01,-4.790160544378443963e-01,1.570801904283443573e+00,8.053399070238268908e-05,-3.681554015753229499e-05,-3.598781924707408959e-05,-3.561026925069351104e-05,-1.151388641385732870e-04,-2.617954156658912623e-01,-2.836026004197213624e+00
-4.253831744700928841e-01,6.601637355402621976e-01,1.920872615466897027e-01,1.943326746743651856e-01,-7.507000860738700654e-01,-4.790160544378443963e-01,1.570801904283443573e+00,8.053399070238268908e-05,-3.681554015753229499e-05,-3.598781924707408959e-05,-3.561026925069351104e-05,-1.151388641385732870e-04,-2.617954156658912623e-01,-2.836026004197213624e+00
-4.253961859151872416e-01,6.601637355402621976e-01,1.920872615466897027e-01,1.943326746743651856e-01,-7.507000860738700654e-01,-4.790160544378443963e-01,1.570801904283443573e+00,8.053399070238268908e-05,-3.681554015753229499e-05,-3.598781924707408959e-05,-3.561026925069351104e-05,-1.151388641385732870e-04,-2.617954156658912623e-01,-2.836026004197213624e+00
-4.254091973602815990e-01,6.601637355402621976e-01,1.920872615466897027e-01,1.943326746743651856e-01,-7.507000860738700654e-01,-4.789776748164649156e-01,1.570801904283443573e+00,8.053399070238268908e-05,-3.681554015753229499e-05,-3.598781924707408959e-05,-3.561026925069351104e-05,-1.151388641385732870e-04,-2.617954156658912623e-01,-2.836026004197213624e+00
-4.254091973602815990e-01,6.601637355402621976e-01,1.920872615466897027e-01,1.943326746743651856e-01,-7.507000860738700654e-01,-4.789776748164649156e-01,1.570801904283443573e+00,8.053399070238268908e-05,-3.681554015753229499e-05,-3.598781924707408959e-05,-3.561026925069351104e-05,-1.151388641385732870e-04,-2.617954156658912623e-01,-2.836026004197213624e+00
-4.254222088053759565e-01,6.601637355402621976e-01,1.920872615466897027e-01,1.943156114840346727e-01,-7.507000860738700654e-01,-4.789392951950853794e-01,1.570801904283443573e+00,8.053399070238268908e-05,-3.681554015753229499e-05,-3.598781924707408959e-05,-3.561026925069351104e-05,-1.151388641385732870e-04,-2.617954156658912623e-01,-2.836026004197213624e+00
-4.254482316955646715e-01,6.601637355402621976e-01,1.920872615466897027e-01,1.943156114840346727e-01,-7.507000860738700654e-01,-4.789392951950853794e-01,1.570801904283443573e+00,8.053399070238268908e-05,-3.681554015753229499e-05,-3.598781924707408959e-05,-3.561026925069351104e-05,-1.151388641385732870e-04,-2.617954156658912623e-01,-2.836026004197213624e+00
-4.254612431406590289e-01,6.601637355402621976e-01,1.920872615466897027e-01,1.942985482937041319e-01,-7.507000860738700654e-01,-4.789009155737058432e-01,1.570801904283443573e+00,8.053399070238268908e-05,-3.681554015753229499e-05,-3.598781924707408959e-05,-3.561026925069351104e-05,-1.151388641385732870e-04,-2.617954156658912623e-01,-2.836026004197213624e+00
-4.254742545857534419e-01,6.601637355402621976e-01,1.920872615466897027e-01,1.942985482937041319e-01,-7.507000860738700654e-01,-4.789009155737058432e-01,1.570801904283443573e+00,8.053399070238268908e-05,-3.681554015753229499e-05,-3.598781924707408959e-05,-3.561026925069351104e-05,-1.151388641385732870e-04,-2.617954156658912623e-01,-2.836026004197213624e+00
-4.255002774759421569e-01,6.601637355402621976e-01,1.920872615466897027e-01,1.942814851033736190e-01,-7.507000860738700654e-01,-4.788625359523263070e-01,1.570801904283443573e+00,8.053399070238268908e-05,-3.681554015753229499e-05,-3.598781924707408959e-05,-3.561026925069351104e-05,-1.151388641385732870e-04,-2.617954156658912623e-01,-2.836026004197213624e+00
-4.255132889210365144e-01,6.601637355402621976e-01,1.920872615466897027e-01,1.942814851033736190e-01,-7.507000860738700654e-01,-4.788625359523263070e-01,1.570801904283443573e+00,8.053399070238268908e-05,-3.681554015753229499e-05,-3.598781924707408959e-05,-3.561026925069351104e-05,-1.151388641385732870e-04,-2.617954156658912623e-01,-2.836026004197213624e+00
-4.255263003661308718e-01,6.601637355402621976e-01,1.920872615466897027e-01,1.942644219130430783e-01,-7.507000860738700654e-01,-4.788241563309468263e-01,1.570801904283443573e+00,8.053399070238268908e-05,-3.681554015753229499e-05,-3.598781924707408959e-05,-3.561026925069351104e-05,-1.151388641385732870e-04,-2.617954156658912623e-01,-2.836026004197213624e+00
-4.255393118112252293e-01,6.601637355402621976e-01,1.920872615466897027e-01,1.942644219130430783e-01,-7.506822809392446061e-01,-4.788241563309468263e-01,1.570801904283443573e+00,8.053399070238268908e-05,-3.681554015753229499e-05,-3.598781924707408959e-05,-3.561026925069351104e-05,-1.151388641385732870e-04,-2.617954156658912623e-01,-2.836026004197213624e+00
-4.255523232563196423e-01,6.601637355402621976e-01,1.920872615466897027e-01,1.942644219130430783e-01,-7.506822809392446061e-01,-4.787857767095672901e-01,1.570801904283443573e+00,8.053399070238268908e-05,-3.681554015753229499e-05,-3.598781924707408959e-05,-3.561026925069351104e-05,-1.151388641385732870e-04,-2.617954156658912623e-01,-2.836026004197213624e+00
-4.255653347014139998e-01,6.601637355402621976e-01,1.920872615466897027e-01,1.942473587227125653e-01,-7.506822809392446061e-01,-4.787857767095672901e-01,1.570801904283443573e+00,8.053399070238268908e-05,-3.681554015753229499e-05,-3.598781924707408959e-05,-3.561026925069351104e-05,-1.151388641385732870e-04,-2.617954156658912623e-01,-2.836026004197213624e+00
-4.255783461465083573e-01,6.601637355402621976e-01,1.920872615466897027e-01,1.942473587227125653e-01,-7.506822809392446061e-01,-4.787473970881877539e-01,1.570801904283443573e+00,8.053399070238268908e-05,-3.681554015753229499e-05,-3.598781924707408959e-05,-3.561026925069351104e-05,-1.151388641385732870e-04,-2.617954156658912623e-01,-2.836026004197213624e+00
-4.256043690366970722e-01,6.601728845311506388e-01,1.920872615466897027e-01,1.942302955323820524e-01,-7.506822809392446061e-01,-4.787473970881877539e-01,1.570801904283443573e+00,8.053399070238268908e-05,-3.681554015753229499e-05,-3.598781924707408959e-05,-3.561026925069351104e-05,-1.151388641385732870e-04,-2.617954156658912623e-01,-2.836026004197213624e+00
-4.256173804817914297e-01,6.601728845311506388e-01,1.920872615466897027e-01,1.942302955323820524e-01,-7.506822809392446061e-01,-4.787090174668082176e-01,1.570801904283443573e+00,8.053399070238268908e-05,-3.681554015753229499e-05,-3.598781924707408959e-05,-3.561026925069351104e-05,-1.151388641385732870e-04,-2.617954156658912623e-01,-2.836026004197213624e+00
-4.256303919268858427e-01,6.601728845311506388e-01,1.920872615466897027e-01,1.942132323420515116e-01,-7.506822809392446061e-01,-4.787090174668082176e-01,1.570801904283443573e+00,8.053399070238268908e-05,-3.681554015753229499e-05,-3.598781924707408959e-05,-3.561026925069351104e-05,-1.151388641385732870e-04,-2.617954156658912623e-01,-2.836026004197213624e+00
-4.256434033719802001e-01,6.601728845311506388e-01,1.920872615466897027e-01,1.942132323420515116e-01,-7.506822809392446061e-01,-4.786706378454287369e-01,1.570801904283443573e+00,8.053399070238268908e-05,-3.681554015753229499e-05,-3.598781924707408959e-05,-3.561026925069351104e-05,-1.151388641385732870e-04,-2.617954156658912623e-01,-2.836026004197213624e+00
-4.256694262621689151e-01,6.601728845311506388e-01,1.920872615466897027e-01,1.941961691517209987e-01,-7.506822809392446061e-01,-4.786706378454287369e-01,1.570801904283443573e+00,8.053399070238268908e-05,-3.681554015753229499e-05,-3.598781924707408959e-05,-3.561026925069351104e-05,-1.151388641385732870e-04,-2.617954156658912623e-01,-2.836026004197213624e+00
-4.256694262621689151e-01,6.601728845311506388e-01,1.920872615466897027e-01,1.941961691517209987e-01,-7.506822809392446061e-01,-4.786322582240491452e-01,1.570801904283443573e+00,8.053399070238268908e-05,-3.681554015753229499e-05,-3.598781924707408959e-05,-3.561026925069351104e-05,-1.151388641385732870e-04,-2.617954156658912623e-01,-2.836026004197213624e+00
-4.256954491523576301e-01,6.601728845311506388e-01,1.920872615466897027e-01,1.941961691517209987e-01,-7.506644758046192578e-01,-4.785938786026696645e-01,1.570801904283443573e+00,8.053399070238268908e-05,-3.681554015753229499e-05,-3.598781924707408959e-05,-3.561026925069351104e-05,-1.151388641385732870e-04,-2.617954156658912623e-01,-2.836026004197213624e+00
-4.257084605974519875e-01,6.601728845311506388e-01,1.920872615466897027e-01,1.941791059613904580e-01,-7.506644758046192578e-01,-4.785938786026696645e-01,1.570801904283443573e+00,8.053399070238268908e-05,-3.681554015753229499e-05,-3.598781924707408959e-05,-3.561026925069351104e-05,-1.151388641385732870e-04,-2.617954156658912623e-01,-2.836026004197213624e+00
-4.257214720425464005e-01,6.601728845311506388e-01,1.920872615466897027e-01,1.941791059613904580e-01,-7.506644758046192578e-01,-4.785554989812901283e-01,1.570801904283443573e+00,8.053399070238268908e-05,-3.681554015753229499e-05,-3.598781924707408959e-05,-3.561026925069351104e-05,-1.151388641385732870e-04,-2.617954156658912623e-01,-2.836026004197213624e+00
-4.257474949327351155e-01,6.601728845311506388e-01,1.920872615466897027e-01,1.941620427710599173e-01,-7.506644758046192578e-01,-4.785554989812901283e-01,1.570801904283443573e+00,8.053399070238268908e-05,-3.681554015753229499e-05,-3.598781924707408959e-05,-3.561026925069351104e-05,-1.151388641385732870e-04,-2.617954156658912623e-01,-2.836026004197213624e+00
-4.257605063778294729e-01,6.601728845311506388e-01,1.920872615466897027e-01,1.941620427710599173e-01,-7.506644758046192578e-01,-4.785171193599105921e-01,1.570801904283443573e+00,8.053399070238268908e-05,-3.681554015753229499e-05,-3.598781924707408959e-05,-3.561026925069351104e-05,-1.151388641385732870e-04,-2.617954156658912623e-01,-2.836026004197213624e+00
-4.257735178229238304e-01,6.601728845311506388e-01,1.920872615466897027e-01,1.941449795807294043e-01,-7.506644758046192578e-01,-4.785171193599105921e-01,1.570801904283443573e+00,8.053399070238268908e-05,-3.681554015753229499e-05,-3.598781924707408959e-05,-3.561026925069351104e-05,-1.151388641385732870e-04,-2.617954156658912623e-01,-2.836026004197213624e+00
-4.257865292680181879e-01,6.601728845311506388e-01,1.920872615466897027e-01,1.941449795807294043e-01,-7.506644758046192578e-01,-4.784787397385310559e-01,1.570801904283443573e+00,8.053399070238268908e-05,-3.681554015753229499e-05,-3.598781924707408959e-05,-3.561026925069351104e-05,-1.151388641385732870e-04,-2.617954156658912623e-01,-2.836026004197213624e+00
-4.257995407131126009e-01,6.601728845311506388e-01,1.920872615466897027e-01,1.941449795807294043e-01,-7.506644758046192578e-01,-4.784787397385310559e-01,1.570801904283443573e+00,8.053399070238268908e-05,-3.681554015753229499e-05,-3.598781924707408959e-05,-3.561026925069351104e-05,-1.151388641385732870e-04,-2.617954156658912623e-01,-2.836026004197213624e+00
-4.258125521582069584e-01,6.601728845311506388e-01,1.920872615466897027e-01,1.941279163903988636e-01,-7.506644758046192578e-01,-4.784787397385310559e-01,1.570801904283443573e+00,8.053399070238268908e-05,-3.681554015753229499e-05,-3.598781924707408959e-05,-3.561026925069351104e-05,-1.151388641385732870e-04,-2.617954156658912623e-01,-2.836026004197213624e+00
-4.258255636033013158e-01,6.601728845311506388e-01,1.920872615466897027e-01,1.941279163903988636e-01,-7.506466706699939095e-01,-4.784403601171515752e-01,1.570801904283443573e+00,8.053399070238268908e-05,-3.681554015753229499e-05,-3.598781924707408959e-05,-3.561026925069351104e-05,-1.151388641385732870e-04,-2.617954156658912623e-01,-2.836026004197213624e+00
-4.258385750483956733e-01,6.601728845311506388e-01,1.920872615466897027e-01,1.941108532000683506e-01,-7.506466706699939095e-01,-4.784019804957720390e-01,1.570801904283443573e+00,8.053399070238268908e-05,-3.681554015753229499e-05,-3.598781924707408959e-05,-3.561026925069351104e-05,-1.151388641385732870e-04,-2.617954156658912623e-01,-2.836026004197213624e+00
-4.258515864934900308e-01,6.601728845311506388e-01,1.920872615466897027e-01,1.941108532000683506e-01,-7.506466706699939095e-01,-4.784019804957720390e-01,1.570801904283443573e+00,8.053399070238268908e-05,-3.681554015753229499e-05,-3.598781924707408959e-05,-3.561026925069351104e-05,-1.151388641385732870e-04,-2.617954156658912623e-01,-2.836026004197213624e+00
-4.258645979385843883e-01,6.601728845311506388e-01,1.920982185520828389e-01,1.941108532000683506e-01,-7.506466706699939095e-01,-4.784019804957720390e-01,1.570801904283443573e+00,8.053399070238268908e-05,-3.681554015753229499e-05,-3.598781924707408959e-05,-3.561026925069351104e-05,-1.151388641385732870e-04,-2.617954156658912623e-01,-2.836026004197213624e+00
-4.258906208287731587e-01,6.601728845311506388e-01,1.920982185520828389e-01,1.940937900097378377e-01,-7.506466706699939095e-01,-4.783636008743925028e-01,1.570801904283443573e+00,8.053399070238268908e-05,-3.681554015753229499e-05,-3.598781924707408959e-05,-3.561026925069351104e-05,-1.151388641385732870e-04,-2.617954156658912623e-01,-2.836026004197213624e+00
-4.259036322738675162e-01,6.601728845311506388e-01,1.920982185520828389e-01,1.940937900097378377e-01,-7.506466706699939095e-01,-4.783252212530129666e-01,1.570801904283443573e+00,8.053399070238268908e-05,-3.681554015753229499e-05,-3.598781924707408959e-05,-3.561026925069351104e-05,-1.151388641385732870e-04,-2.617954156658912623e-01,-2.836026004197213624e+00
-4.259166437189618737e-01,6.601728845311506388e-01,1.920982185520828389e-01,1.940767268194072970e-01,-7.506466706699939095e-01,-4.783252212530129666e-01,1.570801904283443573e+00,8.053399070238268908e-05,-3.681554015753229499e-05,-3.598781924707408959e-05,-3.561026925069351104e-05,-1.151388641385732870e-04,-2.617954156658912623e-01,-2.836026004197213624e+00
-4.259426666091505886e-01,6.601728845311506388e-01,1.920982185520828389e-01,1.940767268194072970e-01,-7.506466706699939095e-01,-4.782868416316334859e-01,1.570801904283443573e+00,8.053399070238268908e-05,-3.681554015753229499e-05,-3.598781924707408959e-05,-3.561026925069351104e-05,-1.151388641385732870e-04,-2.617954156658912623e-01,-2.836026004197213624e+00
-4.259556780542450016e-01,6.601728845311506388e-01,1.920982185520828389e-01,1.940596636290767840e-01,-7.506466706699939095e-01,-4.782868416316334859e-01,1.570801904283443573e+00,8.053399070238268908e-05,-3.681554015753229499e-05,-3.598781924707408959e-05,-3.561026925069351104e-05,-1.151388641385732870e-04,-2.617954156658912623e-01,-2.836026004197213624e+00
-4.259686894993393591e-01,6.601728845311506388e-01,1.920982185520828389e-01,1.940596636290767840e-01,-7.506466706699939095e-01,-4.782484620102538941e-01,1.570801904283443573e+00,8.053399070238268908e-05,-3.681554015753229499e-05,-3.598781924707408959e-05,-3.561026925069351104e-05,-1.151388641385732870e-04,-2.617954156658912623e-01,-2.836026004197213624e+00
-4.259947123895280741e-01,6.601728845311506388e-01,1.920982185520828389e-01,1.940426004387462433e-01,-7.506288655353686723e-01,-4.782100823888744134e-01,1.570801904283443573e+00,8.053399070238268908e-05,-3.681554015753229499e-05,-3.598781924707408959e-05,-3.561026925069351104e-05,-1.151388641385732870e-04,-2.617954156658912623e-01,-2.836026004197213624e+00
-4.260077238346224315e-01,6.601728845311506388e-01,1.920982185520828389e-01,1.940426004387462433e-01,-7.506288655353686723e-01,-4.782100823888744134e-01,1.570801904283443573e+00,8.053399070238268908e-05,-3.681554015753229499e-05,-3.598781924707408959e-05,-3.561026925069351104e-05,-1.151388641385732870e-04,-2.617954156658912623e-01,-2.836026004197213624e+00
-4.260207352797167890e-01,6.601820335220390801e-01,1.920982185520828389e-01,1.940426004387462433e-01,-7.506288655353686723e-01,-4.782100823888744134e-01,1.570801904283443573e+00,8.053399070238268908e-05,-3.681554015753229499e-05,-3.598781924707408959e-05,-3.561026925069351104e-05,-1.151388641385732870e-04,-2.617954156658912623e-01,-2.836026004197213624e+00
-4.260337467248111465e-01,6.601820335220390801e-01,1.920982185520828389e-01,1.940255372484157026e-01,-7.506288655353686723e-01,-4.781717027674948772e-01,1.570801904283443573e+00,8.053399070238268908e-05,-3.681554015753229499e-05,-3.598781924707408959e-05,-3.561026925069351104e-05,-1.151388641385732870e-04,-2.617954156658912623e-01,-2.836026004197213624e+00
-4.260467581699055595e-01,6.601820335220390801e-01,1.921091755574759474e-01,1.940255372484157026e-01,-7.506288655353686723e-01,-4.781717027674948772e-01,1.570801904283443573e+00,8.053399070238268908e-05,-3.681554015753229499e-05,-3.598781924707408959e-05,-3.561026925069351104e-05,-1.151388641385732870e-04,-2.617954156658912623e-01,-2.836026004197213624e+00
-4.260597696149999170e-01,6.601820335220390801e-01,1.921091755574759474e-01,1.940084740580851896e-01,-7.506288655353686723e-01,-4.781333231461153965e-01,1.570801904283443573e+00,8.053399070238268908e-05,-3.681554015753229499e-05,-3.598781924707408959e-05,-3.561026925069351104e-05,-1.151388641385732870e-04,-2.617954156658912623e-01,-2.836026004197213624e+00
-4.260727810600942744e-01,6.601820335220390801e-01,1.921091755574759474e-01,1.940084740580851896e-01,-7.506288655353686723e-01,-4.781333231461153965e-01,1.570801904283443573e+00,8.053399070238268908e-05,-3.681554015753229499e-05,-3.598781924707408959e-05,-3.561026925069351104e-05,-1.151388641385732870e-04,-2.617954156658912623e-01,-2.836026004197213624e+00
-4.260857925051886319e-01,6.601820335220390801e-01,1.921091755574759474e-01,1.940084740580851896e-01,-7.506288655353686723e-01,-4.780949435247358048e-01,1.570801904283443573e+00,8.053399070238268908e-05,-3.681554015753229499e-05,-3.598781924707408959e-05,-3.561026925069351104e-05,-1.151388641385732870e-04,-2.617954156658912623e-01,-2.836026004197213624e+00
-4.261118153953773469e-01,6.601820335220390801e-01,1.921091755574759474e-01,1.939914108677546489e-01,-7.506288655353686723e-01,-4.780949435247358048e-01,1.570801904283443573e+00,8.053399070238268908e-05,-3.681554015753229499e-05,-3.598781924707408959e-05,-3.561026925069351104e-05,-1.151388641385732870e-04,-2.617954156658912623e-01,-2.836026004197213624e+00
-4.261248268404717598e-01,6.601911825129276323e-01,1.921201325628690559e-01,1.939914108677546489e-01,-7.506110604007432130e-01,-4.780565639033563241e-01,1.570801904283443573e+00,8.053399070238268908e-05,-3.681554015753229499e-05,-3.598781924707408959e-05,-3.561026925069351104e-05,-1.151388641385732870e-04,-2.617954156658912623e-01,-2.836026004197213624e+00
-4.261378382855660618e-01,6.601911825129276323e-01,1.921201325628690559e-01,1.939743476774241637e-01,-7.506110604007432130e-01,-4.780565639033563241e-01,1.570801904283443573e+00,8.053399070238268908e-05,-3.681554015753229499e-05,-3.598781924707408959e-05,-3.561026925069351104e-05,-1.151388641385732870e-04,-2.617954156658912623e-01,-2.836026004197213624e+00
-4.261508497306604193e-01,6.601911825129276323e-01,1.921201325628690559e-01,1.939743476774241637e-01,-7.506110604007432130e-01,-4.780181842819767879e-01,1.570801904283443573e+00,8.053399070238268908e-05,-3.681554015753229499e-05,-3.598781924707408959e-05,-3.561026925069351104e-05,-1.151388641385732870e-04,-2.617954156658912623e-01,-2.836026004197213624e+00
-4.261638611757547768e-01,6.601911825129276323e-01,1.921201325628690559e-01,1.939572844870936230e-01,-7.506110604007432130e-01,-4.780181842819767879e-01,1.570801904283443573e+00,8.053399070238268908e-05,-3.681554015753229499e-05,-3.598781924707408959e-05,-3.561026925069351104e-05,-1.151388641385732870e-04,-2.617954156658912623e-01,-2.836026004197213624e+00
-4.261768726208491342e-01,6.602003315038160736e-01,1.921310895682621922e-01,1.939572844870936230e-01,-7.506110604007432130e-01,-4.779798046605972517e-01,1.570801904283443573e+00,8.053399070238268908e-05,-3.681554015753229499e-05,-3.598781924707408959e-05,-3.561026925069351104e-05,-1.151388641385732870e-04,-2.617954156658912623e-01,-2.836026004197213624e+00
-4.261898840659434917e-01,6.602003315038160736e-01,1.921310895682621922e-01,1.939572844870936230e-01,-7.506110604007432130e-01,-4.779798046605972517e-01,1.570801904283443573e+00,8.053399070238268908e-05,-3.681554015753229499e-05,-3.598781924707408959e-05,-3.561026925069351104e-05,-1.151388641385732870e-04,-2.617954156658912623e-01,-2.836026004197213624e+00
-4.262028955110378492e-01,6.602003315038160736e-01,1.921310895682621922e-01,1.939402212967630823e-01,-7.506110604007432130e-01,-4.779414250392177155e-01,1.570801904283443573e+00,8.053399070238268908e-05,-3.681554015753229499e-05,-3.598781924707408959e-05,-3.561026925069351104e-05,-1.151388641385732870e-04,-2.617954156658912623e-01,-2.836026004197213624e+00
-4.262159069561322622e-01,6.602003315038160736e-01,1.921310895682621922e-01,1.939402212967630823e-01,-7.506110604007432130e-01,-4.779414250392177155e-01,1.570801904283443573e+00,8.053399070238268908e-05,-3.681554015753229499e-05,-3.598781924707408959e-05,-3.561026925069351104e-05,-1.151388641385732870e-04,-2.617954156658912623e-01,-2.836026004197213624e+00
-4.262289184012266197e-01,6.602094804947045148e-01,1.921420465736553007e-01,1.939231581064325693e-01,-7.506110604007432130e-01,-4.779030454178382348e-01,1.570801904283443573e+00,8.053399070238268908e-05,-3.681554015753229499e-05,-3.598781924707408959e-05,-3.561026925069351104e-05,-1.151388641385732870e-04,-2.617954156658912623e-01,-2.836026004197213624e+00
-4.262549412914153346e-01,6.602094804947045148e-01,1.921420465736553007e-01,1.939231581064325693e-01,-7.506110604007432130e-01,-4.779030454178382348e-01,1.570801904283443573e+00,8.053399070238268908e-05,-3.681554015753229499e-05,-3.598781924707408959e-05,-3.561026925069351104e-05,-1.151388641385732870e-04,-2.617954156658912623e-01,-2.836026004197213624e+00
-4.262679527365096921e-01,6.602094804947045148e-01,1.921420465736553007e-01,1.939060949161020286e-01,-7.505932552661178647e-01,-4.778646657964586986e-01,1.570801904283443573e+00,8.053399070238268908e-05,-3.681554015753229499e-05,-3.598781924707408959e-05,-3.561026925069351104e-05,-1.151388641385732870e-04,-2.617954156658912623e-01,-2.836026004197213624e+00
-4.262679527365096921e-01,6.602186294855930671e-01,1.921530035790484092e-01,1.939060949161020286e-01,-7.505932552661178647e-01,-4.778646657964586986e-01,1.570801904283443573e+00,8.053399070238268908e-05,-3.681554015753229499e-05,-3.598781924707408959e-05,-3.561026925069351104e-05,-1.151388641385732870e-04,-2.617954156658912623e-01,-2.836026004197213624e+00
-4.262809641816040496e-01,6.602186294855930671e-01,1.921530035790484092e-01,1.939060949161020286e-01,-7.505932552661178647e-01,-4.778262861750791624e-01,1.570801904283443573e+00,8.053399070238268908e-05,-3.681554015753229499e-05,-3.598781924707408959e-05,-3.561026925069351104e-05,-1.151388641385732870e-04,-2.617954156658912623e-01,-2.836026004197213624e+00
-4.262939756266984626e-01,6.602186294855930671e-01,1.921530035790484092e-01,1.938890317257714879e-01,-7.505932552661178647e-01,-4.778262861750791624e-01,1.570801904283443573e+00,8.053399070238268908e-05,-3.681554015753229499e-05,-3.598781924707408959e-05,-3.561026925069351104e-05,-1.151388641385732870e-04,-2.617954156658912623e-01,-2.836026004197213624e+00
-4.263199985168871775e-01,6.602277784764815083e-01,1.921639605844415455e-01,1.938890317257714879e-01,-7.505932552661178647e-01,-4.777879065536996261e-01,1.570801904283443573e+00,8.053399070238268908e-05,-3.681554015753229499e-05,-3.598781924707408959e-05,-3.561026925069351104e-05,-1.151388641385732870e-04,-2.617954156658912623e-01,-2.836026004197213624e+00
-4.263330099619815350e-01,6.602277784764815083e-01,1.921749175898346540e-01,1.938719685354409750e-01,-7.505932552661178647e-01,-4.777879065536996261e-01,1.570801904283443573e+00,8.053399070238268908e-05,-3.681554015753229499e-05,-3.598781924707408959e-05,-3.561026925069351104e-05,-1.151388641385732870e-04,-2.617954156658912623e-01,-2.836026004197213624e+00
-4.263460214070758925e-01,6.602369274673700605e-01,1.921749175898346540e-01,1.938719685354409750e-01,-7.505932552661178647e-01,-4.777495269323201454e-01,1.570801904283443573e+00,8.053399070238268908e-05,-3.681554015753229499e-05,-3.598781924707408959e-05,-3.561026925069351104e-05,-1.151388641385732870e-04,-2.617954156658912623e-01,-2.836026004197213624e+00
-4.263590328521702499e-01,6.602369274673700605e-01,1.921749175898346540e-01,1.938719685354409750e-01,-7.505932552661178647e-01,-4.777495269323201454e-01,1.570801904283443573e+00,8.053399070238268908e-05,-3.681554015753229499e-05,-3.598781924707408959e-05,-3.561026925069351104e-05,-1.151388641385732870e-04,-2.617954156658912623e-01,-2.836026004197213624e+00
-4.263720442972646074e-01,6.602460764582585018e-01,1.921858745952277625e-01,1.938549053451104343e-01,-7.505932552661178647e-01,-4.777495269323201454e-01,1.570801904283443573e+00,8.053399070238268908e-05,-3.681554015753229499e-05,-3.598781924707408959e-05,-3.561026925069351104e-05,-1.151388641385732870e-04,-2.617954156658912623e-01,-2.836026004197213624e+00
-4.263850557423590204e-01,6.602460764582585018e-01,1.921858745952277625e-01,1.938549053451104343e-01,-7.505932552661178647e-01,-4.777111473109405537e-01,1.570801904283443573e+00,8.053399070238268908e-05,-3.681554015753229499e-05,-3.598781924707408959e-05,-3.561026925069351104e-05,-1.151388641385732870e-04,-2.617954156658912623e-01,-2.836026004197213624e+00
-4.263850557423590204e-01,6.602460764582585018e-01,1.921968316006208988e-01,1.938549053451104343e-01,-7.505932552661178647e-01,-4.777111473109405537e-01,1.570801904283443573e+00,8.053399070238268908e-05,-3.681554015753229499e-05,-3.598781924707408959e-05,-3.561026925069351104e-05,-1.151388641385732870e-04,-2.617954156658912623e-01,-2.836026004197213624e+00
-4.263980671874533779e-01,6.602552254491470540e-01,1.921968316006208988e-01,1.938378421547799491e-01,-7.505932552661178647e-01,-4.776727676895610730e-01,1.570801904283443573e+00,8.053399070238268908e-05,-3.681554015753229499e-05,-3.598781924707408959e-05,-3.561026925069351104e-05,-1.151388641385732870e-04,-2.617954156658912623e-01,-2.836026004197213624e+00
-4.264240900776420928e-01,6.602643744400354953e-01,1.922077886060139795e-01,1.938207789644494083e-01,-7.505932552661178647e-01,-4.776343880681815368e-01,1.570801904283443573e+00,8.053399070238268908e-05,-3.681554015753229499e-05,-3.598781924707408959e-05,-3.561026925069351104e-05,-1.151388641385732870e-04,-2.617954156658912623e-01,-2.836026004197213624e+00
-4.264371015227364503e-01,6.602643744400354953e-01,1.922077886060139795e-01,1.938207789644494083e-01,-7.505932552661178647e-01,-4.776343880681815368e-01,1.570801904283443573e+00,8.053399070238268908e-05,-3.681554015753229499e-05,-3.598781924707408959e-05,-3.561026925069351104e-05,-1.151388641385732870e-04,-2.617954156658912623e-01,-2.836026004197213624e+00
-4.264501129678308078e-01,6.602643744400354953e-01,1.922187456114070880e-01,1.938207789644494083e-01,-7.505932552661178647e-01,-4.776343880681815368e-01,1.570801904283443573e+00,8.053399070238268908e-05,-3.681554015753229499e-05,-3.598781924707408959e-05,-3.561026925069351104e-05,-1.151388641385732870e-04,-2.617954156658912623e-01,-2.836026004197213624e+00
-4.264631244129252208e-01,6.602735234309239365e-01,1.922187456114070880e-01,1.938037157741188676e-01,-7.505932552661178647e-01,-4.775960084468020006e-01,1.570801904283443573e+00,8.053399070238268908e-05,-3.681554015753229499e-05,-3.598781924707408959e-05,-3.561026925069351104e-05,-1.151388641385732870e-04,-2.617954156658912623e-01,-2.836026004197213624e+00
-4.264761358580195783e-01,6.602735234309239365e-01,1.922297026168002243e-01,1.938037157741188676e-01,-7.505754501314925164e-01,-4.775960084468020006e-01,1.570801904283443573e+00,8.053399070238268908e-05,-3.681554015753229499e-05,-3.598781924707408959e-05,-3.561026925069351104e-05,-1.151388641385732870e-04,-2.617954156658912623e-01,-2.836026004197213624e+00
-4.264891473031139357e-01,6.602826724218124887e-01,1.922297026168002243e-01,1.938037157741188676e-01,-7.505754501314925164e-01,-4.775576288254224644e-01,1.570801904283443573e+00,8.053399070238268908e-05,-3.681554015753229499e-05,-3.598781924707408959e-05,-3.561026925069351104e-05,-1.151388641385732870e-04,-2.617954156658912623e-01,-2.836026004197213624e+00
-4.265151701933026507e-01,6.602918214127009300e-01,1.922516166275864413e-01,1.937866525837883547e-01,-7.505754501314925164e-01,-4.775576288254224644e-01,1.570801904283443573e+00,8.053399070238268908e-05,-3.681554015753229499e-05,-3.598781924707408959e-05,-3.561026925069351104e-05,-1.151388641385732870e-04,-2.617954156658912623e-01,-2.836026004197213624e+00
-4.265151701933026507e-01,6.602918214127009300e-01,1.922516166275864413e-01,1.937695893934578140e-01,-7.505754501314925164e-01,-4.775192492040429837e-01,1.570801904283443573e+00,8.053399070238268908e-05,-3.681554015753229499e-05,-3.598781924707408959e-05,-3.561026925069351104e-05,-1.151388641385732870e-04,-2.617954156658912623e-01,-2.836026004197213624e+00
-4.265281816383970082e-01,6.603009704035893712e-01,1.922625736329795498e-01,1.937695893934578140e-01,-7.505754501314925164e-01,-4.775192492040429837e-01,1.570801904283443573e+00,8.053399070238268908e-05,-3.681554015753229499e-05,-3.598781924707408959e-05,-3.561026925069351104e-05,-1.151388641385732870e-04,-2.617954156658912623e-01,-2.836026004197213624e+00
-4.265411930834914211e-01,6.603009704035893712e-01,1.922625736329795498e-01,1.937695893934578140e-01,-7.505754501314925164e-01,-4.775192492040429837e-01,1.570801904283443573e+00,8.053399070238268908e-05,-3.681554015753229499e-05,-3.598781924707408959e-05,-3.561026925069351104e-05,-1.151388641385732870e-04,-2.617954156658912623e-01,-2.836026004197213624e+00
-4.265672159736801361e-01,6.603101193944778124e-01,1.922844876437657946e-01,1.937525262031273010e-01,-7.505754501314925164e-01,-4.774808695826634475e-01,1.570801904283443573e+00,8.053399070238268908e-05,-3.681554015753229499e-05,-3.598781924707408959e-05,-3.561026925069351104e-05,-1.151388641385732870e-04,-2.617954156658912623e-01,-2.836026004197213624e+00
-4.265802274187744936e-01,6.603101193944778124e-01,1.922844876437657946e-01,1.937525262031273010e-01,-7.505754501314925164e-01,-4.774424899612839113e-01,1.570801904283443573e+00,8.053399070238268908e-05,-3.681554015753229499e-05,-3.598781924707408959e-05,-3.561026925069351104e-05,-1.151388641385732870e-04,-2.617954156658912623e-01,-2.836026004197213624e+00
-4.266062503089632085e-01,6.603192683853663647e-01,1.923064016545520394e-01,1.937354630127967603e-01,-7.505754501314925164e-01,-4.774041103399043751e-01,1.570801904283443573e+00,8.053399070238268908e-05,-3.681554015753229499e-05,-3.598781924707408959e-05,-3.561026925069351104e-05,-1.151388641385732870e-04,-2.617954156658912623e-01,-2.836026004197213624e+00
-4.266322731991519790e-01,6.603284173762549170e-01,1.923173586599451201e-01,1.937183998224662196e-01,-7.505754501314925164e-01,-4.774041103399043751e-01,1.570801904283443573e+00,8.053399070238268908e-05,-3.681554015753229499e-05,-3.598781924707408959e-05,-3.561026925069351104e-05,-1.151388641385732870e-04,-2.617954156658912623e-01,-2.836026004197213624e+00
-4.266452846442463365e-01,6.603375663671433582e-01,1.923283156653382286e-01,1.937183998224662196e-01,-7.505754501314925164e-01,-4.773657307185248944e-01,1.570801904283443573e+00,8.053399070238268908e-05,-3.681554015753229499e-05,-3.598781924707408959e-05,-3.561026925069351104e-05,-1.151388641385732870e-04,-2.617954156658912623e-01,-2.836026004197213624e+00
-4.266582960893406939e-01,6.603467153580317994e-01,1.923392726707313649e-01,1.937013366321357344e-01,-7.505754501314925164e-01,-4.773273510971453026e-01,1.570801904283443573e+00,8.053399070238268908e-05,-3.681554015753229499e-05,-3.598781924707408959e-05,-3.561026925069351104e-05,-1.151388641385732870e-04,-2.617954156658912623e-01,-2.836026004197213624e+00
-4.266713075344350514e-01,6.603467153580317994e-01,1.923392726707313649e-01,1.937013366321357344e-01,-7.505754501314925164e-01,-4.773273510971453026e-01,1.570801904283443573e+00,8.053399070238268908e-05,-3.681554015753229499e-05,-3.598781924707408959e-05,-3.561026925069351104e-05,-1.151388641385732870e-04,-2.617954156658912623e-01,-2.836026004197213624e+00
-4.266973304246237664e-01,6.603558643489203517e-01,1.923611866815175819e-01,1.936842734418051937e-01,-7.505754501314925164e-01,-4.772889714757658219e-01,1.570801904283443573e+00,8.053399070238268908e-05,-3.681554015753229499e-05,-3.598781924707408959e-05,-3.561026925069351104e-05,-1.151388641385732870e-04,-2.617954156658912623e-01,-2.836026004197213624e+00
-4.267103418697181794e-01,6.603650133398087929e-01,1.923611866815175819e-01,1.936842734418051937e-01,-7.505754501314925164e-01,-4.772889714757658219e-01,1.570801904283443573e+00,8.053399070238268908e-05,-3.681554015753229499e-05,-3.598781924707408959e-05,-3.561026925069351104e-05,-1.151388641385732870e-04,-2.617954156658912623e-01,-2.836026004197213624e+00
-4.267233533148125368e-01,6.603650133398087929e-01,1.923721436869107182e-01,1.936672102514746807e-01,-7.505754501314925164e-01,-4.772505918543862857e-01,1.570801904283443573e+00,8.053399070238268908e-05,-3.681554015753229499e-05,-3.598781924707408959e-05,-3.561026925069351104e-05,-1.151388641385732870e-04,-2.617954156658912623e-01,-2.836026004197213624e+00
-4.267363647599068943e-01,6.603741623306972341e-01,1.923721436869107182e-01,1.936672102514746807e-01,-7.505754501314925164e-01,-4.772505918543862857e-01,1.570801904283443573e+00,8.053399070238268908e-05,-3.681554015753229499e-05,-3.598781924707408959e-05,-3.561026925069351104e-05,-1.151388641385732870e-04,-2.617954156658912623e-01,-2.836026004197213624e+00
-4.267493762050012518e-01,6.603741623306972341e-01,1.923831006923038267e-01,1.936501470611441400e-01,-7.505754501314925164e-01,-4.772505918543862857e-01,1.570801904283443573e+00,8.053399070238268908e-05,-3.681554015753229499e-05,-3.598781924707408959e-05,-3.561026925069351104e-05,-1.151388641385732870e-04,-2.617954156658912623e-01,-2.836026004197213624e+00
-4.267623876500956093e-01,6.603833113215857864e-01,1.923940576976969352e-01,1.936501470611441400e-01,-7.505754501314925164e-01,-4.772122122330068050e-01,1.570801904283443573e+00,8.053399070238268908e-05,-3.681554015753229499e-05,-3.598781924707408959e-05,-3.561026925069351104e-05,-1.151388641385732870e-04,-2.617954156658912623e-01,-2.836026004197213624e+00
-4.267884105402843797e-01,6.603924603124742276e-01,1.924050147030900437e-01,1.936330838708135993e-01,-7.505754501314925164e-01,-4.771738326116272133e-01,1.570801904283443573e+00,8.053399070238268908e-05,-3.681554015753229499e-05,-3.598781924707408959e-05,-3.561026925069351104e-05,-1.151388641385732870e-04,-2.617954156658912623e-01,-2.836026004197213624e+00
-4.268014219853787372e-01,6.603924603124742276e-01,1.924050147030900437e-01,1.936330838708135993e-01,-7.505754501314925164e-01,-4.771738326116272133e-01,1.570801904283443573e+00,8.053399070238268908e-05,-3.681554015753229499e-05,-3.598781924707408959e-05,-3.561026925069351104e-05,-1.151388641385732870e-04,-2.617954156658912623e-01,-2.836026004197213624e+00
-4.268144334304730947e-01,6.604016093033626689e-01,1.924159717084831800e-01,1.936330838708135993e-01,-7.505754501314925164e-01,-4.771354529902477326e-01,1.570801904283443573e+00,8.053399070238268908e-05,-3.681554015753229499e-05,-3.598781924707408959e-05,-3.561026925069351104e-05,-1.151388641385732870e-04,-2.617954156658912623e-01,-2.836026004197213624e+00
-4.268144334304730947e-01,6.604016093033626689e-01,1.924159717084831800e-01,1.936160206804830863e-01,-7.505754501314925164e-01,-4.771354529902477326e-01,1.570801904283443573e+00,8.053399070238268908e-05,-3.681554015753229499e-05,-3.598781924707408959e-05,-3.561026925069351104e-05,-1.151388641385732870e-04,-2.617954156658912623e-01,-2.836026004197213624e+00
-4.268274448755674522e-01,6.604107582942511101e-01,1.924269287138762885e-01,1.936160206804830863e-01,-7.505754501314925164e-01,-4.771354529902477326e-01,1.570801904283443573e+00,8.053399070238268908e-05,-3.681554015753229499e-05,-3.598781924707408959e-05,-3.561026925069351104e-05,-1.151388641385732870e-04,-2.617954156658912623e-01,-2.836026004197213624e+00
-4.268534677657561671e-01,6.604107582942511101e-01,1.924378857192693693e-01,1.935989574901525456e-01,-7.505754501314925164e-01,-4.770970733688681964e-01,1.570801904283443573e+00,8.053399070238268908e-05,-3.681554015753229499e-05,-3.598781924707408959e-05,-3.561026925069351104e-05,-1.151388641385732870e-04,-2.617954156658912623e-01,-2.836026004197213624e+00
-4.268664792108505246e-01,6.604199072851397734e-01,1.924488427246625055e-01,1.935989574901525456e-01,-7.505754501314925164e-01,-4.770586937474886602e-01,1.570801904283443573e+00,8.053399070238268908e-05,-3.681554015753229499e-05,-3.598781924707408959e-05,-3.561026925069351104e-05,-1.151388641385732870e-04,-2.617954156658912623e-01,-2.836026004197213624e+00
-4.268794906559449376e-01,6.604199072851397734e-01,1.924488427246625055e-01,1.935818942998220049e-01,-7.505754501314925164e-01,-4.770586937474886602e-01,1.570801904283443573e+00,8.053399070238268908e-05,-3.681554015753229499e-05,-3.598781924707408959e-05,-3.561026925069351104e-05,-1.151388641385732870e-04,-2.617954156658912623e-01,-2.836026004197213624e+00
-4.269055135461336525e-01,6.604290562760282146e-01,1.924707567354487225e-01,1.935818942998220049e-01,-7.505576449968672792e-01,-4.770586937474886602e-01,1.570801904283443573e+00,8.053399070238268908e-05,-3.681554015753229499e-05,-3.598781924707408959e-05,-3.561026925069351104e-05,-1.151388641385732870e-04,-2.617954156658912623e-01,-2.836026004197213624e+00
-4.269185249912280100e-01,6.604382052669166558e-01,1.924707567354487225e-01,1.935648311094915197e-01,-7.505576449968672792e-01,-4.770586937474886602e-01,1.570801904283443573e+00,8.053399070238268908e-05,-3.681554015753229499e-05,-3.598781924707408959e-05,-3.561026925069351104e-05,-1.151388641385732870e-04,-2.617954156658912623e-01,-2.836026004197213624e+00
-4.269315364363223675e-01,6.604382052669166558e-01,1.924817137408418588e-01,1.935648311094915197e-01,-7.505576449968672792e-01,-4.770203141261091240e-01,1.570801904283443573e+00,8.053399070238268908e-05,-3.681554015753229499e-05,-3.598781924707408959e-05,-3.561026925069351104e-05,-1.151388641385732870e-04,-2.617954156658912623e-01,-2.836026004197213624e+00
-4.269445478814167250e-01,6.604473542578050971e-01,1.924817137408418588e-01,1.935648311094915197e-01,-7.505576449968672792e-01,-4.770203141261091240e-01,1.570801904283443573e+00,8.053399070238268908e-05,-3.681554015753229499e-05,-3.598781924707408959e-05,-3.561026925069351104e-05,-1.151388641385732870e-04,-2.617954156658912623e-01,-2.836026004197213624e+00
-4.269575593265111380e-01,6.604473542578050971e-01,1.924926707462349673e-01,1.935477679191609790e-01,-7.505576449968672792e-01,-4.770203141261091240e-01,1.570801904283443573e+00,8.053399070238268908e-05,-3.681554015753229499e-05,-3.598781924707408959e-05,-3.561026925069351104e-05,-1.151388641385732870e-04,-2.617954156658912623e-01,-2.836026004197213624e+00
-4.269705707716054954e-01,6.604656522395820906e-01,1.925036277516280758e-01,1.935477679191609790e-01,-7.505576449968672792e-01,-4.769819345047296433e-01,1.570801904283443573e+00,8.053399070238268908e-05,-3.681554015753229499e-05,-3.598781924707408959e-05,-3.561026925069351104e-05,-1.151388641385732870e-04,-2.617954156658912623e-01,-2.836026004197213624e+00
-4.269835822166998529e-01,6.604656522395820906e-01,1.925145847570212121e-01,1.935307047288304660e-01,-7.505576449968672792e-01,-4.769435548833501071e-01,1.570801904283443573e+00,8.053399070238268908e-05,-3.681554015753229499e-05,-3.598781924707408959e-05,-3.561026925069351104e-05,-1.151388641385732870e-04,-2.617954156658912623e-01,-2.836026004197213624e+00
-4.269965936617942104e-01,6.604748012304705318e-01,1.925255417624143206e-01,1.935307047288304660e-01,-7.505576449968672792e-01,-4.769435548833501071e-01,1.570801904283443573e+00,8.053399070238268908e-05,-3.681554015753229499e-05,-3.598781924707408959e-05,-3.561026925069351104e-05,-1.151388641385732870e-04,-2.617954156658912623e-01,-2.836026004197213624e+00
-4.270096051068885679e-01,6.604748012304705318e-01,1.925255417624143206e-01,1.935136415384999253e-01,-7.505576449968672792e-01,-4.769051752619705709e-01,1.570801904283443573e+00,8.053399070238268908e-05,-3.681554015753229499e-05,-3.598781924707408959e-05,-3.561026925069351104e-05,-1.151388641385732870e-04,-2.617954156658912623e-01,-2.836026004197213624e+00
-4.270226165519829253e-01,6.604839502213590841e-01,1.925364987678074291e-01,1.935136415384999253e-01,-7.505576449968672792e-01,-4.769051752619705709e-01,1.570801904283443573e+00,8.053399070238268908e-05,-3.681554015753229499e-05,-3.598781924707408959e-05,-3.561026925069351104e-05,-1.151388641385732870e-04,-2.617954156658912623e-01,-2.836026004197213624e+00
-4.270486394421716958e-01,6.604930992122475253e-01,1.925584127785936461e-01,1.934965783481693846e-01,-7.505576449968672792e-01,-4.768667956405910346e-01,1.570801904283443573e+00,8.053399070238268908e-05,-3.681554015753229499e-05,-3.598781924707408959e-05,-3.561026925069351104e-05,-1.151388641385732870e-04,-2.617954156658912623e-01,-2.836026004197213624e+00
-4.270616508872660533e-01,6.605022482031359665e-01,1.925693697839867546e-01,1.934965783481693846e-01,-7.505576449968672792e-01,-4.768667956405910346e-01,1.570801904283443573e+00,8.053399070238268908e-05,-3.681554015753229499e-05,-3.598781924707408959e-05,-3.561026925069351104e-05,-1.151388641385732870e-04,-2.617954156658912623e-01,-2.836026004197213624e+00
-4.270746623323604108e-01,6.605022482031359665e-01,1.925693697839867546e-01,1.934965783481693846e-01,-7.505576449968672792e-01,-4.768667956405910346e-01,1.570801904283443573e+00,8.053399070238268908e-05,-3.681554015753229499e-05,-3.598781924707408959e-05,-3.561026925069351104e-05,-1.151388641385732870e-04,-2.617954156658912623e-01,-2.836026004197213624e+00
-4.270746623323604108e-01,6.605113971940244078e-01,1.925803267893798632e-01,1.934795151578388717e-01,-7.505576449968672792e-01,-4.768284160192115539e-01,1.570801904283443573e+00,8.053399070238268908e-05,-3.681554015753229499e-05,-3.598781924707408959e-05,-3.561026925069351104e-05,-1.151388641385732870e-04,-2.617954156658912623e-01,-2.836026004197213624e+00
-4.270876737774547682e-01,6.605205461849130710e-01,1.925912837947729994e-01,1.934795151578388717e-01,-7.505576449968672792e-01,-4.767900363978319622e-01,1.570801904283443573e+00,8.053399070238268908e-05,-3.681554015753229499e-05,-3.598781924707408959e-05,-3.561026925069351104e-05,-1.151388641385732870e-04,-2.617954156658912623e-01,-2.836026004197213624e+00
-4.271136966676435387e-01,6.605296951758015123e-01,1.926131978055592164e-01,1.934624519675083310e-01,-7.505576449968672792e-01,-4.767900363978319622e-01,1.570801904283443573e+00,8.053399070238268908e-05,-3.681554015753229499e-05,-3.598781924707408959e-05,-3.561026925069351104e-05,-1.151388641385732870e-04,-2.617954156658912623e-01,-2.836026004197213624e+00
-4.271267081127378962e-01,6.605388441666899535e-01,1.926241548109523527e-01,1.934624519675083310e-01,-7.505576449968672792e-01,-4.767900363978319622e-01,1.570801904283443573e+00,8.053399070238268908e-05,-3.681554015753229499e-05,-3.598781924707408959e-05,-3.561026925069351104e-05,-1.151388641385732870e-04,-2.617954156658912623e-01,-2.836026004197213624e+00
-4.271397195578322536e-01,6.605388441666899535e-01,1.926241548109523527e-01,1.934453887771778458e-01,-7.505576449968672792e-01,-4.767516567764524815e-01,1.570801904283443573e+00,8.053399070238268908e-05,-3.681554015753229499e-05,-3.598781924707408959e-05,-3.561026925069351104e-05,-1.151388641385732870e-04,-2.617954156658912623e-01,-2.836026004197213624e+00
-4.271657424480209686e-01,6.605571421484669470e-01,1.926460688217385697e-01,1.934453887771778458e-01,-7.505576449968672792e-01,-4.767132771550729453e-01,1.570801904283443573e+00,8.053399070238268908e-05,-3.681554015753229499e-05,-3.598781924707408959e-05,-3.561026925069351104e-05,-1.151388641385732870e-04,-2.617954156658912623e-01,-2.836026004197213624e+00
-4.271657424480209686e-01,6.605662911393553882e-01,1.926570258271317060e-01,1.934283255868473050e-01,-7.505576449968672792e-01,-4.767132771550729453e-01,1.570801904283443573e+00,8.053399070238268908e-05,-3.681554015753229499e-05,-3.598781924707408959e-05,-3.561026925069351104e-05,-1.151388641385732870e-04,-2.617954156658912623e-01,-2.836026004197213624e+00
-4.271787538931153261e-01,6.605662911393553882e-01,1.926679828325247867e-01,1.934283255868473050e-01,-7.505576449968672792e-01,-4.767132771550729453e-01,1.570801904283443573e+00,8.053399070238268908e-05,-3.681554015753229499e-05,-3.598781924707408959e-05,-3.561026925069351104e-05,-1.151388641385732870e-04,-2.617954156658912623e-01,-2.836026004197213624e+00
-4.271917653382096836e-01,6.605754401302438295e-01,1.926789398379178953e-01,1.934283255868473050e-01,-7.505576449968672792e-01,-4.766748975336934091e-01,1.570801904283443573e+00,8.053399070238268908e-05,-3.681554015753229499e-05,-3.598781924707408959e-05,-3.561026925069351104e-05,-1.151388641385732870e-04,-2.617954156658912623e-01,-2.836026004197213624e+00
-4.272047767833040965e-01,6.605845891211323817e-01,1.926898968433110038e-01,1.934112623965167643e-01,-7.505576449968672792e-01,-4.766748975336934091e-01,1.570801904283443573e+00,8.053399070238268908e-05,-3.681554015753229499e-05,-3.598781924707408959e-05,-3.561026925069351104e-05,-1.151388641385732870e-04,-2.617954156658912623e-01,-2.836026004197213624e+00
-4.272177882283984540e-01,6.605937381120208229e-01,1.927008538487041400e-01,1.934112623965167643e-01,-7.505576449968672792e-01,-4.766365179123138729e-01,1.570801904283443573e+00,8.053399070238268908e-05,-3.681554015753229499e-05,-3.598781924707408959e-05,-3.561026925069351104e-05,-1.151388641385732870e-04,-2.617954156658912623e-01,-2.836026004197213624e+00
-4.272438111185871135e-01,6.606028871029092642e-01,1.927227678594903570e-01,1.933941992061862514e-01,-7.505576449968672792e-01,-4.765981382909343922e-01,1.570801904283443573e+00,8.053399070238268908e-05,-3.681554015753229499e-05,-3.598781924707408959e-05,-3.561026925069351104e-05,-1.151388641385732870e-04,-2.617954156658912623e-01,-2.836026004197213624e+00
-4.272568225636814709e-01,6.606120360937978164e-01,1.927337248648834933e-01,1.933941992061862514e-01,-7.505576449968672792e-01,-4.765981382909343922e-01,1.570801904283443573e+00,8.053399070238268908e-05,-3.681554015753229499e-05,-3.598781924707408959e-05,-3.561026925069351104e-05,-1.151388641385732870e-04,-2.617954156658912623e-01,-2.836026004197213624e+00
-4.272698340087758284e-01,6.606303340755748099e-01,1.927556388756697103e-01,1.933771360158557107e-01,-7.505576449968672792e-01,-4.765597586695548560e-01,1.570801904283443573e+00,8.053399070238268908e-05,-3.681554015753229499e-05,-3.598781924707408959e-05,-3.561026925069351104e-05,-1.151388641385732870e-04,-2.617954156658912623e-01,-2.836026004197213624e+00
-4.272828454538701859e-01,6.606303340755748099e-01,1.927665958810628466e-01,1.933771360158557107e-01,-7.505576449968672792e-01,-4.765597586695548560e-01,1.570801904283443573e+00,8.053399070238268908e-05,-3.681554015753229499e-05,-3.598781924707408959e-05,-3.561026925069351104e-05,-1.151388641385732870e-04,-2.617954156658912623e-01,-2.836026004197213624e+00
-4.272958568989645989e-01,6.606394830664632511e-01,1.927775528864559551e-01,1.933600728255251977e-01,-7.505576449968672792e-01,-4.765213790481753198e-01,1.570801904283443573e+00,8.053399070238268908e-05,-3.681554015753229499e-05,-3.598781924707408959e-05,-3.561026925069351104e-05,-1.151388641385732870e-04,-2.617954156658912623e-01,-2.836026004197213624e+00
-4.273088683440589564e-01,6.606486320573518034e-01,1.927885098918490359e-01,1.933600728255251977e-01,-7.505576449968672792e-01,-4.765213790481753198e-01,1.570801904283443573e+00,8.053399070238268908e-05,-3.681554015753229499e-05,-3.598781924707408959e-05,-3.561026925069351104e-05,-1.151388641385732870e-04,-2.617954156658912623e-01,-2.836026004197213624e+00
-4.273348912342476713e-01,6.606669300391286859e-01,1.928104239026352806e-01,1.933430096351946570e-01,-7.505576449968672792e-01,-4.764829994267957836e-01,1.570801904283443573e+00,8.053399070238268908e-05,-3.681554015753229499e-05,-3.598781924707408959e-05,-3.561026925069351104e-05,-1.151388641385732870e-04,-2.617954156658912623e-01,-2.836026004197213624e+00
-4.273479026793420288e-01,6.606669300391286859e-01,1.928213809080283891e-01,1.933430096351946570e-01,-7.505576449968672792e-01,-4.764829994267957836e-01,1.570801904283443573e+00,8.053399070238268908e-05,-3.681554015753229499e-05,-3.598781924707408959e-05,-3.561026925069351104e-05,-1.151388641385732870e-04,-2.617954156658912623e-01,-2.836026004197213624e+00
-4.273479026793420288e-01,6.606760790300171271e-01,1.928323379134214977e-01,1.933259464448641163e-01,-7.505576449968672792e-01,-4.764446198054163029e-01,1.570801904283443573e+00,8.053399070238268908e-05,-3.681554015753229499e-05,-3.598781924707408959e-05,-3.561026925069351104e-05,-1.151388641385732870e-04,-2.617954156658912623e-01,-2.836026004197213624e+00
-4.273609141244363863e-01,6.606852280209056794e-01,1.928432949188146339e-01,1.933259464448641163e-01,-7.505576449968672792e-01,-4.764446198054163029e-01,1.570801904283443573e+00,8.053399070238268908e-05,-3.681554015753229499e-05,-3.598781924707408959e-05,-3.561026925069351104e-05,-1.151388641385732870e-04,-2.617954156658912623e-01,-2.836026004197213624e+00
-4.273739255695307993e-01,6.606943770117942316e-01,1.928652089296008509e-01,1.933259464448641163e-01,-7.505576449968672792e-01,-4.764062401840367111e-01,1.570801904283443573e+00,8.053399070238268908e-05,-3.681554015753229499e-05,-3.598781924707408959e-05,-3.561026925069351104e-05,-1.151388641385732870e-04,-2.617954156658912623e-01,-2.836026004197213624e+00
-4.273869370146251567e-01,6.607035260026826728e-01,1.928652089296008509e-01,1.933088832545336311e-01,-7.505576449968672792e-01,-4.764062401840367111e-01,1.570801904283443573e+00,8.053399070238268908e-05,-3.681554015753229499e-05,-3.598781924707408959e-05,-3.561026925069351104e-05,-1.151388641385732870e-04,-2.617954156658912623e-01,-2.836026004197213624e+00
-4.274129599048138717e-01,6.607126749935711141e-01,1.928871229403870957e-01,1.932918200642030904e-01,-7.505576449968672792e-01,-4.763678605626572304e-01,1.570801904283443573e+00,8.053399070238268908e-05,-3.681554015753229499e-05,-3.598781924707408959e-05,-3.561026925069351104e-05,-1.151388641385732870e-04,-2.617954156658912623e-01,-2.836026004197213624e+00
-4.274259713499082292e-01,6.607218239844596663e-01,1.928980799457802042e-01,1.932918200642030904e-01,-7.505576449968672792e-01,-4.763678605626572304e-01,1.570801904283443573e+00,8.053399070238268908e-05,-3.681554015753229499e-05,-3.598781924707408959e-05,-3.561026925069351104e-05,-1.151388641385732870e-04,-2.617954156658912623e-01,-2.836026004197213624e+00
-4.274389827950025866e-01,6.607309729753481076e-01,1.929090369511733127e-01,1.932918200642030904e-01,-7.505576449968672792e-01,-4.763678605626572304e-01,1.570801904283443573e+00,8.053399070238268908e-05,-3.681554015753229499e-05,-3.598781924707408959e-05,-3.561026925069351104e-05,-1.151388641385732870e-04,-2.617954156658912623e-01,-2.836026004197213624e+00
-4.274389827950025866e-01,6.607401219662365488e-01,1.929199939565664212e-01,1.932747568738725497e-01,-7.505576449968672792e-01,-4.763294809412776942e-01,1.570801904283443573e+00,8.053399070238268908e-05,-3.681554015753229499e-05,-3.598781924707408959e-05,-3.561026925069351104e-05,-1.151388641385732870e-04,-2.617954156658912623e-01,-2.836026004197213624e+00
-4.274519942400969996e-01,6.607492709571251011e-01,1.929309509619595298e-01,1.932747568738725497e-01,-7.505576449968672792e-01,-4.763294809412776942e-01,1.570801904283443573e+00,8.053399070238268908e-05,-3.681554015753229499e-05,-3.598781924707408959e-05,-3.561026925069351104e-05,-1.151388641385732870e-04,-2.617954156658912623e-01,-2.836026004197213624e+00
-4.274650056851913571e-01,6.607584199480135423e-01,1.929419079673526660e-01,1.932747568738725497e-01,-7.505576449968672792e-01,-4.762911013198982135e-01,1.570801904283443573e+00,8.053399070238268908e-05,-3.681554015753229499e-05,-3.598781924707408959e-05,-3.561026925069351104e-05,-1.151388641385732870e-04,-2.617954156658912623e-01,-2.836026004197213624e+00
-4.274910285753800721e-01,6.607675689389019835e-01,1.929638219781388830e-01,1.932576936835420367e-01,-7.505576449968672792e-01,-4.762527216985186218e-01,1.570801904283443573e+00,8.053399070238268908e-05,-3.681554015753229499e-05,-3.598781924707408959e-05,-3.561026925069351104e-05,-1.151388641385732870e-04,-2.617954156658912623e-01,-2.836026004197213624e+00
-4.275040400204744295e-01,6.607767179297904248e-01,1.929747789835319915e-01,1.932576936835420367e-01,-7.505754501314925164e-01,-4.762143420771391411e-01,1.570801904283443573e+00,8.053399070238268908e-05,-3.681554015753229499e-05,-3.598781924707408959e-05,-3.561026925069351104e-05,-1.151388641385732870e-04,-2.617954156658912623e-01,-2.836026004197213624e+00
-4.275170514655687870e-01,6.607858669206790880e-01,1.929857359889251278e-01,1.932406304932114960e-01,-7.505754501314925164e-01,-4.762143420771391411e-01,1.570801904283443573e+00,8.053399070238268908e-05,-3.681554015753229499e-05,-3.598781924707408959e-05,-3.561026925069351104e-05,-1.151388641385732870e-04,-2.617954156658912623e-01,-2.836026004197213624e+00
-4.275430743557575575e-01,6.608041649024559705e-01,1.930076499997113448e-01,1.932235673028809830e-01,-7.505754501314925164e-01,-4.761759624557596049e-01,1.570801904283443573e+00,8.053399070238268908e-05,-3.681554015753229499e-05,-3.598781924707408959e-05,-3.561026925069351104e-05,-1.151388641385732870e-04,-2.617954156658912623e-01,-2.836026004197213624e+00
-4.275560858008519149e-01,6.608041649024559705e-01,1.930186070051044811e-01,1.932235673028809830e-01,-7.505754501314925164e-01,-4.761375828343800687e-01,1.570801904283443573e+00,8.053399070238268908e-05,-3.681554015753229499e-05,-3.598781924707408959e-05,-3.561026925069351104e-05,-1.151388641385732870e-04,-2.617954156658912623e-01,-2.836026004197213624e+00
-4.275560858008519149e-01,6.608133138933445228e-01,1.930295640104975619e-01,1.932235673028809830e-01,-7.505754501314925164e-01,-4.761375828343800687e-01,1.570801904283443573e+00,8.053399070238268908e-05,-3.681554015753229499e-05,-3.598781924707408959e-05,-3.561026925069351104e-05,-1.151388641385732870e-04,-2.617954156658912623e-01,-2.836026004197213624e+00
-4.275821086910406299e-01,6.608316118751214052e-01,1.930514780212838066e-01,1.932065041125504423e-01,-7.505754501314925164e-01,-4.760992032130005325e-01,1.570801904283443573e+00,8.053399070238268908e-05,-3.681554015753229499e-05,-3.598781924707408959e-05,-3.561026925069351104e-05,-1.151388641385732870e-04,-2.617954156658912623e-01,-2.836026004197213624e+00
-4.275951201361349874e-01,6.608407608660098465e-01,1.930624350266769151e-01,1.932065041125504423e-01,-7.505754501314925164e-01,-4.760992032130005325e-01,1.570801904283443573e+00,8.053399070238268908e-05,-3.681554015753229499e-05,-3.598781924707408959e-05,-3.561026925069351104e-05,-1.151388641385732870e-04,-2.617954156658912623e-01,-2.836026004197213624e+00
-4.276081315812293449e-01,6.608499098568983987e-01,1.930733920320700236e-01,1.931894409222199016e-01,-7.505754501314925164e-01,-4.760608235916210518e-01,1.570801904283443573e+00,8.053399070238268908e-05,-3.681554015753229499e-05,-3.598781924707408959e-05,-3.561026925069351104e-05,-1.151388641385732870e-04,-2.617954156658912623e-01,-2.836026004197213624e+00
-4.276341544714181153e-01,6.608590588477868399e-01,1.930953060428562684e-01,1.931723777318894164e-01,-7.505754501314925164e-01,-4.760608235916210518e-01,1.570801904283443573e+00,8.053399070238268908e-05,-3.681554015753229499e-05,-3.598781924707408959e-05,-3.561026925069351104e-05,-1.151388641385732870e-04,-2.617954156658912623e-01,-2.836026004197213624e+00
-4.276471659165124728e-01,6.608682078386752812e-01,1.931062630482493769e-01,1.931723777318894164e-01,-7.505754501314925164e-01,-4.760224439702415711e-01,1.570801904283443573e+00,8.053399070238268908e-05,-3.681554015753229499e-05,-3.598781924707408959e-05,-3.561026925069351104e-05,-1.151388641385732870e-04,-2.617954156658912623e-01,-2.836026004197213624e+00
-4.276601773616068303e-01,6.608773568295637224e-01,1.931172200536425132e-01,1.931723777318894164e-01,-7.505754501314925164e-01,-4.760224439702415711e-01,1.570801904283443573e+00,8.053399070238268908e-05,-3.681554015753229499e-05,-3.598781924707408959e-05,-3.561026925069351104e-05,-1.151388641385732870e-04,-2.617954156658912623e-01,-2.836026004197213624e+00
-4.276862002517955452e-01,6.608956548113408269e-01,1.931391340644287025e-01,1.931553145415588757e-01,-7.505754501314925164e-01,-4.759840643488619794e-01,1.570801904283443573e+00,8.053399070238268908e-05,-3.681554015753229499e-05,-3.598781924707408959e-05,-3.561026925069351104e-05,-1.151388641385732870e-04,-2.617954156658912623e-01,-2.836026004197213624e+00
-4.276862002517955452e-01,6.608956548113408269e-01,1.931500910698218110e-01,1.931553145415588757e-01,-7.505754501314925164e-01,-4.759840643488619794e-01,1.570801904283443573e+00,8.053399070238268908e-05,-3.681554015753229499e-05,-3.598781924707408959e-05,-3.561026925069351104e-05,-1.151388641385732870e-04,-2.617954156658912623e-01,-2.836026004197213624e+00
-4.276992116968899582e-01,6.609048038022292682e-01,1.931610480752149472e-01,1.931382513512283627e-01,-7.505754501314925164e-01,-4.759456847274824431e-01,1.570801904283443573e+00,8.053399070238268908e-05,-3.681554015753229499e-05,-3.598781924707408959e-05,-3.561026925069351104e-05,-1.151388641385732870e-04,-2.617954156658912623e-01,-2.836026004197213624e+00
-4.277252345870786732e-01,6.609231017840062616e-01,1.931829620860011643e-01,1.931382513512283627e-01,-7.505754501314925164e-01,-4.759073051061029624e-01,1.570801904283443573e+00,8.053399070238268908e-05,-3.681554015753229499e-05,-3.598781924707408959e-05,-3.561026925069351104e-05,-1.151388641385732870e-04,-2.617954156658912623e-01,-2.836026004197213624e+00
-4.277382460321730306e-01,6.609322507748947029e-01,1.931939190913943005e-01,1.931211881608978220e-01,-7.505754501314925164e-01,-4.759073051061029624e-01,1.570801904283443573e+00,8.053399070238268908e-05,-3.681554015753229499e-05,-3.598781924707408959e-05,-3.561026925069351104e-05,-1.151388641385732870e-04,-2.617954156658912623e-01,-2.836026004197213624e+00
-4.277512574772673881e-01,6.609413997657831441e-01,1.932048760967874090e-01,1.931211881608978220e-01,-7.505754501314925164e-01,-4.758689254847233707e-01,1.570801904283443573e+00,8.053399070238268908e-05,-3.681554015753229499e-05,-3.598781924707408959e-05,-3.561026925069351104e-05,-1.151388641385732870e-04,-2.617954156658912623e-01,-2.836026004197213624e+00
-4.277772803674561031e-01,6.609505487566716964e-01,1.932267901075736538e-01,1.931041249705672813e-01,-7.505754501314925164e-01,-4.758689254847233707e-01,1.570801904283443573e+00,8.053399070238268908e-05,-3.681554015753229499e-05,-3.598781924707408959e-05,-3.561026925069351104e-05,-1.151388641385732870e-04,-2.617954156658912623e-01,-2.836026004197213624e+00
-4.277902918125505161e-01,6.609596977475601376e-01,1.932267901075736538e-01,1.931041249705672813e-01,-7.505754501314925164e-01,-4.758305458633438900e-01,1.570801904283443573e+00,8.053399070238268908e-05,-3.681554015753229499e-05,-3.598781924707408959e-05,-3.561026925069351104e-05,-1.151388641385732870e-04,-2.617954156658912623e-01,-2.836026004197213624e+00
-4.277902918125505161e-01,6.609688467384485788e-01,1.932487041183598708e-01,1.930870617802367684e-01,-7.505754501314925164e-01,-4.758305458633438900e-01,1.570801904283443573e+00,8.053399070238268908e-05,-3.681554015753229499e-05,-3.598781924707408959e-05,-3.561026925069351104e-05,-1.151388641385732870e-04,-2.617954156658912623e-01,-2.836026004197213624e+00
-4.278163147027392310e-01,6.609871447202256833e-01,1.932706181291460878e-01,1.930870617802367684e-01,-7.505754501314925164e-01,-4.757921662419643538e-01,1.570801904283443573e+00,8.053399070238268908e-05,-3.681554015753229499e-05,-3.598781924707408959e-05,-3.561026925069351104e-05,-1.151388641385732870e-04,-2.617954156658912623e-01,-2.836026004197213624e+00
-4.278423375929279460e-01,6.610054427020025658e-01,1.932925321399323049e-01,1.930699985899062276e-01,-7.505754501314925164e-01,-4.757537866205848176e-01,1.570801904283443573e+00,8.053399070238268908e-05,-3.681554015753229499e-05,-3.598781924707408959e-05,-3.561026925069351104e-05,-1.151388641385732870e-04,-2.617954156658912623e-01,-2.836026004197213624e+00
-4.278553490380223034e-01,6.610054427020025658e-01,1.933034891453254411e-01,1.930699985899062276e-01,-7.505754501314925164e-01,-4.757537866205848176e-01,1.570801904283443573e+00,8.053399070238268908e-05,-3.681554015753229499e-05,-3.598781924707408959e-05,-3.561026925069351104e-05,-1.151388641385732870e-04,-2.617954156658912623e-01,-2.836026004197213624e+00
-4.278813719282110739e-01,6.610237406837795593e-01,1.933254031561116582e-01,1.930529353995757424e-01,-7.505754501314925164e-01,-4.757154069992052814e-01,1.570801904283443573e+00,8.053399070238268908e-05,-3.681554015753229499e-05,-3.598781924707408959e-05,-3.561026925069351104e-05,-1.151388641385732870e-04,-2.617954156658912623e-01,-2.836026004197213624e+00
-4.278813719282110739e-01,6.610328896746680005e-01,1.933363601615047944e-01,1.930358722092452017e-01,-7.505754501314925164e-01,-4.757154069992052814e-01,1.570801904283443573e+00,8.053399070238268908e-05,-3.681554015753229499e-05,-3.598781924707408959e-05,-3.561026925069351104e-05,-1.151388641385732870e-04,-2.617954156658912623e-01,-2.836026004197213624e+00
-4.278943833733054314e-01,6.610420386655564418e-01,1.933473171668979029e-01,1.930358722092452017e-01,-7.505754501314925164e-01,-4.756770273778258007e-01,1.570801904283443573e+00,8.053399070238268908e-05,-3.681554015753229499e-05,-3.598781924707408959e-05,-3.561026925069351104e-05,-1.151388641385732870e-04,-2.617954156658912623e-01,-2.836026004197213624e+00
-4.279073948183997889e-01,6.610511876564449940e-01,1.933582741722910114e-01,1.930358722092452017e-01,-7.505754501314925164e-01,-4.756770273778258007e-01,1.570801904283443573e+00,8.053399070238268908e-05,-3.681554015753229499e-05,-3.598781924707408959e-05,-3.561026925069351104e-05,-1.151388641385732870e-04,-2.617954156658912623e-01,-2.836026004197213624e+00
-4.279204062634941463e-01,6.610603366473334352e-01,1.933692311776841477e-01,1.930188090189146610e-01,-7.505754501314925164e-01,-4.756386477564463200e-01,1.570801904283443573e+00,8.053399070238268908e-05,-3.681554015753229499e-05,-3.598781924707408959e-05,-3.561026925069351104e-05,-1.151388641385732870e-04,-2.617954156658912623e-01,-2.836026004197213624e+00
-4.279334177085885038e-01,6.610694856382219875e-01,1.933801881830772285e-01,1.930188090189146610e-01,-7.505754501314925164e-01,-4.756386477564463200e-01,1.570801904283443573e+00,8.053399070238268908e-05,-3.681554015753229499e-05,-3.598781924707408959e-05,-3.561026925069351104e-05,-1.151388641385732870e-04,-2.617954156658912623e-01,-2.836026004197213624e+00
-4.279464291536829168e-01,6.610786346291105398e-01,1.933911451884703370e-01,1.930188090189146610e-01,-7.505754501314925164e-01,-4.756002681350667283e-01,1.570801904283443573e+00,8.053399070238268908e-05,-3.681554015753229499e-05,-3.598781924707408959e-05,-3.561026925069351104e-05,-1.151388641385732870e-04,-2.617954156658912623e-01,-2.836026004197213624e+00
-4.279594405987772743e-01,6.610877836199989810e-01,1.934130591992565817e-01,1.930017458285841481e-01,-7.505754501314925164e-01,-4.756002681350667283e-01,1.570801904283443573e+00,8.053399070238268908e-05,-3.681554015753229499e-05,-3.598781924707408959e-05,-3.561026925069351104e-05,-1.151388641385732870e-04,-2.617954156658912623e-01,-2.836026004197213624e+00
-4.279594405987772743e-01,6.610969326108874222e-01,1.934240162046496903e-01,1.930017458285841481e-01,-7.505754501314925164e-01,-4.756002681350667283e-01,1.570801904283443573e+00,8.053399070238268908e-05,-3.681554015753229499e-05,-3.598781924707408959e-05,-3.561026925069351104e-05,-1.151388641385732870e-04,-2.617954156658912623e-01,-2.836026004197213624e+00
-4.279854634889659892e-01,6.611152305926644157e-01,1.934459302154359350e-01,1.929846826382536074e-01,-7.505754501314925164e-01,-4.755618885136871921e-01,1.570801904283443573e+00,8.053399070238268908e-05,-3.681554015753229499e-05,-3.598781924707408959e-05,-3.561026925069351104e-05,-1.151388641385732870e-04,-2.617954156658912623e-01,-2.836026004197213624e+00
-4.279984749340603467e-01,6.611243795835528569e-01,1.934568872208290435e-01,1.929846826382536074e-01,-7.505754501314925164e-01,-4.755618885136871921e-01,1.570801904283443573e+00,8.053399070238268908e-05,-3.681554015753229499e-05,-3.598781924707408959e-05,-3.561026925069351104e-05,-1.151388641385732870e-04,-2.617954156658912623e-01,-2.836026004197213624e+00
-4.280114863791547042e-01,6.611335285744412982e-01,1.934788012316152883e-01,1.929676194479230666e-01,-7.505754501314925164e-01,-4.755235088923077114e-01,1.570801904283443573e+00,8.053399070238268908e-05,-3.681554015753229499e-05,-3.598781924707408959e-05,-3.561026925069351104e-05,-1.151388641385732870e-04,-2.617954156658912623e-01,-2.836026004197213624e+00
-4.280244978242491172e-01,6.611426775653297394e-01,1.934897582370083691e-01,1.929676194479230666e-01,-7.505932552661178647e-01,-4.755235088923077114e-01,1.570801904283443573e+00,8.053399070238268908e-05,-3.681554015753229499e-05,-3.598781924707408959e-05,-3.561026925069351104e-05,-1.151388641385732870e-04,-2.617954156658912623e-01,-2.836026004197213624e+00
-4.280375092693434746e-01,6.611609755471068439e-01,1.935226292531877224e-01,1.929505562575925537e-01,-7.505932552661178647e-01,-4.754851292709281196e-01,1.570801904283443573e+00,8.053399070238268908e-05,-3.681554015753229499e-05,-3.598781924707408959e-05,-3.561026925069351104e-05,-1.151388641385732870e-04,-2.617954156658912623e-01,-2.836026004197213624e+00
-4.280505207144378321e-01,6.611701245379952852e-01,1.935335862585808309e-01,1.929505562575925537e-01,-7.505932552661178647e-01,-4.754851292709281196e-01,1.570801904283443573e+00,8.053399070238268908e-05,-3.681554015753229499e-05,-3.598781924707408959e-05,-3.561026925069351104e-05,-1.151388641385732870e-04,-2.617954156658912623e-01,-2.836026004197213624e+00
-4.280635321595321896e-01,6.611792735288838374e-01,1.935445432639739394e-01,1.929505562575925537e-01,-7.505932552661178647e-01,-4.754467496495486389e-01,1.570801904283443573e+00,8.053399070238268908e-05,-3.681554015753229499e-05,-3.598781924707408959e-05,-3.561026925069351104e-05,-1.151388641385732870e-04,-2.617954156658912623e-01,-2.836026004197213624e+00
-4.280765436046265471e-01,6.611884225197722786e-01,1.935664572747601841e-01,1.929334930672620130e-01,-7.505932552661178647e-01,-4.754467496495486389e-01,1.570801904283443573e+00,8.053399070238268908e-05,-3.681554015753229499e-05,-3.598781924707408959e-05,-3.561026925069351104e-05,-1.151388641385732870e-04,-2.617954156658912623e-01,-2.836026004197213624e+00
-4.280895550497209046e-01,6.612158694924377134e-01,1.935883712855464289e-01,1.929164298769315278e-01,-7.505932552661178647e-01,-4.754083700281691582e-01,1.570801904283443573e+00,8.053399070238268908e-05,-3.681554015753229499e-05,-3.598781924707408959e-05,-3.561026925069351104e-05,-1.151388641385732870e-04,-2.617954156658912623e-01,-2.836026004197213624e+00
-4.281025664948152620e-01,6.612250184833261546e-01,1.936102852963326182e-01,1.929164298769315278e-01,-7.505932552661178647e-01,-4.754083700281691582e-01,1.570801904283443573e+00,8.053399070238268908e-05,-3.681554015753229499e-05,-3.598781924707408959e-05,-3.561026925069351104e-05,-1.151388641385732870e-04,-2.617954156658912623e-01,-2.836026004197213624e+00
-4.281155779399096750e-01,6.612341674742145958e-01,1.936212423017257545e-01,1.929164298769315278e-01,-7.505932552661178647e-01,-4.753699904067896220e-01,1.570801904283443573e+00,8.053399070238268908e-05,-3.681554015753229499e-05,-3.598781924707408959e-05,-3.561026925069351104e-05,-1.151388641385732870e-04,-2.617954156658912623e-01,-2.836026004197213624e+00
-4.281285893850040325e-01,6.612433164651031481e-01,1.936321993071188630e-01,1.928993666866009871e-01,-7.505932552661178647e-01,-4.753699904067896220e-01,1.570801904283443573e+00,8.053399070238268908e-05,-3.681554015753229499e-05,-3.598781924707408959e-05,-3.561026925069351104e-05,-1.151388641385732870e-04,-2.617954156658912623e-01,-2.836026004197213624e+00
-4.281546122751927475e-01,6.612616144468801416e-01,1.936650703232982162e-01,1.928993666866009871e-01,-7.505932552661178647e-01,-4.753316107854100303e-01,1.570801904283443573e+00,8.053399070238268908e-05,-3.681554015753229499e-05,-3.598781924707408959e-05,-3.561026925069351104e-05,-1.151388641385732870e-04,-2.617954156658912623e-01,-2.836026004197213624e+00
-4.281546122751927475e-01,6.612707634377685828e-01,1.936760273286913248e-01,1.928823034962704464e-01,-7.506110604007432130e-01,-4.752932311640305496e-01,1.570801904283443573e+00,8.053399070238268908e-05,-3.681554015753229499e-05,-3.598781924707408959e-05,-3.561026925069351104e-05,-1.151388641385732870e-04,-2.617954156658912623e-01,-2.836026004197213624e+00
-4.281676237202871049e-01,6.612799124286571351e-01,1.936979413394775695e-01,1.928823034962704464e-01,-7.506110604007432130e-01,-4.752932311640305496e-01,1.570801904283443573e+00,8.053399070238268908e-05,-3.681554015753229499e-05,-3.598781924707408959e-05,-3.561026925069351104e-05,-1.151388641385732870e-04,-2.617954156658912623e-01,-2.836026004197213624e+00
-4.281806351653814624e-01,6.612982104104340175e-01,1.937088983448706780e-01,1.928823034962704464e-01,-7.506110604007432130e-01,-4.752932311640305496e-01,1.570801904283443573e+00,8.053399070238268908e-05,-3.681554015753229499e-05,-3.598781924707408959e-05,-3.561026925069351104e-05,-1.151388641385732870e-04,-2.617954156658912623e-01,-2.836026004197213624e+00
-4.281936466104758754e-01,6.613073594013224588e-01,1.937308123556568951e-01,1.928652403059399334e-01,-7.506110604007432130e-01,-4.752548515426510689e-01,1.570801904283443573e+00,8.053399070238268908e-05,-3.681554015753229499e-05,-3.598781924707408959e-05,-3.561026925069351104e-05,-1.151388641385732870e-04,-2.617954156658912623e-01,-2.836026004197213624e+00
-4.282066580555702329e-01,6.613165083922110110e-01,1.937417693610500036e-01,1.928652403059399334e-01,-7.506110604007432130e-01,-4.752548515426510689e-01,1.570801904283443573e+00,8.053399070238268908e-05,-3.681554015753229499e-05,-3.598781924707408959e-05,-3.561026925069351104e-05,-1.151388641385732870e-04,-2.617954156658912623e-01,-2.836026004197213624e+00
-4.282196695006645903e-01,6.613348063739878935e-01,1.937746403772293569e-01,1.928481771156093927e-01,-7.506110604007432130e-01,-4.752164719212714772e-01,1.570801904283443573e+00,8.053399070238268908e-05,-3.681554015753229499e-05,-3.598781924707408959e-05,-3.561026925069351104e-05,-1.151388641385732870e-04,-2.617954156658912623e-01,-2.836026004197213624e+00
-4.282326809457589478e-01,6.613439553648765568e-01,1.937855973826224654e-01,1.928481771156093927e-01,-7.506110604007432130e-01,-4.752164719212714772e-01,1.570801904283443573e+00,8.053399070238268908e-05,-3.681554015753229499e-05,-3.598781924707408959e-05,-3.561026925069351104e-05,-1.151388641385732870e-04,-2.617954156658912623e-01,-2.836026004197213624e+00
-4.282456923908533053e-01,6.613622533466534392e-01,1.937965543880156016e-01,1.928311139252788797e-01,-7.506288655353686723e-01,-4.751780922998919965e-01,1.570801904283443573e+00,8.053399070238268908e-05,-3.681554015753229499e-05,-3.598781924707408959e-05,-3.561026925069351104e-05,-1.151388641385732870e-04,-2.617954156658912623e-01,-2.836026004197213624e+00
-4.282587038359476628e-01,6.613714023375418805e-01,1.938184683988018187e-01,1.928311139252788797e-01,-7.506288655353686723e-01,-4.751780922998919965e-01,1.570801904283443573e+00,8.053399070238268908e-05,-3.681554015753229499e-05,-3.598781924707408959e-05,-3.561026925069351104e-05,-1.151388641385732870e-04,-2.617954156658912623e-01,-2.836026004197213624e+00
-4.282847267261364332e-01,6.613897003193188739e-01,1.938513394149811442e-01,1.928140507349483390e-01,-7.506288655353686723e-01,-4.751397126785124603e-01,1.570801904283443573e+00,8.053399070238268908e-05,-3.681554015753229499e-05,-3.598781924707408959e-05,-3.561026925069351104e-05,-1.151388641385732870e-04,-2.617954156658912623e-01,-2.836026004197213624e+00
-4.282977381712307907e-01,6.613988493102073152e-01,1.938622964203742527e-01,1.928140507349483390e-01,-7.506288655353686723e-01,-4.751397126785124603e-01,1.570801904283443573e+00,8.053399070238268908e-05,-3.681554015753229499e-05,-3.598781924707408959e-05,-3.561026925069351104e-05,-1.151388641385732870e-04,-2.617954156658912623e-01,-2.836026004197213624e+00
-4.282977381712307907e-01,6.614079983010957564e-01,1.938732534257673890e-01,1.928140507349483390e-01,-7.506288655353686723e-01,-4.751013330571329796e-01,1.570801904283443573e+00,8.053399070238268908e-05,-3.681554015753229499e-05,-3.598781924707408959e-05,-3.561026925069351104e-05,-1.151388641385732870e-04,-2.617954156658912623e-01,-2.836026004197213624e+00
-4.283107496163251482e-01,6.614262962828727499e-01,1.938951674365536060e-01,1.927969875446177983e-01,-7.506288655353686723e-01,-4.751013330571329796e-01,1.570801904283443573e+00,8.053399070238268908e-05,-3.681554015753229499e-05,-3.598781924707408959e-05,-3.561026925069351104e-05,-1.151388641385732870e-04,-2.617954156658912623e-01,-2.836026004197213624e+00
-4.283237610614194502e-01,6.614354452737611911e-01,1.939061244419467422e-01,1.927969875446177983e-01,-7.506466706699939095e-01,-4.751013330571329796e-01,1.570801904283443573e+00,8.053399070238268908e-05,-3.681554015753229499e-05,-3.598781924707408959e-05,-3.561026925069351104e-05,-1.151388641385732870e-04,-2.617954156658912623e-01,-2.836026004197213624e+00
-4.283497839516081651e-01,6.614537432555382956e-01,1.939389954581260955e-01,1.927799243542873131e-01,-7.506466706699939095e-01,-4.750629534357533879e-01,1.570801904283443573e+00,8.053399070238268908e-05,-3.681554015753229499e-05,-3.598781924707408959e-05,-3.561026925069351104e-05,-1.151388641385732870e-04,-2.617954156658912623e-01,-2.836026004197213624e+00
-4.283627953967025781e-01,6.614628922464267369e-01,1.939499524635192040e-01,1.927799243542873131e-01,-7.506466706699939095e-01,-4.750629534357533879e-01,1.570801904283443573e+00,8.053399070238268908e-05,-3.681554015753229499e-05,-3.598781924707408959e-05,-3.561026925069351104e-05,-1.151388641385732870e-04,-2.617954156658912623e-01,-2.836026004197213624e+00
-4.283627953967025781e-01,6.614720412373151781e-01,1.939718664743053933e-01,1.927628611639567724e-01,-7.506466706699939095e-01,-4.750245738143739072e-01,1.570801904283443573e+00,8.053399070238268908e-05,-3.681554015753229499e-05,-3.598781924707408959e-05,-3.561026925069351104e-05,-1.151388641385732870e-04,-2.617954156658912623e-01,-2.836026004197213624e+00
-4.283758068417969356e-01,6.614903392190921716e-01,1.939828234796985296e-01,1.927628611639567724e-01,-7.506466706699939095e-01,-4.750245738143739072e-01,1.570801904283443573e+00,8.053399070238268908e-05,-3.681554015753229499e-05,-3.598781924707408959e-05,-3.561026925069351104e-05,-1.151388641385732870e-04,-2.617954156658912623e-01,-2.836026004197213624e+00
-4.284018297319856505e-01,6.615086372008691651e-01,1.940156944958778829e-01,1.927457979736262594e-01,-7.506644758046192578e-01,-4.749861941929943709e-01,1.570801904283443573e+00,8.053399070238268908e-05,-3.681554015753229499e-05,-3.598781924707408959e-05,-3.561026925069351104e-05,-1.151388641385732870e-04,-2.617954156658912623e-01,-2.836026004197213624e+00
-4.284148411770800080e-01,6.615177861917576063e-01,1.940266515012709914e-01,1.927457979736262594e-01,-7.506644758046192578e-01,-4.749478145716148347e-01,1.570801904283443573e+00,8.053399070238268908e-05,-3.681554015753229499e-05,-3.598781924707408959e-05,-3.561026925069351104e-05,-1.151388641385732870e-04,-2.617954156658912623e-01,-2.836026004197213624e+00
-4.284278526221743655e-01,6.615269351826461586e-01,1.940485655120572361e-01,1.927287347832957187e-01,-7.506644758046192578e-01,-4.749478145716148347e-01,1.570801904283443573e+00,8.053399070238268908e-05,-3.681554015753229499e-05,-3.598781924707408959e-05,-3.561026925069351104e-05,-1.151388641385732870e-04,-2.617954156658912623e-01,-2.836026004197213624e+00
-4.284408640672687230e-01,6.615543821553115933e-01,1.940704795228434532e-01,1.927287347832957187e-01,-7.506822809392446061e-01,-4.749094349502352985e-01,1.570801904283443573e+00,8.053399070238268908e-05,-3.681554015753229499e-05,-3.598781924707408959e-05,-3.561026925069351104e-05,-1.151388641385732870e-04,-2.617954156658912623e-01,-2.836026004197213624e+00
-4.284538755123631359e-01,6.615635311462000345e-01,1.940923935336296702e-01,1.927116715929651780e-01,-7.506822809392446061e-01,-4.749094349502352985e-01,1.570801904283443573e+00,8.053399070238268908e-05,-3.681554015753229499e-05,-3.598781924707408959e-05,-3.561026925069351104e-05,-1.151388641385732870e-04,-2.617954156658912623e-01,-2.836026004197213624e+00
-4.284798984025518509e-01,6.615818291279770280e-01,1.941252645498090235e-01,1.927116715929651780e-01,-7.506822809392446061e-01,-4.748710553288558178e-01,1.570801904283443573e+00,8.053399070238268908e-05,-3.681554015753229499e-05,-3.598781924707408959e-05,-3.561026925069351104e-05,-1.151388641385732870e-04,-2.617954156658912623e-01,-2.836026004197213624e+00
-4.284929098476462084e-01,6.615909781188654692e-01,1.941362215552021320e-01,1.926946084026346651e-01,-7.507000860738700654e-01,-4.748710553288558178e-01,1.570801904283443573e+00,8.053399070238268908e-05,-3.681554015753229499e-05,-3.598781924707408959e-05,-3.561026925069351104e-05,-1.151388641385732870e-04,-2.617954156658912623e-01,-2.836026004197213624e+00
-4.285059212927405659e-01,6.616001271097539105e-01,1.941581355659883767e-01,1.926946084026346651e-01,-7.507000860738700654e-01,-4.748326757074762261e-01,1.570801904283443573e+00,8.053399070238268908e-05,-3.681554015753229499e-05,-3.598781924707408959e-05,-3.561026925069351104e-05,-1.151388641385732870e-04,-2.617954156658912623e-01,-2.836026004197213624e+00
-4.285189327378349233e-01,6.616184250915310150e-01,1.941690925713814853e-01,1.926946084026346651e-01,-7.507000860738700654e-01,-4.748326757074762261e-01,1.570801904283443573e+00,8.053399070238268908e-05,-3.681554015753229499e-05,-3.598781924707408959e-05,-3.561026925069351104e-05,-1.151388641385732870e-04,-2.617954156658912623e-01,-2.836026004197213624e+00
-4.285319441829293363e-01,6.616367230733078975e-01,1.942019635875608108e-01,1.926775452123041243e-01,-7.507178912084953026e-01,-4.747942960860967454e-01,1.570801904283443573e+00,8.053399070238268908e-05,-3.681554015753229499e-05,-3.598781924707408959e-05,-3.561026925069351104e-05,-1.151388641385732870e-04,-2.617954156658912623e-01,-2.836026004197213624e+00
-4.285579670731180513e-01,6.616550210550848909e-01,1.942348346037401641e-01,1.926604820219735836e-01,-7.507178912084953026e-01,-4.747559164647172092e-01,1.570801904283443573e+00,8.053399070238268908e-05,-3.681554015753229499e-05,-3.598781924707408959e-05,-3.561026925069351104e-05,-1.151388641385732870e-04,-2.617954156658912623e-01,-2.836026004197213624e+00
-4.285709785182124087e-01,6.616733190368618844e-01,1.942457916091332726e-01,1.926604820219735836e-01,-7.507178912084953026e-01,-4.747559164647172092e-01,1.570801904283443573e+00,8.053399070238268908e-05,-3.681554015753229499e-05,-3.598781924707408959e-05,-3.561026925069351104e-05,-1.151388641385732870e-04,-2.617954156658912623e-01,-2.836026004197213624e+00
-4.285839899633067662e-01,6.616824680277503257e-01,1.942677056199195174e-01,1.926434188316430984e-01,-7.507356963431206509e-01,-4.747175368433377285e-01,1.570801904283443573e+00,8.053399070238268908e-05,-3.681554015753229499e-05,-3.598781924707408959e-05,-3.561026925069351104e-05,-1.151388641385732870e-04,-2.617954156658912623e-01,-2.836026004197213624e+00
-4.285970014084011237e-01,6.616916170186387669e-01,1.942786626253126259e-01,1.926434188316430984e-01,-7.507356963431206509e-01,-4.747175368433377285e-01,1.570801904283443573e+00,8.053399070238268908e-05,-3.681554015753229499e-05,-3.598781924707408959e-05,-3.561026925069351104e-05,-1.151388641385732870e-04,-2.617954156658912623e-01,-2.836026004197213624e+00
-4.285970014084011237e-01,6.617007660095272081e-01,1.943005766360988706e-01,1.926263556413125577e-01,-7.507356963431206509e-01,-4.747175368433377285e-01,1.570801904283443573e+00,8.053399070238268908e-05,-3.681554015753229499e-05,-3.598781924707408959e-05,-3.561026925069351104e-05,-1.151388641385732870e-04,-2.617954156658912623e-01,-2.836026004197213624e+00
-4.286100128534955367e-01,6.617099150004158714e-01,1.943115336414919514e-01,1.926263556413125577e-01,-7.507356963431206509e-01,-4.746791572219581368e-01,1.570801904283443573e+00,8.053399070238268908e-05,-3.681554015753229499e-05,-3.598781924707408959e-05,-3.561026925069351104e-05,-1.151388641385732870e-04,-2.617954156658912623e-01,-2.836026004197213624e+00
-4.286360357436842516e-01,6.617373619730811951e-01,1.943444046576713047e-01,1.926092924509820448e-01,-7.507535014777459992e-01,-4.746407776005786561e-01,1.570801904283443573e+00,8.053399070238268908e-05,-3.681554015753229499e-05,-3.598781924707408959e-05,-3.561026925069351104e-05,-1.151388641385732870e-04,-2.617954156658912623e-01,-2.836026004197213624e+00
-4.286490471887786091e-01,6.617465109639697474e-01,1.943663186684575495e-01,1.926092924509820448e-01,-7.507535014777459992e-01,-4.746407776005786561e-01,1.570801904283443573e+00,8.053399070238268908e-05,-3.681554015753229499e-05,-3.598781924707408959e-05,-3.561026925069351104e-05,-1.151388641385732870e-04,-2.617954156658912623e-01,-2.836026004197213624e+00
-4.286620586338729666e-01,6.617556599548581886e-01,1.943772756738506580e-01,1.926092924509820448e-01,-7.507713066123714585e-01,-4.746407776005786561e-01,1.570801904283443573e+00,8.053399070238268908e-05,-3.681554015753229499e-05,-3.598781924707408959e-05,-3.561026925069351104e-05,-1.151388641385732870e-04,-2.617954156658912623e-01,-2.836026004197213624e+00
-4.286750700789673241e-01,6.617739579366351821e-01,1.943991896846369027e-01,1.925922292606515041e-01,-7.507713066123714585e-01,-4.746023979791991199e-01,1.570801904283443573e+00,8.053399070238268908e-05,-3.681554015753229499e-05,-3.598781924707408959e-05,-3.561026925069351104e-05,-1.151388641385732870e-04,-2.617954156658912623e-01,-2.836026004197213624e+00
-4.286880815240616815e-01,6.617922559184120646e-01,1.944320607008162005e-01,1.925922292606515041e-01,-7.507713066123714585e-01,-4.745640183578195836e-01,1.570801904283443573e+00,8.053399070238268908e-05,-3.681554015753229499e-05,-3.598781924707408959e-05,-3.561026925069351104e-05,-1.151388641385732870e-04,-2.617954156658912623e-01,-2.836026004197213624e+00
-4.287010929691560945e-01,6.618105539001891691e-01,1.944430177062093368e-01,1.925751660703209633e-01,-7.507891117469966957e-01,-4.745640183578195836e-01,1.570801904283443573e+00,8.053399070238268908e-05,-3.681554015753229499e-05,-3.598781924707408959e-05,-3.561026925069351104e-05,-1.151388641385732870e-04,-2.617954156658912623e-01,-2.836026004197213624e+00
-4.287141044142504520e-01,6.618197028910776103e-01,1.944649317169955538e-01,1.925751660703209633e-01,-7.507891117469966957e-01,-4.745640183578195836e-01,1.570801904283443573e+00,8.053399070238268908e-05,-3.681554015753229499e-05,-3.598781924707408959e-05,-3.561026925069351104e-05,-1.151388641385732870e-04,-2.617954156658912623e-01,-2.836026004197213624e+00
-4.287401273044391670e-01,6.618471498637430450e-01,1.944978027331749071e-01,1.925581028799904504e-01,-7.507891117469966957e-01,-4.745256387364400474e-01,1.570801904283443573e+00,8.053399070238268908e-05,-3.681554015753229499e-05,-3.598781924707408959e-05,-3.561026925069351104e-05,-1.151388641385732870e-04,-2.617954156658912623e-01,-2.836026004197213624e+00
-4.287401273044391670e-01,6.618562988546314863e-01,1.945197167439611519e-01,1.925581028799904504e-01,-7.508069168816220440e-01,-4.744872591150605667e-01,1.570801904283443573e+00,8.053399070238268908e-05,-3.681554015753229499e-05,-3.598781924707408959e-05,-3.561026925069351104e-05,-1.151388641385732870e-04,-2.617954156658912623e-01,-2.836026004197213624e+00
-4.287531387495335244e-01,6.618654478455199275e-01,1.945306737493542604e-01,1.925410396896599097e-01,-7.508069168816220440e-01,-4.744872591150605667e-01,1.570801904283443573e+00,8.053399070238268908e-05,-3.681554015753229499e-05,-3.598781924707408959e-05,-3.561026925069351104e-05,-1.151388641385732870e-04,-2.617954156658912623e-01,-2.836026004197213624e+00
-4.287791616397222949e-01,6.618928948181853622e-01,1.945635447655335859e-01,1.925239764993293967e-01,-7.508069168816220440e-01,-4.744488794936810305e-01,1.570801904283443573e+00,8.053399070238268908e-05,-3.681554015753229499e-05,-3.598781924707408959e-05,-3.561026925069351104e-05,-1.151388641385732870e-04,-2.617954156658912623e-01,-2.836026004197213624e+00
-4.287921730848166524e-01,6.619020438090739145e-01,1.945854587763198307e-01,1.925239764993293967e-01,-7.508247220162473923e-01,-4.744488794936810305e-01,1.570801904283443573e+00,8.053399070238268908e-05,-3.681554015753229499e-05,-3.598781924707408959e-05,-3.561026925069351104e-05,-1.151388641385732870e-04,-2.617954156658912623e-01,-2.836026004197213624e+00
-4.287921730848166524e-01,6.619111927999624667e-01,1.946073727871060477e-01,1.925239764993293967e-01,-7.508247220162473923e-01,-4.744104998723014943e-01,1.570801904283443573e+00,8.053399070238268908e-05,-3.681554015753229499e-05,-3.598781924707408959e-05,-3.561026925069351104e-05,-1.151388641385732870e-04,-2.617954156658912623e-01,-2.836026004197213624e+00
-4.288051845299110099e-01,6.619294907817393492e-01,1.946183297924991840e-01,1.925069133089988838e-01,-7.508247220162473923e-01,-4.744104998723014943e-01,1.570801904283443573e+00,8.053399070238268908e-05,-3.681554015753229499e-05,-3.598781924707408959e-05,-3.561026925069351104e-05,-1.151388641385732870e-04,-2.617954156658912623e-01,-2.836026004197213624e+00
-4.288312074200997248e-01,6.619569377544047839e-01,1.946621578140716180e-01,1.925069133089988838e-01,-7.508425271508727405e-01,-4.743721202509219581e-01,1.570801904283443573e+00,8.053399070238268908e-05,-3.681554015753229499e-05,-3.598781924707408959e-05,-3.561026925069351104e-05,-1.151388641385732870e-04,-2.617954156658912623e-01,-2.836026004197213624e+00
-4.288442188651940823e-01,6.619660867452932251e-01,1.946731148194647265e-01,1.924898501186683430e-01,-7.508425271508727405e-01,-4.743721202509219581e-01,1.570801904283443573e+00,8.053399070238268908e-05,-3.681554015753229499e-05,-3.598781924707408959e-05,-3.561026925069351104e-05,-1.151388641385732870e-04,-2.617954156658912623e-01,-2.836026004197213624e+00
-4.288442188651940823e-01,6.619752357361817774e-01,1.946950288302509713e-01,1.924898501186683430e-01,-7.508425271508727405e-01,-4.743337406295424774e-01,1.570801904283443573e+00,8.053399070238268908e-05,-3.681554015753229499e-05,-3.598781924707408959e-05,-3.561026925069351104e-05,-1.151388641385732870e-04,-2.617954156658912623e-01,-2.836026004197213624e+00
-4.288702417553828528e-01,6.620026827088472121e-01,1.947278998464303246e-01,1.924727869283378301e-01,-7.508603322854980888e-01,-4.743337406295424774e-01,1.570801904283443573e+00,8.053399070238268908e-05,-3.681554015753229499e-05,-3.598781924707408959e-05,-3.561026925069351104e-05,-1.151388641385732870e-04,-2.617954156658912623e-01,-2.836026004197213624e+00
-4.288832532004772102e-01,6.620209806906242056e-01,1.947498138572165416e-01,1.924727869283378301e-01,-7.508603322854980888e-01,-4.742953610081628857e-01,1.570801904283443573e+00,8.053399070238268908e-05,-3.681554015753229499e-05,-3.598781924707408959e-05,-3.561026925069351104e-05,-1.151388641385732870e-04,-2.617954156658912623e-01,-2.836026004197213624e+00
-4.288962646455715677e-01,6.620301296815126468e-01,1.947717278680027864e-01,1.924557237380072894e-01,-7.508781374201234371e-01,-4.742953610081628857e-01,1.570801904283443573e+00,8.053399070238268908e-05,-3.681554015753229499e-05,-3.598781924707408959e-05,-3.561026925069351104e-05,-1.151388641385732870e-04,-2.617954156658912623e-01,-2.836026004197213624e+00
-4.288962646455715677e-01,6.620392786724011991e-01,1.947826848733958671e-01,1.924557237380072894e-01,-7.508781374201234371e-01,-4.742569813867834050e-01,1.570801904283443573e+00,8.053399070238268908e-05,-3.681554015753229499e-05,-3.598781924707408959e-05,-3.561026925069351104e-05,-1.151388641385732870e-04,-2.617954156658912623e-01,-2.836026004197213624e+00
-4.289092760906659252e-01,6.620575766541780816e-01,1.948045988841821119e-01,1.924557237380072894e-01,-7.508781374201234371e-01,-4.742569813867834050e-01,1.570801904283443573e+00,8.053399070238268908e-05,-3.681554015753229499e-05,-3.598781924707408959e-05,-3.561026925069351104e-05,-1.151388641385732870e-04,-2.617954156658912623e-01,-2.836026004197213624e+00
-4.289222875357602827e-01,6.620667256450665228e-01,1.948265128949683567e-01,1.924386605476767487e-01,-7.508781374201234371e-01,-4.742569813867834050e-01,1.570801904283443573e+00,8.053399070238268908e-05,-3.681554015753229499e-05,-3.598781924707408959e-05,-3.561026925069351104e-05,-1.151388641385732870e-04,-2.617954156658912623e-01,-2.836026004197213624e+00
-4.289352989808546401e-01,6.620941726177320685e-01,1.948593839111476822e-01,1.924386605476767487e-01,-7.508959425547488964e-01,-4.742186017654038688e-01,1.570801904283443573e+00,8.053399070238268908e-05,-3.681554015753229499e-05,-3.598781924707408959e-05,-3.561026925069351104e-05,-1.151388641385732870e-04,-2.617954156658912623e-01,-2.836026004197213624e+00
-4.289483104259490531e-01,6.621124705995090620e-01,1.948812979219339270e-01,1.924215973573462357e-01,-7.508959425547488964e-01,-4.741802221440243881e-01,1.570801904283443573e+00,8.053399070238268908e-05,-3.681554015753229499e-05,-3.598781924707408959e-05,-3.561026925069351104e-05,-1.151388641385732870e-04,-2.617954156658912623e-01,-2.836026004197213624e+00
-4.289613218710434106e-01,6.621216195903975033e-01,1.949032119327201440e-01,1.924215973573462357e-01,-7.509137476893741336e-01,-4.741418425226447964e-01,1.570801904283443573e+00,8.053399070238268908e-05,-3.681554015753229499e-05,-3.598781924707408959e-05,-3.561026925069351104e-05,-1.151388641385732870e-04,-2.617954156658912623e-01,-2.836026004197213624e+00
-4.289743333161377681e-01,6.621399175721744967e-01,1.949251259435063610e-01,1.924215973573462357e-01,-7.509137476893741336e-01,-4.741034629012653157e-01,1.570801904283443573e+00,8.053399070238268908e-05,-3.681554015753229499e-05,-3.598781924707408959e-05,-3.561026925069351104e-05,-1.151388641385732870e-04,-2.617954156658912623e-01,-2.836026004197213624e+00
-4.289873447612321256e-01,6.621673645448398204e-01,1.949579969596857143e-01,1.924045341670156950e-01,-7.509315528239994819e-01,-4.741034629012653157e-01,1.570801904283443573e+00,8.053399070238268908e-05,-3.681554015753229499e-05,-3.598781924707408959e-05,-3.561026925069351104e-05,-1.151388641385732870e-04,-2.617954156658912623e-01,-2.836026004197213624e+00
-4.290003562063264830e-01,6.621765135357284837e-01,1.949799109704719591e-01,1.924045341670156950e-01,-7.509315528239994819e-01,-4.740650832798857794e-01,1.570801904283443573e+00,8.053399070238268908e-05,-3.681554015753229499e-05,-3.598781924707408959e-05,-3.561026925069351104e-05,-1.151388641385732870e-04,-2.617954156658912623e-01,-2.836026004197213624e+00
-4.290133676514208405e-01,6.621948115175053662e-01,1.950018249812582039e-01,1.923874709766851820e-01,-7.509315528239994819e-01,-4.740650832798857794e-01,1.570801904283443573e+00,8.053399070238268908e-05,-3.681554015753229499e-05,-3.598781924707408959e-05,-3.561026925069351104e-05,-1.151388641385732870e-04,-2.617954156658912623e-01,-2.836026004197213624e+00
-4.290263790965152535e-01,6.622222584901708009e-01,1.950456530028306379e-01,1.923874709766851820e-01,-7.509493579586248302e-01,-4.740267036585062432e-01,1.570801904283443573e+00,8.053399070238268908e-05,-3.681554015753229499e-05,-3.598781924707408959e-05,-3.561026925069351104e-05,-1.151388641385732870e-04,-2.617954156658912623e-01,-2.836026004197213624e+00
-4.290393905416096110e-01,6.622314074810592421e-01,1.950675670136168549e-01,1.923704077863546691e-01,-7.509493579586248302e-01,-4.740267036585062432e-01,1.570801904283443573e+00,8.053399070238268908e-05,-3.681554015753229499e-05,-3.598781924707408959e-05,-3.561026925069351104e-05,-1.151388641385732870e-04,-2.617954156658912623e-01,-2.836026004197213624e+00
-4.290524019867039685e-01,6.622497054628362356e-01,1.950785240190099912e-01,1.923704077863546691e-01,-7.509493579586248302e-01,-4.740267036585062432e-01,1.570801904283443573e+00,8.053399070238268908e-05,-3.681554015753229499e-05,-3.598781924707408959e-05,-3.561026925069351104e-05,-1.151388641385732870e-04,-2.617954156658912623e-01,-2.836026004197213624e+00
-4.290654134317983259e-01,6.622771524355017814e-01,1.951223520405824530e-01,1.923533445960241284e-01,-7.509671630932502895e-01,-4.739883240371267070e-01,1.570801904283443573e+00,8.053399070238268908e-05,-3.681554015753229499e-05,-3.598781924707408959e-05,-3.561026925069351104e-05,-1.151388641385732870e-04,-2.617954156658912623e-01,-2.836026004197213624e+00
-4.290784248768926834e-01,6.622954504172786638e-01,1.951442660513686422e-01,1.923533445960241284e-01,-7.509671630932502895e-01,-4.739499444157472263e-01,1.570801904283443573e+00,8.053399070238268908e-05,-3.681554015753229499e-05,-3.598781924707408959e-05,-3.561026925069351104e-05,-1.151388641385732870e-04,-2.617954156658912623e-01,-2.836026004197213624e+00
-4.291044477670814539e-01,6.623228973899440986e-01,1.951880940729411318e-01,1.923362814056936154e-01,-7.509849682278755267e-01,-4.739499444157472263e-01,1.570801904283443573e+00,8.053399070238268908e-05,-3.681554015753229499e-05,-3.598781924707408959e-05,-3.561026925069351104e-05,-1.151388641385732870e-04,-2.617954156658912623e-01,-2.836026004197213624e+00
-4.291174592121758113e-01,6.623503443626095333e-01,1.952319220945135936e-01,1.923192182153630747e-01,-7.509849682278755267e-01,-4.739115647943676346e-01,1.570801904283443573e+00,8.053399070238268908e-05,-3.681554015753229499e-05,-3.598781924707408959e-05,-3.561026925069351104e-05,-1.151388641385732870e-04,-2.617954156658912623e-01,-2.836026004197213624e+00
-4.291304706572701688e-01,6.623594933534980855e-01,1.952538361052997828e-01,1.923192182153630747e-01,-7.510027733625008750e-01,-4.739115647943676346e-01,1.570801904283443573e+00,8.053399070238268908e-05,-3.681554015753229499e-05,-3.598781924707408959e-05,-3.561026925069351104e-05,-1.151388641385732870e-04,-2.617954156658912623e-01,-2.836026004197213624e+00
-4.291434821023645263e-01,6.623777913352750790e-01,1.952757501160860276e-01,1.923021550250325618e-01,-7.510027733625008750e-01,-4.738731851729881539e-01,1.570801904283443573e+00,8.053399070238268908e-05,-3.681554015753229499e-05,-3.598781924707408959e-05,-3.561026925069351104e-05,-1.151388641385732870e-04,-2.617954156658912623e-01,-2.836026004197213624e+00
-4.291564935474588838e-01,6.623869403261635203e-01,1.952976641268722724e-01,1.923021550250325618e-01,-7.510027733625008750e-01,-4.738731851729881539e-01,1.570801904283443573e+00,8.053399070238268908e-05,-3.681554015753229499e-05,-3.598781924707408959e-05,-5.341540387604027334e-05,-1.151388641385732870e-04,-2.617954156658912623e-01,-2.836026004197213624e+00
-4.291695049925532413e-01,6.624235362897173962e-01,1.953305351430516257e-01,1.922850918347020210e-01,-7.510205784971262233e-01,-4.738348055516086177e-01,1.570801904283443573e+00,8.053399070238268908e-05,-3.681554015753229499e-05,-3.598781924707408959e-05,-3.561026925069351104e-05,-1.151388641385732870e-04,-2.617954156658912623e-01,-2.836026004197213624e+00
-4.291825164376476542e-01,6.624326852806058374e-01,1.953524491538378427e-01,1.922850918347020210e-01,-7.510205784971262233e-01,-4.737964259302291370e-01,1.570801904283443573e+00,8.053399070238268908e-05,-3.681554015753229499e-05,-3.598781924707408959e-05,-3.561026925069351104e-05,-1.151388641385732870e-04,-2.617954156658912623e-01,-2.836026004197213624e+00
-4.291955278827420117e-01,6.624509832623829420e-01,1.953743631646240597e-01,1.922850918347020210e-01,-7.510383836317516826e-01,-4.737964259302291370e-01,1.570801904283443573e+00,8.053399070238268908e-05,-3.681554015753229499e-05,-3.598781924707408959e-05,-3.561026925069351104e-05,-1.151388641385732870e-04,-2.617954156658912623e-01,-2.836026004197213624e+00
-4.292085393278363692e-01,6.624601322532713832e-01,1.953962771754103045e-01,1.922680286443714803e-01,-7.510383836317516826e-01,-4.737964259302291370e-01,1.570801904283443573e+00,8.053399070238268908e-05,-3.681554015753229499e-05,-3.598781924707408959e-05,-3.561026925069351104e-05,-1.151388641385732870e-04,-2.617954156658912623e-01,-2.836026004197213624e+00
-4.292085393278363692e-01,6.624784302350483767e-01,1.954181911861965215e-01,1.922680286443714803e-01,-7.510383836317516826e-01,-4.737580463088495453e-01,1.570801904283443573e+00,8.053399070238268908e-05,-3.681554015753229499e-05,-3.598781924707408959e-05,-3.561026925069351104e-05,-1.151388641385732870e-04,-2.617954156658912623e-01,-2.836026004197213624e+00
-4.292345622180250841e-01,6.625058772077138114e-01,1.954620192077689833e-01,1.922509654540409951e-01,-7.510561887663769198e-01,-4.737196666874700646e-01,1.570801904283443573e+00,8.053399070238268908e-05,-3.681554015753229499e-05,-3.598781924707408959e-05,-3.561026925069351104e-05,-1.151388641385732870e-04,-2.617954156658912623e-01,-2.836026004197213624e+00
-4.292475736631194416e-01,6.625150261986022526e-01,1.954729762131621196e-01,1.922509654540409951e-01,-7.510561887663769198e-01,-4.737196666874700646e-01,1.570801904283443573e+00,8.053399070238268908e-05,-3.681554015753229499e-05,-3.598781924707408959e-05,-3.561026925069351104e-05,-1.151388641385732870e-04,-2.617954156658912623e-01,-2.836026004197213624e+00
-4.292605851082137991e-01,6.625333241803791351e-01,1.954948902239483088e-01,1.922339022637104544e-01,-7.510561887663769198e-01,-4.737196666874700646e-01,1.570801904283443573e+00,8.053399070238268908e-05,-3.681554015753229499e-05,-3.598781924707408959e-05,-3.561026925069351104e-05,-1.151388641385732870e-04,-2.617954156658912623e-01,-2.836026004197213624e+00
-4.292605851082137991e-01,6.625516221621562396e-01,1.955168042347345536e-01,1.922339022637104544e-01,-7.510739939010022681e-01,-4.736812870660905284e-01,1.570801904283443573e+00,8.053399070238268908e-05,-3.681554015753229499e-05,-3.598781924707408959e-05,-3.561026925069351104e-05,-1.151388641385732870e-04,-2.617954156658912623e-01,-2.836026004197213624e+00
-4.292866079984025696e-01,6.625790691348216743e-01,1.955606322563070154e-01,1.922168390733799415e-01,-7.510739939010022681e-01,-4.736429074447109921e-01,1.570801904283443573e+00,8.053399070238268908e-05,-3.681554015753229499e-05,-3.598781924707408959e-05,-3.561026925069351104e-05,-1.151388641385732870e-04,-2.617954156658912623e-01,-2.836026004197213624e+00
-4.292996194434969270e-01,6.625882181257101156e-01,1.955825462670932602e-01,1.922168390733799415e-01,-7.510739939010022681e-01,-4.736429074447109921e-01,1.570801904283443573e+00,8.053399070238268908e-05,-3.681554015753229499e-05,-3.598781924707408959e-05,-3.561026925069351104e-05,-1.151388641385732870e-04,-2.617954156658912623e-01,-2.836026004197213624e+00
-4.293126308885912845e-01,6.626065161074871090e-01,1.956044602778794494e-01,1.922168390733799415e-01,-7.510917990356276164e-01,-4.736429074447109921e-01,1.570801904283443573e+00,8.053399070238268908e-05,-3.681554015753229499e-05,-3.598781924707408959e-05,-3.561026925069351104e-05,-1.151388641385732870e-04,-2.617954156658912623e-01,-2.836026004197213624e+00
-4.293126308885912845e-01,6.626156650983755503e-01,1.956154172832725857e-01,1.921997758830494007e-01,-7.510917990356276164e-01,-4.736045278233314559e-01,1.570801904283443573e+00,8.053399070238268908e-05,-3.681554015753229499e-05,-3.598781924707408959e-05,-3.561026925069351104e-05,-1.151388641385732870e-04,-2.617954156658912623e-01,-2.836026004197213624e+00
-4.293256423336856420e-01,6.626339630801526548e-01,1.956373312940588027e-01,1.921997758830494007e-01,-7.510917990356276164e-01,-4.736045278233314559e-01,1.570801904283443573e+00,8.053399070238268908e-05,-3.681554015753229499e-05,-3.598781924707408959e-05,-3.561026925069351104e-05,-1.151388641385732870e-04,-2.617954156658912623e-01,-2.836026004197213624e+00
-4.293516652238744125e-01,6.626614100528179785e-01,1.956811593156312923e-01,1.921827126927188600e-01,-7.511096041702529646e-01,-4.735661482019519752e-01,1.570801904283443573e+00,8.053399070238268908e-05,-3.681554015753229499e-05,-3.598781924707408959e-05,-3.561026925069351104e-05,-1.151388641385732870e-04,-2.617954156658912623e-01,-2.836026004197213624e+00
-4.293646766689687699e-01,6.626888570254834132e-01,1.957249873372037263e-01,1.921656495023883471e-01,-7.511096041702529646e-01,-4.735277685805724390e-01,1.570801904283443573e+00,8.053399070238268908e-05,-3.681554015753229499e-05,-3.598781924707408959e-05,-3.561026925069351104e-05,-1.151388641385732870e-04,-2.617954156658912623e-01,-2.836026004197213624e+00
-4.293776881140631274e-01,6.627071550072604067e-01,1.957469013479899433e-01,1.921656495023883471e-01,-7.511096041702529646e-01,-4.735277685805724390e-01,1.570801904283443573e+00,8.053399070238268908e-05,-3.681554015753229499e-05,-3.598781924707408959e-05,-3.561026925069351104e-05,-1.151388641385732870e-04,-2.617954156658912623e-01,-2.836026004197213624e+00
-4.293906995591574849e-01,6.627163039981488479e-01,1.957688153587761881e-01,1.921656495023883471e-01,-7.511096041702529646e-01,-4.735277685805724390e-01,1.570801904283443573e+00,8.053399070238268908e-05,-3.681554015753229499e-05,-3.598781924707408959e-05,-3.561026925069351104e-05,-1.151388641385732870e-04,-2.617954156658912623e-01,-2.836026004197213624e+00
-4.294037110042518424e-01,6.627346019799259524e-01,1.957907293695624329e-01,1.921485863120578064e-01,-7.511274093048783129e-01,-4.734893889591929028e-01,1.570801904283443573e+00,8.053399070238268908e-05,-3.681554015753229499e-05,-3.598781924707408959e-05,-3.561026925069351104e-05,-1.151388641385732870e-04,-2.617954156658912623e-01,-2.836026004197213624e+00
-4.294167224493461998e-01,6.627437509708143937e-01,1.958126433803486499e-01,1.921485863120578064e-01,-7.511274093048783129e-01,-4.734893889591929028e-01,1.570801904283443573e+00,8.053399070238268908e-05,-3.681554015753229499e-05,-3.598781924707408959e-05,-3.561026925069351104e-05,-1.151388641385732870e-04,-2.617954156658912623e-01,-2.836026004197213624e+00
-4.294167224493461998e-01,6.627620489525912761e-01,1.958345573911348947e-01,1.921485863120578064e-01,-7.511274093048783129e-01,-4.734510093378133666e-01,1.570801904283443573e+00,8.053399070238268908e-05,-3.681554015753229499e-05,-3.598781924707408959e-05,-3.561026925069351104e-05,-1.151388641385732870e-04,-2.617954156658912623e-01,-2.836026004197213624e+00
-4.294297338944405018e-01,6.627711979434798284e-01,1.958564714019210840e-01,1.921315231217272657e-01,-7.511274093048783129e-01,-4.734510093378133666e-01,1.570801904283443573e+00,8.053399070238268908e-05,-3.681554015753229499e-05,-3.598781924707408959e-05,-3.561026925069351104e-05,-1.151388641385732870e-04,-2.617954156658912623e-01,-2.836026004197213624e+00
-4.294557567846292723e-01,6.627986449161451521e-01,1.958893424181004372e-01,1.921144599313967805e-01,-7.511452144395036612e-01,-4.734126297164338859e-01,1.570801904283443573e+00,8.053399070238268908e-05,-3.681554015753229499e-05,-3.598781924707408959e-05,-3.561026925069351104e-05,-1.151388641385732870e-04,-2.617954156658912623e-01,-2.836026004197213624e+00
-4.294687682297236297e-01,6.628169428979221456e-01,1.959112564288866820e-01,1.921144599313967805e-01,-7.511452144395036612e-01,-4.734126297164338859e-01,1.570801904283443573e+00,8.053399070238268908e-05,-3.681554015753229499e-05,-3.598781924707408959e-05,-3.561026925069351104e-05,-1.151388641385732870e-04,-2.617954156658912623e-01,-2.836026004197213624e+00
-4.294687682297236297e-01,6.628260918888106978e-01,1.959331704396729268e-01,1.921144599313967805e-01,-7.511452144395036612e-01,-4.734126297164338859e-01,1.570801904283443573e+00,8.053399070238268908e-05,-3.681554015753229499e-05,-3.598781924707408959e-05,-3.561026925069351104e-05,-1.151388641385732870e-04,-2.617954156658912623e-01,-2.836026004197213624e+00
-4.294947911199123447e-01,6.628626878523645738e-01,1.959769984612453608e-01,1.920973967410662397e-01,-7.511630195741290095e-01,-4.733742500950542942e-01,1.570801904283443573e+00,8.053399070238268908e-05,-3.681554015753229499e-05,-3.598781924707408959e-05,-3.561026925069351104e-05,-1.151388641385732870e-04,-2.617954156658912623e-01,-2.836026004197213624e+00
-4.295208140101011152e-01,6.628901348250300085e-01,1.960208264828178226e-01,1.920803335507357268e-01,-7.511630195741290095e-01,-4.733358704736748135e-01,1.570801904283443573e+00,8.053399070238268908e-05,-3.681554015753229499e-05,-3.598781924707408959e-05,-3.561026925069351104e-05,-1.151388641385732870e-04,-2.617954156658912623e-01,-2.836026004197213624e+00
-4.295208140101011152e-01,6.628992838159185608e-01,1.960427404936040674e-01,1.920803335507357268e-01,-7.511630195741290095e-01,-4.733358704736748135e-01,1.570801904283443573e+00,8.053399070238268908e-05,-3.681554015753229499e-05,-3.598781924707408959e-05,-3.561026925069351104e-05,-1.151388641385732870e-04,-2.617954156658912623e-01,-2.836026004197213624e+00
-4.295338254551954726e-01,6.629175817976955543e-01,1.960646545043902844e-01,1.920803335507357268e-01,-7.511630195741290095e-01,-4.732974908522952773e-01,1.570801904283443573e+00,8.053399070238268908e-05,-3.681554015753229499e-05,-3.598781924707408959e-05,-3.561026925069351104e-05,-1.151388641385732870e-04,-2.617954156658912623e-01,-2.836026004197213624e+00
-4.295468369002898301e-01,6.629267307885839955e-01,1.960865685151765014e-01,1.920632703604051861e-01,-7.511808247087543577e-01,-4.732974908522952773e-01,1.570801904283443573e+00,8.053399070238268908e-05,-3.681554015753229499e-05,-3.598781924707408959e-05,-3.561026925069351104e-05,-1.151388641385732870e-04,-2.617954156658912623e-01,-2.836026004197213624e+00
-4.295598483453841876e-01,6.629633267521378714e-01,1.961303965367489632e-01,1.920462071700746454e-01,-7.511808247087543577e-01,-4.732591112309157966e-01,1.570801904283443573e+00,8.053399070238268908e-05,-3.681554015753229499e-05,-3.598781924707408959e-05,-3.561026925069351104e-05,-1.151388641385732870e-04,-2.617954156658912623e-01,-2.836026004197213624e+00
-4.295728597904785451e-01,6.629724757430264237e-01,1.961413535421420995e-01,1.920462071700746454e-01,-7.511808247087543577e-01,-4.732591112309157966e-01,1.570801904283443573e+00,8.053399070238268908e-05,-3.681554015753229499e-05,-3.598781924707408959e-05,-3.561026925069351104e-05,-1.151388641385732870e-04,-2.617954156658912623e-01,-2.836026004197213624e+00
-4.295858712355729025e-01,6.629907737248033062e-01,1.961632675529283165e-01,1.920462071700746454e-01,-7.511986298433797060e-01,-4.732207316095362049e-01,1.570801904283443573e+00,8.053399070238268908e-05,-3.681554015753229499e-05,-3.598781924707408959e-05,-3.561026925069351104e-05,-1.151388641385732870e-04,-2.617954156658912623e-01,-2.836026004197213624e+00
-4.295988826806672600e-01,6.629999227156919694e-01,1.961851815637145613e-01,1.920291439797441324e-01,-7.511986298433797060e-01,-4.732207316095362049e-01,1.570801904283443573e+00,8.053399070238268908e-05,-3.681554015753229499e-05,-3.598781924707408959e-05,-3.561026925069351104e-05,-1.151388641385732870e-04,-2.617954156658912623e-01,-2.836026004197213624e+00
-4.296118941257616730e-01,6.630273696883572931e-01,1.962290095852869953e-01,1.920291439797441324e-01,-7.512164349780050543e-01,-4.731823519881567242e-01,1.570801904283443573e+00,8.053399070238268908e-05,-3.681554015753229499e-05,-3.598781924707408959e-05,-3.561026925069351104e-05,-1.151388641385732870e-04,-2.617954156658912623e-01,-2.836026004197213624e+00
-4.296379170159503880e-01,6.630639656519112801e-01,1.962618806014663486e-01,1.920120807894135917e-01,-7.512164349780050543e-01,-4.731823519881567242e-01,1.570801904283443573e+00,8.053399070238268908e-05,-3.681554015753229499e-05,-3.598781924707408959e-05,-3.561026925069351104e-05,-1.151388641385732870e-04,-2.617954156658912623e-01,-2.836026004197213624e+00
-4.296379170159503880e-01,6.630731146427997214e-01,1.962837946122525934e-01,1.920120807894135917e-01,-7.512342401126304026e-01,-4.731055927453976517e-01,1.570801904283443573e+00,8.053399070238268908e-05,-3.681554015753229499e-05,-3.598781924707408959e-05,-3.561026925069351104e-05,-1.151388641385732870e-04,-2.617954156658912623e-01,-2.836026004197213624e+00
-4.296509284610447454e-01,6.630914126245766038e-01,1.963057086230387827e-01,1.919950175990830787e-01,-7.512342401126304026e-01,-4.731055927453976517e-01,1.570801904283443573e+00,8.053399070238268908e-05,-3.681554015753229499e-05,-3.598781924707408959e-05,-3.561026925069351104e-05,-1.151388641385732870e-04,-2.617954156658912623e-01,-2.836026004197213624e+00
-4.296639399061391029e-01,6.631097106063537083e-01,1.963276226338250274e-01,1.919950175990830787e-01,-7.512342401126304026e-01,-4.731055927453976517e-01,1.570801904283443573e+00,8.053399070238268908e-05,-3.681554015753229499e-05,-3.598781924707408959e-05,-3.561026925069351104e-05,-1.151388641385732870e-04,-2.617954156658912623e-01,-2.836026004197213624e+00
-4.296899627963278734e-01,6.631371575790191430e-01,1.963714506553974892e-01,1.919779544087525658e-01,-7.512520452472557508e-01,-4.730672131240181155e-01,1.570801904283443573e+00,8.053399070238268908e-05,-3.681554015753229499e-05,-3.598781924707408959e-05,-3.561026925069351104e-05,-1.151388641385732870e-04,-2.617954156658912623e-01,-2.836026004197213624e+00
-4.297029742414222309e-01,6.631646045516845778e-01,1.964043216715768425e-01,1.919608912184220251e-01,-7.512698503818810991e-01,-4.730288335026386348e-01,1.570801904283443573e+00,8.053399070238268908e-05,-3.681554015753229499e-05,-3.598781924707408959e-05,-3.561026925069351104e-05,-1.151388641385732870e-04,-2.617954156658912623e-01,-2.836026004197213624e+00
-4.297159856865165883e-01,6.631920515243500125e-01,1.964481496931492766e-01,1.919608912184220251e-01,-7.512698503818810991e-01,-4.730288335026386348e-01,1.570801904283443573e+00,8.053399070238268908e-05,-3.681554015753229499e-05,-3.598781924707408959e-05,-3.561026925069351104e-05,-1.151388641385732870e-04,-2.617954156658912623e-01,-2.836026004197213624e+00
-4.297289971316109458e-01,6.632103495061270060e-01,1.964700637039355213e-01,1.919438280280915121e-01,-7.512698503818810991e-01,-4.729904538812590431e-01,1.570801904283443573e+00,8.053399070238268908e-05,-3.681554015753229499e-05,-3.598781924707408959e-05,-3.561026925069351104e-05,-1.151388641385732870e-04,-2.617954156658912623e-01,-2.836026004197213624e+00
-4.297420085767053033e-01,6.632286474879038884e-01,1.964919777147217383e-01,1.919438280280915121e-01,-7.512876555165064474e-01,-4.729904538812590431e-01,1.570801904283443573e+00,8.053399070238268908e-05,-3.681554015753229499e-05,-3.598781924707408959e-05,-3.561026925069351104e-05,-1.151388641385732870e-04,-2.617954156658912623e-01,-2.836026004197213624e+00
-4.297550200217996608e-01,6.632377964787924407e-01,1.965248487309010916e-01,1.919438280280915121e-01,-7.512876555165064474e-01,-4.729520742598795624e-01,1.570801904283443573e+00,8.053399070238268908e-05,-3.681554015753229499e-05,-3.598781924707408959e-05,-3.561026925069351104e-05,-1.151388641385732870e-04,-2.617954156658912623e-01,-2.836026004197213624e+00
-4.297680314668940738e-01,6.632743924423463167e-01,1.965686767524735257e-01,1.919267648377609714e-01,-7.513054606511316846e-01,-4.729520742598795624e-01,1.570801904283443573e+00,8.053399070238268908e-05,-3.681554015753229499e-05,-3.598781924707408959e-05,-3.561026925069351104e-05,-1.151388641385732870e-04,-2.617954156658912623e-01,-2.836026004197213624e+00
-4.297940543570827887e-01,6.633018394150118624e-01,1.966125047740460152e-01,1.919097016474304584e-01,-7.513054606511316846e-01,-4.729136946385000262e-01,1.570801904283443573e+00,8.053399070238268908e-05,-3.681554015753229499e-05,-3.598781924707408959e-05,-3.561026925069351104e-05,-1.151388641385732870e-04,-2.617954156658912623e-01,-2.836026004197213624e+00
-4.298070658021771462e-01,6.633201373967887449e-01,1.966344187848322322e-01,1.918926384570999177e-01,-7.513232657857571439e-01,-4.729136946385000262e-01,1.570801904283443573e+00,8.053399070238268908e-05,-3.681554015753229499e-05,-3.598781924707408959e-05,-3.561026925069351104e-05,-1.151388641385732870e-04,-2.617954156658912623e-01,-2.836026004197213624e+00
-4.298070658021771462e-01,6.633292863876772971e-01,1.966563327956184770e-01,1.918926384570999177e-01,-7.513232657857571439e-01,-4.728753150171205455e-01,1.570801904283443573e+00,8.053399070238268908e-05,-3.681554015753229499e-05,-3.598781924707408959e-05,-3.561026925069351104e-05,-1.151388641385732870e-04,-2.617954156658912623e-01,-2.836026004197213624e+00
-4.298330886923658611e-01,6.633658823512311731e-01,1.967001608171909111e-01,1.918755752667693770e-01,-7.513232657857571439e-01,-4.728369353957409538e-01,1.570801904283443573e+00,8.053399070238268908e-05,-3.681554015753229499e-05,-3.598781924707408959e-05,-3.561026925069351104e-05,-1.151388641385732870e-04,-2.617954156658912623e-01,-2.836026004197213624e+00
-4.298461001374602186e-01,6.633841803330081666e-01,1.967330318333702643e-01,1.918755752667693770e-01,-7.513410709203824922e-01,-4.728369353957409538e-01,1.570801904283443573e+00,8.053399070238268908e-05,-3.681554015753229499e-05,-3.598781924707408959e-05,-3.561026925069351104e-05,-1.151388641385732870e-04,-2.617954156658912623e-01,-2.836026004197213624e+00
-4.298461001374602186e-01,6.633933293238966078e-01,1.967549458441565091e-01,1.918755752667693770e-01,-7.513410709203824922e-01,-4.728369353957409538e-01,1.570801904283443573e+00,8.053399070238268908e-05,-3.681554015753229499e-05,-3.598781924707408959e-05,-3.561026925069351104e-05,-1.151388641385732870e-04,-2.617954156658912623e-01,-2.836026004197213624e+00
-4.298591115825546316e-01,6.634116273056736013e-01,1.967768598549426984e-01,1.918585120764388641e-01,-7.513410709203824922e-01,-4.727985557743614731e-01,1.570801904283443573e+00,8.053399070238268908e-05,-3.681554015753229499e-05,-3.598781924707408959e-05,-3.561026925069351104e-05,-1.151388641385732870e-04,-2.617954156658912623e-01,-2.836026004197213624e+00
-4.298721230276489891e-01,6.634299252874505948e-01,1.967987738657289432e-01,1.918585120764388641e-01,-7.513588760550078405e-01,-4.727985557743614731e-01,1.570801904283443573e+00,8.053399070238268908e-05,-3.681554015753229499e-05,-3.598781924707408959e-05,-3.561026925069351104e-05,-1.151388641385732870e-04,-2.617954156658912623e-01,-2.836026004197213624e+00
-4.298851344727433466e-01,6.634573722601159185e-01,1.968426018873014050e-01,1.918414488861083511e-01,-7.513588760550078405e-01,-4.727601761529819369e-01,1.570801904283443573e+00,8.053399070238268908e-05,-3.681554015753229499e-05,-3.598781924707408959e-05,-3.561026925069351104e-05,-1.151388641385732870e-04,-2.617954156658912623e-01,-2.836026004197213624e+00
-4.298981459178377040e-01,6.634756702418930230e-01,1.968645158980876497e-01,1.918414488861083511e-01,-7.513588760550078405e-01,-4.727601761529819369e-01,1.570801904283443573e+00,8.053399070238268908e-05,-3.681554015753229499e-05,-3.598781924707408959e-05,-3.561026925069351104e-05,-1.151388641385732870e-04,-2.617954156658912623e-01,-2.836026004197213624e+00
-4.299111573629320615e-01,6.634939682236699054e-01,1.968973869142669753e-01,1.918414488861083511e-01,-7.513766811896330777e-01,-4.727217965316024006e-01,1.570801904283443573e+00,8.053399070238268908e-05,-3.681554015753229499e-05,-3.598781924707408959e-05,-3.561026925069351104e-05,-1.151388641385732870e-04,-2.617954156658912623e-01,-2.836026004197213624e+00
-4.299241688080264190e-01,6.635122662054468989e-01,1.969193009250531923e-01,1.918243856957778104e-01,-7.513766811896330777e-01,-4.727217965316024006e-01,1.570801904283443573e+00,8.053399070238268908e-05,-3.681554015753229499e-05,-3.598781924707408959e-05,-3.561026925069351104e-05,-1.151388641385732870e-04,-2.617954156658912623e-01,-2.836026004197213624e+00
-4.299241688080264190e-01,6.635305641872238924e-01,1.969412149358394371e-01,1.918243856957778104e-01,-7.513766811896330777e-01,-4.727217965316024006e-01,1.570801904283443573e+00,8.053399070238268908e-05,-3.681554015753229499e-05,-3.598781924707408959e-05,-3.561026925069351104e-05,-1.151388641385732870e-04,-2.617954156658912623e-01,-2.836026004197213624e+00
-4.299371802531208320e-01,6.635488621690007749e-01,1.969631289466256818e-01,1.918073225054472974e-01,-7.513944863242585370e-01,-4.726834169102228644e-01,1.570801904283443573e+00,8.053399070238268908e-05,-3.681554015753229499e-05,-3.598781924707408959e-05,-3.561026925069351104e-05,-1.151388641385732870e-04,-2.617954156658912623e-01,-2.836026004197213624e+00
-4.299501916982151895e-01,6.635580111598892161e-01,1.969850429574118988e-01,1.918073225054472974e-01,-7.513944863242585370e-01,-4.726834169102228644e-01,1.570801904283443573e+00,8.053399070238268908e-05,-3.681554015753229499e-05,-3.598781924707408959e-05,-3.561026925069351104e-05,-1.151388641385732870e-04,-2.617954156658912623e-01,-2.836026004197213624e+00
-4.299632031433095469e-01,6.635946071234433141e-01,1.970398279843774691e-01,1.918073225054472974e-01,-7.514122914588838853e-01,-4.726450372888433837e-01,1.570801904283443573e+00,8.053399070238268908e-05,-3.681554015753229499e-05,-3.598781924707408959e-05,-3.561026925069351104e-05,-1.151388641385732870e-04,-2.617954156658912623e-01,-2.836026004197213624e+00
-4.299762145884039044e-01,6.636129051052201966e-01,1.970617419951636862e-01,1.917902593151167567e-01,-7.514122914588838853e-01,-4.726450372888433837e-01,1.570801904283443573e+00,8.053399070238268908e-05,-3.681554015753229499e-05,-3.598781924707408959e-05,-3.561026925069351104e-05,-1.151388641385732870e-04,-2.617954156658912623e-01,-2.836026004197213624e+00
-4.299892260334982619e-01,6.636312030869971901e-01,1.970836560059499309e-01,1.917902593151167567e-01,-7.514122914588838853e-01,-4.726066576674638475e-01,1.570801904283443573e+00,8.053399070238268908e-05,-3.681554015753229499e-05,-3.598781924707408959e-05,-3.561026925069351104e-05,-1.151388641385732870e-04,-2.617954156658912623e-01,-2.836026004197213624e+00
-4.299892260334982619e-01,6.636495010687740725e-01,1.971055700167361757e-01,1.917731961247862438e-01,-7.514300965935092336e-01,-4.726066576674638475e-01,1.570801904283443573e+00,8.053399070238268908e-05,-3.681554015753229499e-05,-3.598781924707408959e-05,-3.561026925069351104e-05,-1.151388641385732870e-04,-2.617954156658912623e-01,-2.836026004197213624e+00
-4.300022374785926194e-01,6.636677990505511771e-01,1.971274840275223650e-01,1.917731961247862438e-01,-7.514300965935092336e-01,-4.726066576674638475e-01,1.570801904283443573e+00,8.053399070238268908e-05,-3.681554015753229499e-05,-3.598781924707408959e-05,-3.561026925069351104e-05,-1.151388641385732870e-04,-2.617954156658912623e-01,-2.836026004197213624e+00
-4.300152489236870323e-01,6.636860970323280595e-01,1.971603550437017183e-01,1.917731961247862438e-01,-7.514300965935092336e-01,-4.725682780460843113e-01,1.570801904283443573e+00,8.053399070238268908e-05,-3.681554015753229499e-05,-3.598781924707408959e-05,-3.561026925069351104e-05,-1.151388641385732870e-04,-2.617954156658912623e-01,-2.836026004197213624e+00
-4.300282603687813898e-01,6.637226929958819355e-01,1.972041830652741801e-01,1.917561329344557031e-01,-7.514479017281344708e-01,-4.725682780460843113e-01,1.570801904283443573e+00,8.053399070238268908e-05,-3.681554015753229499e-05,-3.598781924707408959e-05,-3.561026925069351104e-05,-1.151388641385732870e-04,-2.617954156658912623e-01,-2.836026004197213624e+00
-4.300412718138757473e-01,6.637318419867704877e-01,1.972260970760604248e-01,1.917561329344557031e-01,-7.514657068627599301e-01,-4.725298984247047751e-01,1.570801904283443573e+00,8.053399070238268908e-05,-3.681554015753229499e-05,-3.598781924707408959e-05,-3.561026925069351104e-05,-1.151388641385732870e-04,-2.617954156658912623e-01,-2.836026004197213624e+00
-4.300542832589701048e-01,6.637501399685474812e-01,1.972589680922397504e-01,1.917390697441251624e-01,-7.514657068627599301e-01,-4.725298984247047751e-01,1.570801904283443573e+00,8.053399070238268908e-05,-3.681554015753229499e-05,-3.598781924707408959e-05,-3.561026925069351104e-05,-1.151388641385732870e-04,-2.617954156658912623e-01,-2.836026004197213624e+00
-4.300542832589701048e-01,6.637684379503244747e-01,1.972808821030259674e-01,1.917390697441251624e-01,-7.514657068627599301e-01,-4.725298984247047751e-01,1.570801904283443573e+00,8.053399070238268908e-05,-3.681554015753229499e-05,-3.598781924707408959e-05,-3.561026925069351104e-05,-1.151388641385732870e-04,-2.617954156658912623e-01,-2.836026004197213624e+00
-4.300672947040644623e-01,6.637867359321013572e-01,1.973027961138122122e-01,1.917390697441251624e-01,-7.514835119973852784e-01,-4.724915188033252944e-01,1.570801904283443573e+00,8.053399070238268908e-05,-3.681554015753229499e-05,-3.598781924707408959e-05,-3.561026925069351104e-05,-1.151388641385732870e-04,-2.617954156658912623e-01,-2.836026004197213624e+00
-4.300803061491588197e-01,6.638233318956552331e-01,1.973575811407778102e-01,1.917220065537946494e-01,-7.514835119973852784e-01,-4.724915188033252944e-01,1.570801904283443573e+00,8.053399070238268908e-05,-3.681554015753229499e-05,-3.598781924707408959e-05,-3.561026925069351104e-05,-1.151388641385732870e-04,-2.617954156658912623e-01,-2.836026004197213624e+00
-4.300933175942531772e-01,6.638416298774323376e-01,1.973904521569571358e-01,1.917049433634641364e-01,-7.515013171320106267e-01,-4.724531391819457027e-01,1.570801904283443573e+00,8.053399070238268908e-05,-3.681554015753229499e-05,-3.598781924707408959e-05,-3.561026925069351104e-05,-1.151388641385732870e-04,-2.617954156658912623e-01,-2.836026004197213624e+00
-4.301063290393475902e-01,6.638599278592093311e-01,1.974123661677433528e-01,1.917049433634641364e-01,-7.515013171320106267e-01,-4.724531391819457027e-01,1.570801904283443573e+00,8.053399070238268908e-05,-3.681554015753229499e-05,-3.598781924707408959e-05,-3.561026925069351104e-05,-1.151388641385732870e-04,-2.617954156658912623e-01,-2.836026004197213624e+00
-4.301193404844419477e-01,6.638782258409862136e-01,1.974342801785295975e-01,1.917049433634641364e-01,-7.515191222666358639e-01,-4.724147595605662220e-01,1.570801904283443573e+00,8.053399070238268908e-05,-3.681554015753229499e-05,-3.598781924707408959e-05,-3.561026925069351104e-05,-1.151388641385732870e-04,-2.617954156658912623e-01,-2.836026004197213624e+00
-4.301193404844419477e-01,6.638965238227632071e-01,1.974671511947089508e-01,1.916878801731336235e-01,-7.515191222666358639e-01,-4.724147595605662220e-01,1.570801904283443573e+00,8.053399070238268908e-05,-3.681554015753229499e-05,-3.598781924707408959e-05,-3.561026925069351104e-05,-1.151388641385732870e-04,-2.617954156658912623e-01,-2.836026004197213624e+00
-4.301453633746306626e-01,6.639331197863171941e-01,1.975109792162813849e-01,1.916878801731336235e-01,-7.515191222666358639e-01,-4.723763799391866858e-01,1.570801904283443573e+00,8.053399070238268908e-05,-3.681554015753229499e-05,-3.598781924707408959e-05,-3.561026925069351104e-05,-1.151388641385732870e-04,-2.617954156658912623e-01,-2.836026004197213624e+00
-4.301453633746306626e-01,6.639514177680940765e-01,1.975438502324607382e-01,1.916708169828030828e-01,-7.515369274012613232e-01,-4.723763799391866858e-01,1.570801904283443573e+00,8.053399070238268908e-05,-3.681554015753229499e-05,-3.598781924707408959e-05,-3.561026925069351104e-05,-1.151388641385732870e-04,-2.617954156658912623e-01,-2.836026004197213624e+00
-4.301583748197250201e-01,6.639605667589826288e-01,1.975657642432469829e-01,1.916708169828030828e-01,-7.515369274012613232e-01,-4.723763799391866858e-01,1.570801904283443573e+00,8.053399070238268908e-05,-3.681554015753229499e-05,-3.598781924707408959e-05,-3.561026925069351104e-05,-1.151388641385732870e-04,-2.617954156658912623e-01,-2.836026004197213624e+00
-4.301713862648193776e-01,6.639788647407595112e-01,1.975876782540332000e-01,1.916708169828030828e-01,-7.515547325358866715e-01,-4.723380003178072051e-01,1.570801904283443573e+00,8.053399070238268908e-05,-3.681554015753229499e-05,-3.598781924707408959e-05,-3.561026925069351104e-05,-1.151388641385732870e-04,-2.617954156658912623e-01,-2.836026004197213624e+00
-4.301713862648193776e-01,6.639971627225365047e-01,1.976095922648194170e-01,1.916537537924725421e-01,-7.515547325358866715e-01,-4.723380003178072051e-01,1.570801904283443573e+00,8.053399070238268908e-05,-3.681554015753229499e-05,-3.598781924707408959e-05,-3.561026925069351104e-05,-1.151388641385732870e-04,-2.617954156658912623e-01,-2.836026004197213624e+00
-4.301843977099137906e-01,6.640154607043133872e-01,1.976424632809987703e-01,1.916537537924725421e-01,-7.515547325358866715e-01,-4.723380003178072051e-01,1.570801904283443573e+00,8.053399070238268908e-05,-3.681554015753229499e-05,-3.598781924707408959e-05,-3.561026925069351104e-05,-1.151388641385732870e-04,-2.617954156658912623e-01,-2.836026004197213624e+00
-4.301974091550081480e-01,6.640520566678673742e-01,1.976862913025712321e-01,1.916366906021420291e-01,-7.515725376705119087e-01,-4.722612410750481327e-01,1.570801904283443573e+00,8.053399070238268908e-05,-3.681554015753229499e-05,-3.598781924707408959e-05,-3.561026925069351104e-05,-1.151388641385732870e-04,-2.617954156658912623e-01,-2.836026004197213624e+00
-4.302104206001025055e-01,6.640703546496443677e-01,1.977191623187505576e-01,1.916366906021420291e-01,-7.515725376705119087e-01,-4.722612410750481327e-01,1.570801904283443573e+00,8.053399070238268908e-05,-3.681554015753229499e-05,-3.598781924707408959e-05,-3.561026925069351104e-05,-1.151388641385732870e-04,-2.617954156658912623e-01,-2.836026004197213624e+00
-4.302234320451968630e-01,6.640886526314212501e-01,1.977410763295367746e-01,1.916366906021420291e-01,-7.515903428051372570e-01,-4.722228614536685964e-01,1.570801904283443573e+00,8.053399070238268908e-05,-3.681554015753229499e-05,-3.598781924707408959e-05,-3.561026925069351104e-05,-1.151388641385732870e-04,-2.617954156658912623e-01,-2.836026004197213624e+00
-4.302234320451968630e-01,6.641069506131982436e-01,1.977629903403230194e-01,1.916196274118114884e-01,-7.515903428051372570e-01,-4.722228614536685964e-01,1.570801904283443573e+00,8.053399070238268908e-05,-3.681554015753229499e-05,-3.598781924707408959e-05,-3.561026925069351104e-05,-1.151388641385732870e-04,-2.617954156658912623e-01,-2.836026004197213624e+00
-4.302364434902912205e-01,6.641252485949753481e-01,1.977849043511092642e-01,1.916196274118114884e-01,-7.515903428051372570e-01,-4.722228614536685964e-01,1.570801904283443573e+00,8.053399070238268908e-05,-3.681554015753229499e-05,-3.598781924707408959e-05,-3.561026925069351104e-05,-1.151388641385732870e-04,-2.617954156658912623e-01,-2.836026004197213624e+00
-4.302624663804799909e-01,6.641526955676406718e-01,1.978396893780748067e-01,1.916025642214809754e-01,-7.516081479397627163e-01,-4.721844818322890602e-01,1.570801904283443573e+00,8.053399070238268908e-05,-3.681554015753229499e-05,-3.598781924707408959e-05,-3.561026925069351104e-05,-1.151388641385732870e-04,-2.617954156658912623e-01,-2.836026004197213624e+00
-4.302624663804799909e-01,6.641709935494176653e-01,1.978616033888610515e-01,1.916025642214809754e-01,-7.516081479397627163e-01,-4.721844818322890602e-01,1.570801904283443573e+00,8.053399070238268908e-05,-3.681554015753229499e-05,-3.598781924707408959e-05,-3.561026925069351104e-05,-1.151388641385732870e-04,-2.617954156658912623e-01,-2.836026004197213624e+00
-4.302754778255743484e-01,6.641892915311946588e-01,1.978835173996472685e-01,1.915855010311504347e-01,-7.516259530743880646e-01,-4.721461022109095240e-01,1.570801904283443573e+00,8.053399070238268908e-05,-3.681554015753229499e-05,-3.598781924707408959e-05,-3.561026925069351104e-05,-1.151388641385732870e-04,-2.617954156658912623e-01,-2.836026004197213624e+00
-4.302884892706687059e-01,6.642075895129716523e-01,1.979163884158266218e-01,1.915855010311504347e-01,-7.516259530743880646e-01,-4.721461022109095240e-01,1.570801904283443573e+00,8.053399070238268908e-05,-3.681554015753229499e-05,-3.598781924707408959e-05,-3.561026925069351104e-05,-1.151388641385732870e-04,-2.617954156658912623e-01,-2.836026004197213624e+00
-4.302884892706687059e-01,6.642258874947486458e-01,1.979383024266128666e-01,1.915855010311504347e-01,-7.516259530743880646e-01,-4.721461022109095240e-01,1.570801904283443573e+00,8.053399070238268908e-05,-3.681554015753229499e-05,-3.598781924707408959e-05,-3.561026925069351104e-05,-1.151388641385732870e-04,-2.617954156658912623e-01,-2.836026004197213624e+00
-4.303145121608574208e-01,6.642624834583025217e-01,1.979930874535784369e-01,1.915684378408199218e-01,-7.516437582090133018e-01,-4.721077225895300433e-01,1.570801904283443573e+00,8.053399070238268908e-05,-3.681554015753229499e-05,-3.598781924707408959e-05,-3.561026925069351104e-05,-1.151388641385732870e-04,-2.617954156658912623e-01,-2.836026004197213624e+00
-4.303275236059517783e-01,6.642807814400794042e-01,1.980150014643646539e-01,1.915513746504894088e-01,-7.516437582090133018e-01,-4.721077225895300433e-01,1.570801904283443573e+00,8.053399070238268908e-05,-3.681554015753229499e-05,-3.598781924707408959e-05,-3.561026925069351104e-05,-1.151388641385732870e-04,-2.617954156658912623e-01,-2.836026004197213624e+00
-4.303275236059517783e-01,6.642990794218565087e-01,1.980369154751508987e-01,1.915513746504894088e-01,-7.516615633436386501e-01,-4.720693429681504516e-01,1.570801904283443573e+00,8.053399070238268908e-05,-3.681554015753229499e-05,-3.598781924707408959e-05,-3.561026925069351104e-05,-1.151388641385732870e-04,-2.617954156658912623e-01,-2.836026004197213624e+00
-4.303535464961405488e-01,6.643356753854103847e-01,1.980917005021164412e-01,1.915343114601588681e-01,-7.516615633436386501e-01,-4.720693429681504516e-01,1.570801904283443573e+00,8.053399070238268908e-05,-3.681554015753229499e-05,-3.598781924707408959e-05,-3.561026925069351104e-05,-1.151388641385732870e-04,-2.617954156658912623e-01,-2.836026004197213624e+00
-4.303535464961405488e-01,6.643539733671872671e-01,1.981136145129026860e-01,1.915343114601588681e-01,-7.516793684782641094e-01,-4.720309633467709709e-01,1.570801904283443573e+00,8.053399070238268908e-05,-3.681554015753229499e-05,-3.598781924707408959e-05,-3.561026925069351104e-05,-1.151388641385732870e-04,-2.617954156658912623e-01,-2.836026004197213624e+00
-4.303665579412349063e-01,6.643722713489642606e-01,1.981464855290820393e-01,1.915343114601588681e-01,-7.516793684782641094e-01,-4.720309633467709709e-01,1.570801904283443573e+00,8.053399070238268908e-05,-3.681554015753229499e-05,-3.598781924707408959e-05,-3.561026925069351104e-05,-1.151388641385732870e-04,-2.617954156658912623e-01,-2.836026004197213624e+00
-4.303795693863292637e-01,6.644088673125182476e-01,1.982012705560475818e-01,1.915172482698283274e-01,-7.516971736128894577e-01,-4.719925837253914347e-01,1.570801904283443573e+00,8.053399070238268908e-05,-3.681554015753229499e-05,-3.598781924707408959e-05,-3.561026925069351104e-05,-1.151388641385732870e-04,-2.617954156658912623e-01,-2.836026004197213624e+00
-4.303925808314236212e-01,6.644271652942952411e-01,1.982231845668338266e-01,1.915172482698283274e-01,-7.516971736128894577e-01,-4.719925837253914347e-01,1.570801904283443573e+00,8.053399070238268908e-05,-3.681554015753229499e-05,-3.598781924707408959e-05,-3.561026925069351104e-05,-1.151388641385732870e-04,-2.617954156658912623e-01,-2.836026004197213624e+00
-4.304055922765179787e-01,6.644454632760721235e-01,1.982450985776200714e-01,1.915001850794978144e-01,-7.516971736128894577e-01,-4.719925837253914347e-01,1.570801904283443573e+00,8.053399070238268908e-05,-3.681554015753229499e-05,-3.598781924707408959e-05,-3.561026925069351104e-05,-1.151388641385732870e-04,-2.617954156658912623e-01,-2.836026004197213624e+00
-4.304186037216123362e-01,6.644820592396261105e-01,1.982998836045856417e-01,1.915001850794978144e-01,-7.517149787475146949e-01,-4.719542041040119540e-01,1.570801904283443573e+00,8.053399070238268908e-05,-3.681554015753229499e-05,-3.598781924707408959e-05,-3.561026925069351104e-05,-1.151388641385732870e-04,-2.617954156658912623e-01,-2.836026004197213624e+00
-4.304446266118011066e-01,6.645186552031799865e-01,1.983546686315512120e-01,1.914831218891672737e-01,-7.517327838821400432e-01,-4.719158244826323623e-01,1.570801904283443573e+00,8.053399070238268908e-05,-3.681554015753229499e-05,-3.598781924707408959e-05,-3.561026925069351104e-05,-1.151388641385732870e-04,-2.617954156658912623e-01,-2.836026004197213624e+00
-4.304446266118011066e-01,6.645369531849569800e-01,1.983765826423374290e-01,1.914831218891672737e-01,-7.517327838821400432e-01,-4.719158244826323623e-01,1.570801904283443573e+00,8.053399070238268908e-05,-3.681554015753229499e-05,-3.598781924707408959e-05,-3.561026925069351104e-05,-1.151388641385732870e-04,-2.617954156658912623e-01,-2.836026004197213624e+00
-4.304576380568954641e-01,6.645461021758454212e-01,1.983984966531236738e-01,1.914660586988367608e-01,-7.517505890167655025e-01,-4.719158244826323623e-01,1.570801904283443573e+00,8.053399070238268908e-05,-3.681554015753229499e-05,-3.598781924707408959e-05,-3.561026925069351104e-05,-1.151388641385732870e-04,-2.617954156658912623e-01,-2.836026004197213624e+00
-4.304836609470841791e-01,6.645826981393994082e-01,1.984532816800892163e-01,1.914489955085062201e-01,-7.517683941513908508e-01,-4.718774448612528816e-01,1.570801904283443573e+00,8.053399070238268908e-05,-3.681554015753229499e-05,-3.598781924707408959e-05,-5.341540387604027334e-05,-1.151388641385732870e-04,-2.617954156658912623e-01,-2.836026004197213624e+00
-4.304836609470841791e-01,6.646009961211764017e-01,1.984861526962685696e-01,1.914489955085062201e-01,-7.517683941513908508e-01,-4.718390652398733454e-01,1.570801904283443573e+00,8.053399070238268908e-05,-3.681554015753229499e-05,-3.598781924707408959e-05,-3.561026925069351104e-05,-1.151388641385732870e-04,-2.617954156658912623e-01,-2.836026004197213624e+00
-4.304966723921785365e-01,6.646192941029532841e-01,1.985080667070548144e-01,1.914489955085062201e-01,-7.517683941513908508e-01,-4.718390652398733454e-01,1.570801904283443573e+00,8.053399070238268908e-05,-3.681554015753229499e-05,-3.598781924707408959e-05,-3.561026925069351104e-05,-1.151388641385732870e-04,-2.617954156658912623e-01,-2.836026004197213624e+00
-4.305096838372729495e-01,6.646558900665072711e-01,1.985628517340203847e-01,1.914319323181757071e-01,-7.517861992860160880e-01,-4.718006856184938091e-01,1.570801904283443573e+00,8.053399070238268908e-05,-3.681554015753229499e-05,-3.598781924707408959e-05,-3.561026925069351104e-05,-1.151388641385732870e-04,-2.617954156658912623e-01,-2.836026004197213624e+00
-4.305226952823672515e-01,6.646833370391727058e-01,1.985847657448066017e-01,1.914319323181757071e-01,-7.517861992860160880e-01,-4.718006856184938091e-01,1.570801904283443573e+00,8.053399070238268908e-05,-3.681554015753229499e-05,-3.598781924707408959e-05,-3.561026925069351104e-05,-1.151388641385732870e-04,-2.617954156658912623e-01,-2.836026004197213624e+00
-4.305357067274616090e-01,6.647016350209496993e-01,1.986176367609859550e-01,1.914148691278451941e-01,-7.518040044206414363e-01,-4.718006856184938091e-01,1.570801904283443573e+00,8.053399070238268908e-05,-3.681554015753229499e-05,-3.598781924707408959e-05,-3.561026925069351104e-05,-1.151388641385732870e-04,-2.617954156658912623e-01,-2.836026004197213624e+00
-4.305357067274616090e-01,6.647199330027266928e-01,1.986395507717721998e-01,1.914148691278451941e-01,-7.518040044206414363e-01,-4.717623059971142729e-01,1.570801904283443573e+00,8.053399070238268908e-05,-3.681554015753229499e-05,-3.598781924707408959e-05,-3.561026925069351104e-05,-1.151388641385732870e-04,-2.617954156658912623e-01,-2.836026004197213624e+00
-4.305487181725559664e-01,6.647382309845035753e-01,1.986724217879515253e-01,1.914148691278451941e-01,-7.518218095552668956e-01,-4.717623059971142729e-01,1.570801904283443573e+00,8.053399070238268908e-05,-3.681554015753229499e-05,-3.598781924707408959e-05,-3.561026925069351104e-05,-1.151388641385732870e-04,-2.617954156658912623e-01,-2.836026004197213624e+00
-4.305617296176503239e-01,6.647748269480575622e-01,1.987272068149170956e-01,1.913978059375146534e-01,-7.518218095552668956e-01,-4.717239263757347922e-01,1.570801904283443573e+00,8.053399070238268908e-05,-3.681554015753229499e-05,-3.598781924707408959e-05,-3.561026925069351104e-05,-1.151388641385732870e-04,-2.617954156658912623e-01,-2.836026004197213624e+00
-4.305747410627446814e-01,6.647931249298345557e-01,1.987491208257033404e-01,1.913978059375146534e-01,-7.518396146898921328e-01,-4.717239263757347922e-01,1.570801904283443573e+00,8.053399070238268908e-05,-3.681554015753229499e-05,-3.598781924707408959e-05,-3.561026925069351104e-05,-1.151388641385732870e-04,-2.617954156658912623e-01,-2.836026004197213624e+00
-4.305747410627446814e-01,6.648114229116114382e-01,1.987819918418826659e-01,1.913807427471841405e-01,-7.518396146898921328e-01,-4.717239263757347922e-01,1.570801904283443573e+00,8.053399070238268908e-05,-3.681554015753229499e-05,-3.598781924707408959e-05,-3.561026925069351104e-05,-1.151388641385732870e-04,-2.617954156658912623e-01,-2.836026004197213624e+00
-4.306007639529334519e-01,6.648480188751653142e-01,1.988367768688482362e-01,1.913807427471841405e-01,-7.518574198245174811e-01,-4.716855467543552560e-01,1.570801904283443573e+00,8.053399070238268908e-05,-3.681554015753229499e-05,-3.598781924707408959e-05,-3.561026925069351104e-05,-1.151388641385732870e-04,-2.617954156658912623e-01,-2.836026004197213624e+00
-4.306007639529334519e-01,6.648754658478308599e-01,1.988696478850275895e-01,1.913636795568535998e-01,-7.518574198245174811e-01,-4.716855467543552560e-01,1.570801904283443573e+00,8.053399070238268908e-05,-3.681554015753229499e-05,-3.598781924707408959e-05,-3.561026925069351104e-05,-1.151388641385732870e-04,-2.617954156658912623e-01,-2.836026004197213624e+00
-4.306137753980278093e-01,6.648937638296078534e-01,1.988915618958138065e-01,1.913636795568535998e-01,-7.518752249591428294e-01,-4.716471671329757198e-01,1.570801904283443573e+00,8.053399070238268908e-05,-3.681554015753229499e-05,-3.598781924707408959e-05,-3.561026925069351104e-05,-1.151388641385732870e-04,-2.617954156658912623e-01,-2.836026004197213624e+00
-4.306267868431221668e-01,6.649120618113847359e-01,1.989244329119931598e-01,1.913636795568535998e-01,-7.518752249591428294e-01,-4.716471671329757198e-01,1.570801904283443573e+00,8.053399070238268908e-05,-3.681554015753229499e-05,-3.598781924707408959e-05,-3.561026925069351104e-05,-1.151388641385732870e-04,-2.617954156658912623e-01,-2.836026004197213624e+00
-4.306267868431221668e-01,6.649303597931617293e-01,1.989463469227793768e-01,1.913466163665230590e-01,-7.518930300937682887e-01,-4.716087875115961836e-01,1.570801904283443573e+00,8.053399070238268908e-05,-3.681554015753229499e-05,-3.598781924707408959e-05,-3.561026925069351104e-05,-1.151388641385732870e-04,-2.617954156658912623e-01,-2.836026004197213624e+00
-4.306397982882165243e-01,6.649486577749387228e-01,1.989792179389587301e-01,1.913466163665230590e-01,-7.518930300937682887e-01,-4.716087875115961836e-01,1.570801904283443573e+00,8.053399070238268908e-05,-3.681554015753229499e-05,-3.598781924707408959e-05,-3.561026925069351104e-05,-1.151388641385732870e-04,-2.617954156658912623e-01,-2.836026004197213624e+00
-4.306528097333108818e-01,6.649852537384927098e-01,1.990340029659243004e-01,1.913295531761925461e-01,-7.519108352283935259e-01,-4.715704078902167029e-01,1.570801904283443573e+00,8.053399070238268908e-05,-3.681554015753229499e-05,-3.598781924707408959e-05,-3.561026925069351104e-05,-1.151388641385732870e-04,-2.617954156658912623e-01,-2.836026004197213624e+00
-4.306658211784052392e-01,6.650127007111580335e-01,1.990668739821036537e-01,1.913295531761925461e-01,-7.519286403630188742e-01,-4.715320282688371112e-01,1.570801904283443573e+00,8.053399070238268908e-05,-3.681554015753229499e-05,-3.598781924707408959e-05,-3.561026925069351104e-05,-1.151388641385732870e-04,-2.617954156658912623e-01,-2.836026004197213624e+00
-4.306658211784052392e-01,6.650309986929351380e-01,1.990997449982830070e-01,1.913124899858620054e-01,-7.519286403630188742e-01,-4.715320282688371112e-01,1.570801904283443573e+00,8.053399070238268908e-05,-3.681554015753229499e-05,-3.598781924707408959e-05,-3.561026925069351104e-05,-1.151388641385732870e-04,-2.617954156658912623e-01,-2.836026004197213624e+00
-4.306788326234996522e-01,6.650492966747120205e-01,1.991216590090692240e-01,1.913124899858620054e-01,-7.519286403630188742e-01,-4.715320282688371112e-01,1.570801904283443573e+00,8.053399070238268908e-05,-3.681554015753229499e-05,-3.598781924707408959e-05,-3.561026925069351104e-05,-1.151388641385732870e-04,-2.617954156658912623e-01,-2.836026004197213624e+00
-4.306918440685940097e-01,6.650858926382660075e-01,1.991874010414279028e-01,1.912954267955314924e-01,-7.519464454976442225e-01,-4.714936486474576305e-01,1.570801904283443573e+00,8.053399070238268908e-05,-3.681554015753229499e-05,-3.598781924707408959e-05,-3.561026925069351104e-05,-1.151388641385732870e-04,-2.617954156658912623e-01,-2.836026004197213624e+00
-4.307048555136883672e-01,6.651041906200428899e-01,1.992093150522141476e-01,1.912954267955314924e-01,-7.519464454976442225e-01,-4.714936486474576305e-01,1.570801904283443573e+00,8.053399070238268908e-05,-3.681554015753229499e-05,-3.598781924707408959e-05,-3.561026925069351104e-05,-1.151388641385732870e-04,-2.617954156658912623e-01,-2.836026004197213624e+00
-4.307048555136883672e-01,6.651316375927084357e-01,1.992421860683934731e-01,1.912954267955314924e-01,-7.519642506322696818e-01,-4.714552690260780943e-01,1.570801904283443573e+00,8.053399070238268908e-05,-3.681554015753229499e-05,-3.598781924707408959e-05,-3.561026925069351104e-05,-1.151388641385732870e-04,-2.617954156658912623e-01,-2.836026004197213624e+00
-4.307178669587827247e-01,6.651499355744854292e-01,1.992641000791796901e-01,1.912783636052009795e-01,-7.519642506322696818e-01,-4.714552690260780943e-01,1.570801904283443573e+00,8.053399070238268908e-05,-3.681554015753229499e-05,-3.598781924707408959e-05,-3.561026925069351104e-05,-1.151388641385732870e-04,-2.617954156658912623e-01,-2.836026004197213624e+00
-4.307308784038770821e-01,6.651865315380393051e-01,1.993298421115383967e-01,1.912783636052009795e-01,-7.519820557668949190e-01,-4.714552690260780943e-01,1.570801904283443573e+00,8.053399070238268908e-05,-3.681554015753229499e-05,-3.598781924707408959e-05,-3.561026925069351104e-05,-1.151388641385732870e-04,-2.617954156658912623e-01,-2.836026004197213624e+00
-4.307438898489714396e-01,6.652048295198161876e-01,1.993517561223246415e-01,1.912613004148704388e-01,-7.519998609015202673e-01,-4.714168894046986136e-01,1.570801904283443573e+00,8.053399070238268908e-05,-3.681554015753229499e-05,-3.598781924707408959e-05,-3.561026925069351104e-05,-1.151388641385732870e-04,-2.617954156658912623e-01,-2.836026004197213624e+00
-4.307438898489714396e-01,6.652231275015932921e-01,1.993846271385039670e-01,1.912613004148704388e-01,-7.519998609015202673e-01,-4.714168894046986136e-01,1.570801904283443573e+00,8.053399070238268908e-05,-3.681554015753229499e-05,-3.598781924707408959e-05,-3.561026925069351104e-05,-1.151388641385732870e-04,-2.617954156658912623e-01,-2.836026004197213624e+00
-4.307569012940657971e-01,6.652414254833701746e-01,1.994065411492901840e-01,1.912613004148704388e-01,-7.519998609015202673e-01,-4.714168894046986136e-01,1.570801904283443573e+00,8.053399070238268908e-05,-3.681554015753229499e-05,-3.598781924707408959e-05,-3.561026925069351104e-05,-1.151388641385732870e-04,-2.617954156658912623e-01,-2.836026004197213624e+00
-4.307699127391602101e-01,6.652688724560356093e-01,1.994394121654695373e-01,1.912442372245399258e-01,-7.520176660361456156e-01,-4.713785097833190219e-01,1.570801904283443573e+00,8.053399070238268908e-05,-3.681554015753229499e-05,-3.598781924707408959e-05,-3.561026925069351104e-05,-1.151388641385732870e-04,-2.617954156658912623e-01,-2.836026004197213624e+00
-4.307699127391602101e-01,6.652871704378126028e-01,1.994722831816488906e-01,1.912442372245399258e-01,-7.520176660361456156e-01,-4.713785097833190219e-01,1.570801904283443573e+00,8.053399070238268908e-05,-3.681554015753229499e-05,-3.598781924707408959e-05,-3.561026925069351104e-05,-1.151388641385732870e-04,-2.617954156658912623e-01,-2.836026004197213624e+00
-4.307829241842545676e-01,6.653237664013665897e-01,1.995270682086144609e-01,1.912271740342093851e-01,-7.520354711707710749e-01,-4.713785097833190219e-01,1.570801904283443573e+00,8.053399070238268908e-05,-3.681554015753229499e-05,-3.598781924707408959e-05,-3.561026925069351104e-05,-1.151388641385732870e-04,-2.617954156658912623e-01,-2.836026004197213624e+00
-4.307959356293489250e-01,6.653420643831434722e-01,1.995489822194006779e-01,1.912271740342093851e-01,-7.520354711707710749e-01,-4.713401301619395412e-01,1.570801904283443573e+00,8.053399070238268908e-05,-3.681554015753229499e-05,-3.598781924707408959e-05,-3.561026925069351104e-05,-1.151388641385732870e-04,-2.617954156658912623e-01,-2.836026004197213624e+00
-4.308089470744432825e-01,6.653878093375859004e-01,1.996147242517593567e-01,1.912101108438788444e-01,-7.520532763053963121e-01,-4.713401301619395412e-01,1.570801904283443573e+00,8.053399070238268908e-05,-3.681554015753229499e-05,-3.598781924707408959e-05,-3.561026925069351104e-05,-1.151388641385732870e-04,-2.617954156658912623e-01,-2.836026004197213624e+00
-4.308349699646319975e-01,6.654244053011398874e-01,1.996695092787249548e-01,1.912101108438788444e-01,-7.520710814400216604e-01,-4.713017505405600049e-01,1.570801904283443573e+00,8.053399070238268908e-05,-3.681554015753229499e-05,-3.598781924707408959e-05,-3.561026925069351104e-05,-1.151388641385732870e-04,-2.617954156658912623e-01,-2.836026004197213624e+00
-4.308349699646319975e-01,6.654427032829167699e-01,1.997023802949043081e-01,1.911930476535483314e-01,-7.520710814400216604e-01,-4.713017505405600049e-01,1.570801904283443573e+00,8.053399070238268908e-05,-3.681554015753229499e-05,-3.598781924707408959e-05,-3.561026925069351104e-05,-1.151388641385732870e-04,-2.617954156658912623e-01,-2.836026004197213624e+00
-4.308479814097264105e-01,6.654610012646937633e-01,1.997242943056904974e-01,1.911930476535483314e-01,-7.520888865746470087e-01,-4.713017505405600049e-01,1.570801904283443573e+00,8.053399070238268908e-05,-3.681554015753229499e-05,-3.598781924707408959e-05,-3.561026925069351104e-05,-1.151388641385732870e-04,-2.617954156658912623e-01,-2.836026004197213624e+00
-4.308609928548207679e-01,6.655067462191361916e-01,1.997900363380492039e-01,1.911759844632177907e-01,-7.521066917092724680e-01,-4.712633709191804687e-01,1.570801904283443573e+00,8.053399070238268908e-05,-3.681554015753229499e-05,-3.598781924707408959e-05,-3.561026925069351104e-05,-1.151388641385732870e-04,-2.617954156658912623e-01,-2.836026004197213624e+00
-4.308740042999151254e-01,6.655250442009131850e-01,1.998119503488354487e-01,1.911759844632177907e-01,-7.521066917092724680e-01,-4.712633709191804687e-01,1.570801904283443573e+00,8.053399070238268908e-05,-3.681554015753229499e-05,-3.598781924707408959e-05,-3.561026925069351104e-05,-1.151388641385732870e-04,-2.617954156658912623e-01,-2.836026004197213624e+00
-4.308740042999151254e-01,6.655433421826900675e-01,1.998448213650147742e-01,1.911589212728873055e-01,-7.521066917092724680e-01,-4.712249912978009325e-01,1.570801904283443573e+00,8.053399070238268908e-05,-3.681554015753229499e-05,-3.598781924707408959e-05,-3.561026925069351104e-05,-1.151388641385732870e-04,-2.617954156658912623e-01,-2.836026004197213624e+00
-4.308870157450094829e-01,6.655890871371326067e-01,1.998996063919803445e-01,1.911589212728873055e-01,-7.521244968438977052e-01,-4.712249912978009325e-01,1.570801904283443573e+00,8.053399070238268908e-05,-3.681554015753229499e-05,-3.598781924707408959e-05,-3.561026925069351104e-05,-1.151388641385732870e-04,-2.617954156658912623e-01,-2.836026004197213624e+00
-4.309000271901038404e-01,6.656073851189094892e-01,1.999324774081596978e-01,1.911589212728873055e-01,-7.521423019785230535e-01,-4.711866116764214518e-01,1.570801904283443573e+00,8.053399070238268908e-05,-3.681554015753229499e-05,-3.598781924707408959e-05,-3.561026925069351104e-05,-1.151388641385732870e-04,-2.617954156658912623e-01,-2.836026004197213624e+00
-4.309130386351981978e-01,6.656256831006864827e-01,1.999653484243390233e-01,1.911418580825567648e-01,-7.521423019785230535e-01,-4.711866116764214518e-01,1.570801904283443573e+00,8.053399070238268908e-05,-3.681554015753229499e-05,-3.598781924707408959e-05,-3.561026925069351104e-05,-1.151388641385732870e-04,-2.617954156658912623e-01,-2.836026004197213624e+00
-4.309260500802926108e-01,6.656622790642403587e-01,2.000201334513046214e-01,1.911247948922262241e-01,-7.521601071131484018e-01,-4.711482320550418601e-01,1.570801904283443573e+00,8.053399070238268908e-05,-3.681554015753229499e-05,-3.598781924707408959e-05,-3.561026925069351104e-05,-1.151388641385732870e-04,-2.617954156658912623e-01,-2.836026004197213624e+00
-4.309390615253869683e-01,6.656897260369059044e-01,2.000530044674839469e-01,1.911247948922262241e-01,-7.521601071131484018e-01,-4.711482320550418601e-01,1.570801904283443573e+00,8.053399070238268908e-05,-3.681554015753229499e-05,-3.598781924707408959e-05,-3.561026925069351104e-05,-1.151388641385732870e-04,-2.617954156658912623e-01,-2.836026004197213624e+00
-4.309390615253869683e-01,6.657080240186827869e-01,2.000749184782701640e-01,1.911247948922262241e-01,-7.521601071131484018e-01,-4.711482320550418601e-01,1.570801904283443573e+00,8.053399070238268908e-05,-3.681554015753229499e-05,-3.598781924707408959e-05,-3.561026925069351104e-05,-1.151388641385732870e-04,-2.617954156658912623e-01,-2.836026004197213624e+00
-4.309520729704813258e-01,6.657446199822366628e-01,2.001297035052357620e-01,1.911077317018957111e-01,-7.521779122477737500e-01,-4.711098524336623794e-01,1.570801904283443573e+00,8.053399070238268908e-05,-3.681554015753229499e-05,-3.598781924707408959e-05,-3.561026925069351104e-05,-1.151388641385732870e-04,-2.617954156658912623e-01,-2.836026004197213624e+00
-4.309650844155756833e-01,6.657629179640136563e-01,2.001625745214151153e-01,1.911077317018957111e-01,-7.521957173823990983e-01,-4.711098524336623794e-01,1.570801904283443573e+00,8.053399070238268908e-05,-3.681554015753229499e-05,-3.598781924707408959e-05,-3.561026925069351104e-05,-1.151388641385732870e-04,-2.617954156658912623e-01,-2.836026004197213624e+00
-4.309780958606700407e-01,6.657903649366792020e-01,2.001954455375944131e-01,1.910906685115651704e-01,-7.521957173823990983e-01,-4.711098524336623794e-01,1.570801904283443573e+00,8.053399070238268908e-05,-3.681554015753229499e-05,-3.598781924707408959e-05,-3.561026925069351104e-05,-1.151388641385732870e-04,-2.617954156658912623e-01,-2.836026004197213624e+00
-4.309780958606700407e-01,6.658086629184560845e-01,2.002173595483806579e-01,1.910906685115651704e-01,-7.521957173823990983e-01,-4.710714728122828432e-01,1.570801904283443573e+00,8.053399070238268908e-05,-3.681554015753229499e-05,-3.598781924707408959e-05,-3.561026925069351104e-05,-1.151388641385732870e-04,-2.617954156658912623e-01,-2.836026004197213624e+00
-4.309911073057643982e-01,6.658269609002330780e-01,2.002502305645600111e-01,1.910906685115651704e-01,-7.522135225170244466e-01,-4.710714728122828432e-01,1.570801904283443573e+00,8.053399070238268908e-05,-3.681554015753229499e-05,-3.598781924707408959e-05,-3.561026925069351104e-05,-1.151388641385732870e-04,-2.617954156658912623e-01,-2.836026004197213624e+00
-4.310041187508587557e-01,6.658452588820100715e-01,2.002831015807393644e-01,1.910736053212346575e-01,-7.522135225170244466e-01,-4.710714728122828432e-01,1.570801904283443573e+00,8.053399070238268908e-05,-3.681554015753229499e-05,-3.598781924707408959e-05,-3.561026925069351104e-05,-1.151388641385732870e-04,-2.617954156658912623e-01,-2.836026004197213624e+00
-4.310171301959531687e-01,6.658910038364524997e-01,2.003378866077049070e-01,1.910736053212346575e-01,-7.522313276516499059e-01,-4.710330931909033625e-01,1.570801904283443573e+00,8.053399070238268908e-05,-3.681554015753229499e-05,-3.598781924707408959e-05,-3.561026925069351104e-05,-1.151388641385732870e-04,-2.617954156658912623e-01,-2.836026004197213624e+00
-4.310171301959531687e-01,6.659093018182293822e-01,2.003707576238842603e-01,1.910565421309041167e-01,-7.522313276516499059e-01,-4.710330931909033625e-01,1.570801904283443573e+00,8.053399070238268908e-05,-3.681554015753229499e-05,-3.598781924707408959e-05,-3.561026925069351104e-05,-1.151388641385732870e-04,-2.617954156658912623e-01,-2.836026004197213624e+00
-4.310301416410475261e-01,6.659275998000063757e-01,2.004036286400636135e-01,1.910565421309041167e-01,-7.522491327862751431e-01,-4.709563339481442901e-01,1.570801904283443573e+00,8.053399070238268908e-05,-3.681554015753229499e-05,-3.598781924707408959e-05,-3.561026925069351104e-05,-1.151388641385732870e-04,-2.617954156658912623e-01,-2.836026004197213624e+00
-4.310431530861418836e-01,6.659458977817833691e-01,2.004364996562429391e-01,1.910565421309041167e-01,-7.522491327862751431e-01,-4.709563339481442901e-01,1.570801904283443573e+00,8.053399070238268908e-05,-3.681554015753229499e-05,-3.598781924707408959e-05,-3.561026925069351104e-05,-1.151388641385732870e-04,-2.617954156658912623e-01,-2.836026004197213624e+00
-4.310561645312362411e-01,6.659916427362257973e-01,2.004912846832085371e-01,1.910394789405735760e-01,-7.522669379209004914e-01,-4.709179543267647539e-01,1.570801904283443573e+00,8.053399070238268908e-05,-3.681554015753229499e-05,-3.598781924707408959e-05,-3.561026925069351104e-05,-1.151388641385732870e-04,-2.617954156658912623e-01,-2.836026004197213624e+00
-4.310691759763305986e-01,6.660099407180026798e-01,2.005241556993878904e-01,1.910394789405735760e-01,-7.522847430555258397e-01,-4.709179543267647539e-01,1.570801904283443573e+00,8.053399070238268908e-05,-3.681554015753229499e-05,-3.598781924707408959e-05,-3.561026925069351104e-05,-1.151388641385732870e-04,-2.617954156658912623e-01,-2.836026004197213624e+00
-4.310821874214249561e-01,6.660465366815567778e-01,2.005789407263534330e-01,1.910224157502430908e-01,-7.523025481901512990e-01,-4.709179543267647539e-01,1.570801904283443573e+00,8.053399070238268908e-05,-3.681554015753229499e-05,-3.598781924707408959e-05,-3.561026925069351104e-05,-1.151388641385732870e-04,-2.617954156658912623e-01,-2.836026004197213624e+00
-4.310951988665193690e-01,6.660922816359990950e-01,2.006446827587121395e-01,1.910053525599125501e-01,-7.523025481901512990e-01,-4.708795747053852176e-01,1.570801904283443573e+00,8.053399070238268908e-05,-3.681554015753229499e-05,-3.598781924707408959e-05,-3.561026925069351104e-05,-1.151388641385732870e-04,-2.617954156658912623e-01,-2.836026004197213624e+00
-4.311082103116137265e-01,6.661105796177760885e-01,2.006775537748914651e-01,1.910053525599125501e-01,-7.523203533247765362e-01,-4.708795747053852176e-01,1.570801904283443573e+00,8.053399070238268908e-05,-3.681554015753229499e-05,-3.598781924707408959e-05,-3.561026925069351104e-05,-1.151388641385732870e-04,-2.617954156658912623e-01,-2.836026004197213624e+00
-4.311082103116137265e-01,6.661288775995529710e-01,2.007104247910708184e-01,1.910053525599125501e-01,-7.523203533247765362e-01,-4.708411950840056814e-01,1.570801904283443573e+00,8.053399070238268908e-05,-3.681554015753229499e-05,-3.598781924707408959e-05,-3.561026925069351104e-05,-1.151388641385732870e-04,-2.617954156658912623e-01,-2.836026004197213624e+00
-4.311212217567080840e-01,6.661563245722185167e-01,2.007323388018570631e-01,1.909882893695820094e-01,-7.523381584594018845e-01,-4.708411950840056814e-01,1.570801904283443573e+00,8.053399070238268908e-05,-3.681554015753229499e-05,-3.598781924707408959e-05,-3.561026925069351104e-05,-1.151388641385732870e-04,-2.617954156658912623e-01,-2.836026004197213624e+00
-4.311212217567080840e-01,6.661746225539953992e-01,2.007652098180364164e-01,1.909882893695820094e-01,-7.523381584594018845e-01,-4.708411950840056814e-01,1.570801904283443573e+00,8.053399070238268908e-05,-3.681554015753229499e-05,-3.598781924707408959e-05,-3.561026925069351104e-05,-1.151388641385732870e-04,-2.617954156658912623e-01,-2.836026004197213624e+00
-4.311342332018024415e-01,6.661929205357723927e-01,2.007980808342157142e-01,1.909882893695820094e-01,-7.523381584594018845e-01,-4.708028154626262007e-01,1.570801904283443573e+00,8.053399070238268908e-05,-3.681554015753229499e-05,-3.598781924707408959e-05,-3.561026925069351104e-05,-1.151388641385732870e-04,-2.617954156658912623e-01,-2.836026004197213624e+00
-4.311472446468967989e-01,6.662386654902148209e-01,2.008528658611813122e-01,1.909712261792514965e-01,-7.523559635940272328e-01,-4.708028154626262007e-01,1.570801904283443573e+00,8.053399070238268908e-05,-3.681554015753229499e-05,-3.598781924707408959e-05,-3.561026925069351104e-05,-1.151388641385732870e-04,-2.617954156658912623e-01,-2.836026004197213624e+00
-4.311602560919911564e-01,6.662661124628802556e-01,2.008857368773606378e-01,1.909712261792514965e-01,-7.523737687286526921e-01,-4.707644358412467200e-01,1.570801904283443573e+00,8.053399070238268908e-05,-3.681554015753229499e-05,-3.598781924707408959e-05,-3.561026925069351104e-05,-1.151388641385732870e-04,-2.617954156658912623e-01,-2.836026004197213624e+00
-4.311732675370855694e-01,6.663027084264341315e-01,2.009514789097193443e-01,1.909541629889209557e-01,-7.523915738632779293e-01,-4.707644358412467200e-01,1.570801904283443573e+00,8.053399070238268908e-05,-3.681554015753229499e-05,-3.598781924707408959e-05,-3.561026925069351104e-05,-1.151388641385732870e-04,-2.617954156658912623e-01,-2.836026004197213624e+00
-4.311732675370855694e-01,6.663301553990996773e-01,2.009733929205055614e-01,1.909541629889209557e-01,-7.523915738632779293e-01,-4.707644358412467200e-01,1.570801904283443573e+00,8.053399070238268908e-05,-3.681554015753229499e-05,-3.598781924707408959e-05,-3.561026925069351104e-05,-1.151388641385732870e-04,-2.617954156658912623e-01,-2.836026004197213624e+00
-4.311862789821799269e-01,6.663484533808766708e-01,2.010062639366848869e-01,1.909370997985904428e-01,-7.524093789979032776e-01,-4.707260562198671283e-01,1.570801904283443573e+00,8.053399070238268908e-05,-3.681554015753229499e-05,-3.598781924707408959e-05,-3.561026925069351104e-05,-1.151388641385732870e-04,-2.617954156658912623e-01,-2.836026004197213624e+00
-4.311992904272742844e-01,6.663941983353189880e-01,2.010720059690435935e-01,1.909370997985904428e-01,-7.524271841325286259e-01,-4.707260562198671283e-01,1.570801904283443573e+00,8.053399070238268908e-05,-3.681554015753229499e-05,-3.598781924707408959e-05,-3.561026925069351104e-05,-1.151388641385732870e-04,-2.617954156658912623e-01,-2.836026004197213624e+00
-4.312123018723686418e-01,6.664124963170960925e-01,2.011048769852229468e-01,1.909200366082599021e-01,-7.524271841325286259e-01,-4.706876765984875921e-01,1.570801904283443573e+00,8.053399070238268908e-05,-3.681554015753229499e-05,-3.598781924707408959e-05,-3.561026925069351104e-05,-1.151388641385732870e-04,-2.617954156658912623e-01,-2.836026004197213624e+00
-4.312123018723686418e-01,6.664399432897614162e-01,2.011377480014022723e-01,1.909200366082599021e-01,-7.524449892671539741e-01,-4.706876765984875921e-01,1.570801904283443573e+00,8.053399070238268908e-05,-3.681554015753229499e-05,-3.598781924707408959e-05,-3.561026925069351104e-05,-1.151388641385732870e-04,-2.617954156658912623e-01,-2.836026004197213624e+00
-4.312253133174629993e-01,6.664856882442038444e-01,2.011925330283678426e-01,1.909029734179293614e-01,-7.524627944017793224e-01,-4.706876765984875921e-01,1.570801904283443573e+00,8.053399070238268908e-05,-3.681554015753229499e-05,-3.598781924707408959e-05,-3.561026925069351104e-05,-1.151388641385732870e-04,-2.617954156658912623e-01,-2.836026004197213624e+00
-4.312383247625573568e-01,6.665039862259807268e-01,2.012254040445471959e-01,1.909029734179293614e-01,-7.524627944017793224e-01,-4.706492969771081114e-01,1.570801904283443573e+00,8.053399070238268908e-05,-3.681554015753229499e-05,-3.598781924707408959e-05,-3.561026925069351104e-05,-1.151388641385732870e-04,-2.617954156658912623e-01,-2.836026004197213624e+00
-4.312383247625573568e-01,6.665222842077578314e-01,2.012582750607265214e-01,1.909029734179293614e-01,-7.524805995364046707e-01,-4.706492969771081114e-01,1.570801904283443573e+00,8.053399070238268908e-05,-3.681554015753229499e-05,-3.598781924707408959e-05,-3.561026925069351104e-05,-1.151388641385732870e-04,-2.617954156658912623e-01,-2.836026004197213624e+00
-4.312513362076517143e-01,6.665680291622001485e-01,2.013240170930852280e-01,1.908859102275988762e-01,-7.524984046710300190e-01,-4.706109173557285197e-01,1.570801904283443573e+00,8.053399070238268908e-05,-3.681554015753229499e-05,-3.598781924707408959e-05,-3.561026925069351104e-05,-1.151388641385732870e-04,-2.617954156658912623e-01,-2.836026004197213624e+00
-4.312643476527461273e-01,6.665954761348655833e-01,2.013568881092645535e-01,1.908859102275988762e-01,-7.525162098056553672e-01,-4.706109173557285197e-01,1.570801904283443573e+00,8.053399070238268908e-05,-3.681554015753229499e-05,-3.598781924707408959e-05,-3.561026925069351104e-05,-1.151388641385732870e-04,-2.617954156658912623e-01,-2.836026004197213624e+00
-4.312773590978404847e-01,6.666320720984195702e-01,2.014226301416232601e-01,1.908688470372683355e-01,-7.525340149402807155e-01,-4.706109173557285197e-01,1.570801904283443573e+00,8.053399070238268908e-05,-3.681554015753229499e-05,-3.598781924707408959e-05,-3.561026925069351104e-05,-1.151388641385732870e-04,-2.617954156658912623e-01,-2.836026004197213624e+00
-4.312903705429348422e-01,6.666595190710850050e-01,2.014555011578026134e-01,1.908688470372683355e-01,-7.525340149402807155e-01,-4.705725377343490390e-01,1.570801904283443573e+00,8.053399070238268908e-05,-3.681554015753229499e-05,-3.598781924707408959e-05,-3.561026925069351104e-05,-1.151388641385732870e-04,-2.617954156658912623e-01,-2.836026004197213624e+00
-4.313033819880291997e-01,6.667052640255274332e-01,2.015212431901612922e-01,1.908517838469378225e-01,-7.525518200749060638e-01,-4.705725377343490390e-01,1.570801904283443573e+00,8.053399070238268908e-05,-3.681554015753229499e-05,-3.598781924707408959e-05,-3.561026925069351104e-05,-1.151388641385732870e-04,-2.617954156658912623e-01,-2.836026004197213624e+00
-4.313033819880291997e-01,6.667235620073044267e-01,2.015541142063406455e-01,1.908517838469378225e-01,-7.525518200749060638e-01,-4.705341581129695583e-01,1.570801904283443573e+00,8.053399070238268908e-05,-3.681554015753229499e-05,-3.598781924707408959e-05,-3.561026925069351104e-05,-1.151388641385732870e-04,-2.617954156658912623e-01,-2.836026004197213624e+00
-4.313163934331235572e-01,6.667418599890814201e-01,2.015869852225199987e-01,1.908517838469378225e-01,-7.525696252095314120e-01,-4.705341581129695583e-01,1.570801904283443573e+00,8.053399070238268908e-05,-3.681554015753229499e-05,-3.598781924707408959e-05,-3.561026925069351104e-05,-1.151388641385732870e-04,-2.617954156658912623e-01,-2.836026004197213624e+00
-4.313163934331235572e-01,6.667693069617467438e-01,2.016198562386992965e-01,1.908347206566072818e-01,-7.525696252095314120e-01,-4.705341581129695583e-01,1.570801904283443573e+00,8.053399070238268908e-05,-3.681554015753229499e-05,-3.598781924707408959e-05,-3.561026925069351104e-05,-1.151388641385732870e-04,-2.617954156658912623e-01,-2.836026004197213624e+00
-4.313294048782179146e-01,6.668150519161892831e-01,2.016855982710580031e-01,1.908347206566072818e-01,-7.525874303441567603e-01,-4.704573988702104304e-01,1.570801904283443573e+00,8.053399070238268908e-05,-3.681554015753229499e-05,-3.598781924707408959e-05,-3.561026925069351104e-05,-1.151388641385732870e-04,-2.617954156658912623e-01,-2.836026004197213624e+00
-4.313424163233123276e-01,6.668333498979661655e-01,2.017184692872373286e-01,1.908347206566072818e-01,-7.526052354787821086e-01,-4.704573988702104304e-01,1.570801904283443573e+00,8.053399070238268908e-05,-3.681554015753229499e-05,-3.598781924707408959e-05,-3.561026925069351104e-05,-1.151388641385732870e-04,-2.617954156658912623e-01,-2.836026004197213624e+00
-4.313424163233123276e-01,6.668607968706316003e-01,2.017513403034166819e-01,1.908176574662767411e-01,-7.526052354787821086e-01,-4.704573988702104304e-01,1.570801904283443573e+00,8.053399070238268908e-05,-3.681554015753229499e-05,-3.598781924707408959e-05,-3.561026925069351104e-05,-1.151388641385732870e-04,-2.617954156658912623e-01,-2.836026004197213624e+00
-4.313554277684066851e-01,6.668790948524087048e-01,2.017842113195960352e-01,1.908176574662767411e-01,-7.526230406134074569e-01,-4.704573988702104304e-01,1.570801904283443573e+00,8.053399070238268908e-05,-3.681554015753229499e-05,-3.598781924707408959e-05,-3.561026925069351104e-05,-1.151388641385732870e-04,-2.617954156658912623e-01,-2.836026004197213624e+00
-4.313684392135010426e-01,6.669248398068510220e-01,2.018389963465616055e-01,1.908005942759462281e-01,-7.526408457480326941e-01,-4.704190192488309497e-01,1.570801904283443573e+00,8.053399070238268908e-05,-3.681554015753229499e-05,-3.598781924707408959e-05,-3.561026925069351104e-05,-1.151388641385732870e-04,-2.617954156658912623e-01,-2.836026004197213624e+00
-4.313684392135010426e-01,6.669522867795164567e-01,2.018718673627409588e-01,1.908005942759462281e-01,-7.526408457480326941e-01,-4.704190192488309497e-01,1.570801904283443573e+00,8.053399070238268908e-05,-3.681554015753229499e-05,-3.598781924707408959e-05,-3.561026925069351104e-05,-1.151388641385732870e-04,-2.617954156658912623e-01,-2.836026004197213624e+00
-4.313814506585954001e-01,6.669980317339588849e-01,2.019485664004927461e-01,1.907835310856156874e-01,-7.526586508826581534e-01,-4.703806396274514690e-01,1.570801904283443573e+00,8.053399070238268908e-05,-3.681554015753229499e-05,-3.598781924707408959e-05,-3.561026925069351104e-05,-1.151388641385732870e-04,-2.617954156658912623e-01,-2.836026004197213624e+00
-4.313944621036897575e-01,6.670163297157358784e-01,2.019814374166720994e-01,1.907835310856156874e-01,-7.526764560172835017e-01,-4.703806396274514690e-01,1.570801904283443573e+00,8.053399070238268908e-05,-3.681554015753229499e-05,-3.598781924707408959e-05,-3.561026925069351104e-05,-1.151388641385732870e-04,-2.617954156658912623e-01,-2.836026004197213624e+00
-4.313944621036897575e-01,6.670346276975127608e-01,2.020033514274583164e-01,1.907835310856156874e-01,-7.526764560172835017e-01,-4.703806396274514690e-01,1.570801904283443573e+00,8.053399070238268908e-05,-3.681554015753229499e-05,-3.598781924707408959e-05,-3.561026925069351104e-05,-1.151388641385732870e-04,-2.617954156658912623e-01,-2.836026004197213624e+00
-4.314074735487841150e-01,6.670620746701781956e-01,2.020362224436376697e-01,1.907664678952852022e-01,-7.526942611519088500e-01,-4.703422600060718772e-01,1.570801904283443573e+00,8.053399070238268908e-05,-3.681554015753229499e-05,-3.598781924707408959e-05,-3.561026925069351104e-05,-1.151388641385732870e-04,-2.617954156658912623e-01,-2.836026004197213624e+00
-4.314074735487841150e-01,6.670803726519553001e-01,2.020690934598169952e-01,1.907664678952852022e-01,-7.526942611519088500e-01,-4.703422600060718772e-01,1.570801904283443573e+00,8.053399070238268908e-05,-3.681554015753229499e-05,-3.598781924707408959e-05,-3.561026925069351104e-05,-1.151388641385732870e-04,-2.617954156658912623e-01,-2.836026004197213624e+00
-4.314204849938785280e-01,6.671078196246207348e-01,2.021019644759963485e-01,1.907664678952852022e-01,-7.527120662865340872e-01,-4.703422600060718772e-01,1.570801904283443573e+00,8.053399070238268908e-05,-3.681554015753229499e-05,-3.598781924707408959e-05,-3.561026925069351104e-05,-1.151388641385732870e-04,-2.617954156658912623e-01,-2.836026004197213624e+00
-4.314334964389728855e-01,6.671718625608401565e-01,2.022005775245343806e-01,1.907494047049546615e-01,-7.527298714211595465e-01,-4.703038803846923965e-01,1.570801904283443573e+00,8.053399070238268908e-05,-3.681554015753229499e-05,-3.598781924707408959e-05,-3.561026925069351104e-05,-1.151388641385732870e-04,-2.617954156658912623e-01,-2.836026004197213624e+00
-4.314465078840672430e-01,6.671901605426170390e-01,2.022334485407137339e-01,1.907494047049546615e-01,-7.527476765557848948e-01,-4.703038803846923965e-01,1.570801904283443573e+00,8.053399070238268908e-05,-3.681554015753229499e-05,-3.598781924707408959e-05,-3.561026925069351104e-05,-1.151388641385732870e-04,-2.617954156658912623e-01,-2.836026004197213624e+00
-4.314465078840672430e-01,6.672176075152824737e-01,2.022663195568930872e-01,1.907323415146241208e-01,-7.527476765557848948e-01,-4.703038803846923965e-01,1.570801904283443573e+00,8.053399070238268908e-05,-3.681554015753229499e-05,-3.598781924707408959e-05,-3.561026925069351104e-05,-1.151388641385732870e-04,-2.617954156658912623e-01,-2.836026004197213624e+00
-4.314595193291616004e-01,6.672359054970594672e-01,2.022991905730724127e-01,1.907323415146241208e-01,-7.527654816904102431e-01,-4.702655007633128603e-01,1.570801904283443573e+00,8.053399070238268908e-05,-3.681554015753229499e-05,-3.598781924707408959e-05,-3.561026925069351104e-05,-1.151388641385732870e-04,-2.617954156658912623e-01,-2.836026004197213624e+00
-4.314595193291616004e-01,6.672633524697249019e-01,2.023320615892517382e-01,1.907323415146241208e-01,-7.527654816904102431e-01,-4.702655007633128603e-01,1.570801904283443573e+00,8.053399070238268908e-05,-3.681554015753229499e-05,-3.598781924707408959e-05,-3.561026925069351104e-05,-1.151388641385732870e-04,-2.617954156658912623e-01,-2.836026004197213624e+00
-4.314725307742559579e-01,6.672816504515018954e-01,2.023649326054310915e-01,1.907152783242936078e-01,-7.527832868250354803e-01,-4.702655007633128603e-01,1.570801904283443573e+00,8.053399070238268908e-05,-3.681554015753229499e-05,-3.598781924707408959e-05,-3.561026925069351104e-05,-1.151388641385732870e-04,-2.617954156658912623e-01,-2.836026004197213624e+00
-4.314725307742559579e-01,6.673090974241673301e-01,2.023978036216104448e-01,1.907152783242936078e-01,-7.527832868250354803e-01,-4.702655007633128603e-01,1.570801904283443573e+00,8.053399070238268908e-05,-3.681554015753229499e-05,-3.598781924707408959e-05,-3.561026925069351104e-05,-1.151388641385732870e-04,-2.617954156658912623e-01,-2.836026004197213624e+00
-4.314855422193503154e-01,6.673548423786097583e-01,2.024635456539691236e-01,1.907152783242936078e-01,-7.528010919596609396e-01,-4.702271211419333796e-01,1.570801904283443573e+00,8.053399070238268908e-05,-3.681554015753229499e-05,-3.598781924707408959e-05,-3.561026925069351104e-05,-1.151388641385732870e-04,-2.617954156658912623e-01,-2.836026004197213624e+00
-4.314985536644447284e-01,6.673731403603867518e-01,2.024964166701484769e-01,1.906982151339630671e-01,-7.528188970942862879e-01,-4.702271211419333796e-01,1.570801904283443573e+00,8.053399070238268908e-05,-3.681554015753229499e-05,-3.598781924707408959e-05,-3.561026925069351104e-05,-1.151388641385732870e-04,-2.617954156658912623e-01,-2.836026004197213624e+00
-4.314985536644447284e-01,6.674005873330520755e-01,2.025183306809347217e-01,1.906982151339630671e-01,-7.528188970942862879e-01,-4.702271211419333796e-01,1.570801904283443573e+00,8.053399070238268908e-05,-3.681554015753229499e-05,-3.598781924707408959e-05,-3.561026925069351104e-05,-1.151388641385732870e-04,-2.617954156658912623e-01,-2.836026004197213624e+00
-4.315115651095390858e-01,6.674188853148290690e-01,2.025512016971140472e-01,1.906982151339630671e-01,-7.528367022289116361e-01,-4.701887415205537879e-01,1.570801904283443573e+00,8.053399070238268908e-05,-3.681554015753229499e-05,-3.598781924707408959e-05,-3.561026925069351104e-05,-1.151388641385732870e-04,-2.617954156658912623e-01,-2.836026004197213624e+00
-4.315245765546334433e-01,6.674646302692714972e-01,2.026169437294727538e-01,1.906811519436325264e-01,-7.528545073635368734e-01,-4.701887415205537879e-01,1.570801904283443573e+00,8.053399070238268908e-05,-3.681554015753229499e-05,-3.598781924707408959e-05,-3.561026925069351104e-05,-1.151388641385732870e-04,-2.617954156658912623e-01,-2.836026004197213624e+00
-4.315245765546334433e-01,6.674920772419369319e-01,2.026498147456520516e-01,1.906811519436325264e-01,-7.528545073635368734e-01,-4.701887415205537879e-01,1.570801904283443573e+00,8.053399070238268908e-05,-3.681554015753229499e-05,-3.598781924707408959e-05,-3.561026925069351104e-05,-1.151388641385732870e-04,-2.617954156658912623e-01,-2.836026004197213624e+00
-4.315375879997278008e-01,6.675103752237139254e-01,2.026826857618314048e-01,1.906640887533020134e-01,-7.528723124981623327e-01,-4.701503618991743072e-01,1.570801904283443573e+00,8.053399070238268908e-05,-3.681554015753229499e-05,-3.598781924707408959e-05,-5.341540387604027334e-05,-1.151388641385732870e-04,-2.617954156658912623e-01,-2.836026004197213624e+00
-4.315505994448221583e-01,6.675561201781563536e-01,2.027484277941901114e-01,1.906640887533020134e-01,-7.528901176327876810e-01,-4.701503618991743072e-01,1.570801904283443573e+00,8.053399070238268908e-05,-3.681554015753229499e-05,-3.598781924707408959e-05,-3.561026925069351104e-05,-1.151388641385732870e-04,-2.617954156658912623e-01,-2.836026004197213624e+00
-4.315505994448221583e-01,6.675835671508217883e-01,2.027812988103694369e-01,1.906470255629714727e-01,-7.529079227674129182e-01,-4.701119822777947710e-01,1.570801904283443573e+00,8.053399070238268908e-05,-3.681554015753229499e-05,-3.598781924707408959e-05,-3.561026925069351104e-05,-1.151388641385732870e-04,-2.617954156658912623e-01,-2.836026004197213624e+00
-4.315636108899165158e-01,6.676018651325987818e-01,2.028141698265487902e-01,1.906470255629714727e-01,-7.529079227674129182e-01,-4.700736026564151793e-01,1.570801904283443573e+00,8.053399070238268908e-05,-3.681554015753229499e-05,-3.598781924707408959e-05,-3.561026925069351104e-05,-1.151388641385732870e-04,-2.617954156658912623e-01,-2.836026004197213624e+00
-4.315636108899165158e-01,6.676293121052642165e-01,2.028470408427281435e-01,1.906470255629714727e-01,-7.529257279020382665e-01,-4.700736026564151793e-01,1.570801904283443573e+00,8.053399070238268908e-05,-3.681554015753229499e-05,-3.598781924707408959e-05,-3.561026925069351104e-05,-1.151388641385732870e-04,-2.617954156658912623e-01,-2.836026004197213624e+00
-4.315766223350108732e-01,6.676476100870412100e-01,2.028799118589074690e-01,1.906470255629714727e-01,-7.529257279020382665e-01,-4.700736026564151793e-01,1.570801904283443573e+00,8.053399070238268908e-05,-3.681554015753229499e-05,-3.598781924707408959e-05,-3.561026925069351104e-05,-1.151388641385732870e-04,-2.617954156658912623e-01,-2.836026004197213624e+00
-4.315766223350108732e-01,6.676659080688182035e-01,2.029127828750868223e-01,1.906299623726409875e-01,-7.529435330366637258e-01,-4.700352230350356986e-01,1.570801904283443573e+00,8.053399070238268908e-05,-3.681554015753229499e-05,-3.598781924707408959e-05,-3.561026925069351104e-05,-1.151388641385732870e-04,-2.617954156658912623e-01,-2.836026004197213624e+00
-4.316026452251996437e-01,6.677390999959260665e-01,2.030113959236248544e-01,1.906128991823104468e-01,-7.529613381712890741e-01,-4.700352230350356986e-01,1.570801904283443573e+00,8.053399070238268908e-05,-3.681554015753229499e-05,-3.598781924707408959e-05,-3.561026925069351104e-05,-1.151388641385732870e-04,-2.617954156658912623e-01,-2.836026004197213624e+00
-4.316026452251996437e-01,6.677573979777029489e-01,2.030442669398042077e-01,1.906128991823104468e-01,-7.529791433059143113e-01,-4.699968434136562179e-01,1.570801904283443573e+00,8.053399070238268908e-05,-3.681554015753229499e-05,-3.598781924707408959e-05,-3.561026925069351104e-05,-1.151388641385732870e-04,-2.617954156658912623e-01,-2.836026004197213624e+00
-4.316286681153883031e-01,6.678031429321454882e-01,2.031100089721628865e-01,1.905958359919799061e-01,-7.529791433059143113e-01,-4.699968434136562179e-01,1.570801904283443573e+00,8.053399070238268908e-05,-3.681554015753229499e-05,-3.598781924707408959e-05,-3.561026925069351104e-05,-1.151388641385732870e-04,-2.617954156658912623e-01,-2.836026004197213624e+00
-4.316286681153883031e-01,6.678214409139223706e-01,2.031428799883422120e-01,1.905958359919799061e-01,-7.529969484405396596e-01,-4.699968434136562179e-01,1.570801904283443573e+00,8.053399070238268908e-05,-3.681554015753229499e-05,-3.598781924707408959e-05,-3.561026925069351104e-05,-1.151388641385732870e-04,-2.617954156658912623e-01,-2.836026004197213624e+00
-4.316416795604826606e-01,6.678488878865878053e-01,2.031757510045215653e-01,1.905958359919799061e-01,-7.529969484405396596e-01,-4.699584637922766261e-01,1.570801904283443573e+00,8.053399070238268908e-05,-3.681554015753229499e-05,-3.598781924707408959e-05,-3.561026925069351104e-05,-1.151388641385732870e-04,-2.617954156658912623e-01,-2.836026004197213624e+00
-4.316416795604826606e-01,6.678671858683647988e-01,2.032086220207009186e-01,1.905787728016493932e-01,-7.530147535751651189e-01,-4.699584637922766261e-01,1.570801904283443573e+00,8.053399070238268908e-05,-3.681554015753229499e-05,-3.598781924707408959e-05,-3.561026925069351104e-05,-1.151388641385732870e-04,-2.617954156658912623e-01,-2.836026004197213624e+00
-4.316546910055770181e-01,6.679129308228072270e-01,2.032743640530595974e-01,1.905787728016493932e-01,-7.530325587097904672e-01,-4.699584637922766261e-01,1.570801904283443573e+00,8.053399070238268908e-05,-3.681554015753229499e-05,-3.598781924707408959e-05,-3.561026925069351104e-05,-1.151388641385732870e-04,-2.617954156658912623e-01,-2.836026004197213624e+00
-4.316677024506713756e-01,6.679403777954726618e-01,2.033072350692389507e-01,1.905617096113188524e-01,-7.530325587097904672e-01,-4.699200841708971454e-01,1.570801904283443573e+00,8.053399070238268908e-05,-3.681554015753229499e-05,-3.598781924707408959e-05,-3.561026925069351104e-05,-1.151388641385732870e-04,-2.617954156658912623e-01,-2.836026004197213624e+00
-4.316677024506713756e-01,6.679586757772495442e-01,2.033401060854183040e-01,1.905617096113188524e-01,-7.530503638444157044e-01,-4.699200841708971454e-01,1.570801904283443573e+00,8.053399070238268908e-05,-3.681554015753229499e-05,-3.598781924707408959e-05,-3.561026925069351104e-05,-1.151388641385732870e-04,-2.617954156658912623e-01,-2.836026004197213624e+00
-4.316807138957657886e-01,6.679861227499149789e-01,2.033729771015976295e-01,1.905617096113188524e-01,-7.530503638444157044e-01,-4.699200841708971454e-01,1.570801904283443573e+00,8.053399070238268908e-05,-3.681554015753229499e-05,-3.598781924707408959e-05,-3.561026925069351104e-05,-1.151388641385732870e-04,-2.617954156658912623e-01,-2.836026004197213624e+00
-4.316807138957657886e-01,6.680044207316920835e-01,2.034058481177769828e-01,1.905617096113188524e-01,-7.530681689790410527e-01,-4.699200841708971454e-01,1.570801904283443573e+00,8.053399070238268908e-05,-3.681554015753229499e-05,-3.598781924707408959e-05,-3.561026925069351104e-05,-1.151388641385732870e-04,-2.617954156658912623e-01,-2.836026004197213624e+00
-4.316937253408601460e-01,6.680318677043575182e-01,2.034387191339563361e-01,1.905446464209883395e-01,-7.530681689790410527e-01,-4.698817045495176092e-01,1.570801904283443573e+00,8.053399070238268908e-05,-3.681554015753229499e-05,-3.598781924707408959e-05,-3.561026925069351104e-05,-1.151388641385732870e-04,-2.617954156658912623e-01,-2.836026004197213624e+00
-4.316937253408601460e-01,6.680501656861344006e-01,2.034825471555287701e-01,1.905446464209883395e-01,-7.530859741136665120e-01,-4.698817045495176092e-01,1.570801904283443573e+00,8.053399070238268908e-05,-3.681554015753229499e-05,-3.598781924707408959e-05,-3.561026925069351104e-05,-1.151388641385732870e-04,-2.617954156658912623e-01,-2.836026004197213624e+00
-4.317067367859545035e-01,6.680959106405768289e-01,2.035482891878874767e-01,1.905275832306577988e-01,-7.531037792482918602e-01,-4.698433249281381285e-01,1.570801904283443573e+00,8.053399070238268908e-05,-3.681554015753229499e-05,-3.598781924707408959e-05,-3.561026925069351104e-05,-1.151388641385732870e-04,-2.617954156658912623e-01,-2.836026004197213624e+00
-4.317197482310488610e-01,6.681233576132422636e-01,2.035811602040668300e-01,1.905275832306577988e-01,-7.531037792482918602e-01,-4.698433249281381285e-01,1.570801904283443573e+00,8.053399070238268908e-05,-3.681554015753229499e-05,-3.598781924707408959e-05,-3.561026925069351104e-05,-1.151388641385732870e-04,-2.617954156658912623e-01,-2.836026004197213624e+00
-4.317197482310488610e-01,6.681416555950192571e-01,2.036140312202461555e-01,1.905275832306577988e-01,-7.531215843829170975e-01,-4.698433249281381285e-01,1.570801904283443573e+00,8.053399070238268908e-05,-3.681554015753229499e-05,-3.598781924707408959e-05,-3.561026925069351104e-05,-1.151388641385732870e-04,-2.617954156658912623e-01,-2.836026004197213624e+00
-4.317327596761432185e-01,6.681691025676848028e-01,2.036469022364254811e-01,1.905105200403272581e-01,-7.531215843829170975e-01,-4.698433249281381285e-01,1.570801904283443573e+00,8.053399070238268908e-05,-3.681554015753229499e-05,-3.598781924707408959e-05,-3.561026925069351104e-05,-1.151388641385732870e-04,-2.617954156658912623e-01,-2.836026004197213624e+00
-4.317457711212375759e-01,6.682148475221271200e-01,2.037126442687841599e-01,1.905105200403272581e-01,-7.531393895175424458e-01,-4.698049453067585368e-01,1.570801904283443573e+00,8.053399070238268908e-05,-3.681554015753229499e-05,-3.598781924707408959e-05,-3.561026925069351104e-05,-1.151388641385732870e-04,-2.617954156658912623e-01,-2.836026004197213624e+00
-4.317457711212375759e-01,6.682331455039041135e-01,2.037455152849635132e-01,1.905105200403272581e-01,-7.531571946521679051e-01,-4.698049453067585368e-01,1.570801904283443573e+00,8.053399070238268908e-05,-3.681554015753229499e-05,-3.598781924707408959e-05,-3.561026925069351104e-05,-1.151388641385732870e-04,-2.617954156658912623e-01,-2.836026004197213624e+00
-4.317587825663319889e-01,6.682605924765694372e-01,2.037783863011428664e-01,1.904934568499967729e-01,-7.531571946521679051e-01,-4.698049453067585368e-01,1.570801904283443573e+00,8.053399070238268908e-05,-3.681554015753229499e-05,-3.598781924707408959e-05,-3.561026925069351104e-05,-1.151388641385732870e-04,-2.617954156658912623e-01,-2.836026004197213624e+00
-4.317587825663319889e-01,6.682880394492349829e-01,2.038112573173222197e-01,1.904934568499967729e-01,-7.531749997867931423e-01,-4.697665656853790561e-01,1.570801904283443573e+00,8.053399070238268908e-05,-3.681554015753229499e-05,-3.598781924707408959e-05,-3.561026925069351104e-05,-1.151388641385732870e-04,-2.617954156658912623e-01,-2.836026004197213624e+00
-4.317717940114263464e-01,6.683337844036774111e-01,2.038769993496808985e-01,1.904763936596662321e-01,-7.531928049214184906e-01,-4.697665656853790561e-01,1.570801904283443573e+00,8.053399070238268908e-05,-3.681554015753229499e-05,-3.598781924707408959e-05,-3.561026925069351104e-05,-1.151388641385732870e-04,-2.617954156658912623e-01,-2.836026004197213624e+00
-4.317848054565207039e-01,6.683795293581198393e-01,2.039427413820395774e-01,1.904763936596662321e-01,-7.532106100560438389e-01,-4.697281860639995199e-01,1.570801904283443573e+00,8.053399070238268908e-05,-3.681554015753229499e-05,-3.598781924707408959e-05,-3.561026925069351104e-05,-1.151388641385732870e-04,-2.617954156658912623e-01,-2.836026004197213624e+00
-4.317848054565207039e-01,6.683978273398968328e-01,2.039756123982189306e-01,1.904593304693357192e-01,-7.532284151906692982e-01,-4.697281860639995199e-01,1.570801904283443573e+00,8.053399070238268908e-05,-3.681554015753229499e-05,-3.598781924707408959e-05,-3.561026925069351104e-05,-1.151388641385732870e-04,-2.617954156658912623e-01,-2.836026004197213624e+00
-4.317978169016150614e-01,6.684252743125621565e-01,2.040084834143982839e-01,1.904593304693357192e-01,-7.532284151906692982e-01,-4.697281860639995199e-01,1.570801904283443573e+00,8.053399070238268908e-05,-3.681554015753229499e-05,-3.598781924707408959e-05,-3.561026925069351104e-05,-1.151388641385732870e-04,-2.617954156658912623e-01,-2.836026004197213624e+00
-4.318108283467094188e-01,6.684710192670046958e-01,2.040742254467569350e-01,1.904593304693357192e-01,-7.532462203252945354e-01,-4.696514268212404475e-01,1.570801904283443573e+00,8.053399070238268908e-05,-3.681554015753229499e-05,-3.598781924707408959e-05,-3.561026925069351104e-05,-1.151388641385732870e-04,-2.617954156658912623e-01,-2.836026004197213624e+00
-4.318108283467094188e-01,6.684893172487815782e-01,2.041070964629362883e-01,1.904422672790051785e-01,-7.532640254599198837e-01,-4.696514268212404475e-01,1.570801904283443573e+00,8.053399070238268908e-05,-3.681554015753229499e-05,-3.598781924707408959e-05,-3.561026925069351104e-05,-1.151388641385732870e-04,-2.617954156658912623e-01,-2.836026004197213624e+00
-4.318238397918037763e-01,6.685167642214470130e-01,2.041399674791156416e-01,1.904422672790051785e-01,-7.532640254599198837e-01,-4.696514268212404475e-01,1.570801904283443573e+00,8.053399070238268908e-05,-3.681554015753229499e-05,-3.598781924707408959e-05,-3.561026925069351104e-05,-1.151388641385732870e-04,-2.617954156658912623e-01,-2.836026004197213624e+00
-4.318238397918037763e-01,6.685625091758895522e-01,2.042166665168674289e-01,1.904252040886746378e-01,-7.532818305945452320e-01,-4.696130471998609668e-01,1.570801904283443573e+00,8.053399070238268908e-05,-3.681554015753229499e-05,-3.598781924707408959e-05,-3.561026925069351104e-05,-1.151388641385732870e-04,-2.617954156658912623e-01,-2.836026004197213624e+00
-4.318368512368981893e-01,6.685899561485548759e-01,2.042495375330467822e-01,1.904252040886746378e-01,-7.532996357291706913e-01,-4.696130471998609668e-01,1.570801904283443573e+00,8.053399070238268908e-05,-3.681554015753229499e-05,-3.598781924707408959e-05,-3.561026925069351104e-05,-1.151388641385732870e-04,-2.617954156658912623e-01,-2.836026004197213624e+00
-4.318368512368981893e-01,6.686082541303318694e-01,2.042824085492261355e-01,1.904252040886746378e-01,-7.533174408637959285e-01,-4.696130471998609668e-01,1.570801904283443573e+00,8.053399070238268908e-05,-3.681554015753229499e-05,-3.598781924707408959e-05,-3.561026925069351104e-05,-1.151388641385732870e-04,-2.617954156658912623e-01,-2.836026004197213624e+00
-4.318498626819925468e-01,6.686357011029974151e-01,2.043152795654054610e-01,1.904081408983441248e-01,-7.533174408637959285e-01,-4.696130471998609668e-01,1.570801904283443573e+00,8.053399070238268908e-05,-3.681554015753229499e-05,-3.598781924707408959e-05,-3.561026925069351104e-05,-1.151388641385732870e-04,-2.617954156658912623e-01,-2.836026004197213624e+00
-4.318498626819925468e-01,6.686631480756628498e-01,2.043591075869779505e-01,1.904081408983441248e-01,-7.533174408637959285e-01,-4.695746675784814306e-01,1.570801904283443573e+00,8.053399070238268908e-05,-3.681554015753229499e-05,-3.598781924707408959e-05,-3.561026925069351104e-05,-1.151388641385732870e-04,-2.617954156658912623e-01,-2.836026004197213624e+00
-4.318628741270869043e-01,6.686814460574397323e-01,2.043919786031572761e-01,1.904081408983441248e-01,-7.533352459984212768e-01,-4.695746675784814306e-01,1.570801904283443573e+00,8.053399070238268908e-05,-3.681554015753229499e-05,-3.598781924707408959e-05,-3.561026925069351104e-05,-1.151388641385732870e-04,-2.617954156658912623e-01,-2.836026004197213624e+00
-4.318628741270869043e-01,6.687271910118822715e-01,2.044577206355159549e-01,1.903910777080135841e-01,-7.533530511330466251e-01,-4.695746675784814306e-01,1.570801904283443573e+00,8.053399070238268908e-05,-3.681554015753229499e-05,-3.598781924707408959e-05,-3.561026925069351104e-05,-1.151388641385732870e-04,-2.617954156658912623e-01,-2.836026004197213624e+00
-4.318758855721812617e-01,6.687546379845475952e-01,2.044905916516953082e-01,1.903910777080135841e-01,-7.533530511330466251e-01,-4.695362879571018944e-01,1.570801904283443573e+00,8.053399070238268908e-05,-3.681554015753229499e-05,-3.598781924707408959e-05,-3.561026925069351104e-05,-1.151388641385732870e-04,-2.617954156658912623e-01,-2.836026004197213624e+00
-4.318758855721812617e-01,6.687820849572130300e-01,2.045234626678746337e-01,1.903910777080135841e-01,-7.533708562676720843e-01,-4.695362879571018944e-01,1.570801904283443573e+00,8.053399070238268908e-05,-3.681554015753229499e-05,-3.598781924707408959e-05,-3.561026925069351104e-05,-1.151388641385732870e-04,-2.617954156658912623e-01,-2.836026004197213624e+00
-4.318888970172756192e-01,6.688278299116555692e-01,2.046001617056264488e-01,1.903740145176830434e-01,-7.533886614022973216e-01,-4.695362879571018944e-01,1.570801904283443573e+00,8.053399070238268908e-05,-3.681554015753229499e-05,-3.598781924707408959e-05,-3.561026925069351104e-05,-1.151388641385732870e-04,-2.617954156658912623e-01,-2.836026004197213624e+00
-4.318888970172756192e-01,6.688552768843208929e-01,2.046330327218058021e-01,1.903740145176830434e-01,-7.534064665369226699e-01,-4.694979083357223582e-01,1.570801904283443573e+00,8.053399070238268908e-05,-3.681554015753229499e-05,-3.598781924707408959e-05,-3.561026925069351104e-05,-1.151388641385732870e-04,-2.617954156658912623e-01,-2.836026004197213624e+00
-4.319019084623699767e-01,6.688735748660978864e-01,2.046659037379851276e-01,1.903740145176830434e-01,-7.534064665369226699e-01,-4.694979083357223582e-01,1.570801904283443573e+00,8.053399070238268908e-05,-3.681554015753229499e-05,-3.598781924707408959e-05,-3.561026925069351104e-05,-1.151388641385732870e-04,-2.617954156658912623e-01,-2.836026004197213624e+00
-4.319019084623699767e-01,6.689010218387633211e-01,2.046987747541644809e-01,1.903740145176830434e-01,-7.534242716715480181e-01,-4.694979083357223582e-01,1.570801904283443573e+00,8.053399070238268908e-05,-3.681554015753229499e-05,-3.598781924707408959e-05,-3.561026925069351104e-05,-1.151388641385732870e-04,-2.617954156658912623e-01,-2.836026004197213624e+00
-4.319149199074643342e-01,6.689193198205403146e-01,2.047316457703438342e-01,1.903569513273525582e-01,-7.534242716715480181e-01,-4.694979083357223582e-01,1.570801904283443573e+00,8.053399070238268908e-05,-3.681554015753229499e-05,-3.598781924707408959e-05,-3.561026925069351104e-05,-1.151388641385732870e-04,-2.617954156658912623e-01,-2.836026004197213624e+00
-4.319149199074643342e-01,6.689742137658711840e-01,2.048083448080956215e-01,1.903569513273525582e-01,-7.534420768061733664e-01,-4.694595287143428775e-01,1.570801904283443573e+00,8.053399070238268908e-05,-3.681554015753229499e-05,-3.598781924707408959e-05,-3.561026925069351104e-05,-1.151388641385732870e-04,-2.617954156658912623e-01,-2.836026004197213624e+00
-4.319279313525587471e-01,6.689925117476481775e-01,2.048412158242749748e-01,1.903398881370220175e-01,-7.534598819407987147e-01,-4.694595287143428775e-01,1.570801904283443573e+00,8.053399070238268908e-05,-3.681554015753229499e-05,-3.598781924707408959e-05,-3.561026925069351104e-05,-1.151388641385732870e-04,-2.617954156658912623e-01,-2.836026004197213624e+00
-4.319279313525587471e-01,6.690199587203136122e-01,2.048740868404543003e-01,1.903398881370220175e-01,-7.534598819407987147e-01,-4.694595287143428775e-01,1.570801904283443573e+00,8.053399070238268908e-05,-3.681554015753229499e-05,-3.598781924707408959e-05,-3.561026925069351104e-05,-1.151388641385732870e-04,-2.617954156658912623e-01,-2.836026004197213624e+00
-4.319409427976531046e-01,6.690474056929790470e-01,2.049069578566336536e-01,1.903398881370220175e-01,-7.534776870754240630e-01,-4.694595287143428775e-01,1.570801904283443573e+00,8.053399070238268908e-05,-3.681554015753229499e-05,-3.598781924707408959e-05,-3.561026925069351104e-05,-1.151388641385732870e-04,-2.617954156658912623e-01,-2.836026004197213624e+00
-4.319409427976531046e-01,6.690657036747560404e-01,2.049507858782061154e-01,1.903398881370220175e-01,-7.534776870754240630e-01,-4.694595287143428775e-01,1.570801904283443573e+00,8.053399070238268908e-05,-3.681554015753229499e-05,-3.598781924707408959e-05,-3.561026925069351104e-05,-1.151388641385732870e-04,-2.617954156658912623e-01,-2.836026004197213624e+00
-4.319539542427474621e-01,6.691205976200869099e-01,2.050165279105647942e-01,1.903228249466915045e-01,-7.534954922100494112e-01,-4.694211490929632857e-01,1.570801904283443573e+00,8.053399070238268908e-05,-3.681554015753229499e-05,-3.598781924707408959e-05,-3.561026925069351104e-05,-1.151388641385732870e-04,-2.617954156658912623e-01,-2.836026004197213624e+00
-4.319539542427474621e-01,6.691388956018639034e-01,2.050493989267441475e-01,1.903228249466915045e-01,-7.535132973446747595e-01,-4.694211490929632857e-01,1.570801904283443573e+00,8.053399070238268908e-05,-3.681554015753229499e-05,-3.598781924707408959e-05,-3.561026925069351104e-05,-1.151388641385732870e-04,-2.617954156658912623e-01,-2.836026004197213624e+00
-4.319669656878418196e-01,6.691663425745293381e-01,2.050932269483166093e-01,1.903057617563609638e-01,-7.535132973446747595e-01,-4.694211490929632857e-01,1.570801904283443573e+00,8.053399070238268908e-05,-3.681554015753229499e-05,-3.598781924707408959e-05,-3.561026925069351104e-05,-1.151388641385732870e-04,-2.617954156658912623e-01,-2.836026004197213624e+00
-4.319799771329361771e-01,6.692120875289717663e-01,2.051589689806752881e-01,1.903057617563609638e-01,-7.535311024793001078e-01,-4.693827694715838050e-01,1.570801904283443573e+00,8.053399070238268908e-05,-3.681554015753229499e-05,-3.598781924707408959e-05,-5.341540387604027334e-05,-1.151388641385732870e-04,-2.617954156658912623e-01,-2.836026004197213624e+00
-4.319799771329361771e-01,6.692395345016372010e-01,2.051918399968546414e-01,1.903057617563609638e-01,-7.535489076139254561e-01,-4.693827694715838050e-01,1.570801904283443573e+00,8.053399070238268908e-05,-3.681554015753229499e-05,-3.598781924707408959e-05,-3.561026925069351104e-05,-1.151388641385732870e-04,-2.617954156658912623e-01,-2.836026004197213624e+00
-4.319799771329361771e-01,6.692669814743026357e-01,2.052356680184270754e-01,1.902886985660304231e-01,-7.535667127485508043e-01,-4.693827694715838050e-01,1.570801904283443573e+00,8.053399070238268908e-05,-3.681554015753229499e-05,-3.598781924707408959e-05,-3.561026925069351104e-05,-1.151388641385732870e-04,-2.617954156658912623e-01,-2.836026004197213624e+00
-4.319929885780305345e-01,6.693127264287450640e-01,2.053014100507857820e-01,1.902886985660304231e-01,-7.535667127485508043e-01,-4.693443898502042688e-01,1.570801904283443573e+00,8.053399070238268908e-05,-3.681554015753229499e-05,-3.598781924707408959e-05,-3.561026925069351104e-05,-1.151388641385732870e-04,-2.617954156658912623e-01,-2.836026004197213624e+00
-4.320060000231249475e-01,6.693401734014104987e-01,2.053342810669651353e-01,1.902886985660304231e-01,-7.535845178831761526e-01,-4.693060102288247881e-01,1.570801904283443573e+00,8.053399070238268908e-05,-3.681554015753229499e-05,-3.598781924707408959e-05,-3.561026925069351104e-05,-1.151388641385732870e-04,-2.617954156658912623e-01,-2.836026004197213624e+00
-4.320060000231249475e-01,6.693676203740760444e-01,2.053781090885375693e-01,1.902716353756999101e-01,-7.536023230178015009e-01,-4.693060102288247881e-01,1.570801904283443573e+00,8.053399070238268908e-05,-3.681554015753229499e-05,-3.598781924707408959e-05,-3.561026925069351104e-05,-1.151388641385732870e-04,-2.617954156658912623e-01,-2.836026004197213624e+00
-4.320060000231249475e-01,6.693859183558529269e-01,2.054109801047169226e-01,1.902716353756999101e-01,-7.536023230178015009e-01,-4.693060102288247881e-01,1.570801904283443573e+00,8.053399070238268908e-05,-3.681554015753229499e-05,-3.598781924707408959e-05,-3.561026925069351104e-05,-1.151388641385732870e-04,-2.617954156658912623e-01,-2.836026004197213624e+00
-4.320190114682193050e-01,6.694133653285183616e-01,2.054438511208962759e-01,1.902716353756999101e-01,-7.536201281524268492e-01,-4.693060102288247881e-01,1.570801904283443573e+00,8.053399070238268908e-05,-3.681554015753229499e-05,-3.598781924707408959e-05,-3.561026925069351104e-05,-1.151388641385732870e-04,-2.617954156658912623e-01,-2.836026004197213624e+00
-4.320190114682193050e-01,6.694408123011837963e-01,2.054767221370756014e-01,1.902545721853693694e-01,-7.536201281524268492e-01,-4.692676306074451964e-01,1.570801904283443573e+00,8.053399070238268908e-05,-3.681554015753229499e-05,-3.598781924707408959e-05,-3.561026925069351104e-05,-1.151388641385732870e-04,-2.617954156658912623e-01,-2.836026004197213624e+00
-4.320320229133136625e-01,6.694865572556263356e-01,2.055534211748274165e-01,1.902545721853693694e-01,-7.536379332870523085e-01,-4.692676306074451964e-01,1.570801904283443573e+00,8.053399070238268908e-05,-3.681554015753229499e-05,-3.598781924707408959e-05,-3.561026925069351104e-05,-1.151388641385732870e-04,-2.617954156658912623e-01,-2.836026004197213624e+00
-4.320320229133136625e-01,6.695140042282916593e-01,2.055862921910067420e-01,1.902545721853693694e-01,-7.536379332870523085e-01,-4.692676306074451964e-01,1.570801904283443573e+00,8.053399070238268908e-05,-3.681554015753229499e-05,-3.598781924707408959e-05,-3.561026925069351104e-05,-1.151388641385732870e-04,-2.617954156658912623e-01,-2.836026004197213624e+00
-4.320450343584080199e-01,6.695414512009570940e-01,2.056191632071860953e-01,1.902375089950388842e-01,-7.536557384216775457e-01,-4.692292509860657157e-01,1.570801904283443573e+00,8.053399070238268908e-05,-3.681554015753229499e-05,-3.598781924707408959e-05,-3.561026925069351104e-05,-1.151388641385732870e-04,-2.617954156658912623e-01,-2.836026004197213624e+00
-4.320450343584080199e-01,6.695597491827341985e-01,2.056629912287585571e-01,1.902375089950388842e-01,-7.536735435563028940e-01,-4.692292509860657157e-01,1.570801904283443573e+00,8.053399070238268908e-05,-3.681554015753229499e-05,-3.598781924707408959e-05,-3.561026925069351104e-05,-1.151388641385732870e-04,-2.617954156658912623e-01,-2.836026004197213624e+00
-4.320580458035023774e-01,6.695871961553996332e-01,2.056958622449378826e-01,1.902375089950388842e-01,-7.536735435563028940e-01,-4.692292509860657157e-01,1.570801904283443573e+00,8.053399070238268908e-05,-3.681554015753229499e-05,-3.598781924707408959e-05,-3.561026925069351104e-05,-1.151388641385732870e-04,-2.617954156658912623e-01,-2.836026004197213624e+00
-4.320580458035023774e-01,6.696146431280649569e-01,2.057287332611172359e-01,1.902204458047083435e-01,-7.536913486909282422e-01,-4.692292509860657157e-01,1.570801904283443573e+00,8.053399070238268908e-05,-3.681554015753229499e-05,-3.598781924707408959e-05,-3.561026925069351104e-05,-1.151388641385732870e-04,-2.617954156658912623e-01,-2.836026004197213624e+00
-4.320710572485967349e-01,6.696603880825074961e-01,2.057944752934759425e-01,1.902204458047083435e-01,-7.537091538255537015e-01,-4.691908713646861795e-01,1.570801904283443573e+00,8.053399070238268908e-05,-3.681554015753229499e-05,-3.598781924707408959e-05,-3.561026925069351104e-05,-1.151388641385732870e-04,-2.617954156658912623e-01,-2.836026004197213624e+00
-4.320710572485967349e-01,6.696878350551729309e-01,2.058383033150483765e-01,1.902204458047083435e-01,-7.537091538255537015e-01,-4.691908713646861795e-01,1.570801904283443573e+00,8.053399070238268908e-05,-3.681554015753229499e-05,-3.598781924707408959e-05,-3.561026925069351104e-05,-1.151388641385732870e-04,-2.617954156658912623e-01,-2.836026004197213624e+00
-4.320840686936911479e-01,6.697061330369498133e-01,2.058711743312277298e-01,1.902033826143778028e-01,-7.537269589601789388e-01,-4.691908713646861795e-01,1.570801904283443573e+00,8.053399070238268908e-05,-3.681554015753229499e-05,-3.598781924707408959e-05,-3.561026925069351104e-05,-1.151388641385732870e-04,-2.617954156658912623e-01,-2.836026004197213624e+00
-4.320840686936911479e-01,6.697335800096152481e-01,2.059040453474070831e-01,1.902033826143778028e-01,-7.537269589601789388e-01,-4.691908713646861795e-01,1.570801904283443573e+00,8.053399070238268908e-05,-3.681554015753229499e-05,-3.598781924707408959e-05,-3.561026925069351104e-05,-1.151388641385732870e-04,-2.617954156658912623e-01,-2.836026004197213624e+00
-4.320970801387855054e-01,6.697610269822807938e-01,2.059369163635864086e-01,1.902033826143778028e-01,-7.537447640948042871e-01,-4.691524917433066433e-01,1.570801904283443573e+00,8.053399070238268908e-05,-3.681554015753229499e-05,-3.598781924707408959e-05,-3.561026925069351104e-05,-1.151388641385732870e-04,-2.617954156658912623e-01,-2.836026004197213624e+00
-4.320970801387855054e-01,6.698067719367231110e-01,2.060136154013382237e-01,1.901863194240472898e-01,-7.537625692294296353e-01,-4.691524917433066433e-01,1.570801904283443573e+00,8.053399070238268908e-05,-3.681554015753229499e-05,-3.598781924707408959e-05,-3.561026925069351104e-05,-1.151388641385732870e-04,-2.617954156658912623e-01,-2.836026004197213624e+00
-4.321100915838798628e-01,6.698342189093886567e-01,2.060464864175175770e-01,1.901863194240472898e-01,-7.537803743640549836e-01,-4.691524917433066433e-01,1.570801904283443573e+00,8.053399070238268908e-05,-3.681554015753229499e-05,-3.598781924707408959e-05,-3.561026925069351104e-05,-1.151388641385732870e-04,-2.617954156658912623e-01,-2.836026004197213624e+00
-4.321100915838798628e-01,6.698616658820540914e-01,2.060793574336969025e-01,1.901863194240472898e-01,-7.537803743640549836e-01,-4.691141121219271071e-01,1.570801904283443573e+00,8.053399070238268908e-05,-3.681554015753229499e-05,-3.598781924707408959e-05,-3.561026925069351104e-05,-1.151388641385732870e-04,-2.617954156658912623e-01,-2.836026004197213624e+00
-4.321100915838798628e-01,6.698799638638309739e-01,2.061231854552693643e-01,1.901692562337167491e-01,-7.537981794986803319e-01,-4.691141121219271071e-01,1.570801904283443573e+00,8.053399070238268908e-05,-3.681554015753229499e-05,-3.598781924707408959e-05,-3.561026925069351104e-05,-1.151388641385732870e-04,-2.617954156658912623e-01,-2.836026004197213624e+00
-4.321231030289742203e-01,6.699348578091619544e-01,2.061889274876280431e-01,1.901692562337167491e-01,-7.538159846333056802e-01,-4.691141121219271071e-01,1.570801904283443573e+00,8.053399070238268908e-05,-3.681554015753229499e-05,-3.598781924707408959e-05,-3.561026925069351104e-05,-1.151388641385732870e-04,-2.617954156658912623e-01,-2.836026004197213624e+00
-4.321361144740685778e-01,6.699623047818273891e-01,2.062217985038073964e-01,1.901692562337167491e-01,-7.538159846333056802e-01,-4.690757325005476264e-01,1.570801904283443573e+00,8.053399070238268908e-05,-3.681554015753229499e-05,-3.598781924707408959e-05,-3.561026925069351104e-05,-1.151388641385732870e-04,-2.617954156658912623e-01,-2.836026004197213624e+00
-4.321361144740685778e-01,6.699806027636042716e-01,2.062656265253798582e-01,1.901521930433862362e-01,-7.538337897679310284e-01,-4.690757325005476264e-01,1.570801904283443573e+00,8.053399070238268908e-05,-3.681554015753229499e-05,-3.598781924707408959e-05,-3.561026925069351104e-05,-1.151388641385732870e-04,-2.617954156658912623e-01,-2.836026004197213624e+00
-4.321361144740685778e-01,6.700080497362697063e-01,2.062984975415591837e-01,1.901521930433862362e-01,-7.538515949025563767e-01,-4.690757325005476264e-01,1.570801904283443573e+00,8.053399070238268908e-05,-3.681554015753229499e-05,-3.598781924707408959e-05,-3.561026925069351104e-05,-1.151388641385732870e-04,-2.617954156658912623e-01,-2.836026004197213624e+00
-4.321491259191629353e-01,6.700629436816006868e-01,2.063642395739178903e-01,1.901521930433862362e-01,-7.538694000371817250e-01,-4.690757325005476264e-01,1.570801904283443573e+00,8.053399070238268908e-05,-3.681554015753229499e-05,-3.598781924707408959e-05,-3.561026925069351104e-05,-1.151388641385732870e-04,-2.617954156658912623e-01,-2.836026004197213624e+00
-4.321621373642572927e-01,6.700812416633775692e-01,2.064080675954903243e-01,1.901351298530556955e-01,-7.538694000371817250e-01,-4.690373528791680346e-01,1.570801904283443573e+00,8.053399070238268908e-05,-3.681554015753229499e-05,-3.598781924707408959e-05,-3.561026925069351104e-05,-1.151388641385732870e-04,-2.617954156658912623e-01,-2.836026004197213624e+00
-4.321621373642572927e-01,6.701361356087085497e-01,2.064738096278490309e-01,1.901351298530556955e-01,-7.539050103064323105e-01,-4.690373528791680346e-01,1.570801904283443573e+00,8.053399070238268908e-05,-3.681554015753229499e-05,-3.598781924707408959e-05,-3.561026925069351104e-05,-1.151388641385732870e-04,-2.617954156658912623e-01,-2.836026004197213624e+00
-4.321751488093517057e-01,6.701635825813739844e-01,2.065176376494214650e-01,1.901180666627251548e-01,-7.539050103064323105e-01,-4.690373528791680346e-01,1.570801904283443573e+00,8.053399070238268908e-05,-3.681554015753229499e-05,-3.598781924707408959e-05,-3.561026925069351104e-05,-1.151388641385732870e-04,-2.617954156658912623e-01,-2.836026004197213624e+00
-4.321751488093517057e-01,6.702093275358164126e-01,2.065943366871732800e-01,1.901180666627251548e-01,-7.539228154410577698e-01,-4.689605936364090177e-01,1.570801904283443573e+00,8.053399070238268908e-05,-3.681554015753229499e-05,-3.598781924707408959e-05,-3.561026925069351104e-05,-1.151388641385732870e-04,-2.617954156658912623e-01,-2.836026004197213624e+00
-4.321881602544460632e-01,6.702367745084818473e-01,2.066272077033526333e-01,1.901180666627251548e-01,-7.539406205756831181e-01,-4.689605936364090177e-01,1.570801904283443573e+00,8.053399070238268908e-05,-3.681554015753229499e-05,-3.598781924707408959e-05,-3.561026925069351104e-05,-1.151388641385732870e-04,-2.617954156658912623e-01,-2.836026004197213624e+00
-4.321881602544460632e-01,6.702550724902588408e-01,2.066600787195319588e-01,1.901010034723946696e-01,-7.539406205756831181e-01,-4.689605936364090177e-01,1.570801904283443573e+00,8.053399070238268908e-05,-3.681554015753229499e-05,-3.598781924707408959e-05,-3.561026925069351104e-05,-1.151388641385732870e-04,-2.617954156658912623e-01,-2.836026004197213624e+00
-4.322011716995404207e-01,6.703099664355897103e-01,2.067367777572837739e-01,1.901010034723946696e-01,-7.539584257103084663e-01,-4.689222140150295370e-01,1.570801904283443573e+00,8.053399070238268908e-05,-3.681554015753229499e-05,-3.598781924707408959e-05,-3.561026925069351104e-05,-1.151388641385732870e-04,-2.617954156658912623e-01,-2.836026004197213624e+00
-4.322141831446347782e-01,6.703557113900321385e-01,2.068134767950355613e-01,1.900839402820641288e-01,-7.539940359795591629e-01,-4.689222140150295370e-01,1.570801904283443573e+00,8.053399070238268908e-05,-3.681554015753229499e-05,-3.598781924707408959e-05,-3.561026925069351104e-05,-1.151388641385732870e-04,-2.617954156658912623e-01,-2.836026004197213624e+00
-4.322141831446347782e-01,6.703831583626976842e-01,2.068463478112149145e-01,1.900839402820641288e-01,-7.539940359795591629e-01,-4.689222140150295370e-01,1.570801904283443573e+00,8.053399070238268908e-05,-3.681554015753229499e-05,-3.598781924707408959e-05,-3.561026925069351104e-05,-1.151388641385732870e-04,-2.617954156658912623e-01,-2.836026004197213624e+00
-4.322141831446347782e-01,6.704106053353630079e-01,2.068792188273942401e-01,1.900839402820641288e-01,-7.539940359795591629e-01,-4.689222140150295370e-01,1.570801904283443573e+00,8.053399070238268908e-05,-3.681554015753229499e-05,-3.598781924707408959e-05,-3.561026925069351104e-05,-1.151388641385732870e-04,-2.617954156658912623e-01,-2.836026004197213624e+00
-4.322271945897291356e-01,6.704380523080284426e-01,2.069230468489667296e-01,1.900668770917335881e-01,-7.540118411141845112e-01,-4.688838343936499453e-01,1.570801904283443573e+00,8.053399070238268908e-05,-3.681554015753229499e-05,-3.598781924707408959e-05,-3.561026925069351104e-05,-1.151388641385732870e-04,-2.617954156658912623e-01,-2.836026004197213624e+00
-4.322271945897291356e-01,6.704837972624709819e-01,2.069997458867185169e-01,1.900668770917335881e-01,-7.540296462488098594e-01,-4.688838343936499453e-01,1.570801904283443573e+00,8.053399070238268908e-05,-3.681554015753229499e-05,-3.598781924707408959e-05,-3.561026925069351104e-05,-1.151388641385732870e-04,-2.617954156658912623e-01,-2.836026004197213624e+00
-4.322402060348234931e-01,6.705112442351363056e-01,2.070326169028978702e-01,1.900668770917335881e-01,-7.540474513834350967e-01,-4.688838343936499453e-01,1.570801904283443573e+00,8.053399070238268908e-05,-3.681554015753229499e-05,-3.598781924707408959e-05,-3.561026925069351104e-05,-1.151388641385732870e-04,-2.617954156658912623e-01,-2.836026004197213624e+00
-4.322402060348234931e-01,6.705386912078017403e-01,2.070654879190772235e-01,1.900498139014030752e-01,-7.540474513834350967e-01,-4.688838343936499453e-01,1.570801904283443573e+00,8.053399070238268908e-05,-3.681554015753229499e-05,-3.598781924707408959e-05,-3.561026925069351104e-05,-1.151388641385732870e-04,-2.617954156658912623e-01,-2.836026004197213624e+00
-4.322532174799179061e-01,6.705935851531327208e-01,2.071421869568290108e-01,1.900498139014030752e-01,-7.540652565180605560e-01,-4.688454547722704646e-01,1.570801904283443573e+00,8.053399070238268908e-05,-3.681554015753229499e-05,-3.598781924707408959e-05,-3.561026925069351104e-05,-1.151388641385732870e-04,-2.617954156658912623e-01,-2.836026004197213624e+00
-4.322532174799179061e-01,6.706118831349096032e-01,2.071750579730083641e-01,1.900327507110725345e-01,-7.540830616526859043e-01,-4.688454547722704646e-01,1.570801904283443573e+00,8.053399070238268908e-05,-3.681554015753229499e-05,-3.598781924707408959e-05,-3.561026925069351104e-05,-1.151388641385732870e-04,-2.617954156658912623e-01,-2.836026004197213624e+00
-4.322532174799179061e-01,6.706393301075750379e-01,2.072188859945808259e-01,1.900327507110725345e-01,-7.540830616526859043e-01,-4.688454547722704646e-01,1.570801904283443573e+00,8.053399070238268908e-05,-3.681554015753229499e-05,-3.598781924707408959e-05,-3.561026925069351104e-05,-1.151388641385732870e-04,-2.617954156658912623e-01,-2.836026004197213624e+00
-4.322662289250122636e-01,6.706942240529060184e-01,2.072955850323326132e-01,1.900327507110725345e-01,-7.541186719219364898e-01,-4.688070751508909284e-01,1.570801904283443573e+00,8.053399070238268908e-05,-3.681554015753229499e-05,-3.598781924707408959e-05,-3.561026925069351104e-05,-1.151388641385732870e-04,-2.617954156658912623e-01,-2.836026004197213624e+00
-4.322662289250122636e-01,6.707216710255714531e-01,2.073284560485119665e-01,1.900156875207420215e-01,-7.541186719219364898e-01,-4.688070751508909284e-01,1.570801904283443573e+00,8.053399070238268908e-05,-3.681554015753229499e-05,-3.598781924707408959e-05,-3.561026925069351104e-05,-1.151388641385732870e-04,-2.617954156658912623e-01,-2.836026004197213624e+00
-4.322662289250122636e-01,6.707491179982369989e-01,2.073722840700844006e-01,1.900156875207420215e-01,-7.541364770565619491e-01,-4.688070751508909284e-01,1.570801904283443573e+00,8.053399070238268908e-05,-3.681554015753229499e-05,-3.598781924707408959e-05,-3.561026925069351104e-05,-1.151388641385732870e-04,-2.617954156658912623e-01,-2.836026004197213624e+00
-4.322792403701066211e-01,6.707948629526793161e-01,2.074380261024431071e-01,1.900156875207420215e-01,-7.541720873258126456e-01,-4.688070751508909284e-01,1.570801904283443573e+00,8.053399070238268908e-05,-3.681554015753229499e-05,-3.598781924707408959e-05,-3.561026925069351104e-05,-1.151388641385732870e-04,-2.617954156658912623e-01,-2.836026004197213624e+00
-4.322792403701066211e-01,6.708223099253447508e-01,2.074708971186224327e-01,1.899986243304114808e-01,-7.541720873258126456e-01,-4.688070751508909284e-01,1.570801904283443573e+00,8.053399070238268908e-05,-3.681554015753229499e-05,-3.598781924707408959e-05,-3.561026925069351104e-05,-1.151388641385732870e-04,-2.617954156658912623e-01,-2.836026004197213624e+00
-4.322922518152009785e-01,6.708772038706757312e-01,2.075475961563742477e-01,1.899986243304114808e-01,-7.541898924604378829e-01,-4.687686955295113922e-01,1.570801904283443573e+00,8.053399070238268908e-05,-3.681554015753229499e-05,-3.598781924707408959e-05,-3.561026925069351104e-05,-1.151388641385732870e-04,-2.617954156658912623e-01,-2.836026004197213624e+00
-4.322922518152009785e-01,6.708955018524526137e-01,2.075804671725535733e-01,1.899986243304114808e-01,-7.542076975950633422e-01,-4.687686955295113922e-01,1.570801904283443573e+00,8.053399070238268908e-05,-3.681554015753229499e-05,-3.598781924707408959e-05,-3.561026925069351104e-05,-1.151388641385732870e-04,-2.617954156658912623e-01,-2.836026004197213624e+00
-4.323052632602953360e-01,6.709503957977835942e-01,2.076571662103053884e-01,1.899815611400809401e-01,-7.542255027296886905e-01,-4.687686955295113922e-01,1.570801904283443573e+00,8.053399070238268908e-05,-3.681554015753229499e-05,-3.598781924707408959e-05,-3.561026925069351104e-05,-1.151388641385732870e-04,-2.617954156658912623e-01,-2.836026004197213624e+00
-4.323052632602953360e-01,6.709778427704490289e-01,2.077009942318778224e-01,1.899815611400809401e-01,-7.542433078643139277e-01,-4.687303159081318560e-01,1.570801904283443573e+00,8.053399070238268908e-05,-3.681554015753229499e-05,-3.598781924707408959e-05,-3.561026925069351104e-05,-1.151388641385732870e-04,-2.617954156658912623e-01,-2.836026004197213624e+00
-4.323052632602953360e-01,6.710052897431143526e-01,2.077338652480571757e-01,1.899815611400809401e-01,-7.542611129989392760e-01,-4.686919362867523753e-01,1.570801904283443573e+00,8.053399070238268908e-05,-3.681554015753229499e-05,-3.598781924707408959e-05,-3.561026925069351104e-05,-1.151388641385732870e-04,-2.617954156658912623e-01,-2.836026004197213624e+00
-4.323182747053896935e-01,6.710235877248913461e-01,2.077776932696296652e-01,1.899644979497504549e-01,-7.542611129989392760e-01,-4.686919362867523753e-01,1.570801904283443573e+00,8.053399070238268908e-05,-3.681554015753229499e-05,-3.598781924707408959e-05,-3.561026925069351104e-05,-1.151388641385732870e-04,-2.617954156658912623e-01,-2.836026004197213624e+00
-4.323182747053896935e-01,6.710510346975568918e-01,2.078105642858089630e-01,1.899644979497504549e-01,-7.542789181335647353e-01,-4.686919362867523753e-01,1.570801904283443573e+00,8.053399070238268908e-05,-3.681554015753229499e-05,-3.598781924707408959e-05,-3.561026925069351104e-05,-1.151388641385732870e-04,-2.617954156658912623e-01,-2.836026004197213624e+00
-4.323312861504841065e-01,6.711059286428876502e-01,2.078872633235608058e-01,1.899644979497504549e-01,-7.542967232681900835e-01,-4.686919362867523753e-01,1.570801904283443573e+00,8.053399070238268908e-05,-3.681554015753229499e-05,-3.598781924707408959e-05,-3.561026925069351104e-05,-1.151388641385732870e-04,-2.617954156658912623e-01,-2.836026004197213624e+00
-4.323312861504841065e-01,6.711333756155531960e-01,2.079310913451332399e-01,1.899474347594199142e-01,-7.543145284028153208e-01,-4.686919362867523753e-01,1.570801904283443573e+00,8.053399070238268908e-05,-3.681554015753229499e-05,-3.598781924707408959e-05,-3.561026925069351104e-05,-1.151388641385732870e-04,-2.617954156658912623e-01,-2.836026004197213624e+00
-4.323312861504841065e-01,6.711608225882186307e-01,2.079639623613125932e-01,1.899474347594199142e-01,-7.543145284028153208e-01,-4.686535566653728391e-01,1.570801904283443573e+00,8.053399070238268908e-05,-3.681554015753229499e-05,-3.598781924707408959e-05,-3.561026925069351104e-05,-1.151388641385732870e-04,-2.617954156658912623e-01,-2.836026004197213624e+00
-4.323312861504841065e-01,6.711882695608840654e-01,2.080077903828850550e-01,1.899474347594199142e-01,-7.543323335374406691e-01,-4.686535566653728391e-01,1.570801904283443573e+00,8.053399070238268908e-05,-3.681554015753229499e-05,-3.598781924707408959e-05,-3.561026925069351104e-05,-1.151388641385732870e-04,-2.617954156658912623e-01,-2.836026004197213624e+00
-4.323442975955784640e-01,6.712157165335496112e-01,2.080406613990644082e-01,1.899474347594199142e-01,-7.543323335374406691e-01,-4.686535566653728391e-01,1.570801904283443573e+00,8.053399070238268908e-05,-3.681554015753229499e-05,-3.598781924707408959e-05,-3.561026925069351104e-05,-1.151388641385732870e-04,-2.617954156658912623e-01,-2.836026004197213624e+00
-4.323573090406728214e-01,6.712889084606573631e-01,2.081611884583886296e-01,1.899303715690894012e-01,-7.543679438066914766e-01,-4.686151770439933029e-01,1.570801904283443573e+00,8.053399070238268908e-05,-3.681554015753229499e-05,-3.598781924707408959e-05,-3.561026925069351104e-05,-1.151388641385732870e-04,-2.617954156658912623e-01,-2.836026004197213624e+00
-4.323573090406728214e-01,6.713163554333229088e-01,2.081940594745679829e-01,1.899303715690894012e-01,-7.543857489413167139e-01,-4.686151770439933029e-01,1.570801904283443573e+00,8.053399070238268908e-05,-3.681554015753229499e-05,-3.598781924707408959e-05,-3.561026925069351104e-05,-1.151388641385732870e-04,-2.617954156658912623e-01,-2.836026004197213624e+00
-4.323573090406728214e-01,6.713438024059883436e-01,2.082378874961404724e-01,1.899133083787588605e-01,-7.543857489413167139e-01,-4.686151770439933029e-01,1.570801904283443573e+00,8.053399070238268908e-05,-3.681554015753229499e-05,-3.598781924707408959e-05,-3.561026925069351104e-05,-1.151388641385732870e-04,-2.617954156658912623e-01,-2.836026004197213624e+00
-4.323573090406728214e-01,6.713712493786536673e-01,2.082707585123197980e-01,1.899133083787588605e-01,-7.544035540759420622e-01,-4.686151770439933029e-01,1.570801904283443573e+00,8.053399070238268908e-05,-3.681554015753229499e-05,-3.598781924707408959e-05,-3.561026925069351104e-05,-1.151388641385732870e-04,-2.617954156658912623e-01,-2.836026004197213624e+00
-4.323703204857671789e-01,6.713895473604306607e-01,2.083036295284991235e-01,1.899133083787588605e-01,-7.544035540759420622e-01,-4.686151770439933029e-01,1.570801904283443573e+00,8.053399070238268908e-05,-3.681554015753229499e-05,-3.598781924707408959e-05,-3.561026925069351104e-05,-1.151388641385732870e-04,-2.617954156658912623e-01,-2.836026004197213624e+00
-4.323703204857671789e-01,6.714169943330962065e-01,2.083474575500716131e-01,1.899133083787588605e-01,-7.544213592105675215e-01,-4.686151770439933029e-01,1.570801904283443573e+00,8.053399070238268908e-05,-3.681554015753229499e-05,-3.598781924707408959e-05,-3.561026925069351104e-05,-1.151388641385732870e-04,-2.617954156658912623e-01,-2.836026004197213624e+00
-4.323833319308615364e-01,6.714718882784269649e-01,2.084131995824302641e-01,1.898962451884283198e-01,-7.544391643451928697e-01,-4.685767974226137667e-01,1.570801904283443573e+00,8.053399070238268908e-05,-3.681554015753229499e-05,-3.598781924707408959e-05,-3.561026925069351104e-05,-1.151388641385732870e-04,-2.617954156658912623e-01,-2.836026004197213624e+00
-4.323833319308615364e-01,6.714993352510925106e-01,2.084570276040027537e-01,1.898962451884283198e-01,-7.544569694798181070e-01,-4.685767974226137667e-01,1.570801904283443573e+00,8.053399070238268908e-05,-3.681554015753229499e-05,-3.598781924707408959e-05,-3.561026925069351104e-05,-1.151388641385732870e-04,-2.617954156658912623e-01,-2.836026004197213624e+00
-4.323833319308615364e-01,6.715267822237579454e-01,2.084898986201821069e-01,1.898962451884283198e-01,-7.544747746144434553e-01,-4.685767974226137667e-01,1.570801904283443573e+00,8.053399070238268908e-05,-3.681554015753229499e-05,-3.598781924707408959e-05,-3.561026925069351104e-05,-1.151388641385732870e-04,-2.617954156658912623e-01,-2.836026004197213624e+00
-4.323963433759558939e-01,6.715725271782003736e-01,2.085665976579338943e-01,1.898791819980978068e-01,-7.544925797490689146e-01,-4.685767974226137667e-01,1.570801904283443573e+00,8.053399070238268908e-05,-3.681554015753229499e-05,-3.598781924707408959e-05,-3.561026925069351104e-05,-1.151388641385732870e-04,-2.617954156658912623e-01,-2.836026004197213624e+00
-4.323963433759558939e-01,6.715999741508658083e-01,2.085994686741132476e-01,1.898791819980978068e-01,-7.545103848836941518e-01,-4.685384178012342860e-01,1.570801904283443573e+00,8.053399070238268908e-05,-3.681554015753229499e-05,-3.598781924707408959e-05,-3.561026925069351104e-05,-1.151388641385732870e-04,-2.617954156658912623e-01,-2.836026004197213624e+00
-4.323963433759558939e-01,6.716274211235312430e-01,2.086323396902925731e-01,1.898791819980978068e-01,-7.545281900183195001e-01,-4.685384178012342860e-01,1.570801904283443573e+00,8.053399070238268908e-05,-3.681554015753229499e-05,-3.598781924707408959e-05,-3.561026925069351104e-05,-1.151388641385732870e-04,-2.617954156658912623e-01,-2.836026004197213624e+00
-4.324093548210503068e-01,6.716823150688622235e-01,2.087090387280443882e-01,1.898621188077672661e-01,-7.545459951529448483e-01,-4.685384178012342860e-01,1.570801904283443573e+00,8.053399070238268908e-05,-3.681554015753229499e-05,-3.598781924707408959e-05,-3.561026925069351104e-05,-1.151388641385732870e-04,-2.617954156658912623e-01,-2.836026004197213624e+00
-4.324093548210503068e-01,6.717097620415276582e-01,2.087528667496168222e-01,1.898621188077672661e-01,-7.545638002875703076e-01,-4.685384178012342860e-01,1.570801904283443573e+00,8.053399070238268908e-05,-3.681554015753229499e-05,-3.598781924707408959e-05,-3.561026925069351104e-05,-1.151388641385732870e-04,-2.617954156658912623e-01,-2.836026004197213624e+00
-4.324093548210503068e-01,6.717372090141929819e-01,2.087857377657961755e-01,1.898621188077672661e-01,-7.545638002875703076e-01,-4.685384178012342860e-01,1.570801904283443573e+00,8.053399070238268908e-05,-3.681554015753229499e-05,-3.598781924707408959e-05,-3.561026925069351104e-05,-1.151388641385732870e-04,-2.617954156658912623e-01,-2.836026004197213624e+00
-4.324223662661446643e-01,6.717555069959699754e-01,2.088295657873686373e-01,1.898450556174367254e-01,-7.545816054221955449e-01,-4.684616585584752135e-01,1.570801904283443573e+00,8.053399070238268908e-05,-3.681554015753229499e-05,-3.598781924707408959e-05,-3.561026925069351104e-05,-1.151388641385732870e-04,-2.617954156658912623e-01,-2.836026004197213624e+00
-4.324223662661446643e-01,6.718104009413009559e-01,2.089062648251204246e-01,1.898450556174367254e-01,-7.545994105568208932e-01,-4.684616585584752135e-01,1.570801904283443573e+00,8.053399070238268908e-05,-3.681554015753229499e-05,-3.598781924707408959e-05,-3.561026925069351104e-05,-1.151388641385732870e-04,-2.617954156658912623e-01,-2.836026004197213624e+00
-4.324353777112390218e-01,6.718378479139663906e-01,2.089391358412997779e-01,1.898450556174367254e-01,-7.546172156914462414e-01,-4.684616585584752135e-01,1.570801904283443573e+00,8.053399070238268908e-05,-3.681554015753229499e-05,-3.598781924707408959e-05,-3.561026925069351104e-05,-1.151388641385732870e-04,-2.617954156658912623e-01,-2.836026004197213624e+00
-4.324353777112390218e-01,6.718652948866318253e-01,2.089829638628722119e-01,1.898279924271062402e-01,-7.546172156914462414e-01,-4.684616585584752135e-01,1.570801904283443573e+00,8.053399070238268908e-05,-3.681554015753229499e-05,-3.598781924707408959e-05,-3.561026925069351104e-05,-1.151388641385732870e-04,-2.617954156658912623e-01,-2.836026004197213624e+00
-4.324353777112390218e-01,6.718927418592972600e-01,2.090158348790515652e-01,1.898279924271062402e-01,-7.546350208260717007e-01,-4.684616585584752135e-01,1.570801904283443573e+00,8.053399070238268908e-05,-3.681554015753229499e-05,-3.598781924707408959e-05,-3.561026925069351104e-05,-1.151388641385732870e-04,-2.617954156658912623e-01,-2.836026004197213624e+00
-4.324483891563333793e-01,6.719476358046281295e-01,2.090925339168034081e-01,1.898279924271062402e-01,-7.546528259606969380e-01,-4.684232789370956773e-01,1.570801904283443573e+00,8.053399070238268908e-05,-3.681554015753229499e-05,-3.598781924707408959e-05,-3.561026925069351104e-05,-1.151388641385732870e-04,-2.617954156658912623e-01,-2.836026004197213624e+00
-4.324483891563333793e-01,6.719750827772936752e-01,2.091363619383758421e-01,1.898109292367756995e-01,-7.546706310953222863e-01,-4.684232789370956773e-01,1.570801904283443573e+00,8.053399070238268908e-05,-3.681554015753229499e-05,-3.598781924707408959e-05,-3.561026925069351104e-05,-1.151388641385732870e-04,-2.617954156658912623e-01,-2.836026004197213624e+00
-4.324614006014277368e-01,6.720208277317359924e-01,2.092130609761276572e-01,1.898109292367756995e-01,-7.546884362299476345e-01,-4.684232789370956773e-01,1.570801904283443573e+00,8.053399070238268908e-05,-3.681554015753229499e-05,-3.598781924707408959e-05,-3.561026925069351104e-05,-1.151388641385732870e-04,-2.617954156658912623e-01,-2.836026004197213624e+00
-4.324614006014277368e-01,6.720482747044015381e-01,2.092459319923069827e-01,1.898109292367756995e-01,-7.546884362299476345e-01,-4.684232789370956773e-01,1.570801904283443573e+00,8.053399070238268908e-05,-3.681554015753229499e-05,-3.598781924707408959e-05,-3.561026925069351104e-05,-1.151388641385732870e-04,-2.617954156658912623e-01,-2.836026004197213624e+00
-4.324614006014277368e-01,6.721031686497324076e-01,2.093226310300587978e-01,1.897938660464451865e-01,-7.547240464991983311e-01,-4.683848993157161966e-01,1.570801904283443573e+00,8.053399070238268908e-05,-3.681554015753229499e-05,-3.598781924707408959e-05,-3.561026925069351104e-05,-1.151388641385732870e-04,-2.617954156658912623e-01,-2.836026004197213624e+00
-4.324744120465220942e-01,6.721306156223977313e-01,2.093555020462381233e-01,1.897938660464451865e-01,-7.547240464991983311e-01,-4.683848993157161966e-01,1.570801904283443573e+00,8.053399070238268908e-05,-3.681554015753229499e-05,-3.598781924707408959e-05,-3.561026925069351104e-05,-1.151388641385732870e-04,-2.617954156658912623e-01,-2.836026004197213624e+00
-4.324744120465220942e-01,6.721580625950632770e-01,2.093993300678105851e-01,1.897938660464451865e-01,-7.547418516338236794e-01,-4.683848993157161966e-01,1.570801904283443573e+00,8.053399070238268908e-05,-3.681554015753229499e-05,-3.598781924707408959e-05,-3.561026925069351104e-05,-1.151388641385732870e-04,-2.617954156658912623e-01,-2.836026004197213624e+00
-4.324744120465220942e-01,6.721763605768402705e-01,2.094431580893830469e-01,1.897768028561146458e-01,-7.547596567684490276e-01,-4.683848993157161966e-01,1.570801904283443573e+00,8.053399070238268908e-05,-3.681554015753229499e-05,-3.598781924707408959e-05,-3.561026925069351104e-05,-1.151388641385732870e-04,-2.617954156658912623e-01,-2.836026004197213624e+00
-4.324874234916164517e-01,6.722312545221710289e-01,2.095089001217417257e-01,1.897768028561146458e-01,-7.547774619030743759e-01,-4.683465196943366049e-01,1.570801904283443573e+00,8.053399070238268908e-05,-3.681554015753229499e-05,-3.598781924707408959e-05,-3.561026925069351104e-05,-1.151388641385732870e-04,-2.617954156658912623e-01,-2.836026004197213624e+00
-4.324874234916164517e-01,6.722861484675020094e-01,2.095855991594935130e-01,1.897768028561146458e-01,-7.547952670376997242e-01,-4.683465196943366049e-01,1.570801904283443573e+00,8.053399070238268908e-05,-3.681554015753229499e-05,-3.598781924707408959e-05,-3.561026925069351104e-05,-1.151388641385732870e-04,-2.617954156658912623e-01,-2.836026004197213624e+00
-4.324874234916164517e-01,6.723135954401674441e-01,2.096294271810660026e-01,1.897597396657841051e-01,-7.548130721723250725e-01,-4.683465196943366049e-01,1.570801904283443573e+00,8.053399070238268908e-05,-3.681554015753229499e-05,-3.598781924707408959e-05,-3.561026925069351104e-05,-1.151388641385732870e-04,-2.617954156658912623e-01,-2.836026004197213624e+00
-4.325004349367108647e-01,6.723410424128329899e-01,2.096622981972453559e-01,1.897597396657841051e-01,-7.548130721723250725e-01,-4.683465196943366049e-01,1.570801904283443573e+00,8.053399070238268908e-05,-3.681554015753229499e-05,-3.598781924707408959e-05,-3.561026925069351104e-05,-1.151388641385732870e-04,-2.617954156658912623e-01,-2.836026004197213624e+00
-4.325004349367108647e-01,6.723684893854984246e-01,2.097061262188177899e-01,1.897597396657841051e-01,-7.548308773069504207e-01,-4.683465196943366049e-01,1.570801904283443573e+00,8.053399070238268908e-05,-3.681554015753229499e-05,-3.598781924707408959e-05,-3.561026925069351104e-05,-1.151388641385732870e-04,-2.617954156658912623e-01,-2.836026004197213624e+00
-4.325004349367108647e-01,6.723959363581637483e-01,2.097389972349971432e-01,1.897597396657841051e-01,-7.548486824415757690e-01,-4.683081400729571242e-01,1.570801904283443573e+00,8.053399070238268908e-05,-3.681554015753229499e-05,-3.598781924707408959e-05,-3.561026925069351104e-05,-1.151388641385732870e-04,-2.617954156658912623e-01,-2.836026004197213624e+00
-4.325004349367108647e-01,6.724416813126062875e-01,2.098156962727489305e-01,1.897426764754535922e-01,-7.548664875762011173e-01,-4.683081400729571242e-01,1.570801904283443573e+00,8.053399070238268908e-05,-3.681554015753229499e-05,-3.598781924707408959e-05,-3.561026925069351104e-05,-1.151388641385732870e-04,-2.617954156658912623e-01,-2.836026004197213624e+00
-4.325134463818052222e-01,6.724965752579370459e-01,2.098923953105007456e-01,1.897426764754535922e-01,-7.548842927108264655e-01,-4.683081400729571242e-01,1.570801904283443573e+00,8.053399070238268908e-05,-3.681554015753229499e-05,-3.598781924707408959e-05,-3.561026925069351104e-05,-1.151388641385732870e-04,-2.617954156658912623e-01,-2.836026004197213624e+00
-4.325134463818052222e-01,6.725240222306025917e-01,2.099362233320731796e-01,1.897426764754535922e-01,-7.549020978454518138e-01,-4.683081400729571242e-01,1.570801904283443573e+00,8.053399070238268908e-05,-3.681554015753229499e-05,-3.598781924707408959e-05,-3.561026925069351104e-05,-1.151388641385732870e-04,-2.617954156658912623e-01,-2.836026004197213624e+00
-4.325264578268995797e-01,6.725789161759334611e-01,2.100019653644318862e-01,1.897256132851230515e-01,-7.549199029800771621e-01,-4.682313808301980518e-01,1.570801904283443573e+00,8.053399070238268908e-05,-3.681554015753229499e-05,-3.598781924707408959e-05,-3.561026925069351104e-05,-1.151388641385732870e-04,-2.617954156658912623e-01,-2.836026004197213624e+00
-4.325264578268995797e-01,6.726063631485990069e-01,2.100457933860043203e-01,1.897256132851230515e-01,-7.549377081147025104e-01,-4.682313808301980518e-01,1.570801904283443573e+00,8.053399070238268908e-05,-3.681554015753229499e-05,-3.598781924707408959e-05,-3.561026925069351104e-05,-1.151388641385732870e-04,-2.617954156658912623e-01,-2.836026004197213624e+00
-4.325264578268995797e-01,6.726338101212644416e-01,2.100786644021836735e-01,1.897256132851230515e-01,-7.549377081147025104e-01,-4.682313808301980518e-01,1.570801904283443573e+00,8.053399070238268908e-05,-3.681554015753229499e-05,-3.598781924707408959e-05,-3.561026925069351104e-05,-1.151388641385732870e-04,-2.617954156658912623e-01,-2.836026004197213624e+00
-4.325264578268995797e-01,6.726521081030413240e-01,2.101224924237561631e-01,1.897085500947925663e-01,-7.549555132493278586e-01,-4.682313808301980518e-01,1.570801904283443573e+00,8.053399070238268908e-05,-3.681554015753229499e-05,-3.598781924707408959e-05,-3.561026925069351104e-05,-1.151388641385732870e-04,-2.617954156658912623e-01,-2.836026004197213624e+00
-4.325394692719939371e-01,6.727070020483723045e-01,2.101991914615079504e-01,1.897085500947925663e-01,-7.549733183839530959e-01,-4.682313808301980518e-01,1.570801904283443573e+00,8.053399070238268908e-05,-3.681554015753229499e-05,-3.598781924707408959e-05,-3.561026925069351104e-05,-1.151388641385732870e-04,-2.617954156658912623e-01,-2.836026004197213624e+00
-4.325394692719939371e-01,6.727344490210377392e-01,2.102320624776873037e-01,1.897085500947925663e-01,-7.549911235185785552e-01,-4.681930012088185156e-01,1.570801904283443573e+00,8.053399070238268908e-05,-3.681554015753229499e-05,-3.598781924707408959e-05,-3.561026925069351104e-05,-1.151388641385732870e-04,-2.617954156658912623e-01,-2.836026004197213624e+00
-4.325394692719939371e-01,6.727618959937030629e-01,2.102758904992597377e-01,1.897085500947925663e-01,-7.550089286532039035e-01,-4.681930012088185156e-01,1.570801904283443573e+00,8.053399070238268908e-05,-3.681554015753229499e-05,-3.598781924707408959e-05,-3.561026925069351104e-05,-1.151388641385732870e-04,-2.617954156658912623e-01,-2.836026004197213624e+00
-4.325394692719939371e-01,6.727893429663686087e-01,2.103087615154390910e-01,1.896914869044620255e-01,-7.550267337878292517e-01,-4.681930012088185156e-01,1.570801904283443573e+00,8.053399070238268908e-05,-3.681554015753229499e-05,-3.598781924707408959e-05,-3.561026925069351104e-05,-1.151388641385732870e-04,-2.617954156658912623e-01,-2.836026004197213624e+00
-4.325394692719939371e-01,6.728167899390340434e-01,2.103525895370115528e-01,1.896914869044620255e-01,-7.550267337878292517e-01,-4.681930012088185156e-01,1.570801904283443573e+00,8.053399070238268908e-05,-3.681554015753229499e-05,-3.598781924707408959e-05,-3.561026925069351104e-05,-1.151388641385732870e-04,-2.617954156658912623e-01,-2.836026004197213624e+00
-4.325524807170882946e-01,6.728442369116994781e-01,2.103854605531909061e-01,1.896914869044620255e-01,-7.550445389224547110e-01,-4.681930012088185156e-01,1.570801904283443573e+00,8.053399070238268908e-05,-3.681554015753229499e-05,-3.598781924707408959e-05,-3.561026925069351104e-05,-1.151388641385732870e-04,-2.617954156658912623e-01,-2.836026004197213624e+00
-4.325524807170882946e-01,6.728625348934763606e-01,2.104292885747633401e-01,1.896914869044620255e-01,-7.550623440570799483e-01,-4.681930012088185156e-01,1.570801904283443573e+00,8.053399070238268908e-05,-3.681554015753229499e-05,-3.598781924707408959e-05,-3.561026925069351104e-05,-1.151388641385732870e-04,-2.617954156658912623e-01,-2.836026004197213624e+00
-4.325524807170882946e-01,6.729174288388073411e-01,2.105059876125151552e-01,1.896744237141314848e-01,-7.550801491917052966e-01,-4.681546215874390349e-01,1.570801904283443573e+00,8.053399070238268908e-05,-3.681554015753229499e-05,-3.598781924707408959e-05,-3.561026925069351104e-05,-1.151388641385732870e-04,-2.617954156658912623e-01,-2.836026004197213624e+00
-4.325524807170882946e-01,6.729448758114727758e-01,2.105388586286944808e-01,1.896744237141314848e-01,-7.550801491917052966e-01,-4.681546215874390349e-01,1.570801904283443573e+00,8.053399070238268908e-05,-3.681554015753229499e-05,-3.598781924707408959e-05,-3.561026925069351104e-05,-1.151388641385732870e-04,-2.617954156658912623e-01,-2.836026004197213624e+00
-4.325654921621826521e-01,6.729723227841383215e-01,2.105826866502669426e-01,1.896744237141314848e-01,-7.550979543263306448e-01,-4.681546215874390349e-01,1.570801904283443573e+00,8.053399070238268908e-05,-3.681554015753229499e-05,-3.598781924707408959e-05,-3.561026925069351104e-05,-1.151388641385732870e-04,-2.617954156658912623e-01,-2.836026004197213624e+00
-4.325654921621826521e-01,6.730272167294690799e-01,2.106593856880187576e-01,1.896573605238009719e-01,-7.551157594609559931e-01,-4.681546215874390349e-01,1.570801904283443573e+00,8.053399070238268908e-05,-3.681554015753229499e-05,-3.598781924707408959e-05,-3.561026925069351104e-05,-1.151388641385732870e-04,-2.617954156658912623e-01,-2.836026004197213624e+00
-4.325654921621826521e-01,6.730455147112460734e-01,2.107032137095912194e-01,1.896573605238009719e-01,-7.551335645955813414e-01,-4.681546215874390349e-01,1.570801904283443573e+00,8.053399070238268908e-05,-3.681554015753229499e-05,-3.598781924707408959e-05,-3.561026925069351104e-05,-1.151388641385732870e-04,-2.617954156658912623e-01,-2.836026004197213624e+00
-4.325654921621826521e-01,6.730729616839116192e-01,2.107360847257705727e-01,1.896573605238009719e-01,-7.551335645955813414e-01,-4.681546215874390349e-01,1.570801904283443573e+00,8.053399070238268908e-05,-3.681554015753229499e-05,-3.598781924707408959e-05,-3.561026925069351104e-05,-1.151388641385732870e-04,-2.617954156658912623e-01,-2.836026004197213624e+00
-4.325654921621826521e-01,6.731004086565770539e-01,2.107799127473430068e-01,1.896573605238009719e-01,-7.551513697302066896e-01,-4.681162419660594431e-01,1.570801904283443573e+00,8.053399070238268908e-05,-3.681554015753229499e-05,-3.598781924707408959e-05,-3.561026925069351104e-05,-1.151388641385732870e-04,-2.617954156658912623e-01,-2.836026004197213624e+00
-4.325785036072770651e-01,6.731553026019079233e-01,2.108566117850948218e-01,1.896402973334704312e-01,-7.551691748648320379e-01,-4.681162419660594431e-01,1.570801904283443573e+00,8.053399070238268908e-05,-3.681554015753229499e-05,-3.598781924707408959e-05,-3.561026925069351104e-05,-1.151388641385732870e-04,-2.617954156658912623e-01,-2.836026004197213624e+00
-4.325785036072770651e-01,6.731827495745733581e-01,2.109004398066672559e-01,1.896402973334704312e-01,-7.551869799994573862e-01,-4.681162419660594431e-01,1.570801904283443573e+00,8.053399070238268908e-05,-3.681554015753229499e-05,-3.598781924707408959e-05,-3.561026925069351104e-05,-1.151388641385732870e-04,-2.617954156658912623e-01,-2.836026004197213624e+00
-4.325785036072770651e-01,6.732101965472387928e-01,2.109333108228466092e-01,1.896402973334704312e-01,-7.552047851340827345e-01,-4.681162419660594431e-01,1.570801904283443573e+00,8.053399070238268908e-05,-3.681554015753229499e-05,-3.598781924707408959e-05,-3.561026925069351104e-05,-1.151388641385732870e-04,-2.617954156658912623e-01,-2.836026004197213624e+00
-4.325915150523714225e-01,6.732650904925697732e-01,2.110209668659915327e-01,1.896402973334704312e-01,-7.552225902687080827e-01,-4.681162419660594431e-01,1.570801904283443573e+00,8.053399070238268908e-05,-3.681554015753229499e-05,-3.598781924707408959e-05,-3.561026925069351104e-05,-1.151388641385732870e-04,-2.617954156658912623e-01,-2.836026004197213624e+00
-4.325915150523714225e-01,6.732833884743466557e-01,2.110538378821708860e-01,1.896232341431399182e-01,-7.552225902687080827e-01,-4.680778623446799624e-01,1.570801904283443573e+00,8.053399070238268908e-05,-3.681554015753229499e-05,-3.598781924707408959e-05,-3.561026925069351104e-05,-1.151388641385732870e-04,-2.617954156658912623e-01,-2.836026004197213624e+00
-4.325915150523714225e-01,6.733382824196776362e-01,2.111305369199226734e-01,1.896232341431399182e-01,-7.552582005379587793e-01,-4.680394827233004262e-01,1.570801904283443573e+00,8.053399070238268908e-05,-3.681554015753229499e-05,-3.598781924707408959e-05,-3.561026925069351104e-05,-1.151388641385732870e-04,-2.617954156658912623e-01,-2.836026004197213624e+00
-4.325915150523714225e-01,6.733657293923430709e-01,2.111743649414951352e-01,1.896232341431399182e-01,-7.552582005379587793e-01,-4.680394827233004262e-01,1.570801904283443573e+00,8.053399070238268908e-05,-3.681554015753229499e-05,-3.598781924707408959e-05,-3.561026925069351104e-05,-1.151388641385732870e-04,-2.617954156658912623e-01,-2.836026004197213624e+00
-4.325915150523714225e-01,6.733931763650085056e-01,2.112072359576744884e-01,1.896232341431399182e-01,-7.552760056725841276e-01,-4.680394827233004262e-01,1.570801904283443573e+00,8.053399070238268908e-05,-3.681554015753229499e-05,-3.598781924707408959e-05,-3.561026925069351104e-05,-1.151388641385732870e-04,-2.617954156658912623e-01,-2.836026004197213624e+00
-4.326045264974657800e-01,6.734206233376738293e-01,2.112510639792469225e-01,1.896061709528093775e-01,-7.552938108072094758e-01,-4.680394827233004262e-01,1.570801904283443573e+00,8.053399070238268908e-05,-3.681554015753229499e-05,-3.598781924707408959e-05,-3.561026925069351104e-05,-1.151388641385732870e-04,-2.617954156658912623e-01,-2.836026004197213624e+00
-4.326045264974657800e-01,6.734755172830048098e-01,2.113277630169987376e-01,1.896061709528093775e-01,-7.553116159418347131e-01,-4.680394827233004262e-01,1.570801904283443573e+00,8.053399070238268908e-05,-3.681554015753229499e-05,-3.598781924707408959e-05,-3.561026925069351104e-05,-1.151388641385732870e-04,-2.617954156658912623e-01,-2.836026004197213624e+00
-4.326045264974657800e-01,6.735029642556702445e-01,2.113606340331780631e-01,1.896061709528093775e-01,-7.553116159418347131e-01,-4.680011031019209455e-01,1.570801904283443573e+00,8.053399070238268908e-05,-3.681554015753229499e-05,-3.598781924707408959e-05,-3.561026925069351104e-05,-1.151388641385732870e-04,-2.617954156658912623e-01,-2.836026004197213624e+00
-4.326175379425601375e-01,6.735487092101126727e-01,2.114373330709299059e-01,1.895891077624788368e-01,-7.553472262110855207e-01,-4.680011031019209455e-01,1.570801904283443573e+00,8.053399070238268908e-05,-3.681554015753229499e-05,-3.598781924707408959e-05,-3.561026925069351104e-05,-1.151388641385732870e-04,-2.617954156658912623e-01,-2.836026004197213624e+00
-4.326175379425601375e-01,6.735761561827781074e-01,2.114702040871092037e-01,1.895891077624788368e-01,-7.553472262110855207e-01,-4.680011031019209455e-01,1.570801904283443573e+00,8.053399070238268908e-05,-3.681554015753229499e-05,-3.598781924707408959e-05,-3.561026925069351104e-05,-1.151388641385732870e-04,-2.617954156658912623e-01,-2.836026004197213624e+00
-4.326175379425601375e-01,6.736036031554435421e-01,2.115140321086816932e-01,1.895891077624788368e-01,-7.553650313457108689e-01,-4.680011031019209455e-01,1.570801904283443573e+00,8.053399070238268908e-05,-3.681554015753229499e-05,-3.598781924707408959e-05,-3.561026925069351104e-05,-1.151388641385732870e-04,-2.617954156658912623e-01,-2.836026004197213624e+00
-4.326175379425601375e-01,6.736310501281090879e-01,2.115578601302541550e-01,1.895891077624788368e-01,-7.553650313457108689e-01,-4.680011031019209455e-01,1.570801904283443573e+00,8.053399070238268908e-05,-3.681554015753229499e-05,-3.598781924707408959e-05,-3.561026925069351104e-05,-1.151388641385732870e-04,-2.617954156658912623e-01,-2.836026004197213624e+00
-4.326175379425601375e-01,6.736859440734398463e-01,2.116345591680059424e-01,1.895720445721483516e-01,-7.553828364803361062e-01,-4.679627234805413538e-01,1.570801904283443573e+00,8.053399070238268908e-05,-3.681554015753229499e-05,-3.598781924707408959e-05,-3.561026925069351104e-05,-1.151388641385732870e-04,-2.617954156658912623e-01,-2.836026004197213624e+00
-4.326305493876544950e-01,6.737133910461053921e-01,2.116674301841852956e-01,1.895720445721483516e-01,-7.554006416149615655e-01,-4.679627234805413538e-01,1.570801904283443573e+00,8.053399070238268908e-05,-3.681554015753229499e-05,-3.598781924707408959e-05,-3.561026925069351104e-05,-1.151388641385732870e-04,-2.617954156658912623e-01,-2.836026004197213624e+00
-4.326305493876544950e-01,6.737682849914362615e-01,2.117441292219370830e-01,1.895720445721483516e-01,-7.554184467495869137e-01,-4.679627234805413538e-01,1.570801904283443573e+00,8.053399070238268908e-05,-3.681554015753229499e-05,-3.598781924707408959e-05,-3.561026925069351104e-05,-1.151388641385732870e-04,-2.617954156658912623e-01,-2.836026004197213624e+00
-4.326305493876544950e-01,6.737957319641018072e-01,2.117879572435095448e-01,1.895549813818178109e-01,-7.554362518842122620e-01,-4.679627234805413538e-01,1.570801904283443573e+00,8.053399070238268908e-05,-3.681554015753229499e-05,-3.598781924707408959e-05,-3.561026925069351104e-05,-1.151388641385732870e-04,-2.617954156658912623e-01,-2.836026004197213624e+00
-4.326305493876544950e-01,6.738231789367671309e-01,2.118208282596888703e-01,1.895549813818178109e-01,-7.554362518842122620e-01,-4.679627234805413538e-01,1.570801904283443573e+00,8.053399070238268908e-05,-3.681554015753229499e-05,-3.598781924707408959e-05,-3.561026925069351104e-05,-1.151388641385732870e-04,-2.617954156658912623e-01,-2.836026004197213624e+00
-4.326435608327488525e-01,6.738506259094325657e-01,2.118646562812613321e-01,1.895549813818178109e-01,-7.554540570188374993e-01,-4.679627234805413538e-01,1.570801904283443573e+00,8.053399070238268908e-05,-3.681554015753229499e-05,-3.598781924707408959e-05,-3.561026925069351104e-05,-1.151388641385732870e-04,-2.617954156658912623e-01,-2.836026004197213624e+00
-4.326435608327488525e-01,6.738963708638751049e-01,2.119413553190131472e-01,1.895549813818178109e-01,-7.554718621534629586e-01,-4.679243438591618731e-01,1.570801904283443573e+00,8.053399070238268908e-05,-3.681554015753229499e-05,-3.598781924707408959e-05,-3.561026925069351104e-05,-1.151388641385732870e-04,-2.617954156658912623e-01,-2.836026004197213624e+00
-4.326435608327488525e-01,6.739238178365405396e-01,2.119742263351925005e-01,1.895379181914872702e-01,-7.554896672880883068e-01,-4.679243438591618731e-01,1.570801904283443573e+00,8.053399070238268908e-05,-3.681554015753229499e-05,-3.598781924707408959e-05,-3.561026925069351104e-05,-1.151388641385732870e-04,-2.617954156658912623e-01,-2.836026004197213624e+00
-4.326435608327488525e-01,6.739512648092058633e-01,2.120180543567649623e-01,1.895379181914872702e-01,-7.555074724227135441e-01,-4.679243438591618731e-01,1.570801904283443573e+00,8.053399070238268908e-05,-3.681554015753229499e-05,-3.598781924707408959e-05,-3.561026925069351104e-05,-1.151388641385732870e-04,-2.617954156658912623e-01,-2.836026004197213624e+00
-4.326565722778432654e-01,6.740061587545368438e-01,2.120947533945167496e-01,1.895379181914872702e-01,-7.555252775573388924e-01,-4.679243438591618731e-01,1.570801904283443573e+00,8.053399070238268908e-05,-3.681554015753229499e-05,-3.598781924707408959e-05,-3.561026925069351104e-05,-1.151388641385732870e-04,-2.617954156658912623e-01,-2.836026004197213624e+00
-4.326565722778432654e-01,6.740336057272022785e-01,2.121276244106961029e-01,1.895379181914872702e-01,-7.555430826919643517e-01,-4.679243438591618731e-01,1.570801904283443573e+00,8.053399070238268908e-05,-3.681554015753229499e-05,-3.598781924707408959e-05,-3.561026925069351104e-05,-1.151388641385732870e-04,-2.617954156658912623e-01,-2.836026004197213624e+00
-4.326565722778432654e-01,6.740610526998677132e-01,2.121714524322685369e-01,1.895208550011567572e-01,-7.555430826919643517e-01,-4.679243438591618731e-01,1.570801904283443573e+00,8.053399070238268908e-05,-3.681554015753229499e-05,-3.598781924707408959e-05,-3.561026925069351104e-05,-1.151388641385732870e-04,-2.617954156658912623e-01,-2.836026004197213624e+00
-4.326565722778432654e-01,6.740884996725332590e-01,2.122043234484478902e-01,1.895208550011567572e-01,-7.555608878265896999e-01,-4.678859642377823369e-01,1.570801904283443573e+00,8.053399070238268908e-05,-3.681554015753229499e-05,-3.598781924707408959e-05,-3.561026925069351104e-05,-1.151388641385732870e-04,-2.617954156658912623e-01,-2.836026004197213624e+00
-4.326565722778432654e-01,6.741159466451985827e-01,2.122481514700203520e-01,1.895208550011567572e-01,-7.555786929612149372e-01,-4.678859642377823369e-01,1.570801904283443573e+00,8.053399070238268908e-05,-3.681554015753229499e-05,-3.598781924707408959e-05,-3.561026925069351104e-05,-1.151388641385732870e-04,-2.617954156658912623e-01,-2.836026004197213624e+00
-4.326565722778432654e-01,6.741342446269755762e-01,2.122810224861996775e-01,1.895208550011567572e-01,-7.555786929612149372e-01,-4.678859642377823369e-01,1.570801904283443573e+00,8.053399070238268908e-05,-3.681554015753229499e-05,-3.598781924707408959e-05,-3.561026925069351104e-05,-1.151388641385732870e-04,-2.617954156658912623e-01,-2.836026004197213624e+00
-4.326565722778432654e-01,6.741616915996410109e-01,2.123248505077721393e-01,1.895208550011567572e-01,-7.555964980958402855e-01,-4.678475846164028007e-01,1.570801904283443573e+00,8.053399070238268908e-05,-3.681554015753229499e-05,-3.598781924707408959e-05,-3.561026925069351104e-05,-1.151388641385732870e-04,-2.617954156658912623e-01,-2.836026004197213624e+00
-4.326695837229376229e-01,6.742165855449718803e-01,2.124015495455239544e-01,1.895037918108262165e-01,-7.556143032304657448e-01,-4.678475846164028007e-01,1.570801904283443573e+00,8.053399070238268908e-05,-3.681554015753229499e-05,-3.598781924707408959e-05,-3.561026925069351104e-05,-1.151388641385732870e-04,-2.617954156658912623e-01,-2.836026004197213624e+00
-4.326695837229376229e-01,6.742440325176373150e-01,2.124344205617032799e-01,1.895037918108262165e-01,-7.556321083650910930e-01,-4.678475846164028007e-01,1.570801904283443573e+00,8.053399070238268908e-05,-3.681554015753229499e-05,-3.598781924707408959e-05,-3.561026925069351104e-05,-1.151388641385732870e-04,-2.617954156658912623e-01,-2.836026004197213624e+00
-4.326695837229376229e-01,6.742714794903028608e-01,2.124782485832757695e-01,1.895037918108262165e-01,-7.556321083650910930e-01,-4.678475846164028007e-01,1.570801904283443573e+00,8.053399070238268908e-05,-3.681554015753229499e-05,-3.598781924707408959e-05,-3.561026925069351104e-05,-1.151388641385732870e-04,-2.617954156658912623e-01,-2.836026004197213624e+00
-4.326695837229376229e-01,6.742989264629682955e-01,2.125220766048482035e-01,1.895037918108262165e-01,-7.556499134997163303e-01,-4.678475846164028007e-01,1.570801904283443573e+00,8.053399070238268908e-05,-3.681554015753229499e-05,-3.598781924707408959e-05,-3.561026925069351104e-05,-1.151388641385732870e-04,-2.617954156658912623e-01,-2.836026004197213624e+00
-4.326695837229376229e-01,6.743263734356337302e-01,2.125549476210275568e-01,1.894867286204957035e-01,-7.556677186343416786e-01,-4.678092049950232645e-01,1.570801904283443573e+00,8.053399070238268908e-05,-3.681554015753229499e-05,-3.598781924707408959e-05,-3.561026925069351104e-05,-1.151388641385732870e-04,-2.617954156658912623e-01,-2.836026004197213624e+00
-4.326695837229376229e-01,6.743538204082992760e-01,2.125987756426000186e-01,1.894867286204957035e-01,-7.556677186343416786e-01,-4.678092049950232645e-01,1.570801904283443573e+00,8.053399070238268908e-05,-3.681554015753229499e-05,-3.598781924707408959e-05,-3.561026925069351104e-05,-1.151388641385732870e-04,-2.617954156658912623e-01,-2.836026004197213624e+00
-4.326825951680319804e-01,6.744087143536300344e-01,2.126754746803518059e-01,1.894867286204957035e-01,-7.557033289035924861e-01,-4.678092049950232645e-01,1.570801904283443573e+00,8.053399070238268908e-05,-3.681554015753229499e-05,-3.598781924707408959e-05,-3.561026925069351104e-05,-1.151388641385732870e-04,-2.617954156658912623e-01,-2.836026004197213624e+00
-4.326825951680319804e-01,6.744361613262954691e-01,2.127193027019242955e-01,1.894867286204957035e-01,-7.557033289035924861e-01,-4.678092049950232645e-01,1.570801904283443573e+00,8.053399070238268908e-05,-3.681554015753229499e-05,-3.598781924707408959e-05,-3.561026925069351104e-05,-1.151388641385732870e-04,-2.617954156658912623e-01,-2.836026004197213624e+00
-4.326825951680319804e-01,6.744636082989610149e-01,2.127521737181035932e-01,1.894696654301651628e-01,-7.557211340382177234e-01,-4.678092049950232645e-01,1.570801904283443573e+00,8.053399070238268908e-05,-3.681554015753229499e-05,-3.598781924707408959e-05,-3.561026925069351104e-05,-1.151388641385732870e-04,-2.617954156658912623e-01,-2.836026004197213624e+00
-4.326825951680319804e-01,6.744910552716264496e-01,2.127960017396760828e-01,1.894696654301651628e-01,-7.557211340382177234e-01,-4.678092049950232645e-01,1.570801904283443573e+00,8.053399070238268908e-05,-3.681554015753229499e-05,-3.598781924707408959e-05,-3.561026925069351104e-05,-1.151388641385732870e-04,-2.617954156658912623e-01,-2.836026004197213624e+00
-4.326825951680319804e-01,6.745185022442917733e-01,2.128288727558554361e-01,1.894696654301651628e-01,-7.557389391728430716e-01,-4.678092049950232645e-01,1.570801904283443573e+00,8.053399070238268908e-05,-3.681554015753229499e-05,-3.598781924707408959e-05,-3.561026925069351104e-05,-1.151388641385732870e-04,-2.617954156658912623e-01,-2.836026004197213624e+00
-4.326825951680319804e-01,6.745733961896227537e-01,2.129165287990003319e-01,1.894696654301651628e-01,-7.557745494420938792e-01,-4.678092049950232645e-01,1.570801904283443573e+00,8.053399070238268908e-05,-3.681554015753229499e-05,-3.598781924707408959e-05,-3.561026925069351104e-05,-1.151388641385732870e-04,-2.617954156658912623e-01,-2.836026004197213624e+00
-4.326825951680319804e-01,6.746008431622881885e-01,2.129493998151796852e-01,1.894696654301651628e-01,-7.557745494420938792e-01,-4.677708253736437838e-01,1.570801904283443573e+00,8.053399070238268908e-05,-3.681554015753229499e-05,-3.598781924707408959e-05,-3.561026925069351104e-05,-1.151388641385732870e-04,-2.617954156658912623e-01,-2.836026004197213624e+00
-4.326825951680319804e-01,6.746282901349537342e-01,2.129932278367521192e-01,1.894696654301651628e-01,-7.557923545767191165e-01,-4.677708253736437838e-01,1.570801904283443573e+00,8.053399070238268908e-05,-3.681554015753229499e-05,-3.598781924707408959e-05,-3.561026925069351104e-05,-1.151388641385732870e-04,-2.617954156658912623e-01,-2.836026004197213624e+00
-4.326956066131263379e-01,6.746831840802844926e-01,2.130699268745039343e-01,1.894526022398346221e-01,-7.558101597113444647e-01,-4.677708253736437838e-01,1.570801904283443573e+00,8.053399070238268908e-05,-3.681554015753229499e-05,-3.598781924707408959e-05,-3.561026925069351104e-05,-1.151388641385732870e-04,-2.617954156658912623e-01,-2.836026004197213624e+00
-4.326956066131263379e-01,6.747106310529499273e-01,2.131137548960763961e-01,1.894526022398346221e-01,-7.558279648459699240e-01,-4.677708253736437838e-01,1.570801904283443573e+00,8.053399070238268908e-05,-3.681554015753229499e-05,-3.598781924707408959e-05,-3.561026925069351104e-05,-1.151388641385732870e-04,-2.617954156658912623e-01,-2.836026004197213624e+00
-4.326956066131263379e-01,6.747380780256154731e-01,2.131466259122557494e-01,1.894526022398346221e-01,-7.558457699805951613e-01,-4.677708253736437838e-01,1.570801904283443573e+00,8.053399070238268908e-05,-3.681554015753229499e-05,-3.598781924707408959e-05,-3.561026925069351104e-05,-1.151388641385732870e-04,-2.617954156658912623e-01,-2.836026004197213624e+00
-4.326956066131263379e-01,6.747655249982809078e-01,2.131904539338282112e-01,1.894526022398346221e-01,-7.558457699805951613e-01,-4.677708253736437838e-01,1.570801904283443573e+00,8.053399070238268908e-05,-3.681554015753229499e-05,-3.598781924707408959e-05,-3.561026925069351104e-05,-1.151388641385732870e-04,-2.617954156658912623e-01,-2.836026004197213624e+00
-4.326956066131263379e-01,6.747929719709463425e-01,2.132342819554006452e-01,1.894526022398346221e-01,-7.558635751152205096e-01,-4.677708253736437838e-01,1.570801904283443573e+00,8.053399070238268908e-05,-3.681554015753229499e-05,-3.598781924707408959e-05,-3.561026925069351104e-05,-1.151388641385732870e-04,-2.617954156658912623e-01,-2.836026004197213624e+00
-4.326956066131263379e-01,6.748478659162772120e-01,2.133109809931524603e-01,1.894355390495041369e-01,-7.558991853844713171e-01,-4.677708253736437838e-01,1.570801904283443573e+00,8.053399070238268908e-05,-3.681554015753229499e-05,-3.598781924707408959e-05,-3.561026925069351104e-05,-1.151388641385732870e-04,-2.617954156658912623e-01,-2.836026004197213624e+00
-4.326956066131263379e-01,6.748753128889426467e-01,2.133438520093317858e-01,1.894355390495041369e-01,-7.558991853844713171e-01,-4.677708253736437838e-01,1.570801904283443573e+00,8.053399070238268908e-05,-3.681554015753229499e-05,-3.598781924707408959e-05,-3.561026925069351104e-05,-1.151388641385732870e-04,-2.617954156658912623e-01,-2.836026004197213624e+00
-4.326956066131263379e-01,6.749027598616080814e-01,2.133876800309042476e-01,1.894355390495041369e-01,-7.559169905190965544e-01,-4.676940661308847114e-01,1.570801904283443573e+00,8.053399070238268908e-05,-3.681554015753229499e-05,-3.598781924707408959e-05,-3.561026925069351104e-05,-1.151388641385732870e-04,-2.617954156658912623e-01,-2.836026004197213624e+00
-4.326956066131263379e-01,6.749576538069390619e-01,2.134643790686560350e-01,1.894355390495041369e-01,-7.559347956537219027e-01,-4.676940661308847114e-01,1.570801904283443573e+00,8.053399070238268908e-05,-3.681554015753229499e-05,-3.598781924707408959e-05,-3.561026925069351104e-05,-1.151388641385732870e-04,-2.617954156658912623e-01,-2.836026004197213624e+00
-4.326956066131263379e-01,6.749851007796044966e-01,2.135082070902285245e-01,1.894184758591735962e-01,-7.559526007883472509e-01,-4.676940661308847114e-01,1.570801904283443573e+00,8.053399070238268908e-05,-3.681554015753229499e-05,-3.598781924707408959e-05,-3.561026925069351104e-05,-1.151388641385732870e-04,-2.617954156658912623e-01,-2.836026004197213624e+00
-4.326956066131263379e-01,6.750125477522699313e-01,2.135520351118009863e-01,1.894184758591735962e-01,-7.559526007883472509e-01,-4.676940661308847114e-01,1.570801904283443573e+00,8.053399070238268908e-05,-3.681554015753229499e-05,-3.598781924707408959e-05,-3.561026925069351104e-05,-1.151388641385732870e-04,-2.617954156658912623e-01,-2.836026004197213624e+00
-4.327086180582206953e-01,6.750674416976008008e-01,2.136287341495527736e-01,1.894184758591735962e-01,-7.559882110575979475e-01,-4.676940661308847114e-01,1.570801904283443573e+00,8.053399070238268908e-05,-3.681554015753229499e-05,-3.598781924707408959e-05,-3.561026925069351104e-05,-1.151388641385732870e-04,-2.617954156658912623e-01,-2.836026004197213624e+00
-4.327086180582206953e-01,6.750948886702663465e-01,2.136616051657321269e-01,1.894184758591735962e-01,-7.559882110575979475e-01,-4.676940661308847114e-01,1.570801904283443573e+00,8.053399070238268908e-05,-3.681554015753229499e-05,-3.598781924707408959e-05,-3.561026925069351104e-05,-1.151388641385732870e-04,-2.617954156658912623e-01,-2.836026004197213624e+00
-4.327086180582206953e-01,6.751223356429317812e-01,2.137054331873045609e-01,1.894184758591735962e-01,-7.560060161922232957e-01,-4.676940661308847114e-01,1.570801904283443573e+00,8.053399070238268908e-05,-3.681554015753229499e-05,-3.598781924707408959e-05,-3.561026925069351104e-05,-1.151388641385732870e-04,-2.617954156658912623e-01,-2.836026004197213624e+00
-4.327086180582206953e-01,6.751497826155972160e-01,2.137492612088770227e-01,1.894184758591735962e-01,-7.560060161922232957e-01,-4.676940661308847114e-01,1.570801904283443573e+00,8.053399070238268908e-05,-3.681554015753229499e-05,-3.598781924707408959e-05,-3.561026925069351104e-05,-1.151388641385732870e-04,-2.617954156658912623e-01,-2.836026004197213624e+00
-4.327086180582206953e-01,6.752046765609280854e-01,2.138259602466288378e-01,1.894014126688430832e-01,-7.560416264614741033e-01,-4.676940661308847114e-01,1.570801904283443573e+00,8.053399070238268908e-05,-3.681554015753229499e-05,-3.598781924707408959e-05,-3.561026925069351104e-05,-1.151388641385732870e-04,-2.617954156658912623e-01,-2.836026004197213624e+00
-4.327086180582206953e-01,6.752321235335935201e-01,2.138588312628081911e-01,1.894014126688430832e-01,-7.560416264614741033e-01,-4.676940661308847114e-01,1.570801904283443573e+00,8.053399070238268908e-05,-3.681554015753229499e-05,-3.598781924707408959e-05,-3.561026925069351104e-05,-1.151388641385732870e-04,-2.617954156658912623e-01,-2.836026004197213624e+00
-4.327086180582206953e-01,6.752595705062589548e-01,2.139026592843806529e-01,1.894014126688430832e-01,-7.560594315960993406e-01,-4.676940661308847114e-01,1.570801904283443573e+00,8.053399070238268908e-05,-3.681554015753229499e-05,-3.598781924707408959e-05,-3.561026925069351104e-05,-1.151388641385732870e-04,-2.617954156658912623e-01,-2.836026004197213624e+00
-4.327086180582206953e-01,6.752870174789245006e-01,2.139464873059530869e-01,1.894014126688430832e-01,-7.560772367307246888e-01,-4.676556865095051752e-01,1.570801904283443573e+00,8.053399070238268908e-05,-3.681554015753229499e-05,-3.598781924707408959e-05,-3.561026925069351104e-05,-1.151388641385732870e-04,-2.617954156658912623e-01,-2.836026004197213624e+00
-4.327086180582206953e-01,6.753144644515899353e-01,2.139793583221324402e-01,1.894014126688430832e-01,-7.560772367307246888e-01,-4.676556865095051752e-01,1.570801904283443573e+00,8.053399070238268908e-05,-3.681554015753229499e-05,-3.598781924707408959e-05,-3.561026925069351104e-05,-1.151388641385732870e-04,-2.617954156658912623e-01,-2.836026004197213624e+00
-4.327086180582206953e-01,6.753419114242552590e-01,2.140231863437049020e-01,1.893843494785125425e-01,-7.560950418653500371e-01,-4.676556865095051752e-01,1.570801904283443573e+00,8.053399070238268908e-05,-3.681554015753229499e-05,-3.598781924707408959e-05,-3.561026925069351104e-05,-1.151388641385732870e-04,-2.617954156658912623e-01,-2.836026004197213624e+00
-4.327086180582206953e-01,6.753693583969208047e-01,2.140670143652773361e-01,1.893843494785125425e-01,-7.561128469999753854e-01,-4.676556865095051752e-01,1.570801904283443573e+00,8.053399070238268908e-05,-3.681554015753229499e-05,-3.598781924707408959e-05,-3.561026925069351104e-05,-1.151388641385732870e-04,-2.617954156658912623e-01,-2.836026004197213624e+00
-4.327086180582206953e-01,6.754242523422516742e-01,2.141437134030291789e-01,1.893843494785125425e-01,-7.561306521346007337e-01,-4.676556865095051752e-01,1.570801904283443573e+00,8.053399070238268908e-05,-3.681554015753229499e-05,-3.598781924707408959e-05,-3.561026925069351104e-05,-1.151388641385732870e-04,-2.617954156658912623e-01,-2.836026004197213624e+00
-4.327086180582206953e-01,6.754516993149171089e-01,2.141875414246016129e-01,1.893843494785125425e-01,-7.561484572692260819e-01,-4.676556865095051752e-01,1.570801904283443573e+00,8.053399070238268908e-05,-3.681554015753229499e-05,-3.598781924707408959e-05,-3.561026925069351104e-05,-1.151388641385732870e-04,-2.617954156658912623e-01,-2.836026004197213624e+00
-4.327086180582206953e-01,6.754791462875826547e-01,2.142204124407809662e-01,1.893843494785125425e-01,-7.561484572692260819e-01,-4.676556865095051752e-01,1.570801904283443573e+00,8.053399070238268908e-05,-3.681554015753229499e-05,-3.598781924707408959e-05,-3.561026925069351104e-05,-1.151388641385732870e-04,-2.617954156658912623e-01,-2.836026004197213624e+00
-4.327086180582206953e-01,6.755340402329134131e-01,2.142971114785327535e-01,1.893672862881820018e-01,-7.561840675384767785e-01,-4.676556865095051752e-01,1.570801904283443573e+00,8.053399070238268908e-05,-3.681554015753229499e-05,-3.598781924707408959e-05,-3.561026925069351104e-05,-1.151388641385732870e-04,-2.617954156658912623e-01,-2.836026004197213624e+00
-4.327086180582206953e-01,6.755889341782443935e-01,2.143847675216776494e-01,1.893672862881820018e-01,-7.562018726731021268e-01,-4.676556865095051752e-01,1.570801904283443573e+00,8.053399070238268908e-05,-3.681554015753229499e-05,-3.598781924707408959e-05,-3.561026925069351104e-05,-1.151388641385732870e-04,-2.617954156658912623e-01,-2.836026004197213624e+00
-4.327216295033149973e-01,6.756163811509098283e-01,2.144176385378570027e-01,1.893672862881820018e-01,-7.562196778077274750e-01,-4.676556865095051752e-01,1.570801904283443573e+00,8.053399070238268908e-05,-3.681554015753229499e-05,-3.598781924707408959e-05,-3.561026925069351104e-05,-1.151388641385732870e-04,-2.617954156658912623e-01,-2.836026004197213624e+00
-4.327216295033149973e-01,6.756438281235751520e-01,2.144614665594294645e-01,1.893672862881820018e-01,-7.562374829423528233e-01,-4.676556865095051752e-01,1.570801904283443573e+00,8.053399070238268908e-05,-3.681554015753229499e-05,-3.598781924707408959e-05,-3.561026925069351104e-05,-1.151388641385732870e-04,-2.617954156658912623e-01,-2.836026004197213624e+00
-4.327216295033149973e-01,6.756987220689061324e-01,2.145381655971812795e-01,1.893502230978514889e-01,-7.562552880769781716e-01,-4.676173068881256945e-01,1.570801904283443573e+00,8.053399070238268908e-05,-3.681554015753229499e-05,-3.598781924707408959e-05,-3.561026925069351104e-05,-1.151388641385732870e-04,-2.617954156658912623e-01,-2.836026004197213624e+00
-4.327216295033149973e-01,6.757261690415715671e-01,2.145819936187537413e-01,1.893502230978514889e-01,-7.562730932116035198e-01,-4.675789272667461027e-01,1.570801904283443573e+00,8.053399070238268908e-05,-3.681554015753229499e-05,-3.598781924707408959e-05,-3.561026925069351104e-05,-1.151388641385732870e-04,-2.617954156658912623e-01,-2.836026004197213624e+00
-4.327216295033149973e-01,6.757536160142371129e-01,2.146258216403261754e-01,1.893502230978514889e-01,-7.562908983462288681e-01,-4.675789272667461027e-01,1.570801904283443573e+00,8.053399070238268908e-05,-3.681554015753229499e-05,-3.598781924707408959e-05,-3.561026925069351104e-05,-1.151388641385732870e-04,-2.617954156658912623e-01,-2.836026004197213624e+00
-4.327216295033149973e-01,6.758085099595678713e-01,2.147025206780779905e-01,1.893502230978514889e-01,-7.563087034808541054e-01,-4.675789272667461027e-01,1.570801904283443573e+00,8.053399070238268908e-05,-3.681554015753229499e-05,-3.598781924707408959e-05,-3.561026925069351104e-05,-1.151388641385732870e-04,-2.617954156658912623e-01,-2.836026004197213624e+00
-4.327216295033149973e-01,6.758359569322334170e-01,2.147463486996504245e-01,1.893502230978514889e-01,-7.563087034808541054e-01,-4.675789272667461027e-01,1.570801904283443573e+00,8.053399070238268908e-05,-3.681554015753229499e-05,-3.598781924707408959e-05,-3.561026925069351104e-05,-1.151388641385732870e-04,-2.617954156658912623e-01,-2.836026004197213624e+00
-4.327216295033149973e-01,6.758634039048988518e-01,2.147792197158297778e-01,1.893331599075209482e-01,-7.563265086154795647e-01,-4.675789272667461027e-01,1.570801904283443573e+00,8.053399070238268908e-05,-3.681554015753229499e-05,-3.598781924707408959e-05,-3.561026925069351104e-05,-1.151388641385732870e-04,-2.617954156658912623e-01,-2.836026004197213624e+00
-4.327216295033149973e-01,6.758908508775642865e-01,2.148230477374022673e-01,1.893331599075209482e-01,-7.563443137501049129e-01,-4.675789272667461027e-01,1.570801904283443573e+00,8.053399070238268908e-05,-3.681554015753229499e-05,-3.598781924707408959e-05,-3.561026925069351104e-05,-1.151388641385732870e-04,-2.617954156658912623e-01,-2.836026004197213624e+00
-4.327216295033149973e-01,6.759182978502298322e-01,2.148668757589747014e-01,1.893331599075209482e-01,-7.563621188847302612e-01,-4.675789272667461027e-01,1.570801904283443573e+00,8.053399070238268908e-05,-3.681554015753229499e-05,-3.598781924707408959e-05,-3.561026925069351104e-05,-1.151388641385732870e-04,-2.617954156658912623e-01,-2.836026004197213624e+00
-4.327216295033149973e-01,6.759457448228952670e-01,2.148997467751540547e-01,1.893331599075209482e-01,-7.563621188847302612e-01,-4.675789272667461027e-01,1.570801904283443573e+00,8.053399070238268908e-05,-3.681554015753229499e-05,-3.598781924707408959e-05,-3.561026925069351104e-05,-1.151388641385732870e-04,-2.617954156658912623e-01,-2.836026004197213624e+00
-4.327216295033149973e-01,6.760006387682260254e-01,2.149764458129058420e-01,1.893331599075209482e-01,-7.563977291539809578e-01,-4.675789272667461027e-01,1.570801904283443573e+00,8.053399070238268908e-05,-3.681554015753229499e-05,-3.598781924707408959e-05,-3.561026925069351104e-05,-1.151388641385732870e-04,-2.617954156658912623e-01,-2.836026004197213624e+00
-4.327216295033149973e-01,6.760280857408915711e-01,2.150202738344783038e-01,1.893160967171904352e-01,-7.563977291539809578e-01,-4.675789272667461027e-01,1.570801904283443573e+00,8.053399070238268908e-05,-3.681554015753229499e-05,-3.598781924707408959e-05,-3.561026925069351104e-05,-1.151388641385732870e-04,-2.617954156658912623e-01,-2.836026004197213624e+00
-4.327216295033149973e-01,6.760829796862224406e-01,2.150969728722300911e-01,1.893160967171904352e-01,-7.564333394232316543e-01,-4.675789272667461027e-01,1.570801904283443573e+00,8.053399070238268908e-05,-3.681554015753229499e-05,-3.598781924707408959e-05,-3.561026925069351104e-05,-1.151388641385732870e-04,-2.617954156658912623e-01,-2.836026004197213624e+00
-4.327216295033149973e-01,6.761104266588879863e-01,2.151408008938025807e-01,1.893160967171904352e-01,-7.564333394232316543e-01,-4.675405476453666220e-01,1.570801904283443573e+00,8.053399070238268908e-05,-3.681554015753229499e-05,-3.598781924707408959e-05,-3.561026925069351104e-05,-1.151388641385732870e-04,-2.617954156658912623e-01,-2.836026004197213624e+00
-4.327216295033149973e-01,6.761378736315533100e-01,2.151736719099819339e-01,1.893160967171904352e-01,-7.564511445578570026e-01,-4.675405476453666220e-01,1.570801904283443573e+00,8.053399070238268908e-05,-3.681554015753229499e-05,-3.598781924707408959e-05,-3.561026925069351104e-05,-1.151388641385732870e-04,-2.617954156658912623e-01,-2.836026004197213624e+00
-4.327216295033149973e-01,6.761653206042187447e-01,2.152174999315543680e-01,1.893160967171904352e-01,-7.564689496924823509e-01,-4.675405476453666220e-01,1.570801904283443573e+00,8.053399070238268908e-05,-3.681554015753229499e-05,-3.598781924707408959e-05,-3.561026925069351104e-05,-1.151388641385732870e-04,-2.617954156658912623e-01,-2.836026004197213624e+00
-4.327346409484093548e-01,6.762202145495497252e-01,2.153051559746992916e-01,1.892990335268599222e-01,-7.564867548271076991e-01,-4.675405476453666220e-01,1.570801904283443573e+00,8.053399070238268908e-05,-3.681554015753229499e-05,-3.598781924707408959e-05,-3.561026925069351104e-05,-1.151388641385732870e-04,-2.617954156658912623e-01,-2.836026004197213624e+00
-4.327346409484093548e-01,6.762476615222151599e-01,2.153380269908786171e-01,1.892990335268599222e-01,-7.564867548271076991e-01,-4.675405476453666220e-01,1.570801904283443573e+00,8.053399070238268908e-05,-3.681554015753229499e-05,-3.598781924707408959e-05,-3.561026925069351104e-05,-1.151388641385732870e-04,-2.617954156658912623e-01,-2.836026004197213624e+00
-4.327346409484093548e-01,6.762751084948805946e-01,2.153818550124510789e-01,1.892990335268599222e-01,-7.565045599617330474e-01,-4.675405476453666220e-01,1.570801904283443573e+00,8.053399070238268908e-05,-3.681554015753229499e-05,-3.598781924707408959e-05,-3.561026925069351104e-05,-1.151388641385732870e-04,-2.617954156658912623e-01,-2.836026004197213624e+00
-4.327346409484093548e-01,6.763025554675460294e-01,2.154256830340235684e-01,1.892990335268599222e-01,-7.565223650963583957e-01,-4.675405476453666220e-01,1.570801904283443573e+00,8.053399070238268908e-05,-3.681554015753229499e-05,-3.598781924707408959e-05,-3.561026925069351104e-05,-1.151388641385732870e-04,-2.617954156658912623e-01,-2.836026004197213624e+00
-4.327346409484093548e-01,6.763300024402114641e-01,2.154585540502028662e-01,1.892990335268599222e-01,-7.565223650963583957e-01,-4.675405476453666220e-01,1.570801904283443573e+00,8.053399070238268908e-05,-3.681554015753229499e-05,-3.598781924707408959e-05,-3.561026925069351104e-05,-1.151388641385732870e-04,-2.617954156658912623e-01,-2.836026004197213624e+00
-4.327346409484093548e-01,6.763848963855424445e-01,2.155462100933478176e-01,1.892819703365293815e-01,-7.565401702309837439e-01,-4.675405476453666220e-01,1.570801904283443573e+00,8.053399070238268908e-05,-3.681554015753229499e-05,-3.598781924707408959e-05,-3.561026925069351104e-05,-1.151388641385732870e-04,-2.617954156658912623e-01,-2.836026004197213624e+00
-4.327346409484093548e-01,6.764123433582078793e-01,2.155790811095271431e-01,1.892819703365293815e-01,-7.565579753656090922e-01,-4.675405476453666220e-01,1.570801904283443573e+00,8.053399070238268908e-05,-3.681554015753229499e-05,-3.598781924707408959e-05,-3.561026925069351104e-05,-1.151388641385732870e-04,-2.617954156658912623e-01,-2.836026004197213624e+00
-4.327346409484093548e-01,6.764672373035386377e-01,2.156667371526720667e-01,1.892819703365293815e-01,-7.565757805002343295e-01,-4.675405476453666220e-01,1.570801904283443573e+00,8.053399070238268908e-05,-3.681554015753229499e-05,-3.598781924707408959e-05,-3.561026925069351104e-05,-1.151388641385732870e-04,-2.617954156658912623e-01,-2.836026004197213624e+00
-4.327346409484093548e-01,6.764946842762041834e-01,2.156996081688513922e-01,1.892819703365293815e-01,-7.565935856348597888e-01,-4.675021680239870858e-01,1.570801904283443573e+00,8.053399070238268908e-05,-3.681554015753229499e-05,-3.598781924707408959e-05,-3.561026925069351104e-05,-1.151388641385732870e-04,-2.617954156658912623e-01,-2.836026004197213624e+00
-4.327346409484093548e-01,6.765221312488696181e-01,2.157434361904238818e-01,1.892819703365293815e-01,-7.566113907694851370e-01,-4.674637884026076051e-01,1.570801904283443573e+00,8.053399070238268908e-05,-3.681554015753229499e-05,-3.598781924707408959e-05,-3.561026925069351104e-05,-1.151388641385732870e-04,-2.617954156658912623e-01,-2.836026004197213624e+00
-4.327346409484093548e-01,6.765495782215350529e-01,2.157763072066032073e-01,1.892649071461988686e-01,-7.566291959041104853e-01,-4.674637884026076051e-01,1.570801904283443573e+00,8.053399070238268908e-05,-3.681554015753229499e-05,-3.598781924707408959e-05,-3.561026925069351104e-05,-1.151388641385732870e-04,-2.617954156658912623e-01,-2.836026004197213624e+00
-4.327346409484093548e-01,6.766044721668659223e-01,2.158530062443550224e-01,1.892649071461988686e-01,-7.566470010387357226e-01,-4.674637884026076051e-01,1.570801904283443573e+00,8.053399070238268908e-05,-3.681554015753229499e-05,-3.598781924707408959e-05,-3.561026925069351104e-05,-1.151388641385732870e-04,-2.617954156658912623e-01,-2.836026004197213624e+00
-4.327346409484093548e-01,6.766319191395313570e-01,2.158968342659274842e-01,1.892649071461988686e-01,-7.566648061733611819e-01,-4.674637884026076051e-01,1.570801904283443573e+00,8.053399070238268908e-05,-3.681554015753229499e-05,-3.598781924707408959e-05,-3.561026925069351104e-05,-1.151388641385732870e-04,-2.617954156658912623e-01,-2.836026004197213624e+00
-4.327346409484093548e-01,6.766868130848623375e-01,2.159735333036792715e-01,1.892649071461988686e-01,-7.566826113079865301e-01,-4.674637884026076051e-01,1.570801904283443573e+00,8.053399070238268908e-05,-3.681554015753229499e-05,-3.598781924707408959e-05,-3.561026925069351104e-05,-1.151388641385732870e-04,-2.617954156658912623e-01,-2.836026004197213624e+00
-4.327346409484093548e-01,6.767142600575277722e-01,2.160173613252517333e-01,1.892649071461988686e-01,-7.567004164426118784e-01,-4.674637884026076051e-01,1.570801904283443573e+00,8.053399070238268908e-05,-3.681554015753229499e-05,-3.598781924707408959e-05,-3.561026925069351104e-05,-1.151388641385732870e-04,-2.617954156658912623e-01,-2.836026004197213624e+00
-4.327346409484093548e-01,6.767417070301932069e-01,2.160502323414310588e-01,1.892478439558683279e-01,-7.567004164426118784e-01,-4.674637884026076051e-01,1.570801904283443573e+00,8.053399070238268908e-05,-3.681554015753229499e-05,-3.598781924707408959e-05,-3.561026925069351104e-05,-1.151388641385732870e-04,-2.617954156658912623e-01,-2.836026004197213624e+00
-4.327346409484093548e-01,6.767691540028586417e-01,2.160940603630035206e-01,1.892478439558683279e-01,-7.567182215772371157e-01,-4.674637884026076051e-01,1.570801904283443573e+00,8.053399070238268908e-05,-3.681554015753229499e-05,-3.598781924707408959e-05,-3.561026925069351104e-05,-1.151388641385732870e-04,-2.617954156658912623e-01,-2.836026004197213624e+00
-4.327346409484093548e-01,6.768240479481895111e-01,2.161707594007553079e-01,1.892478439558683279e-01,-7.567538318464879232e-01,-4.674637884026076051e-01,1.570801904283443573e+00,8.053399070238268908e-05,-3.681554015753229499e-05,-3.598781924707408959e-05,-3.561026925069351104e-05,-1.151388641385732870e-04,-2.617954156658912623e-01,-2.836026004197213624e+00
-4.327346409484093548e-01,6.768514949208550568e-01,2.162036304169346612e-01,1.892478439558683279e-01,-7.567538318464879232e-01,-4.674637884026076051e-01,1.570801904283443573e+00,8.053399070238268908e-05,-3.681554015753229499e-05,-3.598781924707408959e-05,-3.561026925069351104e-05,-1.151388641385732870e-04,-2.617954156658912623e-01,-2.836026004197213624e+00
-4.327476523935037678e-01,6.769063888661859263e-01,2.162912864600795848e-01,1.892307807655377871e-01,-7.567716369811132715e-01,-4.674637884026076051e-01,1.570801904283443573e+00,8.053399070238268908e-05,-3.681554015753229499e-05,-3.598781924707408959e-05,-3.561026925069351104e-05,-1.151388641385732870e-04,-2.617954156658912623e-01,-2.836026004197213624e+00
-4.327476523935037678e-01,6.769338358388512500e-01,2.163241574762589381e-01,1.892307807655377871e-01,-7.567894421157385088e-01,-4.674254087812280134e-01,1.570801904283443573e+00,8.053399070238268908e-05,-3.681554015753229499e-05,-3.598781924707408959e-05,-3.561026925069351104e-05,-1.151388641385732870e-04,-2.617954156658912623e-01,-2.836026004197213624e+00
-4.327476523935037678e-01,6.769612828115167957e-01,2.163679854978313999e-01,1.892307807655377871e-01,-7.568072472503639680e-01,-4.674637884026076051e-01,1.570801904283443573e+00,8.053399070238268908e-05,-3.681554015753229499e-05,-3.598781924707408959e-05,-3.561026925069351104e-05,-1.151388641385732870e-04,-2.617954156658912623e-01,-2.836026004197213624e+00
-4.327476523935037678e-01,6.769887297841822305e-01,2.164008565140107254e-01,1.892307807655377871e-01,-7.568072472503639680e-01,-4.674254087812280134e-01,1.570801904283443573e+00,8.053399070238268908e-05,-3.681554015753229499e-05,-3.598781924707408959e-05,-3.561026925069351104e-05,-1.151388641385732870e-04,-2.617954156658912623e-01,-2.836026004197213624e+00
-4.327476523935037678e-01,6.770161767568476652e-01,2.164446845355831872e-01,1.892307807655377871e-01,-7.568250523849893163e-01,-4.674254087812280134e-01,1.570801904283443573e+00,8.053399070238268908e-05,-3.681554015753229499e-05,-3.598781924707408959e-05,-3.561026925069351104e-05,-1.151388641385732870e-04,-2.617954156658912623e-01,-2.836026004197213624e+00
-4.327476523935037678e-01,6.770436237295132109e-01,2.164885125571556490e-01,1.892307807655377871e-01,-7.568250523849893163e-01,-4.674254087812280134e-01,1.570801904283443573e+00,8.053399070238268908e-05,-3.681554015753229499e-05,-3.598781924707408959e-05,-3.561026925069351104e-05,-1.151388641385732870e-04,-2.617954156658912623e-01,-2.836026004197213624e+00
-4.327476523935037678e-01,6.770710707021786456e-01,2.165213835733349745e-01,1.892307807655377871e-01,-7.568428575196145536e-01,-4.674254087812280134e-01,1.570801904283443573e+00,8.053399070238268908e-05,-3.681554015753229499e-05,-3.598781924707408959e-05,-3.561026925069351104e-05,-1.151388641385732870e-04,-2.617954156658912623e-01,-2.836026004197213624e+00
-4.327476523935037678e-01,6.770985176748439693e-01,2.165652115949074641e-01,1.892137175752072742e-01,-7.568606626542399018e-01,-4.674254087812280134e-01,1.570801904283443573e+00,8.053399070238268908e-05,-3.681554015753229499e-05,-3.598781924707408959e-05,-3.561026925069351104e-05,-1.151388641385732870e-04,-2.617954156658912623e-01,-2.836026004197213624e+00
-4.327476523935037678e-01,6.771534116201749498e-01,2.166419106326592514e-01,1.892137175752072742e-01,-7.568784677888653611e-01,-4.674254087812280134e-01,1.570801904283443573e+00,8.053399070238268908e-05,-3.681554015753229499e-05,-3.598781924707408959e-05,-3.561026925069351104e-05,-1.151388641385732870e-04,-2.617954156658912623e-01,-2.836026004197213624e+00
-4.327476523935037678e-01,6.771808585928403845e-01,2.166857386542317132e-01,1.892137175752072742e-01,-7.568962729234907094e-01,-4.674254087812280134e-01,1.570801904283443573e+00,8.053399070238268908e-05,-3.681554015753229499e-05,-3.598781924707408959e-05,-3.561026925069351104e-05,-1.151388641385732870e-04,-2.617954156658912623e-01,-2.836026004197213624e+00
-4.327476523935037678e-01,6.772083055655059303e-01,2.167186096704110665e-01,1.892137175752072742e-01,-7.569140780581159467e-01,-4.674254087812280134e-01,1.570801904283443573e+00,8.053399070238268908e-05,-3.681554015753229499e-05,-3.598781924707408959e-05,-3.561026925069351104e-05,-1.151388641385732870e-04,-2.617954156658912623e-01,-2.836026004197213624e+00
-4.327476523935037678e-01,6.772631995108366887e-01,2.168062657135559623e-01,1.892137175752072742e-01,-7.569318831927412949e-01,-4.673870291598485327e-01,1.570801904283443573e+00,8.053399070238268908e-05,-3.681554015753229499e-05,-3.598781924707408959e-05,-3.561026925069351104e-05,-1.151388641385732870e-04,-2.617954156658912623e-01,-2.836026004197213624e+00
-4.327476523935037678e-01,6.772906464835021234e-01,2.168500937351284241e-01,1.891966543848767335e-01,-7.569496883273667542e-01,-4.673870291598485327e-01,1.570801904283443573e+00,8.053399070238268908e-05,-3.681554015753229499e-05,-3.598781924707408959e-05,-3.561026925069351104e-05,-1.151388641385732870e-04,-2.617954156658912623e-01,-2.836026004197213624e+00
-4.327476523935037678e-01,6.773180934561676692e-01,2.168829647513077774e-01,1.891966543848767335e-01,-7.569674934619921025e-01,-4.673870291598485327e-01,1.570801904283443573e+00,8.053399070238268908e-05,-3.681554015753229499e-05,-3.598781924707408959e-05,-3.561026925069351104e-05,-1.151388641385732870e-04,-2.617954156658912623e-01,-2.836026004197213624e+00
-4.327476523935037678e-01,6.773729874014985386e-01,2.169706207944526732e-01,1.891966543848767335e-01,-7.569852985966173398e-01,-4.673870291598485327e-01,1.570801904283443573e+00,8.053399070238268908e-05,-3.681554015753229499e-05,-3.598781924707408959e-05,-3.561026925069351104e-05,-1.151388641385732870e-04,-2.617954156658912623e-01,-2.836026004197213624e+00
-4.327476523935037678e-01,6.774004343741640843e-01,2.170034918106320265e-01,1.891966543848767335e-01,-7.570031037312426880e-01,-4.673486495384689965e-01,1.570801904283443573e+00,8.053399070238268908e-05,-3.681554015753229499e-05,-3.598781924707408959e-05,-3.561026925069351104e-05,-1.151388641385732870e-04,-2.617954156658912623e-01,-2.836026004197213624e+00
-4.327476523935037678e-01,6.774278813468294080e-01,2.170473198322044883e-01,1.891966543848767335e-01,-7.570031037312426880e-01,-4.673870291598485327e-01,1.570801904283443573e+00,8.053399070238268908e-05,-3.681554015753229499e-05,-3.598781924707408959e-05,-3.561026925069351104e-05,-1.151388641385732870e-04,-2.617954156658912623e-01,-2.836026004197213624e+00
-4.327476523935037678e-01,6.774553283194948428e-01,2.170911478537769224e-01,1.891966543848767335e-01,-7.570209088658681473e-01,-4.673486495384689965e-01,1.570801904283443573e+00,8.053399070238268908e-05,-3.681554015753229499e-05,-3.598781924707408959e-05,-3.561026925069351104e-05,-1.151388641385732870e-04,-2.617954156658912623e-01,-2.836026004197213624e+00
-4.327476523935037678e-01,6.775102222648258232e-01,2.171678468915287652e-01,1.891795911945462205e-01,-7.570565191351187329e-01,-4.673486495384689965e-01,1.570801904283443573e+00,8.053399070238268908e-05,-3.681554015753229499e-05,-3.598781924707408959e-05,-3.561026925069351104e-05,-1.151388641385732870e-04,-2.617954156658912623e-01,-2.836026004197213624e+00
-4.327476523935037678e-01,6.775376692374912579e-01,2.172116749131011992e-01,1.891795911945462205e-01,-7.570565191351187329e-01,-4.673486495384689965e-01,1.570801904283443573e+00,8.053399070238268908e-05,-3.681554015753229499e-05,-3.598781924707408959e-05,-3.561026925069351104e-05,-1.151388641385732870e-04,-2.617954156658912623e-01,-2.836026004197213624e+00
-4.327476523935037678e-01,6.775651162101566927e-01,2.172445459292805525e-01,1.891795911945462205e-01,-7.570743242697440811e-01,-4.673486495384689965e-01,1.570801904283443573e+00,8.053399070238268908e-05,-3.681554015753229499e-05,-3.598781924707408959e-05,-3.561026925069351104e-05,-1.151388641385732870e-04,-2.617954156658912623e-01,-2.836026004197213624e+00
-4.327476523935037678e-01,6.776200101554875621e-01,2.173212449670323398e-01,1.891795911945462205e-01,-7.571099345389948887e-01,-4.673486495384689965e-01,1.570801904283443573e+00,8.053399070238268908e-05,-3.681554015753229499e-05,-3.598781924707408959e-05,-3.561026925069351104e-05,-1.151388641385732870e-04,-2.617954156658912623e-01,-2.836026004197213624e+00
-4.327476523935037678e-01,6.776474571281529968e-01,2.173650729886048016e-01,1.891795911945462205e-01,-7.571277396736201259e-01,-4.673486495384689965e-01,1.570801904283443573e+00,8.053399070238268908e-05,-3.681554015753229499e-05,-3.598781924707408959e-05,-3.561026925069351104e-05,-1.151388641385732870e-04,-2.617954156658912623e-01,-2.836026004197213624e+00
-4.327476523935037678e-01,6.776749041008185426e-01,2.174089010101772634e-01,1.891795911945462205e-01,-7.571277396736201259e-01,-4.673486495384689965e-01,1.570801904283443573e+00,8.053399070238268908e-05,-3.681554015753229499e-05,-3.598781924707408959e-05,-3.561026925069351104e-05,-1.151388641385732870e-04,-2.617954156658912623e-01,-2.836026004197213624e+00
-4.327476523935037678e-01,6.777023510734839773e-01,2.174417720263565890e-01,1.891795911945462205e-01,-7.571455448082454742e-01,-4.673486495384689965e-01,1.570801904283443573e+00,8.053399070238268908e-05,-3.681554015753229499e-05,-3.598781924707408959e-05,-3.561026925069351104e-05,-1.151388641385732870e-04,-2.617954156658912623e-01,-2.836026004197213624e+00
-4.327476523935037678e-01,6.777297980461493010e-01,2.174856000479290508e-01,1.891625280042157076e-01,-7.571633499428709335e-01,-4.673486495384689965e-01,1.570801904283443573e+00,8.053399070238268908e-05,-3.681554015753229499e-05,-3.598781924707408959e-05,-3.561026925069351104e-05,-1.151388641385732870e-04,-2.617954156658912623e-01,-2.836026004197213624e+00
-4.327476523935037678e-01,6.777846919914802815e-01,2.175622990856808658e-01,1.891625280042157076e-01,-7.571811550774961708e-01,-4.673486495384689965e-01,1.570801904283443573e+00,8.053399070238268908e-05,-3.681554015753229499e-05,-3.598781924707408959e-05,-3.561026925069351104e-05,-1.151388641385732870e-04,-2.617954156658912623e-01,-2.836026004197213624e+00
-4.327476523935037678e-01,6.778121389641457162e-01,2.175951701018602191e-01,1.891625280042157076e-01,-7.571989602121215190e-01,-4.673486495384689965e-01,1.570801904283443573e+00,8.053399070238268908e-05,-3.681554015753229499e-05,-3.598781924707408959e-05,-3.561026925069351104e-05,-1.151388641385732870e-04,-2.617954156658912623e-01,-2.836026004197213624e+00
-4.327476523935037678e-01,6.778395859368111509e-01,2.176389981234326809e-01,1.891625280042157076e-01,-7.572167653467468673e-01,-4.673486495384689965e-01,1.570801904283443573e+00,8.053399070238268908e-05,-3.681554015753229499e-05,-3.598781924707408959e-05,-3.561026925069351104e-05,-1.151388641385732870e-04,-2.617954156658912623e-01,-2.836026004197213624e+00
-4.327476523935037678e-01,6.778944798821420203e-01,2.177156971611844682e-01,1.891625280042157076e-01,-7.572345704813723266e-01,-4.673486495384689965e-01,1.570801904283443573e+00,8.053399070238268908e-05,-3.681554015753229499e-05,-3.598781924707408959e-05,-3.561026925069351104e-05,-1.151388641385732870e-04,-2.617954156658912623e-01,-2.836026004197213624e+00
-4.327476523935037678e-01,6.779219268548074551e-01,2.177595251827569300e-01,1.891625280042157076e-01,-7.572523756159975639e-01,-4.673102699170894603e-01,1.570801904283443573e+00,8.053399070238268908e-05,-3.681554015753229499e-05,-3.598781924707408959e-05,-3.561026925069351104e-05,-1.151388641385732870e-04,-2.617954156658912623e-01,-2.836026004197213624e+00
-4.327476523935037678e-01,6.779493738274728898e-01,2.178033532043293641e-01,1.891454648138851669e-01,-7.572701807506229121e-01,-4.673102699170894603e-01,1.570801904283443573e+00,8.053399070238268908e-05,-3.681554015753229499e-05,-3.598781924707408959e-05,-3.561026925069351104e-05,-1.151388641385732870e-04,-2.617954156658912623e-01,-2.836026004197213624e+00
-4.327476523935037678e-01,6.779768208001384355e-01,2.178362242205087174e-01,1.891454648138851669e-01,-7.572879858852482604e-01,-4.673102699170894603e-01,1.570801904283443573e+00,8.053399070238268908e-05,-3.681554015753229499e-05,-3.598781924707408959e-05,-3.561026925069351104e-05,-1.151388641385732870e-04,-2.617954156658912623e-01,-2.836026004197213624e+00
-4.327476523935037678e-01,6.780317147454693050e-01,2.179238802636536410e-01,1.891454648138851669e-01,-7.573057910198737197e-01,-4.673102699170894603e-01,1.570801904283443573e+00,8.053399070238268908e-05,-3.681554015753229499e-05,-3.598781924707408959e-05,-3.561026925069351104e-05,-1.151388641385732870e-04,-2.617954156658912623e-01,-2.836026004197213624e+00
-4.327476523935037678e-01,6.780591617181347397e-01,2.179567512798329942e-01,1.891454648138851669e-01,-7.573235961544989570e-01,-4.673102699170894603e-01,1.570801904283443573e+00,8.053399070238268908e-05,-3.681554015753229499e-05,-3.598781924707408959e-05,-3.561026925069351104e-05,-1.151388641385732870e-04,-2.617954156658912623e-01,-2.836026004197213624e+00
-4.327346409484093548e-01,6.780866086908001744e-01,2.180005793014054560e-01,1.891454648138851669e-01,-7.573414012891243052e-01,-4.673102699170894603e-01,1.570801904283443573e+00,8.053399070238268908e-05,-3.681554015753229499e-05,-3.598781924707408959e-05,-3.561026925069351104e-05,-1.151388641385732870e-04,-2.617954156658912623e-01,-2.836026004197213624e+00
-4.327346409484093548e-01,6.781140556634656091e-01,2.180444073229778901e-01,1.891454648138851669e-01,-7.573414012891243052e-01,-4.673102699170894603e-01,1.570801904283443573e+00,8.053399070238268908e-05,-3.681554015753229499e-05,-3.598781924707408959e-05,-3.561026925069351104e-05,-1.151388641385732870e-04,-2.617954156658912623e-01,-2.836026004197213624e+00
-4.327346409484093548e-01,6.781689496087965896e-01,2.181211063607297052e-01,1.891454648138851669e-01,-7.573592064237496535e-01,-4.673102699170894603e-01,1.570801904283443573e+00,8.053399070238268908e-05,-3.681554015753229499e-05,-3.598781924707408959e-05,-3.561026925069351104e-05,-1.151388641385732870e-04,-2.617954156658912623e-01,-2.836026004197213624e+00
-4.327346409484093548e-01,6.781963965814620243e-01,2.181649343823021669e-01,1.891284016235546539e-01,-7.573770115583751128e-01,-4.673102699170894603e-01,1.570801904283443573e+00,8.053399070238268908e-05,-3.681554015753229499e-05,-3.598781924707408959e-05,-3.561026925069351104e-05,-1.151388641385732870e-04,-2.617954156658912623e-01,-2.836026004197213624e+00
-4.327346409484093548e-01,6.782238435541273480e-01,2.181978053984814925e-01,1.891284016235546539e-01,-7.573948166930003500e-01,-4.673102699170894603e-01,1.570801904283443573e+00,8.053399070238268908e-05,-3.681554015753229499e-05,-3.598781924707408959e-05,-3.561026925069351104e-05,-1.151388641385732870e-04,-2.617954156658912623e-01,-2.836026004197213624e+00
-4.327346409484093548e-01,6.782787374994583285e-01,2.182854614416264161e-01,1.891284016235546539e-01,-7.574126218276256983e-01,-4.673102699170894603e-01,1.570801904283443573e+00,8.053399070238268908e-05,-3.681554015753229499e-05,-3.598781924707408959e-05,-3.561026925069351104e-05,-1.151388641385732870e-04,-2.617954156658912623e-01,-2.836026004197213624e+00
-4.327346409484093548e-01,6.783061844721237632e-01,2.183183324578057694e-01,1.891284016235546539e-01,-7.574304269622510466e-01,-4.673102699170894603e-01,1.570801904283443573e+00,8.053399070238268908e-05,-3.681554015753229499e-05,-3.598781924707408959e-05,-3.561026925069351104e-05,-1.151388641385732870e-04,-2.617954156658912623e-01,-2.836026004197213624e+00
-4.327346409484093548e-01,6.783336314447893090e-01,2.183621604793782311e-01,1.891284016235546539e-01,-7.574304269622510466e-01,-4.673102699170894603e-01,1.570801904283443573e+00,8.053399070238268908e-05,-3.681554015753229499e-05,-3.598781924707408959e-05,-3.561026925069351104e-05,-1.151388641385732870e-04,-2.617954156658912623e-01,-2.836026004197213624e+00
-4.327346409484093548e-01,6.783885253901200674e-01,2.184388595171300185e-01,1.891284016235546539e-01,-7.574660372315017431e-01,-4.673102699170894603e-01,1.570801904283443573e+00,8.053399070238268908e-05,-3.681554015753229499e-05,-3.598781924707408959e-05,-3.561026925069351104e-05,-1.151388641385732870e-04,-2.617954156658912623e-01,-2.836026004197213624e+00
-4.327346409484093548e-01,6.784159723627856131e-01,2.184826875387025080e-01,1.891113384332241132e-01,-7.574838423661270914e-01,-4.673102699170894603e-01,1.570801904283443573e+00,8.053399070238268908e-05,-3.681554015753229499e-05,-3.598781924707408959e-05,-3.561026925069351104e-05,-1.151388641385732870e-04,-2.617954156658912623e-01,-2.836026004197213624e+00
-4.327346409484093548e-01,6.784434193354510478e-01,2.185265155602749421e-01,1.891113384332241132e-01,-7.574838423661270914e-01,-4.673102699170894603e-01,1.570801904283443573e+00,8.053399070238268908e-05,-3.681554015753229499e-05,-3.598781924707408959e-05,-3.561026925069351104e-05,-1.151388641385732870e-04,-2.617954156658912623e-01,-2.836026004197213624e+00
-4.327346409484093548e-01,6.784983132807819173e-01,2.186032145980267571e-01,1.891113384332241132e-01,-7.575194526353777880e-01,-4.673102699170894603e-01,1.570801904283443573e+00,8.053399070238268908e-05,-3.681554015753229499e-05,-3.598781924707408959e-05,-3.561026925069351104e-05,-1.151388641385732870e-04,-2.617954156658912623e-01,-2.836026004197213624e+00
-4.327346409484093548e-01,6.785257602534474630e-01,2.186470426195991912e-01,1.891113384332241132e-01,-7.575194526353777880e-01,-4.673102699170894603e-01,1.570801904283443573e+00,8.053399070238268908e-05,-3.681554015753229499e-05,-3.598781924707408959e-05,-3.561026925069351104e-05,-1.151388641385732870e-04,-2.617954156658912623e-01,-2.836026004197213624e+00
-4.327346409484093548e-01,6.785532072261127867e-01,2.186799136357785445e-01,1.891113384332241132e-01,-7.575372577700031362e-01,-4.673102699170894603e-01,1.570801904283443573e+00,8.053399070238268908e-05,-3.681554015753229499e-05,-3.598781924707408959e-05,-3.561026925069351104e-05,-1.151388641385732870e-04,-2.617954156658912623e-01,-2.836026004197213624e+00
-4.327216295033149973e-01,6.785806541987782214e-01,2.187237416573509785e-01,1.891113384332241132e-01,-7.575550629046284845e-01,-4.673102699170894603e-01,1.570801904283443573e+00,8.053399070238268908e-05,-3.681554015753229499e-05,-3.598781924707408959e-05,-3.561026925069351104e-05,-1.151388641385732870e-04,-2.617954156658912623e-01,-2.836026004197213624e+00
-4.327216295033149973e-01,6.786081011714437672e-01,2.187566126735303318e-01,1.891113384332241132e-01,-7.575550629046284845e-01,-4.673102699170894603e-01,1.570801904283443573e+00,8.053399070238268908e-05,-3.681554015753229499e-05,-3.598781924707408959e-05,-3.561026925069351104e-05,-1.151388641385732870e-04,-2.617954156658912623e-01,-2.836026004197213624e+00
-4.327216295033149973e-01,6.786629951167746366e-01,2.188442687166752554e-01,1.890942752428936002e-01,-7.575906731738791811e-01,-4.672335106743304434e-01,1.570801904283443573e+00,8.053399070238268908e-05,-3.681554015753229499e-05,-3.598781924707408959e-05,-3.561026925069351104e-05,-1.151388641385732870e-04,-2.617954156658912623e-01,-2.836026004197213624e+00
-4.327216295033149973e-01,6.786904420894401824e-01,2.188771397328546087e-01,1.890942752428936002e-01,-7.576084783085045293e-01,-4.672718902957099241e-01,1.570801904283443573e+00,8.053399070238268908e-05,-3.681554015753229499e-05,-3.598781924707408959e-05,-3.561026925069351104e-05,-1.151388641385732870e-04,-2.617954156658912623e-01,-2.836026004197213624e+00
-4.327216295033149973e-01,6.787178890621055061e-01,2.189209677544270705e-01,1.890942752428936002e-01,-7.576084783085045293e-01,-4.672335106743304434e-01,1.570801904283443573e+00,8.053399070238268908e-05,-3.681554015753229499e-05,-3.598781924707408959e-05,-3.561026925069351104e-05,-1.151388641385732870e-04,-2.617954156658912623e-01,-2.836026004197213624e+00
-4.327216295033149973e-01,6.787453360347709408e-01,2.189647957759995045e-01,1.890942752428936002e-01,-7.576262834431298776e-01,-4.672718902957099241e-01,1.570801904283443573e+00,8.053399070238268908e-05,-3.681554015753229499e-05,-3.598781924707408959e-05,-3.561026925069351104e-05,-1.151388641385732870e-04,-2.617954156658912623e-01,-2.836026004197213624e+00
-4.327216295033149973e-01,6.787727830074363755e-01,2.189976667921788578e-01,1.890942752428936002e-01,-7.576440885777551149e-01,-4.672335106743304434e-01,1.570801904283443573e+00,8.053399070238268908e-05,-3.681554015753229499e-05,-3.598781924707408959e-05,-3.561026925069351104e-05,-1.151388641385732870e-04,-2.617954156658912623e-01,-2.836026004197213624e+00
-4.327216295033149973e-01,6.788276769527673560e-01,2.190853228353237536e-01,1.890942752428936002e-01,-7.576618937123805742e-01,-4.672718902957099241e-01,1.570801904283443573e+00,8.053399070238268908e-05,-3.681554015753229499e-05,-3.598781924707408959e-05,-3.561026925069351104e-05,-1.151388641385732870e-04,-2.617954156658912623e-01,-2.836026004197213624e+00
-4.327086180582206953e-01,6.788551239254326797e-01,2.191181938515031069e-01,1.890942752428936002e-01,-7.576796988470059224e-01,-4.672718902957099241e-01,1.570801904283443573e+00,8.053399070238268908e-05,-3.681554015753229499e-05,-3.598781924707408959e-05,-3.561026925069351104e-05,-1.151388641385732870e-04,-2.617954156658912623e-01,-2.836026004197213624e+00
-4.327086180582206953e-01,6.788825708980982254e-01,2.191620218730755965e-01,1.890772120525630595e-01,-7.576796988470059224e-01,-4.672335106743304434e-01,1.570801904283443573e+00,8.053399070238268908e-05,-3.681554015753229499e-05,-3.598781924707408959e-05,-3.561026925069351104e-05,-1.151388641385732870e-04,-2.617954156658912623e-01,-2.836026004197213624e+00
-4.327086180582206953e-01,6.789100178707636601e-01,2.192058498946480305e-01,1.890772120525630595e-01,-7.576975039816312707e-01,-4.672335106743304434e-01,1.570801904283443573e+00,8.053399070238268908e-05,-3.681554015753229499e-05,-3.598781924707408959e-05,-3.561026925069351104e-05,-1.151388641385732870e-04,-2.617954156658912623e-01,-2.836026004197213624e+00
-4.327086180582206953e-01,6.789649118160946406e-01,2.192825489323998456e-01,1.890772120525630595e-01,-7.577331142508819672e-01,-4.672718902957099241e-01,1.570801904283443573e+00,8.053399070238268908e-05,-3.681554015753229499e-05,-3.598781924707408959e-05,-3.561026925069351104e-05,-1.151388641385732870e-04,-2.617954156658912623e-01,-2.836026004197213624e+00
-4.327086180582206953e-01,6.789923587887600753e-01,2.193263769539722796e-01,1.890772120525630595e-01,-7.577331142508819672e-01,-4.672335106743304434e-01,1.570801904283443573e+00,8.053399070238268908e-05,-3.681554015753229499e-05,-3.598781924707408959e-05,-3.561026925069351104e-05,-1.151388641385732870e-04,-2.617954156658912623e-01,-2.836026004197213624e+00
-4.327086180582206953e-01,6.790472527340908337e-01,2.194030759917240947e-01,1.890772120525630595e-01,-7.577509193855073155e-01,-4.672335106743304434e-01,1.570801904283443573e+00,8.053399070238268908e-05,-3.681554015753229499e-05,-3.598781924707408959e-05,-3.561026925069351104e-05,-1.151388641385732870e-04,-2.617954156658912623e-01,-2.836026004197213624e+00
-4.326956066131263379e-01,6.790746997067563795e-01,2.194359470079034202e-01,1.890772120525630595e-01,-7.577687245201326638e-01,-4.672335106743304434e-01,1.570801904283443573e+00,8.053399070238268908e-05,-3.681554015753229499e-05,-3.598781924707408959e-05,-3.561026925069351104e-05,-1.151388641385732870e-04,-2.617954156658912623e-01,-2.836026004197213624e+00
-4.326956066131263379e-01,6.791021466794218142e-01,2.194797750294759098e-01,1.890772120525630595e-01,-7.577865296547580121e-01,-4.672718902957099241e-01,1.570801904283443573e+00,8.053399070238268908e-05,-3.681554015753229499e-05,-3.598781924707408959e-05,-3.561026925069351104e-05,-1.151388641385732870e-04,-2.617954156658912623e-01,-2.836026004197213624e+00
-4.326956066131263379e-01,6.791570406247527947e-01,2.195564740672276971e-01,1.890601488622325188e-01,-7.578043347893833603e-01,-4.672718902957099241e-01,1.570801904283443573e+00,8.053399070238268908e-05,-3.681554015753229499e-05,-3.598781924707408959e-05,-3.561026925069351104e-05,-1.151388641385732870e-04,-2.617954156658912623e-01,-2.836026004197213624e+00
-4.326956066131263379e-01,6.791844875974181184e-01,2.196003020888001589e-01,1.890601488622325188e-01,-7.578221399240087086e-01,-4.672335106743304434e-01,1.570801904283443573e+00,8.053399070238268908e-05,-3.681554015753229499e-05,-3.598781924707408959e-05,-3.561026925069351104e-05,-1.151388641385732870e-04,-2.617954156658912623e-01,-2.836026004197213624e+00
-4.326825951680319804e-01,6.792119345700835531e-01,2.196331731049795122e-01,1.890601488622325188e-01,-7.578399450586340569e-01,-4.672718902957099241e-01,1.570801904283443573e+00,8.053399070238268908e-05,-3.681554015753229499e-05,-3.598781924707408959e-05,-3.561026925069351104e-05,-1.151388641385732870e-04,-2.617954156658912623e-01,-2.836026004197213624e+00
-4.326825951680319804e-01,6.792393815427489878e-01,2.196770011265519462e-01,1.890601488622325188e-01,-7.578399450586340569e-01,-4.672335106743304434e-01,1.570801904283443573e+00,8.053399070238268908e-05,-3.681554015753229499e-05,-3.598781924707408959e-05,-3.561026925069351104e-05,-1.151388641385732870e-04,-2.617954156658912623e-01,-2.836026004197213624e+00
-4.326825951680319804e-01,6.792851264971914160e-01,2.197537001643037613e-01,1.890601488622325188e-01,-7.578755553278847534e-01,-4.672335106743304434e-01,1.570801904283443573e+00,8.053399070238268908e-05,-3.681554015753229499e-05,-3.598781924707408959e-05,-3.561026925069351104e-05,-1.151388641385732870e-04,-2.617954156658912623e-01,-2.836026004197213624e+00
-4.326825951680319804e-01,6.793125734698568507e-01,2.197865711804830868e-01,1.890601488622325188e-01,-7.578755553278847534e-01,-4.672718902957099241e-01,1.570801904283443573e+00,8.053399070238268908e-05,-3.681554015753229499e-05,-3.598781924707408959e-05,-3.561026925069351104e-05,-1.151388641385732870e-04,-2.617954156658912623e-01,-2.836026004197213624e+00
-4.326825951680319804e-01,6.793400204425223965e-01,2.198303992020555486e-01,1.890601488622325188e-01,-7.578933604625101017e-01,-4.672718902957099241e-01,1.570801904283443573e+00,8.053399070238268908e-05,-3.681554015753229499e-05,-3.598781924707408959e-05,-3.561026925069351104e-05,-1.151388641385732870e-04,-2.617954156658912623e-01,-2.836026004197213624e+00
-4.326695837229376229e-01,6.793949143878532659e-01,2.199070982398073359e-01,1.890601488622325188e-01,-7.579111655971353390e-01,-4.672718902957099241e-01,1.570801904283443573e+00,8.053399070238268908e-05,-3.681554015753229499e-05,-3.598781924707408959e-05,-3.561026925069351104e-05,-1.151388641385732870e-04,-2.617954156658912623e-01,-2.836026004197213624e+00
-4.326695837229376229e-01,6.794223613605188117e-01,2.199509262613798255e-01,1.890430856719020059e-01,-7.579289707317607983e-01,-4.672335106743304434e-01,1.570801904283443573e+00,8.053399070238268908e-05,-3.681554015753229499e-05,-3.598781924707408959e-05,-3.561026925069351104e-05,-1.151388641385732870e-04,-2.617954156658912623e-01,-2.836026004197213624e+00
-4.326695837229376229e-01,6.794498083331841354e-01,2.199837972775591788e-01,1.890430856719020059e-01,-7.579467758663861465e-01,-4.672335106743304434e-01,1.570801904283443573e+00,8.053399070238268908e-05,-3.681554015753229499e-05,-3.598781924707408959e-05,-3.561026925069351104e-05,-1.151388641385732870e-04,-2.617954156658912623e-01,-2.836026004197213624e+00
-4.326695837229376229e-01,6.795047022785150048e-01,2.200714533207040746e-01,1.890430856719020059e-01,-7.579645810010114948e-01,-4.672335106743304434e-01,1.570801904283443573e+00,8.053399070238268908e-05,-3.681554015753229499e-05,-3.598781924707408959e-05,-3.561026925069351104e-05,-1.151388641385732870e-04,-2.617954156658912623e-01,-2.836026004197213624e+00
-4.326695837229376229e-01,6.795595962238459853e-01,2.201481523584558619e-01,1.890430856719020059e-01,-7.579823861356367320e-01,-4.672335106743304434e-01,1.570801904283443573e+00,8.053399070238268908e-05,-3.681554015753229499e-05,-3.598781924707408959e-05,-3.561026925069351104e-05,-1.151388641385732870e-04,-2.617954156658912623e-01,-2.836026004197213624e+00
-4.326565722778432654e-01,6.795870431965114200e-01,2.201810233746352152e-01,1.890430856719020059e-01,-7.580001912702621913e-01,-4.672335106743304434e-01,1.570801904283443573e+00,8.053399070238268908e-05,-3.681554015753229499e-05,-3.598781924707408959e-05,-3.561026925069351104e-05,-1.151388641385732870e-04,-2.617954156658912623e-01,-2.836026004197213624e+00
-4.326565722778432654e-01,6.796144901691767437e-01,2.202248513962077048e-01,1.890430856719020059e-01,-7.580179964048875396e-01,-4.672335106743304434e-01,1.570801904283443573e+00,8.053399070238268908e-05,-3.681554015753229499e-05,-3.598781924707408959e-05,-3.561026925069351104e-05,-1.151388641385732870e-04,-2.617954156658912623e-01,-2.836026004197213624e+00
-4.326565722778432654e-01,6.796419371418422894e-01,2.202577224123870026e-01,1.890430856719020059e-01,-7.580179964048875396e-01,-4.672335106743304434e-01,1.570801904283443573e+00,8.053399070238268908e-05,-3.681554015753229499e-05,-3.598781924707408959e-05,-3.561026925069351104e-05,-1.151388641385732870e-04,-2.617954156658912623e-01,-2.836026004197213624e+00
-4.326565722778432654e-01,6.796876820962847177e-01,2.203344214501388454e-01,1.890430856719020059e-01,-7.580536066741381251e-01,-4.672335106743304434e-01,1.570801904283443573e+00,8.053399070238268908e-05,-3.681554015753229499e-05,-3.598781924707408959e-05,-3.561026925069351104e-05,-1.151388641385732870e-04,-2.617954156658912623e-01,-2.836026004197213624e+00
-4.326565722778432654e-01,6.797151290689501524e-01,2.203782494717112794e-01,1.890430856719020059e-01,-7.580536066741381251e-01,-4.672335106743304434e-01,1.570801904283443573e+00,8.053399070238268908e-05,-3.681554015753229499e-05,-3.598781924707408959e-05,-3.561026925069351104e-05,-1.151388641385732870e-04,-2.617954156658912623e-01,-2.836026004197213624e+00
-4.326435608327488525e-01,6.797700230142810218e-01,2.204549485094630945e-01,1.890260224815714929e-01,-7.580714118087635844e-01,-4.672335106743304434e-01,1.570801904283443573e+00,8.053399070238268908e-05,-3.681554015753229499e-05,-3.598781924707408959e-05,-3.561026925069351104e-05,-1.151388641385732870e-04,-2.617954156658912623e-01,-2.836026004197213624e+00
-4.326435608327488525e-01,6.797974699869465676e-01,2.204878195256424200e-01,1.890260224815714929e-01,-7.580892169433889327e-01,-4.672335106743304434e-01,1.570801904283443573e+00,8.053399070238268908e-05,-3.681554015753229499e-05,-3.598781924707408959e-05,-3.561026925069351104e-05,-1.151388641385732870e-04,-2.617954156658912623e-01,-2.836026004197213624e+00
-4.326435608327488525e-01,6.798249169596120023e-01,2.205316475472148818e-01,1.890260224815714929e-01,-7.581070220780142810e-01,-4.672335106743304434e-01,1.570801904283443573e+00,8.053399070238268908e-05,-3.681554015753229499e-05,-3.598781924707408959e-05,-3.561026925069351104e-05,-1.151388641385732870e-04,-2.617954156658912623e-01,-2.836026004197213624e+00
-4.326305493876544950e-01,6.798523639322774370e-01,2.205645185633942351e-01,1.890260224815714929e-01,-7.581070220780142810e-01,-4.672335106743304434e-01,1.570801904283443573e+00,8.053399070238268908e-05,-3.681554015753229499e-05,-3.598781924707408959e-05,-3.561026925069351104e-05,-1.151388641385732870e-04,-2.617954156658912623e-01,-2.836026004197213624e+00
-4.326305493876544950e-01,6.799072578776083065e-01,2.206521746065391310e-01,1.890260224815714929e-01,-7.581426323472649775e-01,-4.672335106743304434e-01,1.570801904283443573e+00,8.053399070238268908e-05,-3.681554015753229499e-05,-3.598781924707408959e-05,-3.561026925069351104e-05,-1.151388641385732870e-04,-2.617954156658912623e-01,-2.836026004197213624e+00
-4.326305493876544950e-01,6.799347048502737412e-01,2.206850456227184842e-01,1.890260224815714929e-01,-7.581426323472649775e-01,-4.672335106743304434e-01,1.570801904283443573e+00,8.053399070238268908e-05,-3.681554015753229499e-05,-3.598781924707408959e-05,-3.561026925069351104e-05,-1.151388641385732870e-04,-2.617954156658912623e-01,-2.836026004197213624e+00
-4.326305493876544950e-01,6.799621518229391759e-01,2.207288736442909460e-01,1.890260224815714929e-01,-7.581604374818903258e-01,-4.672335106743304434e-01,1.570801904283443573e+00,8.053399070238268908e-05,-3.681554015753229499e-05,-3.598781924707408959e-05,-3.561026925069351104e-05,-1.151388641385732870e-04,-2.617954156658912623e-01,-2.836026004197213624e+00
-4.326175379425601375e-01,6.800170457682701564e-01,2.208055726820427611e-01,1.890260224815714929e-01,-7.581782426165155631e-01,-4.672335106743304434e-01,1.570801904283443573e+00,8.053399070238268908e-05,-3.681554015753229499e-05,-3.598781924707408959e-05,-3.561026925069351104e-05,-1.151388641385732870e-04,-2.617954156658912623e-01,-2.836026004197213624e+00
-4.326175379425601375e-01,6.800444927409354801e-01,2.208384436982220866e-01,1.890260224815714929e-01,-7.581960477511409113e-01,-4.672335106743304434e-01,1.570801904283443573e+00,8.053399070238268908e-05,-3.681554015753229499e-05,-3.598781924707408959e-05,-3.561026925069351104e-05,-1.151388641385732870e-04,-2.617954156658912623e-01,-2.836026004197213624e+00
-4.326045264974657800e-01,6.800993866862664605e-01,2.209151427359739017e-01,1.890260224815714929e-01,-7.582138528857663706e-01,-4.672335106743304434e-01,1.570801904283443573e+00,8.053399070238268908e-05,-3.681554015753229499e-05,-3.598781924707408959e-05,-3.561026925069351104e-05,-1.151388641385732870e-04,-2.617954156658912623e-01,-2.836026004197213624e+00
-4.326045264974657800e-01,6.801268336589318952e-01,2.209589707575463358e-01,1.890260224815714929e-01,-7.582316580203917189e-01,-4.672335106743304434e-01,1.570801904283443573e+00,8.053399070238268908e-05,-3.681554015753229499e-05,-3.598781924707408959e-05,-3.561026925069351104e-05,-1.151388641385732870e-04,-2.617954156658912623e-01,-2.836026004197213624e+00
-4.326045264974657800e-01,6.801817276042628757e-01,2.210356697952981508e-01,1.890260224815714929e-01,-7.582494631550169562e-01,-4.672335106743304434e-01,1.570801904283443573e+00,8.053399070238268908e-05,-3.681554015753229499e-05,-3.598781924707408959e-05,-3.561026925069351104e-05,-1.151388641385732870e-04,-2.617954156658912623e-01,-2.836026004197213624e+00
-4.325915150523714225e-01,6.802274725587051929e-01,2.211123688330499382e-01,1.890089592912409799e-01,-7.582672682896423044e-01,-4.671951310529508516e-01,1.570801904283443573e+00,8.053399070238268908e-05,-3.681554015753229499e-05,-3.598781924707408959e-05,-3.561026925069351104e-05,-1.151388641385732870e-04,-2.617954156658912623e-01,-2.836026004197213624e+00
-4.325915150523714225e-01,6.802549195313707386e-01,2.211452398492292915e-01,1.890089592912409799e-01,-7.582850734242677637e-01,-4.671951310529508516e-01,1.570801904283443573e+00,8.053399070238268908e-05,-3.681554015753229499e-05,-3.598781924707408959e-05,-3.561026925069351104e-05,-1.151388641385732870e-04,-2.617954156658912623e-01,-2.836026004197213624e+00
-4.325915150523714225e-01,6.802823665040361734e-01,2.211890678708017532e-01,1.890089592912409799e-01,-7.583028785588931120e-01,-4.671951310529508516e-01,1.570801904283443573e+00,8.053399070238268908e-05,-3.681554015753229499e-05,-3.598781924707408959e-05,-3.561026925069351104e-05,-1.151388641385732870e-04,-2.617954156658912623e-01,-2.836026004197213624e+00
-4.325785036072770651e-01,6.803372604493669318e-01,2.212657669085535683e-01,1.890089592912409799e-01,-7.583206836935183492e-01,-4.671951310529508516e-01,1.570801904283443573e+00,8.053399070238268908e-05,-3.681554015753229499e-05,-3.598781924707408959e-05,-3.561026925069351104e-05,-1.151388641385732870e-04,-2.617954156658912623e-01,-2.836026004197213624e+00
-4.325785036072770651e-01,6.803921543946979122e-01,2.213424659463053557e-01,1.890089592912409799e-01,-7.583384888281436975e-01,-4.671951310529508516e-01,1.570801904283443573e+00,8.053399070238268908e-05,-3.681554015753229499e-05,-3.598781924707408959e-05,-3.561026925069351104e-05,-1.151388641385732870e-04,-2.617954156658912623e-01,-2.836026004197213624e+00
-4.325654921621826521e-01,6.804196013673633470e-01,2.213753369624847089e-01,1.890089592912409799e-01,-7.583562939627691568e-01,-4.671951310529508516e-01,1.570801904283443573e+00,8.053399070238268908e-05,-3.681554015753229499e-05,-3.598781924707408959e-05,-3.561026925069351104e-05,-1.151388641385732870e-04,-2.617954156658912623e-01,-2.836026004197213624e+00
-4.325654921621826521e-01,6.804470483400288927e-01,2.214191649840571707e-01,1.890089592912409799e-01,-7.583740990973945051e-01,-4.671951310529508516e-01,1.570801904283443573e+00,8.053399070238268908e-05,-3.681554015753229499e-05,-3.598781924707408959e-05,-3.561026925069351104e-05,-1.151388641385732870e-04,-2.617954156658912623e-01,-2.836026004197213624e+00
-4.325654921621826521e-01,6.805019422853596511e-01,2.214958640218089581e-01,1.890089592912409799e-01,-7.583919042320197423e-01,-4.671951310529508516e-01,1.570801904283443573e+00,8.053399070238268908e-05,-3.681554015753229499e-05,-3.598781924707408959e-05,-3.561026925069351104e-05,-1.151388641385732870e-04,-2.617954156658912623e-01,-2.836026004197213624e+00
-4.325524807170882946e-01,6.805293892580250859e-01,2.215396920433814199e-01,1.890089592912409799e-01,-7.584097093666450906e-01,-4.671951310529508516e-01,1.570801904283443573e+00,8.053399070238268908e-05,-3.681554015753229499e-05,-3.598781924707408959e-05,-3.561026925069351104e-05,-1.151388641385732870e-04,-2.617954156658912623e-01,-2.836026004197213624e+00
-4.325524807170882946e-01,6.805842832033560663e-01,2.216163910811332349e-01,1.890089592912409799e-01,-7.584275145012705499e-01,-4.672335106743304434e-01,1.570801904283443573e+00,8.053399070238268908e-05,-3.681554015753229499e-05,-3.598781924707408959e-05,-3.561026925069351104e-05,-1.151388641385732870e-04,-2.617954156658912623e-01,-2.836026004197213624e+00
-4.325524807170882946e-01,6.806025811851329488e-01,2.216602191027056690e-01,1.890089592912409799e-01,-7.584453196358957872e-01,-4.671951310529508516e-01,1.570801904283443573e+00,8.053399070238268908e-05,-3.681554015753229499e-05,-3.598781924707408959e-05,-3.561026925069351104e-05,-1.151388641385732870e-04,-2.617954156658912623e-01,-2.836026004197213624e+00
-4.325394692719939371e-01,6.806574751304639292e-01,2.217369181404574840e-01,1.889918961009104392e-01,-7.584631247705211354e-01,-4.672335106743304434e-01,1.570801904283443573e+00,8.053399070238268908e-05,-3.681554015753229499e-05,-3.598781924707408959e-05,-3.561026925069351104e-05,-1.151388641385732870e-04,-2.617954156658912623e-01,-2.836026004197213624e+00
-4.325394692719939371e-01,6.806849221031293640e-01,2.217697891566368373e-01,1.889918961009104392e-01,-7.584809299051464837e-01,-4.672335106743304434e-01,1.570801904283443573e+00,8.053399070238268908e-05,-3.681554015753229499e-05,-3.598781924707408959e-05,-3.561026925069351104e-05,-1.151388641385732870e-04,-2.617954156658912623e-01,-2.836026004197213624e+00
-4.325264578268995797e-01,6.807398160484602334e-01,2.218464881943886247e-01,1.889918961009104392e-01,-7.584987350397719430e-01,-4.672335106743304434e-01,1.570801904283443573e+00,8.053399070238268908e-05,-3.681554015753229499e-05,-3.598781924707408959e-05,-3.561026925069351104e-05,-1.151388641385732870e-04,-2.617954156658912623e-01,-2.836026004197213624e+00
-4.325264578268995797e-01,6.807947099937911029e-01,2.219341442375335482e-01,1.889918961009104392e-01,-7.585165401743971803e-01,-4.672335106743304434e-01,1.570801904283443573e+00,8.053399070238268908e-05,-3.681554015753229499e-05,-3.598781924707408959e-05,-3.561026925069351104e-05,-1.151388641385732870e-04,-2.617954156658912623e-01,-2.836026004197213624e+00
-4.325264578268995797e-01,6.808221569664566486e-01,2.219670152537128738e-01,1.889918961009104392e-01,-7.585343453090225285e-01,-4.672335106743304434e-01,1.570801904283443573e+00,8.053399070238268908e-05,-3.681554015753229499e-05,-3.598781924707408959e-05,-3.561026925069351104e-05,-1.151388641385732870e-04,-2.617954156658912623e-01,-2.836026004197213624e+00
-4.325134463818052222e-01,6.808496039391220833e-01,2.220108432752853356e-01,1.889918961009104392e-01,-7.585521504436478768e-01,-4.672335106743304434e-01,1.570801904283443573e+00,8.053399070238268908e-05,-3.681554015753229499e-05,-3.598781924707408959e-05,-3.561026925069351104e-05,-1.151388641385732870e-04,-2.617954156658912623e-01,-2.836026004197213624e+00
-4.325134463818052222e-01,6.809044978844528417e-01,2.220875423130371507e-01,1.889918961009104392e-01,-7.585699555782733361e-01,-4.672335106743304434e-01,1.570801904283443573e+00,8.053399070238268908e-05,-3.681554015753229499e-05,-3.598781924707408959e-05,-3.561026925069351104e-05,-1.151388641385732870e-04,-2.617954156658912623e-01,-2.836026004197213624e+00
-4.325134463818052222e-01,6.809319448571183875e-01,2.221204133292165039e-01,1.889918961009104392e-01,-7.585877607128985733e-01,-4.672335106743304434e-01,1.570801904283443573e+00,8.053399070238268908e-05,-3.681554015753229499e-05,-3.598781924707408959e-05,-3.561026925069351104e-05,-1.151388641385732870e-04,-2.617954156658912623e-01,-2.836026004197213624e+00
-4.325004349367108647e-01,6.809593918297838222e-01,2.221642413507889380e-01,1.889918961009104392e-01,-7.586055658475239216e-01,-4.671951310529508516e-01,1.570801904283443573e+00,8.053399070238268908e-05,-3.681554015753229499e-05,-3.598781924707408959e-05,-3.561026925069351104e-05,-1.151388641385732870e-04,-2.617954156658912623e-01,-2.836026004197213624e+00
-4.325004349367108647e-01,6.809868388024492569e-01,2.222080693723613998e-01,1.889918961009104392e-01,-7.586233709821492699e-01,-4.671951310529508516e-01,1.570801904283443573e+00,8.053399070238268908e-05,-3.681554015753229499e-05,-3.598781924707408959e-05,-3.561026925069351104e-05,-1.151388641385732870e-04,-2.617954156658912623e-01,-2.836026004197213624e+00
-4.325004349367108647e-01,6.810325837568916851e-01,2.222847684101131871e-01,1.889918961009104392e-01,-7.586411761167747292e-01,-4.671951310529508516e-01,1.570801904283443573e+00,8.053399070238268908e-05,-3.681554015753229499e-05,-3.598781924707408959e-05,-3.561026925069351104e-05,-1.151388641385732870e-04,-2.617954156658912623e-01,-2.836026004197213624e+00
-4.325004349367108647e-01,6.810600307295571199e-01,2.223176394262925404e-01,1.889748329105798985e-01,-7.586589812513999664e-01,-4.671951310529508516e-01,1.570801904283443573e+00,8.053399070238268908e-05,-3.681554015753229499e-05,-3.598781924707408959e-05,-3.561026925069351104e-05,-1.151388641385732870e-04,-2.617954156658912623e-01,-2.836026004197213624e+00
-4.324874234916164517e-01,6.810874777022226656e-01,2.223614674478650299e-01,1.889748329105798985e-01,-7.586767863860253147e-01,-4.671951310529508516e-01,1.570801904283443573e+00,8.053399070238268908e-05,-3.681554015753229499e-05,-3.598781924707408959e-05,-3.561026925069351104e-05,-1.151388641385732870e-04,-2.617954156658912623e-01,-2.836026004197213624e+00
-4.324874234916164517e-01,6.811149246748881003e-01,2.223943384640443277e-01,1.889748329105798985e-01,-7.586767863860253147e-01,-4.671951310529508516e-01,1.570801904283443573e+00,8.053399070238268908e-05,-3.681554015753229499e-05,-3.598781924707408959e-05,-3.561026925069351104e-05,-1.151388641385732870e-04,-2.617954156658912623e-01,-2.836026004197213624e+00
-4.324874234916164517e-01,6.811698186202188587e-01,2.224710375017961705e-01,1.889748329105798985e-01,-7.587123966552761223e-01,-4.671951310529508516e-01,1.570801904283443573e+00,8.053399070238268908e-05,-3.681554015753229499e-05,-3.598781924707408959e-05,-3.561026925069351104e-05,-1.151388641385732870e-04,-2.617954156658912623e-01,-2.836026004197213624e+00
-4.324744120465220942e-01,6.811972655928844045e-01,2.225039085179754683e-01,1.889748329105798985e-01,-7.587123966552761223e-01,-4.671951310529508516e-01,1.570801904283443573e+00,8.053399070238268908e-05,-3.681554015753229499e-05,-3.598781924707408959e-05,-3.561026925069351104e-05,-1.151388641385732870e-04,-2.617954156658912623e-01,-2.836026004197213624e+00
-4.324744120465220942e-01,6.812247125655498392e-01,2.225477365395479579e-01,1.889748329105798985e-01,-7.587302017899013595e-01,-4.671951310529508516e-01,1.570801904283443573e+00,8.053399070238268908e-05,-3.681554015753229499e-05,-3.598781924707408959e-05,-3.561026925069351104e-05,-1.151388641385732870e-04,-2.617954156658912623e-01,-2.836026004197213624e+00
-4.324744120465220942e-01,6.812521595382152739e-01,2.225806075557273112e-01,1.889748329105798985e-01,-7.587480069245267078e-01,-4.672335106743304434e-01,1.570801904283443573e+00,8.053399070238268908e-05,-3.681554015753229499e-05,-3.598781924707408959e-05,-3.561026925069351104e-05,-1.151388641385732870e-04,-2.617954156658912623e-01,-2.836026004197213624e+00
-4.324744120465220942e-01,6.812704575199921564e-01,2.226244355772997452e-01,1.889748329105798985e-01,-7.587480069245267078e-01,-4.672335106743304434e-01,1.570801904283443573e+00,8.053399070238268908e-05,-3.681554015753229499e-05,-3.598781924707408959e-05,-3.561026925069351104e-05,-1.151388641385732870e-04,-2.617954156658912623e-01,-2.836026004197213624e+00
-4.324614006014277368e-01,6.812979044926577021e-01,2.226573065934790985e-01,1.889748329105798985e-01,-7.587658120591520561e-01,-4.672335106743304434e-01,1.570801904283443573e+00,8.053399070238268908e-05,-3.681554015753229499e-05,-3.598781924707408959e-05,-3.561026925069351104e-05,-1.151388641385732870e-04,-2.617954156658912623e-01,-2.836026004197213624e+00
-4.324614006014277368e-01,6.813527984379885716e-01,2.227449626366239943e-01,1.889748329105798985e-01,-7.587836171937774044e-01,-4.672335106743304434e-01,1.570801904283443573e+00,8.053399070238268908e-05,-3.681554015753229499e-05,-3.598781924707408959e-05,-3.561026925069351104e-05,-1.151388641385732870e-04,-2.617954156658912623e-01,-2.836026004197213624e+00
-4.324483891563333793e-01,6.814076923833195520e-01,2.228216616743758371e-01,1.889748329105798985e-01,-7.588014223284027526e-01,-4.672335106743304434e-01,1.570801904283443573e+00,8.053399070238268908e-05,-3.681554015753229499e-05,-3.598781924707408959e-05,-3.561026925069351104e-05,-1.151388641385732870e-04,-2.617954156658912623e-01,-2.836026004197213624e+00
-4.324483891563333793e-01,6.814259903650964345e-01,2.228545326905551349e-01,1.889748329105798985e-01,-7.588192274630281009e-01,-4.672335106743304434e-01,1.570801904283443573e+00,8.053399070238268908e-05,-3.681554015753229499e-05,-3.598781924707408959e-05,-3.561026925069351104e-05,-1.151388641385732870e-04,-2.617954156658912623e-01,-2.836026004197213624e+00
-4.324483891563333793e-01,6.814808843104274150e-01,2.229312317283069778e-01,1.889748329105798985e-01,-7.588370325976534492e-01,-4.672335106743304434e-01,1.570801904283443573e+00,8.053399070238268908e-05,-3.681554015753229499e-05,-3.598781924707408959e-05,-3.561026925069351104e-05,-1.151388641385732870e-04,-2.617954156658912623e-01,-2.836026004197213624e+00
-4.324353777112390218e-01,6.815083312830928497e-01,2.229750597498794118e-01,1.889748329105798985e-01,-7.588548377322787974e-01,-4.672335106743304434e-01,1.570801904283443573e+00,8.053399070238268908e-05,-3.681554015753229499e-05,-3.598781924707408959e-05,-3.561026925069351104e-05,-1.151388641385732870e-04,-2.617954156658912623e-01,-2.836026004197213624e+00
-4.324353777112390218e-01,6.815357782557581734e-01,2.230079307660587651e-01,1.889748329105798985e-01,-7.588726428669041457e-01,-4.672335106743304434e-01,1.570801904283443573e+00,8.053399070238268908e-05,-3.681554015753229499e-05,-3.598781924707408959e-05,-3.561026925069351104e-05,-1.151388641385732870e-04,-2.617954156658912623e-01,-2.836026004197213624e+00
-4.324223662661446643e-01,6.815815232102007126e-01,2.230846298038105524e-01,1.889748329105798985e-01,-7.588904480015294940e-01,-4.672335106743304434e-01,1.570801904283443573e+00,8.053399070238268908e-05,-3.681554015753229499e-05,-3.598781924707408959e-05,-3.561026925069351104e-05,-1.151388641385732870e-04,-2.617954156658912623e-01,-2.836026004197213624e+00
-4.324223662661446643e-01,6.816089701828661473e-01,2.231284578253830142e-01,1.889748329105798985e-01,-7.589082531361547312e-01,-4.672335106743304434e-01,1.570801904283443573e+00,8.053399070238268908e-05,-3.681554015753229499e-05,-3.598781924707408959e-05,-3.561026925069351104e-05,-1.151388641385732870e-04,-2.617954156658912623e-01,-2.836026004197213624e+00
-4.324223662661446643e-01,6.816364171555314710e-01,2.231613288415623675e-01,1.889577697202493856e-01,-7.589260582707801905e-01,-4.671951310529508516e-01,1.570801904283443573e+00,8.053399070238268908e-05,-3.681554015753229499e-05,-3.598781924707408959e-05,-3.561026925069351104e-05,-1.151388641385732870e-04,-2.617954156658912623e-01,-2.836026004197213624e+00
-4.324093548210503068e-01,6.816821621099740103e-01,2.232380278793141548e-01,1.889577697202493856e-01,-7.589438634054055388e-01,-4.671951310529508516e-01,1.570801904283443573e+00,8.053399070238268908e-05,-3.681554015753229499e-05,-3.598781924707408959e-05,-3.561026925069351104e-05,-1.151388641385732870e-04,-2.617954156658912623e-01,-2.836026004197213624e+00
-4.324093548210503068e-01,6.817096090826394450e-01,2.232708988954935081e-01,1.889577697202493856e-01,-7.589616685400308871e-01,-4.671951310529508516e-01,1.570801904283443573e+00,8.053399070238268908e-05,-3.681554015753229499e-05,-3.598781924707408959e-05,-3.561026925069351104e-05,-1.151388641385732870e-04,-2.617954156658912623e-01,-2.836026004197213624e+00
-4.323963433759558939e-01,6.817645030279703144e-01,2.233475979332452954e-01,1.889577697202493856e-01,-7.589794736746561243e-01,-4.672335106743304434e-01,1.570801904283443573e+00,8.053399070238268908e-05,-3.681554015753229499e-05,-3.598781924707408959e-05,-3.561026925069351104e-05,-1.151388641385732870e-04,-2.617954156658912623e-01,-2.836026004197213624e+00
-4.323963433759558939e-01,6.817919500006357492e-01,2.233804689494246487e-01,1.889577697202493856e-01,-7.589972788092815836e-01,-4.671951310529508516e-01,1.570801904283443573e+00,8.053399070238268908e-05,-3.681554015753229499e-05,-3.598781924707408959e-05,-3.561026925069351104e-05,-1.151388641385732870e-04,-2.617954156658912623e-01,-2.836026004197213624e+00
-4.323963433759558939e-01,6.818193969733011839e-01,2.234242969709970827e-01,1.889577697202493856e-01,-7.589972788092815836e-01,-4.672335106743304434e-01,1.570801904283443573e+00,8.053399070238268908e-05,-3.681554015753229499e-05,-3.598781924707408959e-05,-3.561026925069351104e-05,-1.151388641385732870e-04,-2.617954156658912623e-01,-2.836026004197213624e+00
-4.323833319308615364e-01,6.818651419277436121e-01,2.235009960087489256e-01,1.889577697202493856e-01,-7.590328890785322802e-01,-4.672335106743304434e-01,1.570801904283443573e+00,8.053399070238268908e-05,-3.681554015753229499e-05,-3.598781924707408959e-05,-3.561026925069351104e-05,-1.151388641385732870e-04,-2.617954156658912623e-01,-2.836026004197213624e+00
-4.323833319308615364e-01,6.818925889004090468e-01,2.235338670249282789e-01,1.889577697202493856e-01,-7.590506942131575174e-01,-4.672335106743304434e-01,1.570801904283443573e+00,8.053399070238268908e-05,-3.681554015753229499e-05,-3.598781924707408959e-05,-3.561026925069351104e-05,-1.151388641385732870e-04,-2.617954156658912623e-01,-2.836026004197213624e+00
-4.323833319308615364e-01,6.819200358730745926e-01,2.235776950465007129e-01,1.889577697202493856e-01,-7.590506942131575174e-01,-4.672335106743304434e-01,1.570801904283443573e+00,8.053399070238268908e-05,-3.681554015753229499e-05,-3.598781924707408959e-05,-3.561026925069351104e-05,-1.151388641385732870e-04,-2.617954156658912623e-01,-2.836026004197213624e+00
-4.323703204857671789e-01,6.819749298184054620e-01,2.236543940842525002e-01,1.889577697202493856e-01,-7.590863044824083250e-01,-4.672335106743304434e-01,1.570801904283443573e+00,8.053399070238268908e-05,-3.681554015753229499e-05,-3.598781924707408959e-05,-3.561026925069351104e-05,-1.151388641385732870e-04,-2.617954156658912623e-01,-2.836026004197213624e+00
-4.323703204857671789e-01,6.820023767910708967e-01,2.236872651004318535e-01,1.889577697202493856e-01,-7.590863044824083250e-01,-4.672335106743304434e-01,1.570801904283443573e+00,8.053399070238268908e-05,-3.681554015753229499e-05,-3.598781924707408959e-05,-3.561026925069351104e-05,-1.151388641385732870e-04,-2.617954156658912623e-01,-2.836026004197213624e+00
-4.323573090406728214e-01,6.820572707364017662e-01,2.237639641381836686e-01,1.889577697202493856e-01,-7.591219147516589105e-01,-4.672335106743304434e-01,1.570801904283443573e+00,8.053399070238268908e-05,-3.681554015753229499e-05,-3.598781924707408959e-05,-3.561026925069351104e-05,-1.151388641385732870e-04,-2.617954156658912623e-01,-2.836026004197213624e+00
-4.323573090406728214e-01,6.820755687181787597e-01,2.237968351543629941e-01,1.889577697202493856e-01,-7.591397198862843698e-01,-4.672335106743304434e-01,1.570801904283443573e+00,8.053399070238268908e-05,-3.681554015753229499e-05,-3.598781924707408959e-05,-3.561026925069351104e-05,-1.151388641385732870e-04,-2.617954156658912623e-01,-2.836026004197213624e+00
-4.323442975955784640e-01,6.821030156908443054e-01,2.238406631759354559e-01,1.889577697202493856e-01,-7.591397198862843698e-01,-4.672335106743304434e-01,1.570801904283443573e+00,8.053399070238268908e-05,-3.681554015753229499e-05,-3.598781924707408959e-05,-3.561026925069351104e-05,-1.151388641385732870e-04,-2.617954156658912623e-01,-2.836026004197213624e+00
-4.323442975955784640e-01,6.821579096361750638e-01,2.239173622136872432e-01,1.889577697202493856e-01,-7.591753301555350664e-01,-4.672335106743304434e-01,1.570801904283443573e+00,8.053399070238268908e-05,-3.681554015753229499e-05,-3.598781924707408959e-05,-3.561026925069351104e-05,-1.151388641385732870e-04,-2.617954156658912623e-01,-2.836026004197213624e+00
-4.323312861504841065e-01,6.821853566088404985e-01,2.239502332298665965e-01,1.889577697202493856e-01,-7.591753301555350664e-01,-4.672718902957099241e-01,1.570801904283443573e+00,8.053399070238268908e-05,-3.681554015753229499e-05,-3.598781924707408959e-05,-3.561026925069351104e-05,-1.151388641385732870e-04,-2.617954156658912623e-01,-2.836026004197213624e+00
-4.323312861504841065e-01,6.822128035815060443e-01,2.239831042460459498e-01,1.889577697202493856e-01,-7.591931352901604146e-01,-4.672335106743304434e-01,1.570801904283443573e+00,8.053399070238268908e-05,-3.681554015753229499e-05,-3.598781924707408959e-05,-3.561026925069351104e-05,-1.151388641385732870e-04,-2.617954156658912623e-01,-2.836026004197213624e+00
-4.323312861504841065e-01,6.822311015632829267e-01,2.240269322676183839e-01,1.889577697202493856e-01,-7.592109404247857629e-01,-4.672718902957099241e-01,1.570801904283443573e+00,8.053399070238268908e-05,-3.681554015753229499e-05,-3.598781924707408959e-05,-3.561026925069351104e-05,-1.151388641385732870e-04,-2.617954156658912623e-01,-2.836026004197213624e+00
-4.323312861504841065e-01,6.822585485359483615e-01,2.240598032837977371e-01,1.889577697202493856e-01,-7.592287455594111112e-01,-4.672718902957099241e-01,1.570801904283443573e+00,8.053399070238268908e-05,-3.681554015753229499e-05,-3.598781924707408959e-05,-3.561026925069351104e-05,-1.151388641385732870e-04,-2.617954156658912623e-01,-2.836026004197213624e+00
-4.323182747053896935e-01,6.822859955086137962e-01,2.241036313053702267e-01,1.889577697202493856e-01,-7.592287455594111112e-01,-4.672718902957099241e-01,1.570801904283443573e+00,8.053399070238268908e-05,-3.681554015753229499e-05,-3.598781924707408959e-05,-3.561026925069351104e-05,-1.151388641385732870e-04,-2.617954156658912623e-01,-2.836026004197213624e+00
-4.323182747053896935e-01,6.823134424812793419e-01,2.241365023215495245e-01,1.889577697202493856e-01,-7.592465506940363484e-01,-4.672718902957099241e-01,1.570801904283443573e+00,8.053399070238268908e-05,-3.681554015753229499e-05,-3.598781924707408959e-05,-3.561026925069351104e-05,-1.151388641385732870e-04,-2.617954156658912623e-01,-2.836026004197213624e+00
-4.323052632602953360e-01,6.823683364266102114e-01,2.242132013593013673e-01,1.889577697202493856e-01,-7.592821609632871560e-01,-4.672335106743304434e-01,1.570801904283443573e+00,8.053399070238268908e-05,-3.681554015753229499e-05,-3.598781924707408959e-05,-3.561026925069351104e-05,-1.151388641385732870e-04,-2.617954156658912623e-01,-2.836026004197213624e+00
-4.323052632602953360e-01,6.823866344083872049e-01,2.242570293808738013e-01,1.889577697202493856e-01,-7.592821609632871560e-01,-4.672335106743304434e-01,1.570801904283443573e+00,8.053399070238268908e-05,-3.681554015753229499e-05,-3.598781924707408959e-05,-3.561026925069351104e-05,-1.151388641385732870e-04,-2.617954156658912623e-01,-2.836026004197213624e+00
-4.323052632602953360e-01,6.824140813810526396e-01,2.242899003970531546e-01,1.889577697202493856e-01,-7.592999660979125043e-01,-4.672335106743304434e-01,1.570801904283443573e+00,8.053399070238268908e-05,-3.681554015753229499e-05,-3.598781924707408959e-05,-3.561026925069351104e-05,-1.151388641385732870e-04,-2.617954156658912623e-01,-2.836026004197213624e+00
-4.322922518152009785e-01,6.824689753263836201e-01,2.243665994348049419e-01,1.889577697202493856e-01,-7.593355763671632008e-01,-4.672335106743304434e-01,1.570801904283443573e+00,8.053399070238268908e-05,-3.681554015753229499e-05,-3.598781924707408959e-05,-3.561026925069351104e-05,-1.151388641385732870e-04,-2.617954156658912623e-01,-2.836026004197213624e+00
-4.322792403701066211e-01,6.825513162443798132e-01,2.244871264941291911e-01,1.889577697202493856e-01,-7.593711866364138974e-01,-4.672335106743304434e-01,1.570801904283443573e+00,8.053399070238268908e-05,-3.681554015753229499e-05,-3.598781924707408959e-05,-3.561026925069351104e-05,-1.151388641385732870e-04,-2.617954156658912623e-01,-2.836026004197213624e+00
-4.322792403701066211e-01,6.825696142261569177e-01,2.245199975103085444e-01,1.889577697202493856e-01,-7.593889917710391346e-01,-4.672718902957099241e-01,1.570801904283443573e+00,8.053399070238268908e-05,-3.681554015753229499e-05,-3.598781924707408959e-05,-3.561026925069351104e-05,-1.151388641385732870e-04,-2.617954156658912623e-01,-2.836026004197213624e+00
-4.322662289250122636e-01,6.825970611988222414e-01,2.245528685264878976e-01,1.889577697202493856e-01,-7.593889917710391346e-01,-4.672335106743304434e-01,1.570801904283443573e+00,8.053399070238268908e-05,-3.681554015753229499e-05,-3.598781924707408959e-05,-3.561026925069351104e-05,-1.151388641385732870e-04,-2.617954156658912623e-01,-2.836026004197213624e+00
-4.322662289250122636e-01,6.826245081714876761e-01,2.245966965480603317e-01,1.889577697202493856e-01,-7.594067969056645939e-01,-4.672718902957099241e-01,1.570801904283443573e+00,8.053399070238268908e-05,-3.681554015753229499e-05,-3.598781924707408959e-05,-3.561026925069351104e-05,-1.151388641385732870e-04,-2.617954156658912623e-01,-2.836026004197213624e+00
-4.322532174799179061e-01,6.826794021168186566e-01,2.246733955858121745e-01,1.889577697202493856e-01,-7.594424071749152905e-01,-4.672718902957099241e-01,1.570801904283443573e+00,8.053399070238268908e-05,-3.681554015753229499e-05,-3.598781924707408959e-05,-3.561026925069351104e-05,-1.151388641385732870e-04,-2.617954156658912623e-01,-2.836026004197213624e+00
-4.322532174799179061e-01,6.827068490894840913e-01,2.247062666019915000e-01,1.889577697202493856e-01,-7.594424071749152905e-01,-4.672718902957099241e-01,1.570801904283443573e+00,8.053399070238268908e-05,-3.681554015753229499e-05,-3.598781924707408959e-05,-3.561026925069351104e-05,-1.151388641385732870e-04,-2.617954156658912623e-01,-2.836026004197213624e+00
-4.322532174799179061e-01,6.827342960621495260e-01,2.247391376181708256e-01,1.889577697202493856e-01,-7.594602123095405277e-01,-4.672718902957099241e-01,1.570801904283443573e+00,8.053399070238268908e-05,-3.681554015753229499e-05,-3.598781924707408959e-05,-3.561026925069351104e-05,-1.151388641385732870e-04,-2.617954156658912623e-01,-2.836026004197213624e+00
-4.322402060348234931e-01,6.827525940439265195e-01,2.247829656397433151e-01,1.889407065299188448e-01,-7.594780174441659870e-01,-4.672718902957099241e-01,1.570801904283443573e+00,8.053399070238268908e-05,-3.681554015753229499e-05,-3.598781924707408959e-05,-3.561026925069351104e-05,-1.151388641385732870e-04,-2.617954156658912623e-01,-2.836026004197213624e+00
-4.322402060348234931e-01,6.828074879892573890e-01,2.248487076721019662e-01,1.889407065299188448e-01,-7.595136277134165725e-01,-4.672718902957099241e-01,1.570801904283443573e+00,8.053399070238268908e-05,-3.681554015753229499e-05,-3.598781924707408959e-05,-3.561026925069351104e-05,-1.151388641385732870e-04,-2.617954156658912623e-01,-2.836026004197213624e+00
-4.322271945897291356e-01,6.828349349619228237e-01,2.248925356936744557e-01,1.889407065299188448e-01,-7.595136277134165725e-01,-4.672718902957099241e-01,1.570801904283443573e+00,8.053399070238268908e-05,-3.681554015753229499e-05,-3.598781924707408959e-05,-3.561026925069351104e-05,-1.151388641385732870e-04,-2.617954156658912623e-01,-2.836026004197213624e+00
-4.322271945897291356e-01,6.828623819345883694e-01,2.249254067098538090e-01,1.889407065299188448e-01,-7.595314328480419208e-01,-4.672718902957099241e-01,1.570801904283443573e+00,8.053399070238268908e-05,-3.681554015753229499e-05,-3.598781924707408959e-05,-3.561026925069351104e-05,-1.151388641385732870e-04,-2.617954156658912623e-01,-2.836026004197213624e+00
-4.322141831446347782e-01,6.829081268890306866e-01,2.250021057476055963e-01,1.889407065299188448e-01,-7.595670431172927284e-01,-4.672718902957099241e-01,1.570801904283443573e+00,8.053399070238268908e-05,-3.681554015753229499e-05,-3.598781924707408959e-05,-3.561026925069351104e-05,-1.151388641385732870e-04,-2.617954156658912623e-01,-2.836026004197213624e+00
-4.322141831446347782e-01,6.829355738616962324e-01,2.250349767637849496e-01,1.889407065299188448e-01,-7.595670431172927284e-01,-4.673102699170894603e-01,1.570801904283443573e+00,8.053399070238268908e-05,-3.681554015753229499e-05,-3.598781924707408959e-05,-3.561026925069351104e-05,-1.151388641385732870e-04,-2.617954156658912623e-01,-2.836026004197213624e+00
-4.322141831446347782e-01,6.829630208343616671e-01,2.250788047853573837e-01,1.889407065299188448e-01,-7.595848482519179656e-01,-4.673102699170894603e-01,1.570801904283443573e+00,8.053399070238268908e-05,-3.681554015753229499e-05,-3.598781924707408959e-05,-3.561026925069351104e-05,-1.151388641385732870e-04,-2.617954156658912623e-01,-2.836026004197213624e+00
-4.322011716995404207e-01,6.829904678070269908e-01,2.251116758015367370e-01,1.889407065299188448e-01,-7.596026533865433139e-01,-4.672718902957099241e-01,1.570801904283443573e+00,8.053399070238268908e-05,-3.681554015753229499e-05,-3.598781924707408959e-05,-3.561026925069351104e-05,-1.151388641385732870e-04,-2.617954156658912623e-01,-2.836026004197213624e+00
-4.321881602544460632e-01,6.830362127614695300e-01,2.251883748392885243e-01,1.889407065299188448e-01,-7.596204585211687732e-01,-4.672718902957099241e-01,1.570801904283443573e+00,8.053399070238268908e-05,-3.681554015753229499e-05,-3.598781924707408959e-05,-3.561026925069351104e-05,-1.151388641385732870e-04,-2.617954156658912623e-01,-2.836026004197213624e+00
-4.321881602544460632e-01,6.830636597341349647e-01,2.252322028608609861e-01,1.889407065299188448e-01,-7.596382636557941215e-01,-4.672718902957099241e-01,1.570801904283443573e+00,8.053399070238268908e-05,-3.681554015753229499e-05,-3.598781924707408959e-05,-3.561026925069351104e-05,-1.151388641385732870e-04,-2.617954156658912623e-01,-2.836026004197213624e+00
-4.321881602544460632e-01,6.830911067068002884e-01,2.252650738770403394e-01,1.889407065299188448e-01,-7.596560687904193587e-01,-4.672718902957099241e-01,1.570801904283443573e+00,8.053399070238268908e-05,-3.681554015753229499e-05,-3.598781924707408959e-05,-3.561026925069351104e-05,-1.151388641385732870e-04,-2.617954156658912623e-01,-2.836026004197213624e+00
-4.321751488093517057e-01,6.831185536794657231e-01,2.252979448932196649e-01,1.889407065299188448e-01,-7.596560687904193587e-01,-4.672718902957099241e-01,1.570801904283443573e+00,8.053399070238268908e-05,-3.681554015753229499e-05,-3.598781924707408959e-05,-3.561026925069351104e-05,-1.151388641385732870e-04,-2.617954156658912623e-01,-2.836026004197213624e+00
-4.321751488093517057e-01,6.831460006521312689e-01,2.253417729147921267e-01,1.889407065299188448e-01,-7.596738739250447070e-01,-4.672718902957099241e-01,1.570801904283443573e+00,8.053399070238268908e-05,-3.681554015753229499e-05,-3.598781924707408959e-05,-3.561026925069351104e-05,-1.151388641385732870e-04,-2.617954156658912623e-01,-2.836026004197213624e+00
-4.321621373642572927e-01,6.831917456065735861e-01,2.254184719525439140e-01,1.889407065299188448e-01,-7.597094841942955146e-01,-4.672718902957099241e-01,1.570801904283443573e+00,8.053399070238268908e-05,-3.681554015753229499e-05,-3.598781924707408959e-05,-3.561026925069351104e-05,-1.151388641385732870e-04,-2.617954156658912623e-01,-2.836026004197213624e+00
-4.321621373642572927e-01,6.832191925792391318e-01,2.254513429687232673e-01,1.889407065299188448e-01,-7.597094841942955146e-01,-4.672718902957099241e-01,1.570801904283443573e+00,8.053399070238268908e-05,-3.681554015753229499e-05,-3.598781924707408959e-05,-3.561026925069351104e-05,-1.151388641385732870e-04,-2.617954156658912623e-01,-2.836026004197213624e+00
-4.321621373642572927e-01,6.832466395519045665e-01,2.254842139849026206e-01,1.889407065299188448e-01,-7.597272893289207518e-01,-4.672718902957099241e-01,1.570801904283443573e+00,8.053399070238268908e-05,-3.681554015753229499e-05,-3.598781924707408959e-05,-3.561026925069351104e-05,-1.151388641385732870e-04,-2.617954156658912623e-01,-2.836026004197213624e+00
-4.321491259191629353e-01,6.832923845063469948e-01,2.255609130226544079e-01,1.889407065299188448e-01,-7.597628995981715594e-01,-4.673102699170894603e-01,1.570801904283443573e+00,8.053399070238268908e-05,-3.681554015753229499e-05,-3.598781924707408959e-05,-3.561026925069351104e-05,-1.151388641385732870e-04,-2.617954156658912623e-01,-2.836026004197213624e+00
-4.321491259191629353e-01,6.833198314790124295e-01,2.255937840388337612e-01,1.889407065299188448e-01,-7.597628995981715594e-01,-4.673102699170894603e-01,1.570801904283443573e+00,8.053399070238268908e-05,-3.681554015753229499e-05,-3.598781924707408959e-05,-3.561026925069351104e-05,-1.151388641385732870e-04,-2.617954156658912623e-01,-2.836026004197213624e+00
-4.321361144740685778e-01,6.833381294607894230e-01,2.256376120604062507e-01,1.889407065299188448e-01,-7.597807047327967966e-01,-4.673102699170894603e-01,1.570801904283443573e+00,8.053399070238268908e-05,-3.681554015753229499e-05,-3.598781924707408959e-05,-3.561026925069351104e-05,-1.151388641385732870e-04,-2.617954156658912623e-01,-2.836026004197213624e+00
-4.321361144740685778e-01,6.833838744152317402e-01,2.257033540927649018e-01,1.889407065299188448e-01,-7.598163150020474932e-01,-4.673102699170894603e-01,1.570801904283443573e+00,8.053399070238268908e-05,-3.681554015753229499e-05,-3.598781924707408959e-05,-3.561026925069351104e-05,-1.151388641385732870e-04,-2.617954156658912623e-01,-2.836026004197213624e+00
-4.321361144740685778e-01,6.834113213878972859e-01,2.257362251089442551e-01,1.889407065299188448e-01,-7.598163150020474932e-01,-4.673102699170894603e-01,1.570801904283443573e+00,8.053399070238268908e-05,-3.681554015753229499e-05,-3.598781924707408959e-05,-3.561026925069351104e-05,-1.151388641385732870e-04,-2.617954156658912623e-01,-2.836026004197213624e+00
-4.321231030289742203e-01,6.834296193696742794e-01,2.257690961251235806e-01,1.889407065299188448e-01,-7.598341201366729525e-01,-4.673102699170894603e-01,1.570801904283443573e+00,8.053399070238268908e-05,-3.681554015753229499e-05,-3.598781924707408959e-05,-3.561026925069351104e-05,-1.151388641385732870e-04,-2.617954156658912623e-01,-2.836026004197213624e+00
-4.321231030289742203e-01,6.834570663423396031e-01,2.258019671413029339e-01,1.889407065299188448e-01,-7.598519252712981897e-01,-4.673102699170894603e-01,1.570801904283443573e+00,8.053399070238268908e-05,-3.681554015753229499e-05,-3.598781924707408959e-05,-3.561026925069351104e-05,-1.151388641385732870e-04,-2.617954156658912623e-01,-2.836026004197213624e+00
-4.321100915838798628e-01,6.834936623058937011e-01,2.258677091736616405e-01,1.889407065299188448e-01,-7.598697304059235380e-01,-4.673102699170894603e-01,1.570801904283443573e+00,8.053399070238268908e-05,-3.681554015753229499e-05,-3.598781924707408959e-05,-3.561026925069351104e-05,-1.151388641385732870e-04,-2.617954156658912623e-01,-2.836026004197213624e+00
-4.321100915838798628e-01,6.835211092785590248e-01,2.259005801898409660e-01,1.889407065299188448e-01,-7.598875355405488863e-01,-4.673102699170894603e-01,1.570801904283443573e+00,8.053399070238268908e-05,-3.681554015753229499e-05,-3.598781924707408959e-05,-3.561026925069351104e-05,-1.151388641385732870e-04,-2.617954156658912623e-01,-2.836026004197213624e+00
-4.321100915838798628e-01,6.835394072603360183e-01,2.259334512060203193e-01,1.889407065299188448e-01,-7.598875355405488863e-01,-4.673102699170894603e-01,1.570801904283443573e+00,8.053399070238268908e-05,-3.681554015753229499e-05,-3.598781924707408959e-05,-3.561026925069351104e-05,-1.151388641385732870e-04,-2.617954156658912623e-01,-2.836026004197213624e+00
-4.320970801387855054e-01,6.835760032238898942e-01,2.259882362329859173e-01,1.889407065299188448e-01,-7.599053406751743456e-01,-4.673102699170894603e-01,1.570801904283443573e+00,8.053399070238268908e-05,-3.681554015753229499e-05,-3.598781924707408959e-05,-3.561026925069351104e-05,-1.151388641385732870e-04,-2.617954156658912623e-01,-2.836026004197213624e+00
-4.320970801387855054e-01,6.835943012056669987e-01,2.260101502437721066e-01,1.889407065299188448e-01,-7.599231458097995828e-01,-4.673486495384689965e-01,1.570801904283443573e+00,8.053399070238268908e-05,-3.681554015753229499e-05,-3.598781924707408959e-05,-3.561026925069351104e-05,-1.151388641385732870e-04,-2.617954156658912623e-01,-2.836026004197213624e+00
-4.320970801387855054e-01,6.836125991874438812e-01,2.260430212599514599e-01,1.889407065299188448e-01,-7.599231458097995828e-01,-4.673486495384689965e-01,1.570801904283443573e+00,8.053399070238268908e-05,-3.681554015753229499e-05,-3.598781924707408959e-05,-3.561026925069351104e-05,-1.151388641385732870e-04,-2.617954156658912623e-01,-2.836026004197213624e+00
-4.320970801387855054e-01,6.836217481783323224e-01,2.260649352707377047e-01,1.889407065299188448e-01,-7.599409509444249311e-01,-4.673102699170894603e-01,1.570801904283443573e+00,8.053399070238268908e-05,-3.681554015753229499e-05,-3.598781924707408959e-05,-3.561026925069351104e-05,-1.151388641385732870e-04,-2.617954156658912623e-01,-2.836026004197213624e+00
-4.320970801387855054e-01,6.836400461601093159e-01,2.260868492815239217e-01,1.889407065299188448e-01,-7.599409509444249311e-01,-4.673102699170894603e-01,1.570801904283443573e+00,8.053399070238268908e-05,-3.681554015753229499e-05,-3.598781924707408959e-05,-3.561026925069351104e-05,-1.151388641385732870e-04,-2.617954156658912623e-01,-2.836026004197213624e+00
-4.320840686936911479e-01,6.836674931327747506e-01,2.261306773030963557e-01,1.889407065299188448e-01,-7.599587560790502794e-01,-4.673102699170894603e-01,1.570801904283443573e+00,8.053399070238268908e-05,-3.681554015753229499e-05,-3.598781924707408959e-05,-3.561026925069351104e-05,-1.151388641385732870e-04,-2.617954156658912623e-01,-2.836026004197213624e+00
-4.320840686936911479e-01,6.836857911145517441e-01,2.261525913138826005e-01,1.889407065299188448e-01,-7.599587560790502794e-01,-4.673102699170894603e-01,1.570801904283443573e+00,8.053399070238268908e-05,-3.681554015753229499e-05,-3.598781924707408959e-05,-3.561026925069351104e-05,-1.151388641385732870e-04,-2.617954156658912623e-01,-2.836026004197213624e+00
-4.320840686936911479e-01,6.836949401054402964e-01,2.261745053246688453e-01,1.889407065299188448e-01,-7.599765612136757387e-01,-4.673102699170894603e-01,1.570801904283443573e+00,8.053399070238268908e-05,-3.681554015753229499e-05,-3.598781924707408959e-05,-3.561026925069351104e-05,-1.151388641385732870e-04,-2.617954156658912623e-01,-2.836026004197213624e+00
-4.320840686936911479e-01,6.837132380872171789e-01,2.261854623300619538e-01,1.889407065299188448e-01,-7.599765612136757387e-01,-4.673102699170894603e-01,1.570801904283443573e+00,8.053399070238268908e-05,-3.681554015753229499e-05,-3.598781924707408959e-05,-3.561026925069351104e-05,-1.151388641385732870e-04,-2.617954156658912623e-01,-2.836026004197213624e+00
-4.320710572485967349e-01,6.837223870781056201e-01,2.262073763408481986e-01,1.889407065299188448e-01,-7.599765612136757387e-01,-4.673102699170894603e-01,1.570801904283443573e+00,8.053399070238268908e-05,-3.681554015753229499e-05,-3.598781924707408959e-05,-3.561026925069351104e-05,-1.151388641385732870e-04,-2.617954156658912623e-01,-2.836026004197213624e+00
-4.320710572485967349e-01,6.837315360689941723e-01,2.262183333462413071e-01,1.889407065299188448e-01,-7.599943663483009759e-01,-4.673102699170894603e-01,1.570801904283443573e+00,8.053399070238268908e-05,-3.681554015753229499e-05,-3.598781924707408959e-05,-3.561026925069351104e-05,-1.151388641385732870e-04,-2.617954156658912623e-01,-2.836026004197213624e+00
-4.320710572485967349e-01,6.837406850598826136e-01,2.262292903516344156e-01,1.889407065299188448e-01,-7.599943663483009759e-01,-4.673102699170894603e-01,1.570801904283443573e+00,8.053399070238268908e-05,-3.681554015753229499e-05,-3.598781924707408959e-05,-3.561026925069351104e-05,-1.151388641385732870e-04,-2.617954156658912623e-01,-2.836026004197213624e+00
-4.320710572485967349e-01,6.837589830416597181e-01,2.262512043624206326e-01,1.889407065299188448e-01,-7.599943663483009759e-01,-4.673102699170894603e-01,1.570801904283443573e+00,8.053399070238268908e-05,-3.681554015753229499e-05,-3.598781924707408959e-05,-3.561026925069351104e-05,-1.151388641385732870e-04,-2.617954156658912623e-01,-2.836026004197213624e+00
-4.320710572485967349e-01,6.837681320325481593e-01,2.262621613678137411e-01,1.889407065299188448e-01,-7.599943663483009759e-01,-4.673102699170894603e-01,1.570801904283443573e+00,8.053399070238268908e-05,-3.681554015753229499e-05,-3.598781924707408959e-05,-3.561026925069351104e-05,-1.151388641385732870e-04,-2.617954156658912623e-01,-2.836026004197213624e+00
-4.320710572485967349e-01,6.837772810234366005e-01,2.262840753785999859e-01,1.889407065299188448e-01,-7.600121714829263242e-01,-4.673102699170894603e-01,1.570801904283443573e+00,8.053399070238268908e-05,-3.681554015753229499e-05,-3.598781924707408959e-05,-3.561026925069351104e-05,-1.151388641385732870e-04,-2.617954156658912623e-01,-2.836026004197213624e+00
-4.320710572485967349e-01,6.837864300143250418e-01,2.262950323839930944e-01,1.889407065299188448e-01,-7.600121714829263242e-01,-4.673102699170894603e-01,1.570801904283443573e+00,8.053399070238268908e-05,-3.681554015753229499e-05,-3.598781924707408959e-05,-3.561026925069351104e-05,-1.151388641385732870e-04,-2.617954156658912623e-01,-2.836026004197213624e+00
-4.320710572485967349e-01,6.837955790052135940e-01,2.262950323839930944e-01,1.889407065299188448e-01,-7.600121714829263242e-01,-4.673486495384689965e-01,1.570801904283443573e+00,8.053399070238268908e-05,-3.681554015753229499e-05,-3.598781924707408959e-05,-3.561026925069351104e-05,-1.151388641385732870e-04,-2.617954156658912623e-01,-2.836026004197213624e+00
-4.320580458035023774e-01,6.837955790052135940e-01,2.263059893893862029e-01,1.889407065299188448e-01,-7.600121714829263242e-01,-4.673102699170894603e-01,1.570801904283443573e+00,8.053399070238268908e-05,-3.681554015753229499e-05,-3.598781924707408959e-05,-3.561026925069351104e-05,-1.151388641385732870e-04,-2.617954156658912623e-01,-2.836026004197213624e+00
-4.320580458035023774e-01,6.838047279961020353e-01,2.263169463947793392e-01,1.889407065299188448e-01,-7.600121714829263242e-01,-4.673486495384689965e-01,1.570801904283443573e+00,8.053399070238268908e-05,-3.681554015753229499e-05,-3.598781924707408959e-05,-3.561026925069351104e-05,-1.151388641385732870e-04,-2.617954156658912623e-01,-2.836026004197213624e+00
-4.320580458035023774e-01,6.838138769869904765e-01,2.263169463947793392e-01,1.889407065299188448e-01,-7.600121714829263242e-01,-4.673486495384689965e-01,1.570801904283443573e+00,8.053399070238268908e-05,-3.681554015753229499e-05,-3.598781924707408959e-05,-3.561026925069351104e-05,-1.151388641385732870e-04,-2.617954156658912623e-01,-2.836026004197213624e+00
-4.320580458035023774e-01,6.838138769869904765e-01,2.263279034001724477e-01,1.889407065299188448e-01,-7.600121714829263242e-01,-4.673486495384689965e-01,1.570801904283443573e+00,8.053399070238268908e-05,-3.681554015753229499e-05,-3.598781924707408959e-05,-3.561026925069351104e-05,-1.151388641385732870e-04,-2.617954156658912623e-01,-2.836026004197213624e+00
-4.320580458035023774e-01,6.838230259778790288e-01,2.263279034001724477e-01,1.889407065299188448e-01,-7.600299766175516725e-01,-4.673486495384689965e-01,1.570801904283443573e+00,8.053399070238268908e-05,-3.681554015753229499e-05,-3.598781924707408959e-05,-3.561026925069351104e-05,-1.151388641385732870e-04,-2.617954156658912623e-01,-2.836026004197213624e+00
-4.320580458035023774e-01,6.838230259778790288e-01,2.263388604055655562e-01,1.889407065299188448e-01,-7.600299766175516725e-01,-4.673486495384689965e-01,1.570801904283443573e+00,8.053399070238268908e-05,-3.681554015753229499e-05,-3.598781924707408959e-05,-3.561026925069351104e-05,-1.151388641385732870e-04,-2.617954156658912623e-01,-2.836026004197213624e+00
-4.320580458035023774e-01,6.838321749687674700e-01,2.263498174109586925e-01,1.889407065299188448e-01,-7.600299766175516725e-01,-4.673486495384689965e-01,1.570801904283443573e+00,8.053399070238268908e-05,-3.681554015753229499e-05,-3.598781924707408959e-05,-3.561026925069351104e-05,-1.151388641385732870e-04,-2.617954156658912623e-01,-2.836026004197213624e+00
-4.320580458035023774e-01,6.838321749687674700e-01,2.263498174109586925e-01,1.889407065299188448e-01,-7.600299766175516725e-01,-4.673486495384689965e-01,1.570801904283443573e+00,8.053399070238268908e-05,-3.681554015753229499e-05,-3.598781924707408959e-05,-3.561026925069351104e-05,-1.151388641385732870e-04,-2.617954156658912623e-01,-2.836026004197213624e+00
-4.320580458035023774e-01,6.838321749687674700e-01,2.263498174109586925e-01,1.889407065299188448e-01,-7.600299766175516725e-01,-4.673486495384689965e-01,1.570801904283443573e+00,8.053399070238268908e-05,-3.681554015753229499e-05,-3.598781924707408959e-05,-3.561026925069351104e-05,-1.151388641385732870e-04,-2.617954156658912623e-01,-2.836026004197213624e+00
-4.320580458035023774e-01,6.838321749687674700e-01,2.263607744163517732e-01,1.889407065299188448e-01,-7.600299766175516725e-01,-4.673486495384689965e-01,1.570801904283443573e+00,8.053399070238268908e-05,-3.681554015753229499e-05,-3.598781924707408959e-05,-3.561026925069351104e-05,-1.151388641385732870e-04,-2.617954156658912623e-01,-2.836026004197213624e+00
-4.320580458035023774e-01,6.838413239596559112e-01,2.263607744163517732e-01,1.889407065299188448e-01,-7.600299766175516725e-01,-4.673486495384689965e-01,1.570801904283443573e+00,8.053399070238268908e-05,-3.681554015753229499e-05,-3.598781924707408959e-05,-3.561026925069351104e-05,-1.151388641385732870e-04,-2.617954156658912623e-01,-2.836026004197213624e+00
-4.320580458035023774e-01,6.838413239596559112e-01,2.263607744163517732e-01,1.889407065299188448e-01,-7.600299766175516725e-01,-4.673486495384689965e-01,1.570801904283443573e+00,8.053399070238268908e-05,-3.681554015753229499e-05,-3.598781924707408959e-05,-3.561026925069351104e-05,-1.151388641385732870e-04,-2.617954156658912623e-01,-2.836026004197213624e+00
-4.320580458035023774e-01,6.838413239596559112e-01,2.263717314217448817e-01,1.889407065299188448e-01,-7.600299766175516725e-01,-4.673486495384689965e-01,1.570801904283443573e+00,8.053399070238268908e-05,-3.681554015753229499e-05,-3.598781924707408959e-05,-3.561026925069351104e-05,-1.151388641385732870e-04,-2.617954156658912623e-01,-2.836026004197213624e+00
-4.320580458035023774e-01,6.838413239596559112e-01,2.263717314217448817e-01,1.889407065299188448e-01,-7.600299766175516725e-01,-4.673486495384689965e-01,1.570801904283443573e+00,8.053399070238268908e-05,-3.681554015753229499e-05,-3.598781924707408959e-05,-3.561026925069351104e-05,-1.151388641385732870e-04,-2.617954156658912623e-01,-2.836026004197213624e+00
-4.320580458035023774e-01,6.838504729505443525e-01,2.263717314217448817e-01,1.889407065299188448e-01,-7.600299766175516725e-01,-4.673486495384689965e-01,1.570801904283443573e+00,8.053399070238268908e-05,-3.681554015753229499e-05,-3.598781924707408959e-05,-3.561026925069351104e-05,-1.151388641385732870e-04,-2.617954156658912623e-01,-2.836026004197213624e+00
-4.320580458035023774e-01,6.838504729505443525e-01,2.263717314217448817e-01,1.889407065299188448e-01,-7.600299766175516725e-01,-4.673486495384689965e-01,1.570801904283443573e+00,8.053399070238268908e-05,-3.681554015753229499e-05,-3.598781924707408959e-05,-3.561026925069351104e-05,-1.151388641385732870e-04,-2.617954156658912623e-01,-2.836026004197213624e+00
-4.320580458035023774e-01,6.838504729505443525e-01,2.263717314217448817e-01,1.889407065299188448e-01,-7.600299766175516725e-01,-4.673486495384689965e-01,1.570801904283443573e+00,8.053399070238268908e-05,-3.681554015753229499e-05,-3.598781924707408959e-05,-3.561026925069351104e-05,-1.151388641385732870e-04,-2.617954156658912623e-01,-2.836026004197213624e+00
-4.320580458035023774e-01,6.838504729505443525e-01,2.263826884271380180e-01,1.889407065299188448e-01,-7.600299766175516725e-01,-4.673486495384689965e-01,1.570801904283443573e+00,8.053399070238268908e-05,-3.681554015753229499e-05,-3.598781924707408959e-05,-3.561026925069351104e-05,-1.151388641385732870e-04,-2.617954156658912623e-01,-2.836026004197213624e+00
-4.320580458035023774e-01,6.838504729505443525e-01,2.263826884271380180e-01,1.889407065299188448e-01,-7.600299766175516725e-01,-4.673486495384689965e-01,1.570801904283443573e+00,8.053399070238268908e-05,-3.681554015753229499e-05,-3.598781924707408959e-05,-3.561026925069351104e-05,-1.151388641385732870e-04,-2.617954156658912623e-01,-2.836026004197213624e+00
-4.320580458035023774e-01,6.838504729505443525e-01,2.263826884271380180e-01,1.889407065299188448e-01,-7.600299766175516725e-01,-4.673486495384689965e-01,1.570801904283443573e+00,8.053399070238268908e-05,-3.681554015753229499e-05,-3.598781924707408959e-05,-3.561026925069351104e-05,-1.151388641385732870e-04,-2.617954156658912623e-01,-2.836026004197213624e+00
-4.320580458035023774e-01,6.838504729505443525e-01,2.263826884271380180e-01,1.889407065299188448e-01,-7.600299766175516725e-01,-4.673486495384689965e-01,1.570801904283443573e+00,8.053399070238268908e-05,-3.681554015753229499e-05,-3.598781924707408959e-05,-3.561026925069351104e-05,-1.151388641385732870e-04,-2.617954156658912623e-01,-2.836026004197213624e+00
-4.320580458035023774e-01,6.838504729505443525e-01,2.263826884271380180e-01,1.889407065299188448e-01,-7.600299766175516725e-01,-4.673486495384689965e-01,1.570801904283443573e+00,8.053399070238268908e-05,-3.681554015753229499e-05,-3.598781924707408959e-05,-3.561026925069351104e-05,-1.151388641385732870e-04,-2.617954156658912623e-01,-2.836026004197213624e+00
-4.320580458035023774e-01,6.838504729505443525e-01,2.263826884271380180e-01,1.889407065299188448e-01,-7.600299766175516725e-01,-4.673486495384689965e-01,1.570801904283443573e+00,8.053399070238268908e-05,-3.681554015753229499e-05,-3.598781924707408959e-05,-3.561026925069351104e-05,-1.151388641385732870e-04,-2.617954156658912623e-01,-2.836026004197213624e+00
-4.320580458035023774e-01,6.838504729505443525e-01,2.263826884271380180e-01,1.889407065299188448e-01,-7.600299766175516725e-01,-4.673486495384689965e-01,1.570801904283443573e+00,8.053399070238268908e-05,-3.681554015753229499e-05,-3.598781924707408959e-05,-3.561026925069351104e-05,-1.151388641385732870e-04,-2.617954156658912623e-01,-2.836026004197213624e+00
-4.320580458035023774e-01,6.838596219414330157e-01,2.263826884271380180e-01,1.889407065299188448e-01,-7.600299766175516725e-01,-4.673486495384689965e-01,1.570801904283443573e+00,8.053399070238268908e-05,-3.681554015753229499e-05,-3.598781924707408959e-05,-3.561026925069351104e-05,-1.151388641385732870e-04,-2.617954156658912623e-01,-2.836026004197213624e+00
-4.320580458035023774e-01,6.838596219414330157e-01,2.263826884271380180e-01,1.889407065299188448e-01,-7.600299766175516725e-01,-4.673870291598485327e-01,1.570801904283443573e+00,8.053399070238268908e-05,-3.681554015753229499e-05,-3.598781924707408959e-05,-3.561026925069351104e-05,-1.151388641385732870e-04,-2.617954156658912623e-01,-2.836026004197213624e+00
-4.320580458035023774e-01,6.838596219414330157e-01,2.263826884271380180e-01,1.889407065299188448e-01,-7.600299766175516725e-01,-4.673870291598485327e-01,1.570801904283443573e+00,8.053399070238268908e-05,-3.681554015753229499e-05,-3.598781924707408959e-05,-3.561026925069351104e-05,-1.151388641385732870e-04,-2.617954156658912623e-01,-2.836026004197213624e+00
-4.320580458035023774e-01,6.838596219414330157e-01,2.263826884271380180e-01,1.889407065299188448e-01,-7.600299766175516725e-01,-4.673870291598485327e-01,1.570801904283443573e+00,8.053399070238268908e-05,-3.681554015753229499e-05,-3.598781924707408959e-05,-3.561026925069351104e-05,-1.151388641385732870e-04,-2.617954156658912623e-01,-2.836026004197213624e+00
-4.320580458035023774e-01,6.838596219414330157e-01,2.263826884271380180e-01,1.889407065299188448e-01,-7.600299766175516725e-01,-4.673870291598485327e-01,1.570801904283443573e+00,8.053399070238268908e-05,-3.681554015753229499e-05,-3.598781924707408959e-05,-3.561026925069351104e-05,-1.151388641385732870e-04,-2.617954156658912623e-01,-2.836026004197213624e+00
-4.320580458035023774e-01,6.838596219414330157e-01,2.263826884271380180e-01,1.889407065299188448e-01,-7.600299766175516725e-01,-4.673870291598485327e-01,1.570801904283443573e+00,8.053399070238268908e-05,-3.681554015753229499e-05,-3.598781924707408959e-05,-3.561026925069351104e-05,-1.151388641385732870e-04,-2.617954156658912623e-01,-2.836026004197213624e+00
-4.320580458035023774e-01,6.838596219414330157e-01,2.263826884271380180e-01,1.889407065299188448e-01,-7.600299766175516725e-01,-4.673870291598485327e-01,1.570801904283443573e+00,8.053399070238268908e-05,-3.681554015753229499e-05,-3.598781924707408959e-05,-3.561026925069351104e-05,-1.151388641385732870e-04,-2.617954156658912623e-01,-2.836026004197213624e+00
-4.320580458035023774e-01,6.838596219414330157e-01,2.263826884271380180e-01,1.889407065299188448e-01,-7.600299766175516725e-01,-4.673870291598485327e-01,1.570801904283443573e+00,8.053399070238268908e-05,-3.681554015753229499e-05,-3.598781924707408959e-05,-3.561026925069351104e-05,-1.151388641385732870e-04,-2.617954156658912623e-01,-2.836026004197213624e+00
-4.320580458035023774e-01,6.838596219414330157e-01,2.263826884271380180e-01,1.889407065299188448e-01,-7.600299766175516725e-01,-4.673870291598485327e-01,1.570801904283443573e+00,8.053399070238268908e-05,-3.681554015753229499e-05,-3.598781924707408959e-05,-3.561026925069351104e-05,-1.151388641385732870e-04,-2.617954156658912623e-01,-2.836026004197213624e+00
-4.320580458035023774e-01,6.838596219414330157e-01,2.263826884271380180e-01,1.889407065299188448e-01,-7.600299766175516725e-01,-4.673870291598485327e-01,1.570801904283443573e+00,8.053399070238268908e-05,-3.681554015753229499e-05,-3.598781924707408959e-05,-3.561026925069351104e-05,-1.151388641385732870e-04,-2.617954156658912623e-01,-2.836026004197213624e+00
-4.320580458035023774e-01,6.838596219414330157e-01,2.263826884271380180e-01,1.889407065299188448e-01,-7.600299766175516725e-01,-4.673870291598485327e-01,1.570801904283443573e+00,8.053399070238268908e-05,-3.681554015753229499e-05,-3.598781924707408959e-05,-3.561026925069351104e-05,-1.151388641385732870e-04,-2.617954156658912623e-01,-2.836026004197213624e+00
-4.320580458035023774e-01,6.838596219414330157e-01,2.263826884271380180e-01,1.889407065299188448e-01,-7.600299766175516725e-01,-4.673870291598485327e-01,1.570801904283443573e+00,8.053399070238268908e-05,-3.681554015753229499e-05,-3.598781924707408959e-05,-3.561026925069351104e-05,-1.151388641385732870e-04,-2.617954156658912623e-01,-2.836026004197213624e+00
-4.320580458035023774e-01,6.838596219414330157e-01,2.263826884271380180e-01,1.889407065299188448e-01,-7.600299766175516725e-01,-4.673870291598485327e-01,1.570801904283443573e+00,8.053399070238268908e-05,-3.681554015753229499e-05,-3.598781924707408959e-05,-3.561026925069351104e-05,-1.151388641385732870e-04,-2.617954156658912623e-01,-2.836026004197213624e+00
-4.320580458035023774e-01,6.838596219414330157e-01,2.263936454325311265e-01,1.889407065299188448e-01,-7.600299766175516725e-01,-4.673870291598485327e-01,1.570801904283443573e+00,8.053399070238268908e-05,-3.681554015753229499e-05,-3.598781924707408959e-05,-3.561026925069351104e-05,-1.151388641385732870e-04,-2.617954156658912623e-01,-2.836026004197213624e+00
-4.320580458035023774e-01,6.838596219414330157e-01,2.263936454325311265e-01,1.889407065299188448e-01,-7.600299766175516725e-01,-4.673870291598485327e-01,1.570801904283443573e+00,8.053399070238268908e-05,-3.681554015753229499e-05,-3.598781924707408959e-05,-3.561026925069351104e-05,-1.151388641385732870e-04,-2.617954156658912623e-01,-2.836026004197213624e+00
-4.320580458035023774e-01,6.838596219414330157e-01,2.263936454325311265e-01,1.889407065299188448e-01,-7.600299766175516725e-01,-4.673870291598485327e-01,1.570801904283443573e+00,8.053399070238268908e-05,-3.681554015753229499e-05,-3.598781924707408959e-05,-3.561026925069351104e-05,-1.151388641385732870e-04,-2.617954156658912623e-01,-2.836026004197213624e+00
-4.320580458035023774e-01,6.838596219414330157e-01,2.263936454325311265e-01,1.889407065299188448e-01,-7.600299766175516725e-01,-4.673870291598485327e-01,1.570801904283443573e+00,8.053399070238268908e-05,-3.681554015753229499e-05,-3.598781924707408959e-05,-3.561026925069351104e-05,-1.151388641385732870e-04,-2.617954156658912623e-01,-2.836026004197213624e+00
-4.320580458035023774e-01,6.838596219414330157e-01,2.263936454325311265e-01,1.889407065299188448e-01,-7.600299766175516725e-01,-4.673870291598485327e-01,1.570801904283443573e+00,8.053399070238268908e-05,-3.681554015753229499e-05,-3.598781924707408959e-05,-3.561026925069351104e-05,-1.151388641385732870e-04,-2.617954156658912623e-01,-2.836026004197213624e+00
-4.320580458035023774e-01,6.838596219414330157e-01,2.263936454325311265e-01,1.889407065299188448e-01,-7.600299766175516725e-01,-4.673870291598485327e-01,1.570801904283443573e+00,8.053399070238268908e-05,-3.681554015753229499e-05,-3.598781924707408959e-05,-3.561026925069351104e-05,-1.151388641385732870e-04,-2.617954156658912623e-01,-2.836026004197213624e+00
-4.320580458035023774e-01,6.838596219414330157e-01,2.263936454325311265e-01,1.889407065299188448e-01,-7.600299766175516725e-01,-4.673870291598485327e-01,1.570801904283443573e+00,8.053399070238268908e-05,-3.681554015753229499e-05,-3.598781924707408959e-05,-3.561026925069351104e-05,-1.151388641385732870e-04,-2.617954156658912623e-01,-2.836026004197213624e+00
-4.320580458035023774e-01,6.838596219414330157e-01,2.263936454325311265e-01,1.889407065299188448e-01,-7.600299766175516725e-01,-4.673870291598485327e-01,1.570801904283443573e+00,8.053399070238268908e-05,-3.681554015753229499e-05,-3.598781924707408959e-05,-3.561026925069351104e-05,-1.151388641385732870e-04,-2.617954156658912623e-01,-2.836026004197213624e+00
-4.320580458035023774e-01,6.838596219414330157e-01,2.263936454325311265e-01,1.889407065299188448e-01,-7.600299766175516725e-01,-4.673870291598485327e-01,1.570801904283443573e+00,8.053399070238268908e-05,-3.681554015753229499e-05,-3.598781924707408959e-05,-3.561026925069351104e-05,-1.151388641385732870e-04,-2.617954156658912623e-01,-2.836026004197213624e+00
-4.320580458035023774e-01,6.838596219414330157e-01,2.263936454325311265e-01,1.889407065299188448e-01,-7.600299766175516725e-01,-4.673870291598485327e-01,1.570801904283443573e+00,8.053399070238268908e-05,-3.681554015753229499e-05,-3.598781924707408959e-05,-3.561026925069351104e-05,-1.151388641385732870e-04,-2.617954156658912623e-01,-2.836026004197213624e+00
-4.320580458035023774e-01,6.838596219414330157e-01,2.263936454325311265e-01,1.889407065299188448e-01,-7.600299766175516725e-01,-4.673870291598485327e-01,1.570801904283443573e+00,8.053399070238268908e-05,-3.681554015753229499e-05,-3.598781924707408959e-05,-3.561026925069351104e-05,-1.151388641385732870e-04,-2.617954156658912623e-01,-2.836026004197213624e+00
-4.320580458035023774e-01,6.838596219414330157e-01,2.263936454325311265e-01,1.889407065299188448e-01,-7.600299766175516725e-01,-4.673870291598485327e-01,1.570801904283443573e+00,8.053399070238268908e-05,-3.681554015753229499e-05,-3.598781924707408959e-05,-3.561026925069351104e-05,-1.151388641385732870e-04,-2.617954156658912623e-01,-2.836026004197213624e+00
-4.320580458035023774e-01,6.838596219414330157e-01,2.263936454325311265e-01,1.889407065299188448e-01,-7.600299766175516725e-01,-4.673870291598485327e-01,1.570801904283443573e+00,8.053399070238268908e-05,-3.681554015753229499e-05,-3.598781924707408959e-05,-3.561026925069351104e-05,-1.151388641385732870e-04,-2.617954156658912623e-01,-2.836026004197213624e+00
-4.320580458035023774e-01,6.838596219414330157e-01,2.263936454325311265e-01,1.889407065299188448e-01,-7.600299766175516725e-01,-4.673870291598485327e-01,1.570801904283443573e+00,8.053399070238268908e-05,-3.681554015753229499e-05,-3.598781924707408959e-05,-3.561026925069351104e-05,-1.151388641385732870e-04,-2.617954156658912623e-01,-2.836026004197213624e+00
-4.320580458035023774e-01,6.838596219414330157e-01,2.263936454325311265e-01,1.889407065299188448e-01,-7.600299766175516725e-01,-4.674254087812280134e-01,1.570801904283443573e+00,8.053399070238268908e-05,-3.681554015753229499e-05,-3.598781924707408959e-05,-3.561026925069351104e-05,-1.151388641385732870e-04,-2.617954156658912623e-01,-2.836026004197213624e+00
-4.320580458035023774e-01,6.838596219414330157e-01,2.263936454325311265e-01,1.889407065299188448e-01,-7.600299766175516725e-01,-4.673870291598485327e-01,1.570801904283443573e+00,8.053399070238268908e-05,-3.681554015753229499e-05,-3.598781924707408959e-05,-3.561026925069351104e-05,-1.151388641385732870e-04,-2.617954156658912623e-01,-2.836026004197213624e+00
-4.320580458035023774e-01,6.838596219414330157e-01,2.263936454325311265e-01,1.889407065299188448e-01,-7.600299766175516725e-01,-4.674254087812280134e-01,1.570801904283443573e+00,8.053399070238268908e-05,-3.681554015753229499e-05,-3.598781924707408959e-05,-3.561026925069351104e-05,-1.151388641385732870e-04,-2.617954156658912623e-01,-2.836026004197213624e+00
-4.320580458035023774e-01,6.838596219414330157e-01,2.263936454325311265e-01,1.889407065299188448e-01,-7.600299766175516725e-01,-4.673870291598485327e-01,1.570801904283443573e+00,8.053399070238268908e-05,-3.681554015753229499e-05,-3.598781924707408959e-05,-3.561026925069351104e-05,-1.151388641385732870e-04,-2.617954156658912623e-01,-2.836026004197213624e+00
-4.320580458035023774e-01,6.838596219414330157e-01,2.263936454325311265e-01,1.889407065299188448e-01,-7.600299766175516725e-01,-4.674254087812280134e-01,1.570801904283443573e+00,8.053399070238268908e-05,-3.681554015753229499e-05,-3.598781924707408959e-05,-3.561026925069351104e-05,-1.151388641385732870e-04,-2.617954156658912623e-01,-2.836026004197213624e+00
-4.320580458035023774e-01,6.838596219414330157e-01,2.263936454325311265e-01,1.889407065299188448e-01,-7.600299766175516725e-01,-4.674254087812280134e-01,1.570801904283443573e+00,8.053399070238268908e-05,-3.681554015753229499e-05,-3.598781924707408959e-05,-3.561026925069351104e-05,-1.151388641385732870e-04,-2.617954156658912623e-01,-2.836026004197213624e+00
-4.320580458035023774e-01,6.838596219414330157e-01,2.263936454325311265e-01,1.889407065299188448e-01,-7.600299766175516725e-01,-4.674254087812280134e-01,1.570801904283443573e+00,8.053399070238268908e-05,-3.681554015753229499e-05,-3.598781924707408959e-05,-3.561026925069351104e-05,-1.151388641385732870e-04,-2.617954156658912623e-01,-2.836026004197213624e+00
-4.320580458035023774e-01,6.838596219414330157e-01,2.263936454325311265e-01,1.889407065299188448e-01,-7.600299766175516725e-01,-4.674254087812280134e-01,1.570801904283443573e+00,8.053399070238268908e-05,-3.681554015753229499e-05,-3.598781924707408959e-05,-3.561026925069351104e-05,-1.151388641385732870e-04,-2.617954156658912623e-01,-2.836026004197213624e+00
-4.320580458035023774e-01,6.838596219414330157e-01,2.263936454325311265e-01,1.889407065299188448e-01,-7.600299766175516725e-01,-4.674254087812280134e-01,1.570801904283443573e+00,8.053399070238268908e-05,-3.681554015753229499e-05,-3.598781924707408959e-05,-3.561026925069351104e-05,-1.151388641385732870e-04,-2.617954156658912623e-01,-2.836026004197213624e+00
-4.320580458035023774e-01,6.838596219414330157e-01,2.263936454325311265e-01,1.889407065299188448e-01,-7.600299766175516725e-01,-4.674254087812280134e-01,1.570801904283443573e+00,8.053399070238268908e-05,-3.681554015753229499e-05,-3.598781924707408959e-05,-3.561026925069351104e-05,-1.151388641385732870e-04,-2.617954156658912623e-01,-2.836026004197213624e+00
-4.320580458035023774e-01,6.838596219414330157e-01,2.263936454325311265e-01,1.889407065299188448e-01,-7.600299766175516725e-01,-4.674254087812280134e-01,1.570801904283443573e+00,8.053399070238268908e-05,-3.681554015753229499e-05,-3.598781924707408959e-05,-3.561026925069351104e-05,-1.151388641385732870e-04,-2.617954156658912623e-01,-2.836026004197213624e+00
-4.320580458035023774e-01,6.838596219414330157e-01,2.263936454325311265e-01,1.889407065299188448e-01,-7.600299766175516725e-01,-4.674254087812280134e-01,1.570801904283443573e+00,8.053399070238268908e-05,-3.681554015753229499e-05,-3.598781924707408959e-05,-3.561026925069351104e-05,-1.151388641385732870e-04,-2.617954156658912623e-01,-2.836026004197213624e+00
-4.320580458035023774e-01,6.838596219414330157e-01,2.263936454325311265e-01,1.889407065299188448e-01,-7.600299766175516725e-01,-4.674254087812280134e-01,1.570801904283443573e+00,8.053399070238268908e-05,-3.681554015753229499e-05,-3.598781924707408959e-05,-3.561026925069351104e-05,-1.151388641385732870e-04,-2.617954156658912623e-01,-2.836026004197213624e+00
-4.320580458035023774e-01,6.838596219414330157e-01,2.263936454325311265e-01,1.889407065299188448e-01,-7.600299766175516725e-01,-4.674254087812280134e-01,1.570801904283443573e+00,8.053399070238268908e-05,-3.681554015753229499e-05,-3.598781924707408959e-05,-3.561026925069351104e-05,-1.151388641385732870e-04,-2.617954156658912623e-01,-2.836026004197213624e+00
-4.320580458035023774e-01,6.838596219414330157e-01,2.263936454325311265e-01,1.889407065299188448e-01,-7.600299766175516725e-01,-4.674254087812280134e-01,1.570801904283443573e+00,8.053399070238268908e-05,-3.681554015753229499e-05,-3.598781924707408959e-05,-3.561026925069351104e-05,-1.151388641385732870e-04,-2.617954156658912623e-01,-2.836026004197213624e+00
-4.320580458035023774e-01,6.838596219414330157e-01,2.263936454325311265e-01,1.889407065299188448e-01,-7.600299766175516725e-01,-4.674254087812280134e-01,1.570801904283443573e+00,8.053399070238268908e-05,-3.681554015753229499e-05,-3.598781924707408959e-05,-3.561026925069351104e-05,-1.151388641385732870e-04,-2.617954156658912623e-01,-2.836026004197213624e+00
-4.320580458035023774e-01,6.838596219414330157e-01,2.263936454325311265e-01,1.889407065299188448e-01,-7.600299766175516725e-01,-4.674254087812280134e-01,1.570801904283443573e+00,8.053399070238268908e-05,-3.681554015753229499e-05,-3.598781924707408959e-05,-3.561026925069351104e-05,-1.151388641385732870e-04,-2.617954156658912623e-01,-2.836026004197213624e+00
-4.320580458035023774e-01,6.838596219414330157e-01,2.263936454325311265e-01,1.889407065299188448e-01,-7.600299766175516725e-01,-4.674254087812280134e-01,1.570801904283443573e+00,8.053399070238268908e-05,-3.681554015753229499e-05,-3.598781924707408959e-05,-3.561026925069351104e-05,-1.151388641385732870e-04,-2.617954156658912623e-01,-2.836026004197213624e+00
-4.320580458035023774e-01,6.838596219414330157e-01,2.263936454325311265e-01,1.889407065299188448e-01,-7.600299766175516725e-01,-4.674254087812280134e-01,1.570801904283443573e+00,8.053399070238268908e-05,-3.681554015753229499e-05,-3.598781924707408959e-05,-3.561026925069351104e-05,-1.151388641385732870e-04,-2.617954156658912623e-01,-2.836026004197213624e+00
-4.320580458035023774e-01,6.838596219414330157e-01,2.263936454325311265e-01,1.889407065299188448e-01,-7.600299766175516725e-01,-4.674254087812280134e-01,1.570801904283443573e+00,8.053399070238268908e-05,-3.681554015753229499e-05,-3.598781924707408959e-05,-3.561026925069351104e-05,-1.151388641385732870e-04,-2.617954156658912623e-01,-2.836026004197213624e+00
-4.320580458035023774e-01,6.838596219414330157e-01,2.263936454325311265e-01,1.889407065299188448e-01,-7.600299766175516725e-01,-4.674254087812280134e-01,1.570801904283443573e+00,8.053399070238268908e-05,-3.681554015753229499e-05,-3.598781924707408959e-05,-3.561026925069351104e-05,-1.151388641385732870e-04,-2.617954156658912623e-01,-2.836026004197213624e+00
-4.320580458035023774e-01,6.838596219414330157e-01,2.263936454325311265e-01,1.889407065299188448e-01,-7.600299766175516725e-01,-4.674254087812280134e-01,1.570801904283443573e+00,8.053399070238268908e-05,-3.681554015753229499e-05,-3.598781924707408959e-05,-3.561026925069351104e-05,-1.151388641385732870e-04,-2.617954156658912623e-01,-2.836026004197213624e+00
-4.320580458035023774e-01,6.838596219414330157e-01,2.263936454325311265e-01,1.889407065299188448e-01,-7.600299766175516725e-01,-4.674254087812280134e-01,1.570801904283443573e+00,8.053399070238268908e-05,-3.681554015753229499e-05,-3.598781924707408959e-05,-3.561026925069351104e-05,-1.151388641385732870e-04,-2.617954156658912623e-01,-2.836026004197213624e+00
-4.320580458035023774e-01,6.838596219414330157e-01,2.263936454325311265e-01,1.889407065299188448e-01,-7.600299766175516725e-01,-4.674254087812280134e-01,1.570801904283443573e+00,8.053399070238268908e-05,-3.681554015753229499e-05,-3.598781924707408959e-05,-3.561026925069351104e-05,-1.151388641385732870e-04,-2.617954156658912623e-01,-2.836026004197213624e+00
-4.320580458035023774e-01,6.838596219414330157e-01,2.263936454325311265e-01,1.889407065299188448e-01,-7.600299766175516725e-01,-4.674254087812280134e-01,1.570801904283443573e+00,8.053399070238268908e-05,-3.681554015753229499e-05,-3.598781924707408959e-05,-3.561026925069351104e-05,-1.151388641385732870e-04,-2.617954156658912623e-01,-2.836026004197213624e+00
-4.320580458035023774e-01,6.838596219414330157e-01,2.263936454325311265e-01,1.889407065299188448e-01,-7.600299766175516725e-01,-4.674254087812280134e-01,1.570801904283443573e+00,8.053399070238268908e-05,-3.681554015753229499e-05,-3.598781924707408959e-05,-3.561026925069351104e-05,-1.151388641385732870e-04,-2.617954156658912623e-01,-2.836026004197213624e+00
-4.320580458035023774e-01,6.838596219414330157e-01,2.263826884271380180e-01,1.889407065299188448e-01,-7.600299766175516725e-01,-4.674254087812280134e-01,1.570801904283443573e+00,8.053399070238268908e-05,-3.681554015753229499e-05,-3.598781924707408959e-05,-3.561026925069351104e-05,-1.151388641385732870e-04,-2.617954156658912623e-01,-2.836026004197213624e+00
-4.320580458035023774e-01,6.838596219414330157e-01,2.263826884271380180e-01,1.889407065299188448e-01,-7.600299766175516725e-01,-4.674254087812280134e-01,1.570801904283443573e+00,8.053399070238268908e-05,-3.681554015753229499e-05,-3.598781924707408959e-05,-3.561026925069351104e-05,-1.151388641385732870e-04,-2.617954156658912623e-01,-2.836026004197213624e+00
-4.320580458035023774e-01,6.838596219414330157e-01,2.263826884271380180e-01,1.889407065299188448e-01,-7.600299766175516725e-01,-4.674254087812280134e-01,1.570801904283443573e+00,8.053399070238268908e-05,-3.681554015753229499e-05,-3.598781924707408959e-05,-3.561026925069351104e-05,-1.151388641385732870e-04,-2.617954156658912623e-01,-2.836026004197213624e+00
-4.320580458035023774e-01,6.838596219414330157e-01,2.263826884271380180e-01,1.889407065299188448e-01,-7.600299766175516725e-01,-4.674254087812280134e-01,1.570801904283443573e+00,8.053399070238268908e-05,-3.681554015753229499e-05,-3.598781924707408959e-05,-3.561026925069351104e-05,-1.151388641385732870e-04,-2.617954156658912623e-01,-2.836026004197213624e+00
-4.320580458035023774e-01,6.838596219414330157e-01,2.263826884271380180e-01,1.889407065299188448e-01,-7.600299766175516725e-01,-4.674254087812280134e-01,1.570801904283443573e+00,8.053399070238268908e-05,-3.681554015753229499e-05,-3.598781924707408959e-05,-3.561026925069351104e-05,-1.151388641385732870e-04,-2.617954156658912623e-01,-2.836026004197213624e+00
-4.320580458035023774e-01,6.838596219414330157e-01,2.263826884271380180e-01,1.889407065299188448e-01,-7.600299766175516725e-01,-4.674254087812280134e-01,1.570801904283443573e+00,8.053399070238268908e-05,-3.681554015753229499e-05,-3.598781924707408959e-05,-3.561026925069351104e-05,-1.151388641385732870e-04,-2.617954156658912623e-01,-2.836026004197213624e+00
-4.320580458035023774e-01,6.838596219414330157e-01,2.263826884271380180e-01,1.889407065299188448e-01,-7.600299766175516725e-01,-4.674254087812280134e-01,1.570801904283443573e+00,8.053399070238268908e-05,-3.681554015753229499e-05,-3.598781924707408959e-05,-3.561026925069351104e-05,-1.151388641385732870e-04,-2.617954156658912623e-01,-2.836026004197213624e+00
-4.320580458035023774e-01,6.838596219414330157e-01,2.263826884271380180e-01,1.889407065299188448e-01,-7.600299766175516725e-01,-4.674254087812280134e-01,1.570801904283443573e+00,8.053399070238268908e-05,-3.681554015753229499e-05,-3.598781924707408959e-05,-3.561026925069351104e-05,-1.151388641385732870e-04,-2.617954156658912623e-01,-2.836026004197213624e+00
-4.320580458035023774e-01,6.838596219414330157e-01,2.263826884271380180e-01,1.889407065299188448e-01,-7.600299766175516725e-01,-4.674254087812280134e-01,1.570801904283443573e+00,8.053399070238268908e-05,-3.681554015753229499e-05,-3.598781924707408959e-05,-3.561026925069351104e-05,-1.151388641385732870e-04,-2.617954156658912623e-01,-2.836026004197213624e+00
-4.320580458035023774e-01,6.838596219414330157e-01,2.263826884271380180e-01,1.889407065299188448e-01,-7.600299766175516725e-01,-4.674254087812280134e-01,1.570801904283443573e+00,8.053399070238268908e-05,-3.681554015753229499e-05,-3.598781924707408959e-05,-3.561026925069351104e-05,-1.151388641385732870e-04,-2.617954156658912623e-01,-2.836026004197213624e+00
-4.320580458035023774e-01,6.838596219414330157e-01,2.263826884271380180e-01,1.889407065299188448e-01,-7.600299766175516725e-01,-4.674254087812280134e-01,1.570801904283443573e+00,8.053399070238268908e-05,-3.681554015753229499e-05,-3.598781924707408959e-05,-3.561026925069351104e-05,-1.151388641385732870e-04,-2.617954156658912623e-01,-2.836026004197213624e+00
-4.320580458035023774e-01,6.838596219414330157e-01,2.263826884271380180e-01,1.889407065299188448e-01,-7.600299766175516725e-01,-4.674254087812280134e-01,1.570801904283443573e+00,8.053399070238268908e-05,-3.681554015753229499e-05,-3.598781924707408959e-05,-3.561026925069351104e-05,-1.151388641385732870e-04,-2.617954156658912623e-01,-2.836026004197213624e+00
-4.320580458035023774e-01,6.838596219414330157e-01,2.263826884271380180e-01,1.889407065299188448e-01,-7.600299766175516725e-01,-4.674254087812280134e-01,1.570801904283443573e+00,8.053399070238268908e-05,-3.681554015753229499e-05,-3.598781924707408959e-05,-3.561026925069351104e-05,-1.151388641385732870e-04,-2.617954156658912623e-01,-2.836026004197213624e+00
-4.320580458035023774e-01,6.838596219414330157e-01,2.263826884271380180e-01,1.889407065299188448e-01,-7.600299766175516725e-01,-4.674254087812280134e-01,1.570801904283443573e+00,8.053399070238268908e-05,-3.681554015753229499e-05,-3.598781924707408959e-05,-3.561026925069351104e-05,-1.151388641385732870e-04,-2.617954156658912623e-01,-2.836026004197213624e+00
-4.320580458035023774e-01,6.838596219414330157e-01,2.263826884271380180e-01,1.889407065299188448e-01,-7.600299766175516725e-01,-4.674254087812280134e-01,1.570801904283443573e+00,8.053399070238268908e-05,-3.681554015753229499e-05,-3.598781924707408959e-05,-3.561026925069351104e-05,-1.151388641385732870e-04,-2.617954156658912623e-01,-2.836026004197213624e+00
-4.320580458035023774e-01,6.838596219414330157e-01,2.263826884271380180e-01,1.889407065299188448e-01,-7.600299766175516725e-01,-4.674254087812280134e-01,1.570801904283443573e+00,8.053399070238268908e-05,-3.681554015753229499e-05,-3.598781924707408959e-05,-3.561026925069351104e-05,-1.151388641385732870e-04,-2.617954156658912623e-01,-2.836026004197213624e+00
-4.320580458035023774e-01,6.838596219414330157e-01,2.263826884271380180e-01,1.889407065299188448e-01,-7.600299766175516725e-01,-4.674254087812280134e-01,1.570801904283443573e+00,8.053399070238268908e-05,-3.681554015753229499e-05,-3.598781924707408959e-05,-3.561026925069351104e-05,-1.151388641385732870e-04,-2.617954156658912623e-01,-2.836026004197213624e+00
-4.320580458035023774e-01,6.838596219414330157e-01,2.263826884271380180e-01,1.889407065299188448e-01,-7.600299766175516725e-01,-4.674254087812280134e-01,1.570801904283443573e+00,8.053399070238268908e-05,-3.681554015753229499e-05,-3.598781924707408959e-05,-3.561026925069351104e-05,-1.151388641385732870e-04,-2.617954156658912623e-01,-2.836026004197213624e+00
-4.320580458035023774e-01,6.838596219414330157e-01,2.263826884271380180e-01,1.889407065299188448e-01,-7.600299766175516725e-01,-4.674254087812280134e-01,1.570801904283443573e+00,8.053399070238268908e-05,-3.681554015753229499e-05,-3.598781924707408959e-05,-3.561026925069351104e-05,-1.151388641385732870e-04,-2.617954156658912623e-01,-2.836026004197213624e+00
-4.320580458035023774e-01,6.838596219414330157e-01,2.263826884271380180e-01,1.889407065299188448e-01,-7.600299766175516725e-01,-4.674254087812280134e-01,1.570801904283443573e+00,8.053399070238268908e-05,-3.681554015753229499e-05,-3.598781924707408959e-05,-3.561026925069351104e-05,-1.151388641385732870e-04,-2.617954156658912623e-01,-2.836026004197213624e+00
-4.320580458035023774e-01,6.838596219414330157e-01,2.263826884271380180e-01,1.889407065299188448e-01,-7.600299766175516725e-01,-4.674254087812280134e-01,1.570801904283443573e+00,8.053399070238268908e-05,-3.681554015753229499e-05,-3.598781924707408959e-05,-3.561026925069351104e-05,-1.151388641385732870e-04,-2.617954156658912623e-01,-2.836026004197213624e+00
-4.320580458035023774e-01,6.838596219414330157e-01,2.263826884271380180e-01,1.889407065299188448e-01,-7.600299766175516725e-01,-4.674254087812280134e-01,1.570801904283443573e+00,8.053399070238268908e-05,-3.681554015753229499e-05,-3.598781924707408959e-05,-3.561026925069351104e-05,-1.151388641385732870e-04,-2.617954156658912623e-01,-2.836026004197213624e+00
-4.320580458035023774e-01,6.838596219414330157e-01,2.263826884271380180e-01,1.889407065299188448e-01,-7.600299766175516725e-01,-4.674254087812280134e-01,1.570801904283443573e+00,8.053399070238268908e-05,-3.681554015753229499e-05,-3.598781924707408959e-05,-3.561026925069351104e-05,-1.151388641385732870e-04,-2.617954156658912623e-01,-2.836026004197213624e+00
-4.320580458035023774e-01,6.838596219414330157e-01,2.263826884271380180e-01,1.889407065299188448e-01,-7.600299766175516725e-01,-4.674637884026076051e-01,1.570801904283443573e+00,8.053399070238268908e-05,-3.681554015753229499e-05,-3.598781924707408959e-05,-3.561026925069351104e-05,-1.151388641385732870e-04,-2.617954156658912623e-01,-2.836026004197213624e+00
-4.320580458035023774e-01,6.838596219414330157e-01,2.263826884271380180e-01,1.889407065299188448e-01,-7.600299766175516725e-01,-4.674254087812280134e-01,1.570801904283443573e+00,8.053399070238268908e-05,-3.681554015753229499e-05,-3.598781924707408959e-05,-3.561026925069351104e-05,-1.151388641385732870e-04,-2.617954156658912623e-01,-2.836026004197213624e+00
-4.320580458035023774e-01,6.838596219414330157e-01,2.263826884271380180e-01,1.889407065299188448e-01,-7.600299766175516725e-01,-4.674637884026076051e-01,1.570801904283443573e+00,8.053399070238268908e-05,-3.681554015753229499e-05,-3.598781924707408959e-05,-3.561026925069351104e-05,-1.151388641385732870e-04,-2.617954156658912623e-01,-2.836026004197213624e+00
-4.320580458035023774e-01,6.838596219414330157e-01,2.263826884271380180e-01,1.889407065299188448e-01,-7.600299766175516725e-01,-4.674254087812280134e-01,1.570801904283443573e+00,8.053399070238268908e-05,-3.681554015753229499e-05,-3.598781924707408959e-05,-3.561026925069351104e-05,-1.151388641385732870e-04,-2.617954156658912623e-01,-2.836026004197213624e+00
-4.320580458035023774e-01,6.838596219414330157e-01,2.263826884271380180e-01,1.889407065299188448e-01,-7.600299766175516725e-01,-4.674637884026076051e-01,1.570801904283443573e+00,8.053399070238268908e-05,-3.681554015753229499e-05,-3.598781924707408959e-05,-3.561026925069351104e-05,-1.151388641385732870e-04,-2.617954156658912623e-01,-2.836026004197213624e+00
-4.320580458035023774e-01,6.838596219414330157e-01,2.263826884271380180e-01,1.889407065299188448e-01,-7.600299766175516725e-01,-4.674254087812280134e-01,1.570801904283443573e+00,8.053399070238268908e-05,-3.681554015753229499e-05,-3.598781924707408959e-05,-3.561026925069351104e-05,-1.151388641385732870e-04,-2.617954156658912623e-01,-2.836026004197213624e+00
-4.320580458035023774e-01,6.838596219414330157e-01,2.263826884271380180e-01,1.889407065299188448e-01,-7.600299766175516725e-01,-4.674637884026076051e-01,1.570801904283443573e+00,8.053399070238268908e-05,-3.681554015753229499e-05,-3.598781924707408959e-05,-3.561026925069351104e-05,-1.151388641385732870e-04,-2.617954156658912623e-01,-2.836026004197213624e+00
-4.320580458035023774e-01,6.838596219414330157e-01,2.263826884271380180e-01,1.889407065299188448e-01,-7.600299766175516725e-01,-4.674637884026076051e-01,1.570801904283443573e+00,8.053399070238268908e-05,-3.681554015753229499e-05,-3.598781924707408959e-05,-3.561026925069351104e-05,-1.151388641385732870e-04,-2.617954156658912623e-01,-2.836026004197213624e+00
-4.320580458035023774e-01,6.838596219414330157e-01,2.263826884271380180e-01,1.889407065299188448e-01,-7.600299766175516725e-01,-4.674637884026076051e-01,1.570801904283443573e+00,8.053399070238268908e-05,-3.681554015753229499e-05,-3.598781924707408959e-05,-3.561026925069351104e-05,-1.151388641385732870e-04,-2.617954156658912623e-01,-2.836026004197213624e+00
-4.320580458035023774e-01,6.838596219414330157e-01,2.263826884271380180e-01,1.889407065299188448e-01,-7.600299766175516725e-01,-4.674637884026076051e-01,1.570801904283443573e+00,8.053399070238268908e-05,-3.681554015753229499e-05,-3.598781924707408959e-05,-3.561026925069351104e-05,-1.151388641385732870e-04,-2.617954156658912623e-01,-2.836026004197213624e+00
-4.320580458035023774e-01,6.838596219414330157e-01,2.263826884271380180e-01,1.889407065299188448e-01,-7.600299766175516725e-01,-4.674637884026076051e-01,1.570801904283443573e+00,8.053399070238268908e-05,-3.681554015753229499e-05,-3.598781924707408959e-05,-3.561026925069351104e-05,-1.151388641385732870e-04,-2.617954156658912623e-01,-2.836026004197213624e+00
-4.320580458035023774e-01,6.838596219414330157e-01,2.263826884271380180e-01,1.889407065299188448e-01,-7.600299766175516725e-01,-4.674637884026076051e-01,1.570801904283443573e+00,8.053399070238268908e-05,-3.681554015753229499e-05,-3.598781924707408959e-05,-3.561026925069351104e-05,-1.151388641385732870e-04,-2.617954156658912623e-01,-2.836026004197213624e+00
-4.320580458035023774e-01,6.838596219414330157e-01,2.263826884271380180e-01,1.889407065299188448e-01,-7.600299766175516725e-01,-4.674637884026076051e-01,1.570801904283443573e+00,8.053399070238268908e-05,-3.681554015753229499e-05,-3.598781924707408959e-05,-3.561026925069351104e-05,-1.151388641385732870e-04,-2.617954156658912623e-01,-2.836026004197213624e+00
-4.320580458035023774e-01,6.838596219414330157e-01,2.263826884271380180e-01,1.889407065299188448e-01,-7.600299766175516725e-01,-4.674637884026076051e-01,1.570801904283443573e+00,8.053399070238268908e-05,-3.681554015753229499e-05,-3.598781924707408959e-05,-3.561026925069351104e-05,-1.151388641385732870e-04,-2.617954156658912623e-01,-2.836026004197213624e+00
-4.320580458035023774e-01,6.838596219414330157e-01,2.263826884271380180e-01,1.889407065299188448e-01,-7.600299766175516725e-01,-4.674637884026076051e-01,1.570801904283443573e+00,8.053399070238268908e-05,-3.681554015753229499e-05,-3.598781924707408959e-05,-3.561026925069351104e-05,-1.151388641385732870e-04,-2.617954156658912623e-01,-2.836026004197213624e+00
-4.320580458035023774e-01,6.838596219414330157e-01,2.263826884271380180e-01,1.889407065299188448e-01,-7.600299766175516725e-01,-4.674637884026076051e-01,1.570801904283443573e+00,8.053399070238268908e-05,-3.681554015753229499e-05,-3.598781924707408959e-05,-3.561026925069351104e-05,-1.151388641385732870e-04,-2.617954156658912623e-01,-2.836026004197213624e+00
-4.320580458035023774e-01,6.838596219414330157e-01,2.263826884271380180e-01,1.889407065299188448e-01,-7.600299766175516725e-01,-4.674637884026076051e-01,1.570801904283443573e+00,8.053399070238268908e-05,-3.681554015753229499e-05,-3.598781924707408959e-05,-3.561026925069351104e-05,-1.151388641385732870e-04,-2.617954156658912623e-01,-2.836026004197213624e+00
-4.320580458035023774e-01,6.838596219414330157e-01,2.263826884271380180e-01,1.889407065299188448e-01,-7.600299766175516725e-01,-4.674637884026076051e-01,1.570801904283443573e+00,8.053399070238268908e-05,-3.681554015753229499e-05,-3.598781924707408959e-05,-3.561026925069351104e-05,-1.151388641385732870e-04,-2.617954156658912623e-01,-2.836026004197213624e+00
-4.320580458035023774e-01,6.838596219414330157e-01,2.263826884271380180e-01,1.889407065299188448e-01,-7.600299766175516725e-01,-4.674637884026076051e-01,1.570801904283443573e+00,8.053399070238268908e-05,-3.681554015753229499e-05,-3.598781924707408959e-05,-3.561026925069351104e-05,-1.151388641385732870e-04,-2.617954156658912623e-01,-2.836026004197213624e+00
-4.320580458035023774e-01,6.838596219414330157e-01,2.263826884271380180e-01,1.889407065299188448e-01,-7.600299766175516725e-01,-4.674637884026076051e-01,1.570801904283443573e+00,8.053399070238268908e-05,-3.681554015753229499e-05,-3.598781924707408959e-05,-3.561026925069351104e-05,-1.151388641385732870e-04,-2.617954156658912623e-01,-2.836026004197213624e+00
-4.320580458035023774e-01,6.838596219414330157e-01,2.263826884271380180e-01,1.889407065299188448e-01,-7.600299766175516725e-01,-4.674637884026076051e-01,1.570801904283443573e+00,8.053399070238268908e-05,-3.681554015753229499e-05,-3.598781924707408959e-05,-3.561026925069351104e-05,-1.151388641385732870e-04,-2.617954156658912623e-01,-2.836026004197213624e+00
-4.320580458035023774e-01,6.838596219414330157e-01,2.263826884271380180e-01,1.889407065299188448e-01,-7.600299766175516725e-01,-4.674637884026076051e-01,1.570801904283443573e+00,8.053399070238268908e-05,-3.681554015753229499e-05,-3.598781924707408959e-05,-3.561026925069351104e-05,-1.151388641385732870e-04,-2.617954156658912623e-01,-2.836026004197213624e+00
-4.320580458035023774e-01,6.838596219414330157e-01,2.263826884271380180e-01,1.889407065299188448e-01,-7.600299766175516725e-01,-4.674637884026076051e-01,1.570801904283443573e+00,8.053399070238268908e-05,-3.681554015753229499e-05,-3.598781924707408959e-05,-3.561026925069351104e-05,-1.151388641385732870e-04,-2.617954156658912623e-01,-2.836026004197213624e+00
-4.320580458035023774e-01,6.838596219414330157e-01,2.263826884271380180e-01,1.889407065299188448e-01,-7.600299766175516725e-01,-4.674637884026076051e-01,1.570801904283443573e+00,8.053399070238268908e-05,-3.681554015753229499e-05,-3.598781924707408959e-05,-3.561026925069351104e-05,-1.151388641385732870e-04,-2.617954156658912623e-01,-2.836026004197213624e+00
-4.320580458035023774e-01,6.838596219414330157e-01,2.263826884271380180e-01,1.889407065299188448e-01,-7.600299766175516725e-01,-4.674637884026076051e-01,1.570801904283443573e+00,8.053399070238268908e-05,-3.681554015753229499e-05,-3.598781924707408959e-05,-3.561026925069351104e-05,-1.151388641385732870e-04,-2.617954156658912623e-01,-2.836026004197213624e+00
-4.320580458035023774e-01,6.838596219414330157e-01,2.263826884271380180e-01,1.889407065299188448e-01,-7.600299766175516725e-01,-4.674637884026076051e-01,1.570801904283443573e+00,8.053399070238268908e-05,-3.681554015753229499e-05,-3.598781924707408959e-05,-3.561026925069351104e-05,-1.151388641385732870e-04,-2.617954156658912623e-01,-2.836026004197213624e+00
-4.320580458035023774e-01,6.838596219414330157e-01,2.263826884271380180e-01,1.889407065299188448e-01,-7.600299766175516725e-01,-4.674637884026076051e-01,1.570801904283443573e+00,8.053399070238268908e-05,-3.681554015753229499e-05,-3.598781924707408959e-05,-3.561026925069351104e-05,-1.151388641385732870e-04,-2.617954156658912623e-01,-2.836026004197213624e+00
