-3.858394787307837248e-01,6.136389324727092864e-01,1.690320831160723181e-01,2.085434244157149397e-01,-7.808283258520779535e-01,-5.223827509116648615e-01
-3.859614631415624331e-01,6.129846752461842740e-01,1.681085363657106591e-01,2.085434329329597936e-01,-7.805420733750422224e-01,-5.223088914340363598e-01
-3.860886140632553420e-01,6.123355737650890696e-01,1.671924956623691561e-01,2.085405788753325051e-01,-7.802571577964088068e-01,-5.222278534803745931e-01
-3.862208964053390758e-01,6.116918231448562615e-01,1.662842309835528276e-01,2.085348595685032613e-01,-7.799736593249877448e-01,-5.221396553705828225e-01
-3.863582733789510115e-01,6.110536168586480077e-01,1.653840097575898227e-01,2.085262733008905189e-01,-7.796916576361387907e-01,-5.220443178496720904e-01
-3.865007065034520295e-01,6.104211466818698639e-01,1.644920967936731593e-01,2.085148193286029961e-01,-7.794112318557718799e-01,-5.219418640893550565e-01
-3.866481556136616149e-01,6.097946026371228179e-01,1.636087542127833139e-01,2.085004978799896158e-01,-7.791324605445892892e-01,-5.218323196886245352e-01
-3.868005788677830736e-01,6.091741729396191740e-01,1.627342413795194176e-01,2.084833101597834415e-01,-7.788554216825719356e-01,-5.217157126732892003e-01
-3.869579327560135340e-01,6.085600439430619568e-01,1.618688148348277345e-01,2.084632583528370497e-01,-7.785801926537004869e-01,-5.215920734944653470e-01
-3.871201721098422865e-01,6.079524000860061506e-01,1.610127282296403006e-01,2.084403456274434019e-01,-7.783068502309070658e-01,-5.214614350260193820e-01
-3.872872501120561139e-01,6.073514238387175412e-01,1.601662322594417098e-01,2.084145761382262818e-01,-7.780354705612548827e-01,-5.213238325609300672e-01
-3.874591183074187484e-01,6.067572956505351556e-01,1.593295745997473922e-01,2.083859550286132900e-01,-7.777661291513326969e-01,-5.211793038066043771e-01
-3.876357266140786351e-01,6.061701938977587245e-01,1.585029998425264708e-01,2.083544884328576430e-01,-7.774989008528665480e-01,-5.210278888790801366e-01
-3.878170233356508234e-01,6.055902948320669443e-01,1.576867494335554287e-01,2.083201834776327588e-01,-7.772338598485386552e-01,-5.208696302961735025e-01
-3.880029551740165061e-01,6.050177725294871856e-01,1.568810616107214617e-01,2.082830482831714292e-01,-7.769710796380100426e-01,-5.207045729695142233e-01
-3.881934672428215549e-01,6.044527988399225338e-01,1.560861713432741826e-01,2.082430919639551847e-01,-7.767106330241374534e-01,-5.205327641954893281e-01
-3.883885030816820461e-01,6.038955433372600323e-01,1.553023102720398896e-01,2.082003246289435838e-01,-7.764525920993837760e-01,-5.203542536450763700e-01
-3.885880046710852298e-01,6.033461732700655666e-01,1.545297066506019501e-01,2.081547573813463392e-01,-7.761970282324155423e-01,-5.201690933525818794e-01
-3.887919124479992661e-01,6.028048535128821550e-01,1.537685852874481895e-01,2.081064023179255429e-01,-7.759440120548763975e-01,-5.199773377032624877e-01
-3.890001653221819566e-01,6.022717465181464114e-01,1.530191674890997167e-01,2.080552725278285997e-01,-7.756936134483400913e-01,-5.197790434198348297e-01
-3.892127006931946909e-01,6.017470122687439416e-01,1.522816710042311783e-01,2.080013820909450695e-01,-7.754459015314298931e-01,-5.195742695478658968e-01
-3.894294544681038417e-01,6.012308082312031177e-01,1.515563099687740056e-01,2.079447460757894994e-01,-7.752009446471034293e-01,-5.193630774400627148e-01
-3.896503610798855988e-01,6.007232893095555415e-01,1.508432948520219696e-01,2.078853805369019758e-01,-7.749588103500950620e-01,-5.191455307394372554e-01
-3.898753535065200282e-01,6.002246077998746321e-01,1.501428324037452633e-01,2.078233025117644239e-01,-7.747195653945135874e-01,-5.189216953613593475e-01
-3.901043632907699177e-01,5.997349133455022185e-01,1.494551256023113339e-01,2.077585300172347105e-01,-7.744832757215873720e-01,-5.186916394745043624e-01
-3.903373205606506247e-01,5.992543528929829000e-01,1.487803736038304514e-01,2.076910820454888340e-01,-7.742500064475554833e-01,-5.184554334806830145e-01
-3.905741540505696108e-01,5.987830706487218269e-01,1.481187716923195730e-01,2.076209785594797796e-01,-7.740198218516903816e-01,-5.182131499935775931e-01
-3.908147911231427685e-01,5.983212080363757845e-01,1.474705112309064869e-01,2.075482404879032683e-01,-7.737927853644683829e-01,-5.179648638163726337e-01
-3.910591577916804340e-01,5.978689036549932334e-01,1.468357796140606908e-01,2.074728897196737032e-01,-7.735689595558542520e-01,-5.177106519182912425e-01
-3.913071787433324289e-01,5.974262932379293956e-01,1.462147602208858643e-01,2.073949490979081767e-01,-7.733484061237234641e-01,-5.174505934100412929e-01
-3.915587773628832480e-01,5.969935096125310592e-01,1.456076323694472929e-01,2.073144424134225894e-01,-7.731311858823989303e-01,-5.171847695181883697e-01
-3.918138757571991704e-01,5.965706826606229640e-01,1.450145712721666591e-01,2.072313943977342199e-01,-7.729173587513054056e-01,-5.169132635584475777e-01
-3.920723947803104181e-01,5.961579392798069810e-01,1.444357479922828702e-01,2.071458307155760736e-01,-7.727069837437410271e-01,-5.166361609079133110e-01
-3.923342540591159278e-01,5.957554033455791931e-01,1.438713294013758137e-01,2.070577779569266474e-01,-7.725001189557514358e-01,-5.163535489762486330e-01
-3.925993720197213932e-01,5.953631956742948539e-01,1.433214781379787972e-01,2.069672636285466438e-01,-7.722968215551199167e-01,-5.160655171758082860e-01
-3.928676659143732763e-01,5.949814339869810009e-01,1.427863525672623535e-01,2.068743161450387058e-01,-7.720971477704468011e-01,-5.157721568907546184e-01
-3.931390518490047725e-01,5.946102328740227039e-01,1.422661067418200531e-01,2.067789648194191532e-01,-7.719011528803402244e-01,-5.154735614451350090e-01
-3.934134448113546512e-01,5.942497037607270549e-01,1.417608903635414475e-01,2.066812398532194839e-01,-7.717088912027000314e-01,-5.151698260699772991e-01
-3.936907586996811759e-01,5.938999548737925460e-01,1.412708487465952345e-01,2.065811723261040123e-01,-7.715204160840891667e-01,-5.148610478693729231e-01
-3.939709063520275834e-01,5.935610912086792812e-01,1.407961227815157645e-01,2.064787941850232955e-01,-7.713357798892070960e-01,-5.145473257855990301e-01
-3.942537995760471148e-01,5.932332144979106658e-01,1.403368489004055419e-01,2.063741382328973806e-01,-7.711550339904431617e-01,-5.142287605632781533e-01
-3.945393491793609542e-01,5.929164231803101259e-01,1.398931590432597183e-01,2.062672381168406399e-01,-7.709782287575239756e-01,-5.139054547126017392e-01
-3.948274650004508501e-01,5.926108123711913978e-01,1.394651806254165738e-01,2.061581283159258926e-01,-7.708054135472393043e-01,-5.135775124716215334e-01
-3.951180559400562231e-01,5.923164738335092716e-01,1.390530365061390938e-01,2.060468441285011609e-01,-7.706366366932578815e-01,-5.132450397676445730e-01
-3.954110299930722050e-01,5.920334959499921057e-01,1.386568449583371887e-01,2.059334216590593680e-01,-7.704719454960238245e-01,-5.129081441777404438e-01
-3.957062942809326245e-01,5.917619636962557772e-01,1.382767196394238951e-01,2.058178978046702745e-01,-7.703113862127273226e-01,-5.125669348883818977e-01
-3.960037550844495158e-01,5.915019586149296016e-01,1.379127695633377559e-01,2.057003102409834250e-01,-7.701550040473709169e-01,-5.122215226542522482e-01
-3.963033178771206977e-01,5.912535587907855605e-01,1.375650990737000701e-01,2.055806974078010219e-01,-7.700028431408989515e-01,-5.118720197562161012e-01
-3.966048873588547963e-01,5.910168388268949302e-01,1.372338078181398746e-01,2.054590984942422371e-01,-7.698549465614166198e-01,-5.115185399585102655e-01
-3.969083674901270342e-01,5.907918698218226350e-01,1.369189907237844395e-01,2.053355534234923840e-01,-7.697113562944859488e-01,-5.111611984651440732e-01
-3.972136615265284831e-01,5.905787193478638786e-01,1.366207379739128314e-01,2.052101028371572933e-01,-7.695721132334992776e-01,-5.108001118755630676e-01
-3.975206720537034499e-01,5.903774514303385956e-01,1.363391349857843160e-01,2.050827880792234492e-01,-7.694372571701356689e-01,-5.104353981395757245e-01
-3.978293010226456872e-01,5.901881265279498301e-01,1.360742623896440406e-01,2.049536511796409000e-01,-7.693068267848959252e-01,-5.100671765115951661e-01
-3.981394497853525394e-01,5.900108015142211393e-01,1.358261960089106601e-01,2.048227348375284140e-01,-7.691808596377168739e-01,-5.096955675041892064e-01
-3.984510191307970572e-01,5.898455296600124687e-01,1.355950068415472387e-01,2.046900824040225053e-01,-7.690593921586730275e-01,-5.093206928410014545e-01
-3.987639093212127506e-01,5.896923606171319276e-01,1.353807610426216446e-01,2.045557378647738511e-01,-7.689424596387579580e-01,-5.089426754090480287e-01
-3.990780201286723283e-01,5.895513404030463533e-01,1.351835199080593242e-01,2.044197458221007069e-01,-7.688300962207530453e-01,-5.085616392104203021e-01
-3.993932508719328922e-01,5.894225113867036514e-01,1.350033398595973377e-01,2.042821514768158320e-01,-7.687223348901838227e-01,-5.081777093134303147e-01
-3.997095004535324847e-01,5.893059122754584767e-01,1.348402724309214484e-01,2.041430006097340322e-01,-7.686192074663626972e-01,-5.077910118032249454e-01
-4.000266673971175635e-01,5.892015781031352262e-01,1.346943642550280096e-01,2.040023395628749181e-01,-7.685207445935298143e-01,-5.074016737318961523e-01
-4.003446498849863033e-01,5.891095402192031427e-01,1.345656570527684615e-01,2.038602152203670692e-01,-7.684269757320804084e-01,-5.070098230681133744e-01
-4.006633457958077571e-01,5.890298262790927275e-01,1.344541876226132970e-01,2.037166749890793882e-01,-7.683379291498961816e-01,-5.066155886463313829e-01
-4.009826527425248699e-01,5.889624602356452465e-01,1.343599878316226182e-01,2.035717667789725405e-01,-7.682536319137750480e-01,-5.062191001155673664e-01
-4.013024681103996016e-01,5.889074623317053225e-01,1.342830846076239482e-01,2.034255389832012595e-01,-7.681741098809623525e-01,-5.058204878878110877e-01
-4.016226890951832829e-01,5.888648490938586111e-01,1.342234999326079592e-01,2.032780404579709044e-01,-7.680993876907925566e-01,-5.054198830860862079e-01
-4.019432127413935518e-01,5.888346333273130062e-01,1.341812508373294577e-01,2.031293205021650894e-01,-7.680294887564405037e-01,-5.050174174921959747e-01
-4.022639359806792214e-01,5.888168241119404733e-01,1.341563493971367205e-01,2.029794288367552657e-01,-7.679644352567892573e-01,-5.046132234941856920e-01
-4.025847556702437657e-01,5.888114267994607465e-01,1.341488027290012042e-01,2.028284155840106850e-01,-7.679042481284137356e-01,-5.042074340335568339e-01
-4.029055686313149920e-01,5.888184430117856527e-01,1.341586129897756052e-01,2.026763312465160449e-01,-7.678489470576927989e-01,-5.038001825522603339e-01
-4.032262716876289232e-01,5.888378706405189567e-01,1.341857773756662819e-01,2.025232266860185759e-01,-7.677985504730476807e-01,-5.033916029395114622e-01
-4.035467617039172339e-01,5.888697038476049528e-01,1.342302881229164857e-01,2.023691531021129530e-01,-7.677530755373124238e-01,-5.029818294784509369e-01
-4.038669356243715924e-01,5.889139330671406825e-01,1.342921325097139462e-01,2.022141620107806570e-01,-7.677125381402450932e-01,-5.025709967926850208e-01
-4.041866905110591546e-01,5.889705450083351224e-01,1.343712928593130407e-01,2.020583052227985787e-01,-7.676769528911815410e-01,-5.021592397927471252e-01
-4.045059235822794363e-01,5.890395226596236711e-01,1.344677465443684383e-01,2.019016348220308565e-01,-7.676463331118364986e-01,-5.017466936225020158e-01
-4.048245322508225996e-01,5.891208452939340479e-01,1.345814659924897683e-01,2.017442031436218752e-01,-7.676206908292645403e-01,-5.013334936055428015e-01
-4.051424141621353670e-01,5.892144884750976086e-01,1.347124186930059864e-01,2.015860627520959236e-01,-7.676000367689742587e-01,-5.009197751915845931e-01
-4.054594672323412752e-01,5.893204240654094095e-01,1.348605672049456583e-01,2.014272664193920981e-01,-7.675843803482148564e-01,-5.005056739029266621e-01
-4.057755896861170442e-01,5.894386202343209202e-01,1.350258691662191701e-01,2.012678671028402255e-01,-7.675737296694310485e-01,-5.000913252809884302e-01
-4.060906800944010797e-01,5.895690414682788205e-01,1.352082773040228503e-01,2.011079179230905456e-01,-7.675680915139015958e-01,-4.996768648329510398e-01
-4.064046374119012484e-01,5.897116485816908948e-01,1.354077394464388018e-01,2.009474721420227705e-01,-7.675674713355561396e-01,-4.992624279785634056e-01
-4.067173610143957063e-01,5.898663987290150290e-01,1.356241985352417689e-01,2.007865831406381307e-01,-7.675718732549907664e-01,-4.988481499971130217e-01
-4.070287507358001378e-01,5.900332454179743058e-01,1.358575926399088196e-01,2.006253043969565830e-01,-7.675813000536757524e-01,-4.984341659746145403e-01
-4.073387069049765330e-01,5.902121385238828788e-01,1.361078549728280684e-01,2.004636894639319211e-01,-7.675957531683745838e-01,-4.980206107512460401e-01
-4.076471303822728487e-01,5.904030243050777393e-01,1.363749139056986692e-01,2.003017919473986108e-01,-7.676152326857691444e-01,-4.976076188690550239e-01
-4.079539225957731219e-01,5.906058454194526020e-01,1.366586929871276279e-01,2.001396654840642553e-01,-7.676397373373081701e-01,-4.971953245199697835e-01
-4.082589855772287279e-01,5.908205409420782539e-01,1.369591109614098912e-01,1.999773637195675635e-01,-7.676692644942785249e-01,-4.967838614941545994e-01
-4.085622219976610126e-01,5.910470463839103683e-01,1.372760817884977058e-01,1.998149402866094548e-01,-7.677038101631143974e-01,-4.963733631287294279e-01
-4.088635352026166458e-01,5.912852937115715690e-01,1.376095146651512557e-01,1.996524487831767836e-01,-7.677433689809423090e-01,-4.959639622568868256e-01
-4.091628292470570472e-01,5.915352113681909829e-01,1.379593140472583634e-01,1.994899427508676215e-01,-7.677879342113780314e-01,-4.955557911574332564e-01
-4.094600089298499057e-01,5.917967242953067197e-01,1.383253796733343588e-01,1.993274756533424119e-01,-7.678374977405740820e-01,-4.951489815048009113e-01
-4.097549798278787847e-01,5.920697539558095190e-01,1.387076065891883481e-01,1.991651008548972479e-01,-7.678920500735366694e-01,-4.947436643195171069e-01
-4.100476483297104124e-01,5.923542183579165732e-01,1.391058851737461133e-01,1.990028715991945529e-01,-7.679515803307090938e-01,-4.943399699192164154e-01
-4.103379216688356479e-01,5.926500320801756372e-01,1.395201011660396340e-01,1.988408409881479433e-01,-7.680160762448327016e-01,-4.939380278701768767e-01
-4.106257079564663570e-01,5.929571062974723361e-01,1.399501356933432472e-01,1.986790619609758446e-01,-7.680855241580956116e-01,-4.935379669394104329e-01
-4.109109162138393501e-01,5.932753488080457771e-01,1.403958653004615531e-01,1.985175872734530889e-01,-7.681599090195719848e-01,-4.931399150473779192e-01
-4.111934564040602424e-01,5.936046640614811576e-01,1.408571619801559649e-01,1.983564694773484738e-01,-7.682392143829680498e-01,-4.927439992212876430e-01
-4.114732394634312840e-01,5.939449531876889177e-01,1.413338932047123464e-01,1.981957609000824516e-01,-7.683234224046689986e-01,-4.923503455490598757e-01
-4.117501773322747027e-01,5.942961140268370190e-01,1.418259219586370801e-01,1.980355136246028935e-01,-7.684125138421072920e-01,-4.919590791339421010e-01
-4.120241829852258064e-01,5.946580411602377936e-01,1.423331067724808996e-01,1.978757794694969430e-01,-7.685064680524554825e-01,-4.915703240498182636e-01
-4.122951704609825185e-01,5.950306259421703770e-01,1.428553017577798290e-01,1.977166099693517531e-01,-7.686052629916448886e-01,-4.911842032972316696e-01
-4.125630548915006912e-01,5.954137565326238501e-01,1.433923566431127838e-01,1.975580563553719360e-01,-7.687088752137304359e-01,-4.908008387601391354e-01
-4.128277525306289775e-01,5.958073179309526513e-01,1.439441168112676195e-01,1.974001695362625208e-01,-7.688172798705986688e-01,-4.904203511634118717e-01
-4.130891807821583939e-01,5.962111920104227192e-01,1.445104233375031910e-01,1.972430000793962412e-01,-7.689304507120295895e-01,-4.900428600311165783e-01
-4.133472582272812446e-01,5.966252575536444835e-01,1.450911130289167517e-01,1.970865981922673704e-01,-7.690483600861220959e-01,-4.896684836455904022e-01
-4.136019046514594066e-01,5.970493902888671656e-01,1.456860184648909318e-01,1.969310137042437070e-01,-7.691709789400883457e-01,-4.892973390073129258e-01
-4.138530410706682261e-01,5.974834629271298381e-01,1.462949680386316231e-01,1.967762960486300894e-01,-7.692982768214223777e-01,-4.889295417956219247e-01
-4.141005897570275707e-01,5.979273452002477063e-01,1.469177859997772284e-01,1.966224942450477964e-01,-7.694302218794574211e-01,-4.885652063302632353e-01
-4.143444742638013878e-01,5.983809038996215079e-01,1.475542924980790538e-01,1.964696568821405753e-01,-7.695667808673086752e-01,-4.882044455338026001e-01
-4.145846194497586623e-01,5.988440029158580424e-01,1.482043036281495141e-01,1.963178321006146532e-01,-7.697079191442190993e-01,-4.878473708949094823e-01
-4.148209515028842276e-01,5.993165032791833990e-01,1.488676314752646057e-01,1.961670675766229999e-01,-7.698536006783087693e-01,-4.874940924325334435e-01
-4.150533979634385418e-01,5.997982632006330084e-01,1.495440841622144301e-01,1.960174105054982852e-01,-7.700037880497336840e-01,-4.871447186609790814e-01
-4.152818877463575475e-01,6.002891381140086358e-01,1.502334658972044323e-01,1.958689075858417450e-01,-7.701584424542704532e-01,-4.867993565558876301e-01
-4.155063511629784045e-01,6.007889807185816666e-01,1.509355770227873705e-01,1.957216050039780608e-01,-7.703175237073184300e-01,-4.864581115211532025e-01
-4.157267199420964232e-01,6.012976410225338020e-01,1.516502140658331221e-01,1.955755484187786941e-01,-7.704809902483426010e-01,-4.861210873567640700e-01
-4.159429272503398778e-01,6.018149663871160682e-01,1.523771697885190068e-01,1.954307829468612256e-01,-7.706487991457471320e-01,-4.857883862275920728e-01
-4.161549077118671391e-01,6.023408015715088215e-01,1.531162332403350756e-01,1.952873531481675862e-01,-7.708209061021993325e-01,-4.854601086331253867e-01
-4.163625974273612584e-01,6.028749887783769745e-01,1.538671898111099168e-01,1.951453030119331689e-01,-7.709972654604072551e-01,-4.851363533781740678e-01
-4.165659339923504234e-01,6.034173677000947977e-01,1.546298212850292231e-01,1.950046759430403287e-01,-7.711778302093440507e-01,-4.848172175445242815e-01
-4.167648565148169837e-01,6.039677755656363001e-01,1.554039058956642183e-01,1.948655147487713679e-01,-7.713625519909489414e-01,-4.845027964635773010e-01
-4.169593056321225788e-01,6.045260471881045428e-01,1.561892183819806323e-01,1.947278616259551787e-01,-7.715513811072877148e-01,-4.841931836899487918e-01
-4.171492235272218352e-01,6.050920150128968888e-01,1.569855300453388836e-01,1.945917581485189785e-01,-7.717442665281897263e-01,-4.838884709760624125e-01
-4.173345539441797314e-01,6.056655091664863155e-01,1.577926088074730337e-01,1.944572452554424180e-01,-7.719411558993675149e-01,-4.835887482477155275e-01
-4.175152422029855259e-01,6.062463575058011367e-01,1.586102192694336388e-01,1.943243632391183362e-01,-7.721419955510182564e-01,-4.832941035806313512e-01
-4.176912352136668005e-01,6.068343856681986948e-01,1.594381227715055971e-01,1.941931517341201063e-01,-7.723467305069156019e-01,-4.830046231779914212e-01
-4.178624814896885198e-01,6.074294171220062655e-01,1.602760774540739064e-01,1.940636497063846222e-01,-7.725553044939968972e-01,-4.827203913489664933e-01
-4.180289311606681935e-01,6.080312732176282875e-01,1.611238383194510959e-01,1.939358954427963522e-01,-7.727676599524502254e-01,-4.824414904882090571e-01
-4.181905359843653969e-01,6.086397732391931603e-01,1.619811572946363576e-01,1.938099265411955541e-01,-7.729837380463031593e-01,-4.821680010563572649e-01
-4.183472493579944995e-01,6.092547344567424972e-01,1.628477832950283588e-01,1.936857799007865588e-01,-7.732034786745188848e-01,-4.819000015614900989e-01
-4.184990263288179690e-01,6.098759721789281940e-01,1.637234622890559876e-01,1.935634917129661070e-01,-7.734268204826084681e-01,-4.816375685415845709e-01
-4.186458236040575542e-01,6.105032998062212002e-01,1.646079373637356902e-01,1.934430974525593039e-01,-7.736537008747503830e-01,-4.813807765479304335e-01
-4.187875995601011425e-01,6.111365288846167809e-01,1.655009487911567323e-01,1.933246318694676613e-01,-7.738840560264363955e-01,-4.811296981295246633e-01
-4.189243142510292728e-01,6.117754691598109584e-01,1.664022340958619672e-01,1.932081289807230928e-01,-7.741178208976361441e-01,-4.808844038184181824e-01
-4.190559294164426518e-01,6.124199286318510183e-01,1.673115281231425389e-01,1.930936220629552447e-01,-7.743549292464834144e-01,-4.806449621160329144e-01
-4.191824084886146551e-01,6.130697136102382094e-01,1.682285631082263144e-01,1.929811436452587015e-01,-7.745953136434959863e-01,-4.804114394804215871e-01
-4.193037165989617066e-01,6.137246287694722024e-01,1.691530687463556060e-01,1.928707255024667000e-01,-7.748389054863219494e-01,-4.801839003144725004e-01
-4.194198205838439719e-01,6.143844772050250924e-01,1.700847722637457426e-01,1.927623986488219421e-01,-7.750856350150159280e-01,-4.799624069550439409e-01
-4.195306889896865954e-01,6.150490604897360658e-01,1.710233984894240500e-01,1.926561933320498354e-01,-7.753354313278550958e-01,-4.797470196630384542e-01
-4.196362920774507899e-01,6.157181787306050813e-01,1.719686699279243669e-01,1.925521390278203127e-01,-7.755882223976842127e-01,-4.795377966143767878e-01
-4.197366018264325760e-01,6.163916306259916711e-01,1.729203068328597492e-01,1.924502644346048896e-01,-7.758439350888024499e-01,-4.793347938918948170e-01
-4.198315919374273619e-01,6.170692135231841124e-01,1.738780272813278405e-01,1.923505974689136144e-01,-7.761024951743834555e-01,-4.791380654781161041e-01
-4.199212378352310537e-01,6.177507234763506272e-01,1.748415472491773315e-01,1.922531652609212327e-01,-7.763638273544408719e-01,-4.789476632489303998e-01
-4.200055166705158882e-01,6.184359553048395242e-01,1.758105806870948751e-01,1.921579941504655831e-01,-7.766278552743236530e-01,-4.787636369681304571e-01
-4.200844073210685536e-01,6.191247026518406082e-01,1.767848395975373244e-01,1.920651096834201377e-01,-7.768945015437588308e-01,-4.785860342828126002e-01
-4.201578903924092501e-01,6.198167580433724400e-01,1.777640341124659962e-01,1.919745366084333882e-01,-7.771636877564257473e-01,-4.784149007196242809e-01
-4.202259482177890249e-01,6.205119129476016626e-01,1.787478725719013894e-01,1.918862988740303865e-01,-7.774353345100746271e-01,-4.782502796818485225e-01
-4.202885648575822586e-01,6.212099578344824069e-01,1.797360616032821490e-01,1.918004196260708338e-01,-7.777093614271788358e-01,-4.780922124473039880e-01
-4.203457260980769661e-01,6.219106822356920139e-01,1.807283062016056263e-01,1.917169212055572503e-01,-7.779856871761248183e-01,-4.779407381670564003e-01
-4.203974194496762351e-01,6.226138748048664073e-01,1.817243098103573651e-01,1.916358251467869811e-01,-7.782642294929335014e-01,-4.777958938649147225e-01
-4.204436341445090264e-01,6.233193233781235687e-01,1.827237744032184086e-01,1.915571521758440143e-01,-7.785449052035192663e-01,-4.776577144377143203e-01
-4.204843611334778686e-01,6.240268150348512455e-01,1.837264005665231181e-01,1.914809222094185914e-01,-7.788276302464746115e-01,-4.775262326563452508e-01
-4.205195930827292372e-01,6.247361361587659978e-01,1.847318875824781603e-01,1.914071543539561104e-01,-7.791123196963846143e-01,-4.774014791675439406e-01
-4.205493243695741512e-01,6.254470724992199360e-01,1.857399335131169060e-01,1.913358669051207495e-01,-7.793988877876655286e-01,-4.772834824964012901e-01
-4.205735510778563224e-01,6.261594092327563699e-01,1.867502352849874647e-01,1.912670773475736163e-01,-7.796872479389229671e-01,-4.771722690495960872e-01
-4.205922709927918390e-01,6.268729310248875031e-01,1.877624887745525939e-01,1.912008023550480496e-01,-7.799773127778307780e-01,-4.770678631193080443e-01
-4.206054835952643955e-01,6.275874220921051627e-01,1.887763888942997070e-01,1.911370577907322010e-01,-7.802689941665204021e-01,-4.769702868878361035e-01
-4.206131900556187020e-01,6.283026662640933679e-01,1.897916296795369995e-01,1.910758587079298965e-01,-7.805622032274762701e-01,-4.768795604328562310e-01
-4.206153932269334206e-01,6.290184470461490651e-01,1.908079043758763582e-01,1.910172193510102645e-01,-7.808568503699422347e-01,-4.767957017333419034e-01
-4.206120976377976106e-01,6.297345476817873822e-01,1.918249055273708592e-01,1.909611531566302312e-01,-7.811528453168189445e-01,-4.767187266761095943e-01
-4.206033094846031162e-01,6.304507512155302917e-01,1.928423250653099608e-01,1.909076727552207475e-01,-7.814500971320554878e-01,-4.766486490629715522e-01
-4.205890366233457911e-01,6.311668405558634731e-01,1.938598543976479682e-01,1.908567899727369732e-01,-7.817485142485296468e-01,-4.765854806184974812e-01
-4.205692885609719767e-01,6.318825985383499377e-01,1.948771844990480062e-01,1.908085158326540687e-01,-7.820480044964027710e-01,-4.765292309983361063e-01
-4.205440764462533565e-01,6.325978079888913141e-01,1.958940060015339490e-01,1.907628605582102899e-01,-7.823484751319532693e-01,-4.764799077981131115e-01
-4.205134130602203868e-01,6.333122517871306867e-01,1.969100092857292150e-01,1.907198335748837015e-01,-7.826498328668679560e-01,-4.764375165628623732e-01
-4.204773128061516374e-01,6.340257129299666783e-01,1.979248845726524486e-01,1.906794435130973742e-01,-7.829519838979939195e-01,-4.764020607969886578e-01
-4.204357916991412480e-01,6.347379745951967633e-01,1.989383220160800825e-01,1.906416982111416580e-01,-7.832548339375401403e-01,-4.763735419747309741e-01
-4.203888673552382826e-01,6.354488202052509527e-01,1.999500117954253753e-01,1.906066047183130607e-01,-7.835582882437143182e-01,-4.763519595511281901e-01
-4.203365589801855151e-01,6.361580334910198475e-01,2.009596442091345914e-01,1.905741692982526880e-01,-7.838622516517920191e-01,-4.763373109734480582e-01
-4.202788873577585349e-01,6.368653985557597430e-01,2.019669097685747872e-01,1.905443974324814993e-01,-7.841666286056079294e-01,-4.763295916930753160e-01
-4.202158748377105013e-01,6.375706999390595708e-01,2.029714992923827843e-01,1.905172938241270764e-01,-7.844713231894531180e-01,-4.763287951778457652e-01
-4.201475453233491919e-01,6.382737226808661291e-01,2.039731040012693342e-01,1.904928624018261130e-01,-7.847762391603751997e-01,-4.763349129247914648e-01
-4.200739242587339106e-01,6.389742523855425071e-01,2.049714156132409482e-01,1.904711063238047897e-01,-7.850812799808650766e-01,-4.763479344733054233e-01
-4.199950386155268944e-01,6.396720752859527126e-01,2.059661264392174118e-01,1.904520279821189932e-01,-7.853863488519192693e-01,-4.763678474186797129e-01
-4.199109168794858959e-01,6.403669783075659483e-01,2.069569294790354341e-01,1.904356290070569890e-01,-7.856913487464687318e-01,-4.763946374260307204e-01
-4.198215890366228109e-01,6.410587491325490106e-01,2.079435185177878065e-01,1.904219102716902534e-01,-7.859961824431582755e-01,-4.764282882445749490e-01
-4.197270865590363442e-01,6.417471762638472521e-01,2.089255882224891891e-01,1.904108718965657476e-01,-7.863007525604628345e-01,-4.764687817222421073e-01
-4.196274423904187145e-01,6.424320490892363456e-01,2.099028342390401036e-01,1.904025132545372478e-01,-7.866049615911340220e-01,-4.765160978206219866e-01
-4.195226909312586017e-01,6.431131579453223113e-01,2.108749532894462764e-01,1.903968329757222688e-01,-7.869087119369511107e-01,-4.765702146302144837e-01
-4.194128680237447782e-01,6.437902941814862556e-01,2.118416432692860063e-01,1.903938289525801408e-01,-7.872119059437728827e-01,-4.766311083859735009e-01
-4.192980109363713126e-01,6.444632502237460647e-01,2.128026033453727095e-01,1.903934983451081309e-01,-7.875144459368712546e-01,-4.766987534831395035e-01
-4.191781583482736551e-01,6.451318196385256165e-01,2.137575340535975421e-01,1.903958375861400931e-01,-7.878162342565286913e-01,-4.767731224933228207e-01
-4.190533503332787291e-01,6.457957971963129706e-01,2.147061373969092468e-01,1.904008423867517563e-01,-7.881171732938868635e-01,-4.768541861808555660e-01
-4.189236283437045572e-01,6.464549789351934361e-01,2.156481169434096845e-01,1.904085077417555505e-01,-7.884171655270310053e-01,-4.769419135193638803e-01
-4.187890351938960976e-01,6.471091622242290953e-01,2.165831779245117605e-01,1.904188279352877766e-01,-7.887161135572876569e-01,-4.770362717085776527e-01
-4.186496150435203845e-01,6.477581458266806758e-01,2.175110273331462007e-01,1.904317965464754348e-01,-7.890139201457252449e-01,-4.771372261913413015e-01
-4.185054133806236365e-01,6.484017299630462361e-01,2.184313740219681055e-01,1.904474064551805457e-01,-7.893104882498374053e-01,-4.772447406708290041e-01
-4.183564770044574388e-01,6.490397163738909070e-01,2.193439288015219812e-01,1.904656498478146665e-01,-7.896057210603868448e-01,-4.773587771279420577e-01
-4.182028540080882095e-01,6.496719083824664676e-01,2.202484045383448219e-01,1.904865182232177712e-01,-7.898995220383958626e-01,-4.774792958388815456e-01
-4.180445937607935036e-01,6.502981109570759033e-01,2.211445162529450670e-01,1.905100023985964452e-01,-7.901917949522672124e-01,-4.776062553928806520e-01
-4.178817468902504828e-01,6.509181307731890520e-01,2.220319812176392293e-01,1.905360925155174801e-01,-7.904824439150038851e-01,-4.777396127100929646e-01
-4.177143652645343153e-01,6.515317762752632635e-01,2.229105190541869064e-01,1.905647780459484020e-01,-7.907713734215250367e-01,-4.778793230596153907e-01
-4.175425019739229526e-01,6.521388577382678520e-01,2.237798518311950868e-01,1.905960477983435208e-01,-7.910584883860405370e-01,-4.780253400776439121e-01
-4.173662113125216067e-01,6.527391873288784785e-01,2.246397041612433476e-01,1.906298899237705291e-01,-7.913436941794782520e-01,-4.781776157857520193e-01
-4.171855487597149192e-01,6.533325791663207038e-01,2.254898032976826450e-01,1.906662919220698249e-01,-7.916268966669326446e-01,-4.783361006092750056e-01
-4.170005709614530431e-01,6.539188493828481663e-01,2.263298792310783902e-01,1.907052406480450046e-01,-7.919080022451211454e-01,-4.785007433957970124e-01
-4.168113357113725215e-01,6.544978161838181929e-01,2.271596647852265338e-01,1.907467223176836923e-01,-7.921869178798176536e-01,-4.786714914337377169e-01
-4.166179019317732823e-01,6.550692999073519651e-01,2.279788957127197868e-01,1.907907225143958829e-01,-7.924635511432507329e-01,-4.788482904710140153e-01
-4.164203296544393140e-01,6.556331230835573676e-01,2.287873107900160186e-01,1.908372261952762938e-01,-7.927378102514408553e-01,-4.790310847337900246e-01
-4.162186800013305543e-01,6.561891104932700003e-01,2.295846519119302265e-01,1.908862176973790958e-01,-7.930096041014462749e-01,-4.792198169452863699e-01
-4.160130151651300068e-01,6.567370892263221238e-01,2.303706641855567394e-01,1.909376807440090751e-01,-7.932788423085123108e-01,-4.794144283446656885e-01
-4.158033983896718411e-01,6.572768887392759218e-01,2.311450960235121865e-01,1.909915984510195119e-01,-7.935454352430809655e-01,-4.796148587059662627e-01
-4.155898939502442602e-01,6.578083409126275205e-01,2.319076992365005641e-01,1.910479533331182200e-01,-7.938092940676526599e-01,-4.798210463570916073e-01
-4.153725671337813452e-01,6.583312801074311382e-01,2.326582291251102497e-01,1.911067273101774433e-01,-7.940703307734680028e-01,-4.800329281988428565e-01
-4.151514842189341081e-01,6.588455432213378149e-01,2.333964445708238689e-01,1.911679017135494429e-01,-7.943284582169910513e-01,-4.802504397240037193e-01
-4.149267124560518383e-01,6.593509697440079753e-01,2.341221081261699588e-01,1.912314572923758116e-01,-7.945835901561658643e-01,-4.804735150364466967e-01
-4.146983200470515385e-01,6.598474018118763995e-01,2.348349861039711328e-01,1.912973742199009786e-01,-7.948356412864280296e-01,-4.807020868702859273e-01
-4.144663761251994316e-01,6.603346842622421775e-01,2.355348486656363427e-01,1.913656320997790816e-01,-7.950845272764400784e-01,-4.809360866090549025e-01
-4.142309507348045372e-01,6.608126646866580023e-01,2.362214699084466130e-01,1.914362099723753430e-01,-7.953301648035303595e-01,-4.811754443049066077e-01
-4.139921148108207660e-01,6.612811934835888250e-01,2.368946279517807341e-01,1.915090863210643368e-01,-7.955724715888163878e-01,-4.814200886978488581e-01
-4.137499401583752956e-01,6.617401239103144484e-01,2.375541050222262918e-01,1.915842390785175708e-01,-7.958113664319782510e-01,-4.816699472349918465e-01
-4.135044994322178979e-01,6.621893121340461930e-01,2.381996875375222977e-01,1.916616456329858498e-01,-7.960467692456604238e-01,-4.819249460898211157e-01
-4.132558661161045421e-01,6.626286172822348775e-01,2.388311661892890125e-01,1.917412828345682330e-01,-7.962786010894882249e-01,-4.821850101814827982e-01
-4.130041145021028370e-01,6.630579014920353620e-01,2.394483360244803460e-01,1.918231270014784662e-01,-7.965067842036601675e-01,-4.824500631940996653e-01
-4.127493196698450717e-01,6.634770299589055620e-01,2.400509965255122058e-01,1.919071539262958426e-01,-7.967312420421027719e-01,-4.827200275960908948e-01
-4.124915574657155304e-01,6.638858709843148409e-01,2.406389516890179436e-01,1.919933388822095410e-01,-7.969518993051558642e-01,-4.829948246595179850e-01
-4.122309044819845170e-01,6.642842960225205928e-01,2.412120101031642871e-01,1.920816566292521954e-01,-7.971686819717712646e-01,-4.832743744794428808e-01
-4.119674380358873123e-01,6.646721797264050213e-01,2.417699850234977799e-01,1.921720814205249983e-01,-7.973815173312016613e-01,-4.835585959933080824e-01
-4.117012361486551697e-01,6.650493999923282606e-01,2.423126944472424604e-01,1.922645870084145059e-01,-7.975903340141454745e-01,-4.838474070003361827e-01
-4.114323775245019021e-01,6.654158380039825182e-01,2.428399611860263541e-01,1.923591466507989234e-01,-7.977950620233417167e-01,-4.841407241809433382e-01
-4.111609415295642833e-01,6.657713782752117115e-01,2.433516129369612813e-01,1.924557331172499774e-01,-7.979956327635762126e-01,-4.844384631161839927e-01
-4.108870081708042576e-01,6.661159086917736172e-01,2.438474823520371260e-01,1.925543186952272945e-01,-7.981919790710851892e-01,-4.847405383072131424e-01
-4.106106580748694057e-01,6.664493205520224395e-01,2.443274071057848218e-01,1.926548751962680328e-01,-7.983840352423359210e-01,-4.850468631947806863e-01
-4.103319724669294288e-01,6.667715086064773811e-01,2.447912299611465503e-01,1.927573739621702142e-01,-7.985717370621507882e-01,-4.853573501787446509e-01
-4.100510331494620075e-01,6.670823710962587860e-01,2.452387988335174018e-01,1.928617858711796640e-01,-7.987550218311714190e-01,-4.856719106376348183e-01
-4.097679224810288900e-01,6.673818097903656543e-01,2.456699668529047642e-01,1.929680813441679299e-01,-7.989338283926252782e-01,-4.859904549482276792e-01
-4.094827233550102363e-01,6.676697300217626641e-01,2.460845924241543692e-01,1.930762303508171962e-01,-7.991080971583800485e-01,-4.863128925051791174e-01
-4.091955191783132051e-01,6.679460407222663765e-01,2.464825392852125763e-01,1.931862024158078894e-01,-7.992777701342755892e-01,-4.866391317406964512e-01
-4.089063938500654416e-01,6.682106544561945416e-01,2.468636765633656083e-01,1.932979666250071726e-01,-7.994427909446969460e-01,-4.869690801442474459e-01
-4.086154317402828084e-01,6.684634874527604076e-01,2.472278788294171026e-01,1.934114916316652666e-01,-7.996031048563773114e-01,-4.873026442823255033e-01
-4.083227176685078064e-01,6.687044596371936045e-01,2.475750261497702276e-01,1.935267456626263705e-01,-7.997586588014234943e-01,-4.876397298182783557e-01
-4.080283368824435541e-01,6.689334946605577370e-01,2.479050041363595192e-01,1.936436965245431907e-01,-7.999094013995248220e-01,-4.879802415321818354e-01
-4.077323750365628996e-01,6.691505199282513638e-01,2.482177039944049035e-01,1.937623116101096221e-01,-8.000552829793449172e-01,-4.883240833407856973e-01
-4.074349181706997669e-01,6.693554666271679388e-01,2.485130225679457183e-01,1.938825579043102487e-01,-8.001962555990754788e-01,-4.886711583175319396e-01
-4.071360526886351749e-01,6.695482697514995030e-01,2.487908623831200927e-01,1.940044019906855266e-01,-8.003322730661345252e-01,-4.890213687126366837e-01
-4.068358653366583866e-01,6.697288681271584831e-01,2.490511316891497184e-01,1.941278100576233345e-01,-8.004632909559959986e-01,-4.893746159732662582e-01
-4.065344431821271698e-01,6.698972044348080468e-01,2.492937444970051430e-01,1.942527479046704808e-01,-8.005892666301354099e-01,-4.897308007637855565e-01
-4.062318735920094070e-01,6.700532252314823634e-01,2.495186206157202768e-01,1.943791809488745470e-01,-8.007101592530829759e-01,-4.900898229861044841e-01
-4.059282442114184875e-01,6.701968809707720132e-01,2.497256856863083740e-01,1.945070742311556522e-01,-8.008259298085608213e-01,-4.904515818001198846e-01
-4.056236429421442580e-01,6.703281260215776527e-01,2.499148712132859274e-01,1.946363924227080267e-01,-8.009365411147074676e-01,-4.908159756442506128e-01
-4.053181579211635466e-01,6.704469186853989626e-01,2.500861145937429697e-01,1.947670998314445234e-01,-8.010419578383649597e-01,-4.911829022560973979e-01
-4.050118774991595672e-01,6.705532212121581015e-01,2.502393591439577847e-01,1.948991604084729934e-01,-8.011421465084284099e-01,-4.915522586931955762e-01
-4.047048902190244490e-01,6.706469998145461187e-01,2.503745541235324890e-01,1.950325377546199279e-01,-8.012370755282416379e-01,-4.919239413539007177e-01
-4.043972847943564375e-01,6.707282246808712323e-01,2.504916547570164020e-01,1.951671951269990657e-01,-8.013267151870386851e-01,-4.922978459983970434e-01
-4.040891500879624232e-01,6.707968699864077511e-01,2.505906222530085437e-01,1.953030954456257406e-01,-8.014110376704136618e-01,-4.926738677698284108e-01
-4.037805750903418200e-01,6.708529139032455291e-01,2.506714238207381484e-01,1.954402013000869354e-01,-8.014900170698255888e-01,-4.930519012155750724e-01
-4.034716488981828775e-01,6.708963386086046476e-01,2.507340326840661326e-01,1.955784749562626268e-01,-8.015636293911156951e-01,-4.934318403086636606e-01
-4.031624606928403409e-01,6.709271302916417490e-01,2.507784280929470366e-01,1.957178783631096375e-01,-8.016318525620529378e-01,-4.938135784693348240e-01
-4.028530997188255469e-01,6.709452791587230402e-01,2.508045953323101429e-01,1.958583731595013866e-01,-8.016946664388872046e-01,-4.941970085867508078e-01
-4.025436552622849717e-01,6.709507794371626366e-01,2.508125257283559950e-01,1.959999206811372519e-01,-8.017520528119147505e-01,-4.945820230408734530e-01
-4.022342166294787802e-01,6.709436293774285742e-01,2.508022166522718699e-01,1.961424819675179343e-01,-8.018039954100559807e-01,-4.949685137245030120e-01
-4.019248731252673679e-01,6.709238312538136073e-01,2.507736715213619849e-01,1.962860177689889074e-01,-8.018504799044419151e-01,-4.953563720654776126e-01
-4.016157140315872454e-01,6.708913913635615733e-01,2.507268997975768965e-01,1.964304885538617484e-01,-8.018914939110073359e-01,-4.957454890490592403e-01
-4.013068285859322515e-01,6.708463200244664248e-01,2.506619169834674032e-01,1.965758545156112425e-01,-8.019270269920996119e-01,-4.961357552404940252e-01
-4.009983059598347666e-01,6.707886315709296055e-01,2.505787446155447462e-01,1.967220755801523946e-01,-8.019570706570990914e-01,-4.965270608077577141e-01
-4.006902352373549192e-01,6.707183443484860952e-01,2.504774102550619830e-01,1.968691114131976005e-01,-8.019816183620502859e-01,-4.969192955444833304e-01
-4.003827053935591351e-01,6.706354807068077850e-01,2.503579474762311907e-01,1.970169214277062986e-01,-8.020006655083254943e-01,-4.973123488930965008e-01
-4.000758052730120085e-01,6.705400669911792955e-01,2.502203958518685045e-01,1.971654647914180825e-01,-8.020142094403006627e-01,-4.977061099681385770e-01
-3.997696235682717258e-01,6.704321335324561204e-01,2.500648009364938584e-01,1.973147004344781019e-01,-8.020222494420717885e-01,-4.981004675797893189e-01
-3.994642487983792734e-01,6.703117146355247469e-01,2.498912142469007502e-01,1.974645870571609951e-01,-8.020247867332078728e-01,-4.984953102576104023e-01
-3.991597692873654069e-01,6.701788485662494299e-01,2.496996932401955860e-01,1.976150831376867201e-01,-8.020218244635461957e-01,-4.988905262744809943e-01
-3.988562731427549579e-01,6.700335775369384850e-01,2.494903012893447958e-01,1.977661469401397198e-01,-8.020133677070492295e-01,-4.992860036707583715e-01
-3.985538482340773569e-01,6.698759476903295429e-01,2.492631076562381587e-01,1.979177365224899787e-01,-8.019994234547210832e-01,-4.996816302786548092e-01
-3.982525821713913672e-01,6.697060090821017608e-01,2.490181874622885427e-01,1.980698097447166073e-01,-8.019800006065990194e-01,-5.000772937468237478e-01
-3.979525622838071541e-01,6.695238156619454095e-01,2.487556216566091383e-01,1.982223242770426996e-01,-8.019551099628352553e-01,-5.004728815651849905e-01
-3.976538755980243423e-01,6.693294252531790667e-01,2.484754969817699610e-01,1.983752376082764668e-01,-8.019247642138751520e-01,-5.008682810899616200e-01
-3.973566088168816179e-01,6.691228995309491667e-01,2.481779059371809204e-01,1.985285070542636976e-01,-8.018889779297428966e-01,-5.012633795689452887e-01
-3.970608482979063325e-01,6.689043039990164585e-01,2.478629467401229913e-01,1.986820897664581254e-01,-8.018477675484616540e-01,-5.016580641670029816e-01
-3.967666800318916387e-01,6.686737079651526861e-01,2.475307232844585759e-01,1.988359427406016511e-01,-8.018011513636007503e-01,-5.020522219917940010e-01
-3.964741896214727390e-01,6.684311845151581499e-01,2.471813450970599124e-01,1.989900228255264969e-01,-8.017491495109908550e-01,-5.024457401197368611e-01
-3.961834622597262268e-01,6.681768104855273505e-01,2.468149272919799575e-01,1.991442867320755150e-01,-8.016917839545961710e-01,-5.028385056222007821e-01
-3.958945827087809732e-01,6.679106664347754796e-01,2.464315905224172543e-01,1.992986910421421509e-01,-8.016290784715867090e-01,-5.032304055919313290e-01
-3.956076352784503314e-01,6.676328366134464121e-01,2.460314609304941058e-01,1.994531922178343353e-01,-8.015610586366035406e-01,-5.036213271697099758e-01
-3.953227038048749975e-01,6.673434089328286190e-01,2.456146700949057848e-01,1.996077466107629150e-01,-8.014877518052540006e-01,-5.040111575712539205e-01
-3.950398716292014001e-01,6.670424749323927704e-01,2.451813549764674249e-01,1.997623104714502662e-01,-8.014091870968403919e-01,-5.043997841143319505e-01
-3.947592215762636414e-01,6.667301297459808929e-01,2.447316578616092198e-01,1.999168399588728273e-01,-8.013253953763553872e-01,-5.047870942461385457e-01
-3.944808359333062953e-01,6.664064720667634001e-01,2.442657263038576776e-01,2.000712911501231761e-01,-8.012364092357469048e-01,-5.051729755708743719e-01
-3.942047964287196393e-01,6.660716041109940866e-01,2.437837130633531135e-01,2.002256200502064432e-01,-8.011422629744916479e-01,-5.055573158775786835e-01
-3.939311842108175199e-01,6.657256315805796243e-01,2.432857760444413486e-01,2.003797826019585449e-01,-8.010429925794774197e-01,-5.059400031681691168e-01
-3.936600798266294277e-01,6.653686636244953156e-01,2.427720782313911307e-01,2.005337346961019729e-01,-8.009386357042296289e-01,-5.063209256857313934e-01
-3.933915632007387586e-01,6.650008127990698625e-01,2.422427876222896792e-01,2.006874321814238471e-01,-8.008292316475020822e-01,-5.066999719430121951e-01
-3.931257136141539377e-01,6.646221950271604673e-01,2.416980771611492163e-01,2.008408308750853632e-01,-8.007148213312405005e-01,-5.070770307511386354e-01
-3.928626096832079639e-01,6.642329295562516833e-01,2.411381246682915425e-01,2.009938865730661883e-01,-8.005954472779583941e-01,-5.074519912485677686e-01
-3.926023293385094703e-01,6.638331389154961126e-01,2.405631127690450732e-01,2.011465550607332842e-01,-8.004711535875341788e-01,-5.078247429302341631e-01
-3.923449498039337513e-01,6.634229488717334755e-01,2.399732288208198394e-01,2.012987921235407651e-01,-8.003419859134576209e-01,-5.081951756769134132e-01
-3.920905475756599756e-01,6.630024883845023753e-01,2.393686648385942028e-01,2.014505535578602347e-01,-8.002079914385464843e-01,-5.085631797847929292e-01
-3.918391984012563611e-01,6.625718895600866132e-01,2.387496174188861175e-01,2.016017951819395193e-01,-8.000692188501595803e-01,-5.089286459952416797e-01
-3.915909772588221927e-01,6.621312876046077101e-01,2.381162876622360258e-01,2.017524728469889672e-01,-7.999257183149210970e-01,-5.092914655247748890e-01
-3.913459583361831307e-01,6.616808207762026051e-01,2.374688810942728878e-01,2.019025424483960884e-01,-7.997775414529850746e-01,-5.096515300952119132e-01
-3.911042150101486925e-01,6.612206303363113991e-01,2.368076075854126383e-01,2.020519599370648178e-01,-7.996247413118681147e-01,-5.100087319640115302e-01
-3.908658198258301297e-01,6.607508605000983470e-01,2.361326812692321475e-01,2.022006813308830364e-01,-7.994673723398574294e-01,-5.103629639547959673e-01
-3.906308444760355769e-01,6.602716583860380739e-01,2.354443204595808581e-01,2.023486627263076099e-01,-7.993054903590348648e-01,-5.107141194880278068e-01
-3.903993597807211557e-01,6.597831739646958793e-01,2.347427475664825014e-01,2.024958603100811272e-01,-7.991391525379286653e-01,-5.110620926118751850e-01
-3.901714356665344496e-01,6.592855600067236699e-01,2.340281890108746321e-01,2.026422303710594675e-01,-7.989684173638218478e-01,-5.114067780332082203e-01
-3.899471411464263682e-01,6.587789720301040486e-01,2.333008751382421586e-01,2.027877293121654323e-01,-7.987933446147347238e-01,-5.117480711487645273e-01
-3.897265442993589346e-01,6.582635682466694282e-01,2.325610401311968278e-01,2.029323136624532620e-01,-7.986139953311074402e-01,-5.120858680764366344e-01
-3.895097122500938980e-01,6.577395095079223708e-01,2.318089219210603957e-01,2.030759400892917788e-01,-7.984304317872112922e-01,-5.124200656867040626e-01
-3.892967111490790444e-01,6.572069592501853519e-01,2.310447620984930062e-01,2.032185654106585526e-01,-7.982427174622965804e-01,-5.127505616341841987e-01
-3.890876061524375373e-01,6.566660834390994905e-01,2.302688058232225110e-01,2.033601466075415920e-01,-7.980509170115126505e-01,-5.130772543892911930e-01
-3.888824614020602866e-01,6.561170505135180964e-01,2.294813017329402349e-01,2.035006408364498920e-01,-7.978550962366173227e-01,-5.134000432700015493e-01
-3.886813400058084511e-01,6.555600313287957004e-01,2.286825018513893859e-01,2.036400054420263173e-01,-7.976553220564962521e-01,-5.137188284737115307e-01
-3.884843040178305174e-01,6.549951990995197537e-01,2.278726614957160557e-01,2.037781979697639578e-01,-7.974516624775134233e-01,-5.140335111091816067e-01
-3.882914144190081629e-01,6.544227293417013147e-01,2.270520391831294393e-01,2.039151761788147166e-01,-7.972441865637230896e-01,-5.143439932285391869e-01
-3.881027310975220246e-01,6.538427998144495934e-01,2.262208965369110203e-01,2.040508980548977058e-01,-7.970329644069451547e-01,-5.146501778593559617e-01
-3.879183128295586869e-01,6.532555904611591080e-01,2.253794981918326723e-01,2.041853218232935752e-01,-7.968180670967441870e-01,-5.149519690367615476e-01
-3.877382172601517851e-01,6.526612833502334343e-01,2.245281116990303083e-01,2.043184059619281012e-01,-7.965995666903238348e-01,-5.152492718356037615e-01
-3.875625008841794283e-01,6.520600626153690849e-01,2.236670074303757083e-01,2.044501092145348531e-01,-7.963775361823529630e-01,-5.155419924026160006e-01
-3.873912190275010659e-01,6.514521143954237203e-01,2.227964584823953764e-01,2.045803906039024567e-01,-7.961520494747489352e-01,-5.158300379886203713e-01
-3.872244258282702134e-01,6.508376267738914533e-01,2.219167405797843884e-01,2.047092094451889721e-01,-7.959231813464335836e-01,-5.161133169807022858e-01
-3.870621742184088276e-01,6.502167897180106682e-01,2.210281319785616372e-01,2.048365253593075197e-01,-7.956910074230839625e-01,-5.163917389343829489e-01
-3.869045159052468819e-01,6.495897950175252289e-01,2.201309133689033359e-01,2.049622982863827658e-01,-7.954556041468914263e-01,-5.166652146057689743e-01
-3.867515013533635582e-01,6.489568362231222798e-01,2.192253677777098453e-01,2.050864884992567860e-01,-7.952170487463487980e-01,-5.169336559836373857e-01
-3.866031797666007463e-01,6.483181085845697300e-01,2.183117804709391319e-01,2.052090566170591823e-01,-7.949754192060852764e-01,-5.171969763214832039e-01
-3.864595990702834882e-01,6.476738089885684113e-01,2.173904388557506007e-01,2.053299636188202770e-01,-7.947307942367606293e-01,-5.174550901694803251e-01
-3.863208058936402622e-01,6.470241358963507716e-01,2.164616323825068189e-01,2.054491708571337671e-01,-7.944832532450395446e-01,-5.177079134063657939e-01
-3.861868455524426480e-01,6.463692892810366519e-01,2.155256524466615531e-01,2.055666400718526576e-01,-7.942328763036586858e-01,-5.179553632712070588e-01
-3.860577620318608183e-01,6.457094705647704602e-01,2.145827922905849672e-01,2.056823334038218043e-01,-7.939797441216045470e-01,-5.181973583950617579e-01
-3.859335979695481811e-01,6.450448825556610588e-01,2.136333469053559586e-01,2.057962134086379347e-01,-7.937239380144115453e-01,-5.184338188325018359e-01
-3.858143946389720469e-01,6.443757293845384648e-01,2.126776129325629316e-01,2.059082430704258504e-01,-7.934655398746041088e-01,-5.186646660929733477e-01
-3.857001919329832162e-01,6.437022164415501235e-01,2.117158885661458712e-01,2.060183858156336700e-01,-7.932046321422814295e-01,-5.188898231720053822e-01
-3.855910283476386979e-01,6.430245503126125195e-01,2.107484734543181304e-01,2.061266055268372588e-01,-7.929412977758755199e-01,-5.191092145822303605e-01
-3.854869409663042035e-01,6.423429387157387760e-01,2.097756686016025718e-01,2.062328665565391073e-01,-7.926756202230810233e-01,-5.193227663841875064e-01
-3.853879654440106606e-01,6.416575904372562311e-01,2.087977762710118146e-01,2.063371337409705408e-01,-7.924076833919749818e-01,-5.195304062169311399e-01
-3.852941359921047138e-01,6.409687152679275357e-01,2.078150998864010113e-01,2.064393724138777753e-01,-7.921375716223351127e-01,-5.197320633283873947e-01
-3.852054853631905473e-01,6.402765239390061369e-01,2.068279439350428905e-01,2.065395484202882381e-01,-7.918653696571731349e-01,-5.199276686054591368e-01
-3.851220448363701365e-01,6.395812280582218179e-01,2.058366138704317283e-01,2.066376281302524098e-01,-7.915911626144865876e-01,-5.201171546038612092e-01
-3.850438442027916963e-01,6.388830400457298220e-01,2.048414160153619878e-01,2.067335784525524689e-01,-7.913150359592425742e-01,-5.203004555776677975e-01
-3.849709117515276446e-01,6.381821730700230066e-01,2.038426574652987266e-01,2.068273668483673611e-01,-7.910370754755998712e-01,-5.204775075085437130e-01
-3.849032742557714215e-01,6.374788409838394454e-01,2.028406459920846228e-01,2.069189613448921272e-01,-7.907573672393848341e-01,-5.206482481346574875e-01
-3.848409569593806978e-01,6.367732582600591495e-01,2.018356899479822886e-01,2.070083305488996661e-01,-7.904759975908175473e-01,-5.208126169792453020e-01
-3.847839835637696382e-01,6.360656399276224393e-01,2.008280981701096035e-01,2.070954436602368276e-01,-7.901930531075089803e-01,-5.209705553788075427e-01
-3.847323762151590998e-01,6.353562015074757374e-01,1.998181798852700641e-01,2.071802704852502564e-01,-7.899086205777262615e-01,-5.211220065109263277e-01
-3.846861554921954252e-01,6.346451589485505584e-01,1.988062446152039087e-01,2.072627814501314669e-01,-7.896227869739353977e-01,-5.212669154216810208e-01
-3.846453403939502635e-01,6.339327285638082232e-01,1.977926020823039810e-01,2.073429476141724626e-01,-7.893356394266324294e-01,-5.214052290526400846e-01
-3.846099483283129672e-01,6.332191269663403066e-01,1.967775621157850097e-01,2.074207406829233769e-01,-7.890472651984595798e-01,-5.215368962674089559e-01
-3.845799951007720097e-01,6.325045710055532400e-01,1.957614345583564841e-01,2.074961330212490851e-01,-7.887577516586187221e-01,-5.216618678777293905e-01
-3.845554949036209536e-01,6.317892777034468388e-01,1.947445291734100081e-01,2.075690976662656340e-01,-7.884671862575831636e-01,-5.217800966690852027e-01
-3.845364603055738684e-01,6.310734641909866438e-01,1.937271555527291245e-01,2.076396083401573500e-01,-7.881756565021122984e-01,-5.218915374258155104e-01
-3.845229022418141795e-01,6.303573476446038271e-01,1.927096230247662412e-01,2.077076394628628031e-01,-7.878832499305752357e-01,-5.219961469557122813e-01
-3.845148300044787248e-01,6.296411452228074523e-01,1.916922405634737814e-01,2.077731661646217698e-01,-7.875900540885789614e-01,-5.220938841140810860e-01
-3.845122512336089926e-01,6.289250740029481701e-01,1.906753166977424030e-01,2.078361642983646562e-01,-7.872961565049161337e-01,-5.221847098272254240e-01
-3.845151719085357911e-01,6.282093509181158053e-01,1.896591594214214194e-01,2.078966104519579527e-01,-7.870016446678197441e-01,-5.222685871153890380e-01
-3.845235963397612977e-01,6.274941926942123605e-01,1.886440761039853697e-01,2.079544819602687777e-01,-7.867066060015400764e-01,-5.223454811150666233e-01
-3.845375271613065138e-01,6.267798157871814491e-01,1.876303734018167635e-01,2.080097569170606120e-01,-7.864111278432348584e-01,-5.224153591007189013e-01
-3.845569653235489938e-01,6.260664363204260230e-01,1.866183571701514055e-01,2.080624141867036259e-01,-7.861152974201799370e-01,-5.224781905058519804e-01
-3.845819100865721651e-01,6.253542700224206108e-01,1.856083323756934078e-01,2.081124334156853883e-01,-7.858192018272999180e-01,-5.225339469434295836e-01
-3.846123590140129167e-01,6.246435321645146255e-01,1.846006030098963357e-01,2.081597950439235678e-01,-7.855229280050120000e-01,-5.225826022256271353e-01
-3.846483079674367644e-01,6.239344374989602704e-01,1.835954720029526754e-01,2.082044803158618618e-01,-7.852265627173957707e-01,-5.226241323828830776e-01
-3.846897511012379312e-01,6.232272001971580488e-01,1.825932411384845189e-01,2.082464712913457971e-01,-7.849301925306759742e-01,-5.226585156822454170e-01
-3.847366808580865438e-01,6.225220337881345323e-01,1.815942109689479000e-01,2.082857508562635240e-01,-7.846339037920213588e-01,-5.226857326449791952e-01
-3.847890879649149554e-01,6.218191510972677083e-01,1.805986807317776499e-01,2.083223027329502430e-01,-7.843377826086639359e-01,-5.227057660634355507e-01
-3.848469614294636187e-01,6.211187641852641272e-01,1.796069482662658867e-01,2.083561114903419165e-01,-7.840419148273267691e-01,-5.227186010171542829e-01
-3.849102885374042771e-01,6.204210842874000598e-01,1.786193099311976784e-01,2.083871625538640804e-01,-7.837463860139657346e-01,-5.227242248881670550e-01
-3.849790548500262588e-01,6.197263217530405432e-01,1.776360605232496503e-01,2.084154422150596431e-01,-7.834512814338193687e-01,-5.227226273755133379e-01
-3.850532442025116353e-01,6.190346859854395367e-01,1.766574931961608641e-01,2.084409376409356029e-01,-7.831566860317673573e-01,-5.227138005089343453e-01
-3.851328387028072342e-01,6.183463853818431666e-01,1.756838993806932869e-01,2.084636368830225239e-01,-7.828626844129907836e-01,-5.226977386617203125e-01
-3.852178187310943969e-01,6.176616272738906233e-01,1.747155687053769668e-01,2.084835288861386915e-01,-7.825693608239339127e-01,-5.226744385627111189e-01
-3.853081629398635854e-01,6.169806178683393538e-01,1.737527889180636720e-01,2.085006034968533428e-01,-7.822767991335628501e-01,-5.226438993074310480e-01
-3.854038482546213729e-01,6.163035621881168824e-01,1.727958458082938797e-01,2.085148514716280710e-01,-7.819850828149176314e-01,-5.226061223683180490e-01
-3.855048498752040587e-01,6.156306640137088060e-01,1.718450231304766707e-01,2.085262644846448965e-01,-7.816942949269525265e-01,-5.225611116040714821e-01
-3.856111412777352143e-01,6.149621258249011735e-01,1.709006025279089513e-01,2.085348351352971086e-01,-7.814045180966683324e-01,-5.225088732680686077e-01
-3.857226942172209405e-01,6.142981487428802456e-01,1.699628634576195729e-01,2.085405569553435978e-01,-7.811158345015136728e-01,-5.224494160158501543e-01
