2.969919296308081513e+01,-1.434632981706966404e-01,-1.428512567215064877e+01,2.172706292022711164e-02,-4.067406939830744278e-02,9.989362115848249291e-01
3.012272443472341621e+01,8.471225438493526494e-02,-1.428524266305749002e+01,1.198765708053763784e-02,-2.277775506320427190e-02,9.996686800895584479e-01
3.054652791066935436e+01,3.138183427597900921e-01,-1.428539336924385239e+01,5.819055359425377542e-03,-1.073343537819630537e-02,9.999254632019859423e-01
3.112730740195075185e+01,6.276442549404079863e-01,-1.428552474860298460e+01,1.034732434388177134e-03,-1.733169821195276392e-03,9.999979627235048296e-01
3.172330152469900000e+01,9.480028940619420474e-01,-1.428546810340823647e+01,-7.021152194543000104e-04,1.206935284568552876e-03,9.999990251702436383e-01
3.232016837342735016e+01,1.265808334305910776e+00,-1.428516996172284159e+01,-6.904352131661613571e-04,-1.091199478795929417e-04,9.999997556959967504e-01
3.291641230863880452e+01,1.579302215313934665e+00,-1.428463347796979299e+01,8.066114771665887319e-04,-3.691985392747623978e-03,9.999928592853973841e-01
3.350882680962732252e+01,1.886176619864741166e+00,-1.428389751113031458e+01,2.939682474925538018e-03,-8.384300897843177322e-03,9.999605301037641780e-01
3.384959757353624354e+01,2.060437106508439253e+00,-1.428340144608768192e+01,4.378421991956644825e-03,-1.120344389692310219e-02,9.999276535158474477e-01
3.436235550083888768e+01,2.319375172428080223e+00,-1.428258295653664156e+01,6.105381563791733787e-03,-1.562377194416785832e-02,9.998593011350132009e-01
3.487139066140698418e+01,2.572427779214616628e+00,-1.428171669289826617e+01,7.856252547019580007e-03,-1.960573132719477252e-02,9.997769224157173618e-01
3.537787581991187835e+01,2.820172320343215411e+00,-1.428083541622416597e+01,9.371885788985886978e-03,-2.309658391399551508e-02,9.996893095198438051e-01
3.588292448696215331e+01,3.063163711028258351e+00,-1.427996749249041208e+01,1.061973284736046803e-02,-2.601786815526130683e-02,9.996050679197791000e-01
3.638678624422490060e+01,3.301545759494838528e+00,-1.427913798213747931e+01,1.159290194326731069e-02,-2.834385218777046855e-02,9.995310053558577046e-01
3.689029416400310879e+01,3.535743483881552685e+00,-1.427836610081130075e+01,1.230449520161484844e-02,-3.009244640937715209e-02,9.994713823151377685e-01
3.739388006876627912e+01,3.765986497234592889e+00,-1.427766704845496548e+01,1.277825635650314817e-02,-3.130687975950365021e-02,9.994281342068630503e-01
3.789780357440619696e+01,3.992421755520846993e+00,-1.427705179920568845e+01,1.304447231520370308e-02,-3.204796729056855198e-02,9.994012054898475661e-01
3.840291103477801471e+01,4.215448607246870871e+00,-1.427652662035995945e+01,1.318752921394557298e-02,-3.237198745555197599e-02,9.993888850199450502e-01
3.890940018137979450e+01,4.435162167907369835e+00,-1.427609500539095144e+01,1.313806904747203200e-02,-3.239047301969039810e-02,9.993889375009434861e-01
3.941756381473731352e+01,4.651690474939555564e+00,-1.427575711004352854e+01,1.298522010370358956e-02,-3.215769657394487030e-02,9.993984523751857640e-01
3.992748035946192431e+01,4.865061055813291624e+00,-1.427551042573145068e+01,1.275901302386073591e-02,-3.174796865422459952e-02,9.994144656112333713e-01
4.043952762563429815e+01,5.075417200957607733e+00,-1.427534994381827183e+01,1.248608277487612411e-02,-3.123049521745258419e-02,9.994342168974461593e-01
4.095325386650241484e+01,5.282554997328681168e+00,-1.427526894991873085e+01,1.219002394610748698e-02,-3.066953063600525234e-02,9.994552432234072858e-01
4.146890212370638551e+01,5.486551740022380663e+00,-1.427525896283702167e+01,1.189029039339050721e-02,-3.012112427892926422e-02,9.994755318998730376e-01
4.198602512084844562e+01,5.687207218619918514e+00,-1.427531044112370751e+01,1.160235344095881214e-02,-2.963277530203996604e-02,9.994935137471028241e-01
4.250428515815277564e+01,5.884371281425072375e+00,-1.427541304430383562e+01,1.133807578528323035e-02,-2.924355728926680831e-02,9.995080101702820130e-01
4.302373161665644119e+01,6.078042363803544568e+00,-1.427555622994244899e+01,1.096539752212314853e-02,-2.902597894327849787e-02,9.995185103856587538e-01
4.354390804996700126e+01,6.268030460422790995e+00,-1.427572943164362229e+01,1.075043488653756527e-02,-2.892144294068885180e-02,9.995238757968610832e-01
4.406486867331786073e+01,6.454336521121195602e+00,-1.427592264919668708e+01,1.057321049522499425e-02,-2.897791324313023220e-02,9.995241306561324368e-01
4.458603073166045760e+01,6.636736267882720419e+00,-1.427612633307139767e+01,1.043320184010307523e-02,-2.919927736499378090e-02,9.995191596466402872e-01
4.510702708331474042e+01,6.815093732597777176e+00,-1.427633189327017327e+01,1.032760678130788430e-02,-2.958269963170748890e-02,9.995089816608306865e-01
4.562841237148747808e+01,6.989587254677168460e+00,-1.427653214598070797e+01,1.025253529468600315e-02,-3.012110925767551989e-02,9.994936739655326807e-01
4.614968135137946348e+01,7.160034250869441230e+00,-1.427672060460225723e+01,1.020287492091630568e-02,-3.080217953006994872e-02,9.994734248991042902e-01
4.667077583142187791e+01,7.326407794779437488e+00,-1.427689211057780838e+01,1.017255877931582189e-02,-3.160944388905295027e-02,9.994485289923169535e-01
4.719152286910042449e+01,7.488646995143175999e+00,-1.427704261590801771e+01,1.015572818800940073e-02,-3.252521058896512551e-02,9.994193173343783876e-01
4.771145391148930059e+01,7.646607582857950725e+00,-1.427716912979884434e+01,1.014551560461800749e-02,-3.352779112937757239e-02,9.993862895472908070e-01
4.823133189833321666e+01,7.800519905230851592e+00,-1.427726998759704458e+01,1.013622713318753504e-02,-3.459810713784473857e-02,9.993499026276946307e-01
4.875096094397438407e+01,7.950318450030869677e+00,-1.427734419347277672e+01,1.012192220088252263e-02,-3.571443241741039526e-02,9.993107754888174155e-01
4.927077768208984310e+01,8.096119462023663615e+00,-1.427739166637037904e+01,1.009794482750311050e-02,-3.685794501863928069e-02,9.992694948807671063e-01
4.979052176962962051e+01,8.237839090793114494e+00,-1.427741295460035786e+01,1.005972069106147657e-02,-3.800844112614240600e-02,9.992267812777930747e-01
5.031040613983279286e+01,8.375526098006568887e+00,-1.427740926440085190e+01,1.000401601981535694e-02,-3.914897354150619763e-02,9.991833052719214514e-01
5.082990039836274576e+01,8.509035513937986295e+00,-1.427738232972108001e+01,9.960378807900335807e-03,-4.025201362633635399e-02,9.991399132519069859e-01
5.124771993713144980e+01,8.613455242488562646e+00,-1.427734522820214025e+01,9.986181420477944354e-03,-4.108913020194241567e-02,9.991055797861830845e-01
5.135024356435797444e+01,8.638674029289299838e+00,-1.427733417551242923e+01,1.003269826592260300e-02,-4.127838536199139596e-02,9.990973125113549180e-01
5.187262239420675769e+01,8.764698013006025690e+00,-1.427726695431853443e+01,9.703768929766567325e-03,-4.235799122442812648e-02,9.990553725634977456e-01
5.239425261556580438e+01,8.886416412527164965e+00,-1.427718359684103966e+01,9.555279908267917330e-03,-4.331617763301705282e-02,9.990157182853227624e-01
5.291605156539283428e+01,9.004047156769575011e+00,-1.427708673435445874e+01,9.382689859534361701e-03,-4.420359194587802909e-02,9.989784820455754888e-01
5.343616354728363405e+01,9.117187977698121060e+00,-1.427697952476976617e+01,9.542211104580261213e-03,-4.493738291030615478e-02,9.989442315887349100e-01
5.396148802778409248e+01,9.227296881733144218e+00,-1.427686317887422085e+01,8.988487988281930116e-03,-4.574406054458617088e-02,9.989127529512162873e-01
5.441048337999394846e+01,9.318088736838658903e+00,-1.427675930857194331e+01,8.909976917106822783e-03,-4.628458550580531738e-02,9.988885570752585874e-01
5.448476301098559560e+01,9.332814100852106165e+00,-1.427674184937020740e+01,8.925502773034407408e-03,-4.636294203016690096e-02,9.988847846506402339e-01
5.500775643737435416e+01,9.434124778564031644e+00,-1.427661759506681882e+01,8.818785826187180293e-03,-4.690998886394855821e-02,9.988601913988442993e-01
5.553462720654628981e+01,9.531993296500868240e+00,-1.427649162479593947e+01,8.241991775224609060e-03,-4.745885338003947435e-02,9.988391896633957989e-01
5.585985823575983744e+01,9.590306501318218935e+00,-1.427641433558197370e+01,8.284252632343417841e-03,-4.769463872964959522e-02,9.988276090471125412e-01
5.638023801808029845e+01,9.680277165330910094e+00,-1.427629260897727548e+01,7.687465329091630779e-03,-4.811638222203321741e-02,9.988121528288875783e-01
5.689838306140551083e+01,9.765789336553091005e+00,-1.427617498309119526e+01,7.731203985302080237e-03,-4.838147502299462721e-02,9.987990094906666894e-01
5.741913051651813049e+01,9.847640590924573445e+00,-1.427606146675643828e+01,7.042128244843940191e-03,-4.869021875836799379e-02,9.987891023769961407e-01
5.793886957647038116e+01,9.925248572775373646e+00,-1.427595365280490647e+01,6.705584941778301722e-03,-4.890458040437590387e-02,9.987809455261250635e-01
5.845791403279596921e+01,9.998684458266144048e+00,-1.427585191655218111e+01,6.382308472961170827e-03,-4.907985067917539079e-02,9.987744662314239630e-01
5.891890743250382911e+01,1.006050170835898605e+01,-1.427576666694175955e+01,6.213876161997868366e-03,-4.919982485381346748e-02,9.987696255780897925e-01
5.897663576694648668e+01,1.006801729034347659e+01,-1.427575632810422057e+01,6.215396423379757236e-03,-4.921150326110146356e-02,9.987690407667243475e-01
5.949689724614171382e+01,1.013348637502339677e+01,-1.427566643421234893e+01,5.657655385812776841e-03,-4.936415820949457967e-02,9.987648225782701505e-01
6.001648965871626018e+01,1.019480831379091157e+01,-1.427558222654329079e+01,5.299637731135138814e-03,-4.948846131373726281e-02,9.987606350055640014e-01
6.053565770748529218e+01,1.025202963872084894e+01,-1.427550299343191753e+01,5.000041137484633261e-03,-4.961030906619443015e-02,9.987561348111861914e-01
6.088421789280742757e+01,1.028817775003622792e+01,-1.427545211908681289e+01,4.820841049022804234e-03,-4.969632609945227875e-02,9.987527395025243004e-01
6.105474965659831810e+01,1.030519944880507666e+01,-1.427542779759018643e+01,4.824617972686629820e-03,-4.973417099123693397e-02,9.987508374450716486e-01
6.157470269690815456e+01,1.035440943615786225e+01,-1.427535543779913674e+01,4.209327664583770515e-03,-4.991001842355919510e-02,9.987448481076497409e-01
6.209251395855588385e+01,1.039939516196752578e+01,-1.427528508964918430e+01,4.223241358441104029e-03,-5.007021799149600355e-02,9.987367708774481656e-01
6.261274270723926350e+01,1.044055432026653918e+01,-1.427521476393965472e+01,3.468988721564334431e-03,-5.031578164983217111e-02,9.987273342780882412e-01
6.313132470848114508e+01,1.047756114723391541e+01,-1.427514354389454354e+01,3.140778611752415104e-03,-5.057622606718823605e-02,9.987152651614537024e-01
6.352730789419936741e+01,1.050311818956197207e+01,-1.427508746044646770e+01,2.957040216065978666e-03,-5.080388346508625530e-02,9.987042712124678534e-01
6.364971647511258368e+01,1.051054564255620605e+01,-1.427506970271009301e+01,2.961491048002934216e-03,-5.087729977228093448e-02,9.987005206460313200e-01
6.416924434285716927e+01,1.053958589672846102e+01,-1.427499147005443625e+01,2.330378138009339337e-03,-5.125503856851588991e-02,9.986828777740578422e-01
6.468757409195190178e+01,1.056455678840955592e+01,-1.427490762064507024e+01,1.940033429074871632e-03,-5.167676794936122697e-02,9.986619788119510677e-01
6.520577157040179372e+01,1.058552968417961004e+01,-1.427481645031337898e+01,1.542601706713056346e-03,-5.215940976657223310e-02,9.986375800823725779e-01
6.572336371248893272e+01,1.060249856722234263e+01,-1.427471655564989206e+01,1.157711350063373324e-03,-5.270337783857270003e-02,9.986095401451132725e-01
6.618999651580899979e+01,1.061439152544287090e+01,-1.427461774356847712e+01,9.569472271970888176e-04,-5.324403926574722973e-02,9.985810715884173572e-01
6.624046061147501518e+01,1.061548436397917605e+01,-1.427460651588024909e+01,9.582594969282693005e-04,-5.330494322084396164e-02,9.985778210870493998e-01
6.675624201219989118e+01,1.062449195610878228e+01,-1.427448523081706711e+01,7.337893770117603432e-04,-5.397054167444331751e-02,9.985422585872454349e-01
6.727652332489576281e+01,1.062959110024216791e+01,-1.427434999011312833e+01,-1.441762001791584158e-04,-5.472401678947509673e-02,9.985015078604780880e-01
6.779329133264705831e+01,1.063069685158002642e+01,-1.427420173696547501e+01,-5.454237215361503388e-04,-5.552057201224006033e-02,9.984573944823073033e-01
6.819574831315269137e+01,1.062882833267896565e+01,-1.427407604193741619e+01,-7.780386211086457371e-04,-5.618141959383666367e-02,9.984202736064233807e-01
6.830997328195657303e+01,1.062786292857094850e+01,-1.427403867096855983e+01,-7.797000046949424928e-04,-5.637453914142457473e-02,9.984093866768755099e-01
6.882496459740166017e+01,1.062112365992687479e+01,-1.427386056560331973e+01,-1.072590403296493208e-03,-5.728603837085088218e-02,9.983572303327102881e-01
6.934449989428979677e+01,1.061037039158896711e+01,-1.427366446767903163e+01,-2.039899035585084758e-03,-5.826323383190477878e-02,9.982991707876820442e-01
6.986001999407666574e+01,1.059578003254276979e+01,-1.427345307531994401e+01,-2.472124085309160366e-03,-5.927818108833665667e-02,9.982384413802972700e-01
7.020416847411087247e+01,1.058386928754451262e+01,-1.427330245404055376e+01,-2.741163383327272721e-03,-5.998174035936587600e-02,9.981957106934328250e-01
7.037561655014879136e+01,1.057728773740119266e+01,-1.427322455091598385e+01,-2.755024062120246895e-03,-6.034109463303286014e-02,9.981740139579392546e-01
7.089293465383023829e+01,1.055482055401304109e+01,-1.427297787335242596e+01,-3.630224573620957629e-03,-6.143899228492070985e-02,9.981042388931923304e-01
7.140577477599384792e+01,1.052868571848673085e+01,-1.427271608027730565e+01,-3.688704666799864137e-03,-6.258222380616036695e-02,9.980329948059617484e-01
7.192134259984433697e+01,1.049854305135479748e+01,-1.427243565865253316e+01,-4.262939102880109257e-03,-6.374862017711788176e-02,9.979568832247805998e-01
7.243994997146036496e+01,1.046431704510299632e+01,-1.427213635152532056e+01,-5.342259065362622676e-03,-6.491916267748783220e-02,9.978762260848448307e-01
7.288109444280371463e+01,1.043212637383262908e+01,-1.427186838098818278e+01,-5.682800153993679791e-03,-6.595813879759102050e-02,9.978062084937973086e-01
7.295617041313597895e+01,1.042636679125032728e+01,-1.427182157127097106e+01,-5.696698666674083165e-03,-6.613883115681001845e-02,9.977941684723918847e-01
7.347114206554796567e+01,1.038465839980127647e+01,-1.427149120706135577e+01,-6.098908847088516626e-03,-6.736889943804000302e-02,9.977094941411464024e-01
7.398783880087434284e+01,1.033895511864053951e+01,-1.427114381177961810e+01,-6.743982475489901721e-03,-6.859667301565668118e-02,9.976216793712702202e-01
7.450754623236430518e+01,1.028910030228802164e+01,-1.427077884929987839e+01,-7.885595636003467357e-03,-6.979139673738662952e-02,9.975304397976586523e-01
7.489218240345159927e+01,1.024970002210813469e+01,-1.427049904764902521e+01,-8.257962654133855357e-03,-7.071187532637068784e-02,9.974625991688262916e-01
7.502486054570347562e+01,1.023561625259996610e+01,-1.427040067011858504e+01,-8.292665858798141387e-03,-7.103819788837824334e-02,9.974391240239807166e-01
7.554143138985664052e+01,1.017837895041759388e+01,-1.427000879912445974e+01,-8.778851814209672616e-03,-7.227369947951740869e-02,9.973462007369199300e-01
7.605992972335559443e+01,1.011709151562978448e+01,-1.426960175091080707e+01,-9.485016282668765758e-03,-7.348051669838751021e-02,9.972515470691712958e-01
7.657936829826606129e+01,1.005185184621959849e+01,-1.426918074785847423e+01,-1.020541796852411122e-02,-7.467163916269116408e-02,9.971559535743866887e-01
7.710233357479282290e+01,9.982299472576269039e+00,-1.426874403545029857e+01,-1.148794945943255874e-02,-7.577222045977875797e-02,9.970589739949248242e-01
7.757515456879585258e+01,9.916086293892842463e+00,-1.426833846108975123e+01,-1.193275705361929694e-02,-7.684687610723398010e-02,9.969714975573066296e-01
7.762262345092428006e+01,9.909264620652249889e+00,-1.426829719110544481e+01,-1.194879982509998613e-02,-7.695837648655913521e-02,9.969627046541372772e-01
7.814324729461651486e+01,9.832366369201860579e+00,-1.426783803721015076e+01,-1.244142886467877913e-02,-7.812289364670642333e-02,9.968661015081566878e-01
7.866662371373968199e+01,9.751230073029914180e+00,-1.426736452923041298e+01,-1.320757921686388156e-02,-7.922473896873705179e-02,9.967692815223418989e-01
7.919323156347600445e+01,9.665733324552086003e+00,-1.426687607115931122e+01,-1.437797319564951444e-02,-8.023221483204588667e-02,9.966724966557116705e-01
7.936221806129485401e+01,9.637480300145899292e+00,-1.426671675295614250e+01,-1.444066731434875787e-02,-8.060686125732889618e-02,9.966413602925368043e-01
7.989020327685723544e+01,9.546656794843551452e+00,-1.426621078005873855e+01,-1.554326400317199673e-02,-8.158817716469178583e-02,9.965449193544014816e-01
8.026672681964667788e+01,9.479536781574790183e+00,-1.426584218981868268e+01,-1.598697842410230774e-02,-8.233739524168587343e-02,9.964762766196101351e-01
8.041676112898085194e+01,9.452247938169932695e+00,-1.426569346220018453e+01,-1.604514368476020122e-02,-8.265694822614692849e-02,9.964488859314738489e-01
8.094404547579883058e+01,9.353896135676968981e+00,-1.426516206867227865e+01,-1.663697034082274942e-02,-8.368820132470049244e-02,9.963530981418761145e-01
8.147483103924975012e+01,9.251059974850418754e+00,-1.426461274482233144e+01,-1.745431130630450620e-02,-8.465628613924196244e-02,9.962573263138060353e-01
8.200753018979000331e+01,9.144011602364438218e+00,-1.426404573642700413e+01,-1.828302702375607380e-02,-8.560459669876023525e-02,9.961614246430602337e-01
8.254526748618908982e+01,9.032072438039087103e+00,-1.426345591783032241e+01,-1.968164006709854225e-02,-8.641186352330744447e-02,9.960650696047413932e-01
8.296408901306237738e+01,8.942204904006102240e+00,-1.426298324053412614e+01,-2.017289610463244079e-02,-8.716950932458457368e-02,9.959892222844899390e-01
8.308043921301076296e+01,8.916824317653697207e+00,-1.426284971794691714e+01,-2.022317301933767783e-02,-8.739988035766238506e-02,9.959680136362292213e-01
8.361691099228906410e+01,8.797475189422899078e+00,-1.426222072071679037e+01,-2.084007366315633256e-02,-8.836701786559615635e-02,9.958699520937739358e-01
8.415700306894098048e+01,8.673484210609714751e+00,-1.426156346194185964e+01,-2.171769061513267526e-02,-8.927503245254393704e-02,9.957702096844143203e-01
8.469897672657849341e+01,8.545221134027864096e+00,-1.426087688610305904e+01,-2.261214718284622685e-02,-9.018474817536238641e-02,9.956683192691870854e-01
8.524649921885327331e+01,8.411769777406064463e+00,-1.426015258895672844e+01,-2.411077440273535002e-02,-9.095894899089619623e-02,9.955627253750373162e-01
8.566648656055532740e+01,8.306783880702028000e+00,-1.425957388394012604e+01,-2.465253293942480314e-02,-9.171964419493326692e-02,9.954796630210108743e-01
8.579097255185563142e+01,8.275231153798314310e+00,-1.425939821184459255e+01,-2.471677066222503771e-02,-9.197300366963444274e-02,9.954546940187768422e-01
8.633743035793438025e+01,8.134387185847684165e+00,-1.425860302249203393e+01,-2.541479601003932345e-02,-9.299335554634614864e-02,9.953423149690758809e-01
8.688838246011518152e+01,7.988557464567061395e+00,-1.425775845891389615e+01,-2.639606514227750209e-02,-9.398030234315316034e-02,9.952240705069860249e-01
8.744181912332503259e+01,7.838236877304771255e+00,-1.425686218784293402e+01,-2.740785746989197330e-02,-9.500414592690671622e-02,9.950995033691903968e-01
8.799739788586794020e+01,7.683507506893928252e+00,-1.425590921928222521e+01,-2.845180920150277432e-02,-9.607232715849763072e-02,9.949676389247602559e-01
8.855992235315515870e+01,7.522976337280054437e+00,-1.425488465389223514e+01,-3.020627738077677135e-02,-9.701385036281771901e-02,9.948245542026877830e-01
8.904404054666755997e+01,7.381735683333173981e+00,-1.425395050525252927e+01,-3.091438980077935300e-02,-9.810259616715598374e-02,9.946960244861288158e-01
8.911815035787591910e+01,7.359864200943545320e+00,-1.425380297315710720e+01,-3.096952407986388808e-02,-9.828937494308223610e-02,9.946758704983070798e-01
8.967829110024015904e+01,7.192422040456640353e+00,-1.425264675649152579e+01,-3.181370454456322605e-02,-9.962249874463004196e-02,9.945165890758319582e-01
9.024380497068284512e+01,7.019583989288685544e+00,-1.425140138494893982e+01,-3.302144848452289588e-02,-1.009487030486468095e-01,9.943434735003695568e-01
9.081238807491580189e+01,6.842013029023099158e+00,-1.425006382533088534e+01,-3.428273511543628027e-02,-1.023586776458759867e-01,9.941566250765482282e-01
9.138361042925102140e+01,6.659831631112814954e+00,-1.424862723200813974e+01,-3.559924116491674367e-02,-1.038586616745198199e-01,9.939547637712994321e-01
9.196301544083962654e+01,6.471211333970615875e+00,-1.424706815738302979e+01,-3.769289759243607540e-02,-1.052514896062071575e-01,9.937310347406689282e-01
9.241387273578560269e+01,6.321802105069121325e+00,-1.424577951300021184e+01,-3.859369961131317583e-02,-1.066391833096855951e-01,9.935484945051020755e-01
9.253743667485846913e+01,6.280454975528903638e+00,-1.424541431745040043e+01,-3.873635517194152361e-02,-1.070654616483914245e-01,9.934970969811689478e-01
9.311466512891958303e+01,6.085045981295501782e+00,-1.424363699125361471e+01,-3.992119539070327489e-02,-1.089678357469707065e-01,9.932433281584117646e-01
9.369759348034409641e+01,5.883973482977669534e+00,-1.424171772277959924e+01,-4.149496818188703334e-02,-1.108934998878552264e-01,9.929656586701306464e-01
9.428374125981559928e+01,5.678059755938308584e+00,-1.423965477845772831e+01,-4.314427582993064780e-02,-1.129376600193194441e-01,9.926649265550140377e-01
9.487352746639045620e+01,5.467146292080340864e+00,-1.423743730286225073e+01,-4.487120328546555931e-02,-1.151061452674902175e-01,9.923392315319261581e-01
9.546709330243025704e+01,5.251168198171051849e+00,-1.423505508438110745e+01,-4.667889880030286903e-02,-1.174020606647702691e-01,9.919868126938264918e-01
9.606441761736826379e+01,5.030119972254004423e+00,-1.423249840812584743e+01,-4.856961756597772545e-02,-1.198272241548305611e-01,9.916059845527570582e-01
9.666581499255441656e+01,4.803871702112826547e+00,-1.422975596292433309e+01,-5.054588929355988830e-02,-1.223840258659603386e-01,9.911948664558162259e-01
9.727840268001213531e+01,4.569666988795536788e+00,-1.422678200417116301e+01,-5.346846718302442764e-02,-1.247877368030461398e-01,9.907417139500442893e-01
9.777309200115607268e+01,4.377821665028624132e+00,-1.422424292034132165e+01,-5.492628644586041581e-02,-1.271724653180413833e-01,9.903586558021285624e-01
9.788524929787773488e+01,4.333992487687130968e+00,-1.422364977815422371e+01,-5.515769168385205312e-02,-1.277648891396575281e-01,9.902695401511855122e-01
9.849669284688734194e+01,4.092908576845628588e+00,-1.422030013302724605e+01,-5.701034903398624620e-02,-1.308505593714125170e-01,9.897615628095542961e-01
9.911635827068970173e+01,3.844938724834701116e+00,-1.421670089870960396e+01,-5.934261116093173666e-02,-1.339366452830128562e-01,9.892115191155705922e-01
9.974133130445491702e+01,3.591199231302331540e+00,-1.421285620825021034e+01,-6.176955128560791125e-02,-1.371512700356964654e-01,9.886222997998630468e-01
1.003718536764955758e+02,3.331569304583694269e+00,-1.420875302101012672e+01,-6.428874794851019425e-02,-1.404925385736177645e-01,9.879923094297613506e-01
1.010079862626562175e+02,3.066002367694816932e+00,-1.420437913095742566e+01,-6.689906386707118735e-02,-1.439556476687939013e-01,9.873202554176470080e-01
1.016498948243163909e+02,2.794409759913433877e+00,-1.419972132341251481e+01,-6.959914341470198329e-02,-1.475358653597768910e-01,9.866048487963565705e-01
1.022978219229435410e+02,2.516670184218922302e+00,-1.419476532706422311e+01,-7.238763416494216341e-02,-1.512284058237090834e-01,9.858448152179034585e-01
1.029519789836867432e+02,2.232675093872079408e+00,-1.418949645578545926e+01,-7.526275250842309750e-02,-1.550276936295851282e-01,9.850390511511445402e-01
1.036130241225932309e+02,1.942118638650447426e+00,-1.418389540045744468e+01,-7.822409214901122898e-02,-1.589306827071443606e-01,9.841859730262894068e-01
1.043554447856417511e+02,1.611626754942333095e+00,-1.417726556991943987e+01,-8.155228654096505214e-02,-1.634060092706526579e-01,9.831824351025499897e-01
1.051056361729685165e+02,1.273324806240170748e+00,-1.417019279601533377e+01,-8.503477521505295456e-02,-1.679587048534322280e-01,9.821196263531662973e-01
1.058638573727014460e+02,9.270959599851464894e-01,-1.416265263429981047e+01,-8.860875418728426933e-02,-1.726074078105234166e-01,9.809970292770050504e-01
1.066302900605191013e+02,5.728628487733711250e-01,-1.415461928186132390e+01,-9.227062391663745644e-02,-1.773439323292237968e-01,9.798138913222459445e-01
1.074055618430562333e+02,2.103443705360985572e-01,-1.414605944029280415e+01,-9.601909738119962512e-02,-1.821643647159967294e-01,9.785685858261120584e-01
1.081903002544658676e+02,-1.607430818983416332e-01,-1.413693584059659081e+01,-9.985403519759901425e-02,-1.870661024729715072e-01,9.772591493356960202e-01
1.089846117392301039e+02,-5.404337716983291795e-01,-1.412721314846430154e+01,-1.037741718630294935e-01,-1.920450040279651216e-01,9.758840288077479386e-01
1.097892705649314564e+02,-9.290753877846489317e-01,-1.411684326734085104e+01,-1.077819880729798396e-01,-1.971042031733405420e-01,9.744398268433195343e-01
1.106044986763728843e+02,-1.326745957149686017e+00,-1.410577940628705562e+01,-1.118793098517254364e-01,-2.022448501462613402e-01,9.729234505429591451e-01
1.114307604920657297e+02,-1.733632439110838419e+00,-1.409396560203881421e+01,-1.160703571685999247e-01,-2.074733804872458953e-01,9.713302572122152201e-01
1.122758909765008752e+02,-2.153592348125391354e+00,-1.408122473838986544e+01,-1.212047410550402687e-01,-2.124439354806013369e-01,9.696272402440510030e-01
1.124374685680449630e+02,-2.234300435280780928e+00,-1.407871020976760157e+01,-1.217798225987788557e-01,-2.136032199833603484e-01,9.693004380585774626e-01
1.131307407050163931e+02,-2.582049307591481657e+00,-1.406762399335748448e+01,-1.260299797299315461e-01,-2.177103869858230956e-01,9.678422555394839977e-01
1.137741484783892361e+02,-2.906823916821596576e+00,-1.405688921524934010e+01,-1.290616547656819324e-01,-2.220237700345918663e-01,9.664618641254142384e-01
1.139899877985012893e+02,-3.016195318367679068e+00,-1.405318854129903272e+01,-1.298520276237235538e-01,-2.235963496362858571e-01,9.659933350449865230e-01
1.148637497540617716e+02,-3.461014763318897902e+00,-1.403767589951209693e+01,-1.339687987372171762e-01,-2.295646021258045122e-01,9.640292808912642730e-01
1.157561525947749459e+02,-3.918540889442894581e+00,-1.402091151259525148e+01,-1.387764156224121637e-01,-2.354773610894534963e-01,9.619207445945547885e-01
1.166643094432597252e+02,-4.387205603467101866e+00,-1.400283593411787209e+01,-1.437561441994480160e-01,-2.416025571288947793e-01,9.596678463894091626e-01
1.175965871013799244e+02,-4.871233748794087326e+00,-1.398314746489785598e+01,-1.498662484570696951e-01,-2.475621466552851979e-01,9.572111006025948443e-01
1.177669116001531506e+02,-4.959959490719102249e+00,-1.397942083926963974e+01,-1.505528124765780906e-01,-2.488964174980111410e-01,9.567572440342680951e-01
1.185426882572700009e+02,-5.365144542299378649e+00,-1.396191975729227508e+01,-1.555974660371467200e-01,-2.540748007483668025e-01,9.545865200114114213e-01
1.190984609529077858e+02,-5.656426894076973966e+00,-1.394883295186819439e+01,-1.587059941879713221e-01,-2.581527115291454844e-01,9.529793203102349120e-01
1.194990607041015380e+02,-5.866860649335174038e+00,-1.393910558053131332e+01,-1.604050665231674111e-01,-2.614346019566219925e-01,9.517994345099606290e-01
1.200263769801952520e+02,-6.144423007072394860e+00,-1.392591397888922700e+01,-1.641970283092372140e-01,-2.650153836725613332e-01,9.501611349193886946e-01
1.204195769052538765e+02,-6.351778615635123693e+00,-1.391578359889877703e+01,-1.659164144269675012e-01,-2.683283994669555250e-01,9.489318276162943544e-01
1.210303185083349149e+02,-6.674454014918736355e+00,-1.389953614252990022e+01,-1.694570865677771376e-01,-2.731208558442161927e-01,9.469367951003297978e-01
1.217490889144734609e+02,-7.055035005580474916e+00,-1.387959119707395494e+01,-1.747238869424505292e-01,-2.783458794734864350e-01,9.444549405407614007e-01
1.221418834535264608e+02,-7.263348456710035705e+00,-1.386830404262712513e+01,-1.765428721827076441e-01,-2.818419529794534140e-01,9.430788555694629149e-01
1.232417645260093195e+02,-7.847687636560088720e+00,-1.383518766386961119e+01,-1.847226659920428449e-01,-2.902916401083495690e-01,9.389399876200804629e-01
1.243148793727982735e+02,-8.418913987340452820e+00,-1.380064711929862753e+01,-1.916748130444793918e-01,-2.995134618187344500e-01,9.346402795908816952e-01
1.253717097389660751e+02,-8.982115491257189888e+00,-1.376438097951013262e+01,-1.986471872398065941e-01,-3.089367707006949182e-01,9.301061050819630083e-01
1.264135764919255536e+02,-9.537573839219410488e+00,-1.372635736448012977e+01,-2.056219946299636669e-01,-3.185510428155357010e-01,9.253349817474372241e-01
1.274413428956161454e+02,-1.008537470512695045e+01,-1.368656416874218884e+01,-2.125045786121870783e-01,-3.283743988583083251e-01,9.203325802357000818e-01
1.283549980410159321e+02,-1.057195760103271276e+01,-1.364923030294359130e+01,-2.181679838199523380e-01,-3.376037345568815295e-01,9.156562942770523073e-01
1.284522266254279543e+02,-1.062370613387963125e+01,-1.364514691076137076e+01,-2.186982905734957960e-01,-3.386371124356576945e-01,9.151480556617440643e-01
1.294614911003017710e+02,-1.116039479619552566e+01,-1.360148571917569349e+01,-2.263601839308965469e-01,-3.483506235435603338e-01,9.096223997943232442e-01
1.304543091480911414e+02,-1.168728757291835763e+01,-1.355623469123254843e+01,-2.331336272054652381e-01,-3.585132013568086418e-01,9.039452396682642332e-01
1.314367685919303881e+02,-1.220739126038672140e+01,-1.350916649235326972e+01,-2.398007433705976743e-01,-3.687408508276482921e-01,8.980678083584840987e-01
1.324090953863143625e+02,-1.272062142038806165e+01,-1.346030444090933642e+01,-2.463396336067786574e-01,-3.789988480741051657e-01,8.920070953041682182e-01
1.333719460469906437e+02,-1.322714595037452057e+01,-1.340965121721020381e+01,-2.527334545927038545e-01,-3.892589324857488875e-01,8.857783494812305758e-01
1.343254854252860753e+02,-1.372689609159812818e+01,-1.335723445437917611e+01,-2.589653536885141438e-01,-3.994898632511525438e-01,8.794002471847266467e-01
1.352700600081021491e+02,-1.421991970421256468e+01,-1.330307223182842513e+01,-2.650225088686911645e-01,-4.096654512944567506e-01,8.728901922972062133e-01
1.362059176189798677e+02,-1.470623185525372634e+01,-1.324718732519994724e+01,-2.708942719048290648e-01,-4.197617870531994977e-01,8.662657418939392340e-01
1.371332023139599414e+02,-1.518581130915477395e+01,-1.318960828432191512e+01,-2.765719854009304757e-01,-4.297574151957250788e-01,8.595443566074276731e-01
1.380520048508421098e+02,-1.565862591122578351e+01,-1.313036718614693399e+01,-2.820490360283190445e-01,-4.396339214780795035e-01,8.527428430431426287e-01
1.389624941736884125e+02,-1.612469877022611442e+01,-1.306949140051061065e+01,-2.873211191683950338e-01,-4.493772268930350533e-01,8.458762808057372906e-01
1.398647843527064083e+02,-1.658403804399733872e+01,-1.300701231434170602e+01,-2.923851389109091703e-01,-4.589760506766504267e-01,8.389588282206184022e-01
1.407589849646101925e+02,-1.703666161083767605e+01,-1.294296279440273700e+01,-2.972390743652655876e-01,-4.684221075162759429e-01,8.320034025534334132e-01
1.416452207376919148e+02,-1.748260557896976763e+01,-1.287737637335846763e+01,-3.018817178442478322e-01,-4.777100325776280632e-01,8.250215471162480885e-01
1.425236618220298510e+02,-1.792193779899621475e+01,-1.281028541163101586e+01,-3.063124569502946315e-01,-4.868373098987735514e-01,8.180232957609456790e-01
1.433945458094728451e+02,-1.835476677882266472e+01,-1.274171956077057821e+01,-3.105311286030977835e-01,-4.958042576742104912e-01,8.110169888729900078e-01
1.442581328522635999e+02,-1.878121728756712017e+01,-1.267170939837044941e+01,-3.145375128400967335e-01,-5.046131452952453689e-01,8.040097801716130643e-01
1.451146339778171921e+02,-1.920139377861859842e+01,-1.260029295283340467e+01,-3.183309163993238711e-01,-5.132671902536062314e-01,7.970082929766385549e-01
1.459643083935954166e+02,-1.961542735376433200e+01,-1.252750844187980483e+01,-3.219105584872521408e-01,-5.217712599319567213e-01,7.900179394440633995e-01
1.468074346385409967e+02,-2.002346004556806847e+01,-1.245339681666366438e+01,-3.252753822628355329e-01,-5.301313922074176732e-01,7.830431869890646102e-01
1.476442760817309647e+02,-2.042562705132416312e+01,-1.237800507331442113e+01,-3.284239933836031189e-01,-5.383541982734237896e-01,7.760879059561139881e-01
1.484751436294868370e+02,-2.082208590535853077e+01,-1.230138079074797375e+01,-3.313542387639398790e-01,-5.464477847065015714e-01,7.691548524468443393e-01
1.493046446515892001e+02,-2.121502019808250594e+01,-1.222316678918179100e+01,-3.342360571511934775e-01,-5.543847977197735588e-01,7.621966637011932111e-01
1.494380192272668069e+02,-2.127792833312808085e+01,-1.221043432358038139e+01,-3.346674235274967879e-01,-5.556613455260734913e-01,7.610769900066751692e-01
1.495480087730489629e+02,-2.132974957207095912e+01,-1.219990214588847799e+01,-3.350653371663440128e-01,-5.566904483504675483e-01,7.601493041139746332e-01
1.500875262590667489e+02,-2.158319127098626566e+01,-1.214782412892102315e+01,-3.366868093174662513e-01,-5.618572390109637382e-01,7.556179162795182425e-01
1.501261850298028833e+02,-2.160130337016223123e+01,-1.214406627224627400e+01,-3.368233219344132778e-01,-5.622150756035592112e-01,7.552908436921176305e-01
1.509350309792156963e+02,-2.197876776140444832e+01,-1.206465598931780825e+01,-3.388265881545764469e-01,-5.700307295008897324e-01,7.485061860694356417e-01
1.517442774740010520e+02,-2.235353927950662722e+01,-1.198375239522346192e+01,-3.408698004044001251e-01,-5.776799171229841656e-01,7.416830135071493801e-01
1.525488928963744684e+02,-2.272325969331495088e+01,-1.190194404359588987e+01,-3.426888127062694966e-01,-5.852389143922055448e-01,7.348876041456954278e-01
1.533486115762969462e+02,-2.308780682866645861e+01,-1.181936224478862307e+01,-3.442820871027362784e-01,-5.927103967517046712e-01,7.281237738754455791e-01
1.541436186601218310e+02,-2.344726473434214142e+01,-1.173609540879662561e+01,-3.456501535769378464e-01,-6.001006929965599923e-01,7.213911072346869124e-01
1.549339905002450735e+02,-2.380166523407846313e+01,-1.165224421547283740e+01,-3.467938437538596874e-01,-6.074139895448544824e-01,7.146903352079325700e-01
1.557197614683680911e+02,-2.415101923892321167e+01,-1.156791379137462528e+01,-3.477147323697012959e-01,-6.146535718362826639e-01,7.080222111784111316e-01
1.565010202251125122e+02,-2.449535967422871607e+01,-1.148320206872825011e+01,-3.484129433197294401e-01,-6.218232713257840771e-01,7.013873681247639880e-01
1.572802413399710417e+02,-2.483575427208026909e+01,-1.139794196662920989e+01,-3.490626827374062047e-01,-6.288722887760418434e-01,6.947480751536829757e-01
1.579001660732881760e+02,-2.510434561193248371e+01,-1.132962236304646098e+01,-3.493032553135758111e-01,-6.345130941861157892e-01,6.894783311560271910e-01
1.585193270741132778e+02,-2.537060950586372954e+01,-1.126100203719455095e+01,-3.494079664531298257e-01,-6.401264874050387466e-01,6.842164519372324616e-01
1.591377059375681711e+02,-2.563451084447459394e+01,-1.119212707459186262e+01,-3.493783071556670339e-01,-6.457102774658231015e-01,6.789646795408802449e-01
1.597548396202587071e+02,-2.589582620309874628e+01,-1.112309158931957498e+01,-3.492154012870182234e-01,-6.512574825167829484e-01,6.737301351207685141e-01
1.603703268321623909e+02,-2.615436332516068774e+01,-1.105398123242790476e+01,-3.489203161314393675e-01,-6.567611780548470168e-01,6.685202824079057304e-01
1.609841675531405372e+02,-2.641010120948591577e+01,-1.098483431973006574e+01,-3.484947382610195099e-01,-6.622173479840332000e-01,6.633397330428633110e-01
1.615963199056098460e+02,-2.666300112662664645e+01,-1.091569101770814498e+01,-3.479403505219457737e-01,-6.676207003390250971e-01,6.581945859375442076e-01
1.622067467011463009e+02,-2.691302640558484427e+01,-1.084658810135659479e+01,-3.472584296712729612e-01,-6.729654983841737437e-01,6.530918932330902482e-01
1.628155473134347915e+02,-2.716019588655244377e+01,-1.077754391145288793e+01,-3.464504197994190404e-01,-6.782467708847852439e-01,6.480381349929708046e-01
1.634227691300205265e+02,-2.740450593487138420e+01,-1.070858000544083666e+01,-3.455173515458681566e-01,-6.834584335468956162e-01,6.430414678652944804e-01
1.640285596292787318e+02,-2.764599194156251372e+01,-1.063970398000557793e+01,-3.444599980723033195e-01,-6.885946697395229910e-01,6.381102495136291575e-01
1.646329441339655091e+02,-2.788463919433599614e+01,-1.057093518607517169e+01,-3.432791146150829809e-01,-6.936488047529049128e-01,6.332541236612290181e-01
1.652359561223432536e+02,-2.812043596092430420e+01,-1.050229031581577921e+01,-3.419747529194705482e-01,-6.986140033975508645e-01,6.284836852476870517e-01
1.658377730269484118e+02,-2.835342589133718505e+01,-1.043376845758949933e+01,-3.405467901247630769e-01,-7.034849377157551542e-01,6.238083248424797222e-01
1.664385369062828204e+02,-2.858363677491966826e+01,-1.036537203528882856e+01,-3.389948464423152008e-01,-7.082561135627408744e-01,6.192380573628795126e-01
1.670383184359919255e+02,-2.881106790378610683e+01,-1.029711164631941500e+01,-3.373159227952423067e-01,-7.129229811175554765e-01,6.147835320039499729e-01
1.676383405787923095e+02,-2.903614801225243625e+01,-1.022886747403370755e+01,-3.381377585093188198e-01,-7.165020824987718973e-01,6.101537691805376529e-01
1.682387879398704342e+02,-2.925890324159279032e+01,-1.016063945508204469e+01,-3.335695009384608278e-01,-7.219491858274049711e-01,6.062349058960669890e-01
1.688393643319228659e+02,-2.947918185402684088e+01,-1.009248441644772498e+01,-3.342967819402524188e-01,-7.252753269579724771e-01,6.018482879350885995e-01
1.694403038254312435e+02,-2.969702894117703096e+01,-1.002440175959800861e+01,-3.292935962361897007e-01,-7.305400387614642277e-01,5.982281999740864942e-01
1.700413766803925455e+02,-2.991232121832844371e+01,-9.956446794832395142e+00,-3.299298303988691394e-01,-7.336016362041575256e-01,5.941169467129818749e-01
1.706430575474343811e+02,-3.012518803915883225e+01,-9.888599287843568675e+00,-3.260071987555288597e-01,-7.381495842208435354e-01,5.906390587102827716e-01
1.706498092769737127e+02,-3.012756157451380545e+01,-9.887839085999072353e+00,-3.260136603622792451e-01,-7.381819264175013551e-01,5.905950700503136419e-01
1.709501447368125753e+02,-3.023280086735983829e+01,-9.854050901492779957e+00,-3.255095000867136434e-01,-7.398757880274369203e-01,5.887506973618605866e-01
1.712505997241160287e+02,-3.033740973179882516e+01,-9.820307668785179800e+00,-3.242241390998907291e-01,-7.418094869056084395e-01,5.870241841370530400e-01
1.718395233334956060e+02,-3.054048753422787144e+01,-9.754357277167624574e+00,-3.191823092079557056e-01,-7.463576570919007169e-01,5.840144700167675396e-01
1.724290383434600926e+02,-3.074113549453937111e+01,-9.688629172890774299e+00,-3.163569457071089275e-01,-7.500051492809215459e-01,5.808705182353224306e-01
1.730190789067723074e+02,-3.093929439728681885e+01,-9.623178434722532870e+00,-3.133996405779834737e-01,-7.535790614066647519e-01,5.778401712368576026e-01
1.736096431953151296e+02,-3.113492833320280795e+01,-9.558056441697630135e+00,-3.109483373192653000e-01,-7.568775520471197060e-01,5.748456338231542340e-01
1.739893359143427176e+02,-3.125926789845099307e+01,-9.516416198090560385e+00,-3.093408697841282251e-01,-7.589609060473782032e-01,5.729629738237382863e-01
1.742278876234252891e+02,-3.133680731148960774e+01,-9.490354014074227962e+00,-3.094970789386711774e-01,-7.598737113370438445e-01,5.716672991761003741e-01
1.745992434790294396e+02,-3.145661810424043381e+01,-9.449945021427154757e+00,-3.060215530144131391e-01,-7.624770837191214845e-01,5.700697377460327564e-01
1.748225263502560551e+02,-3.152812878847805322e+01,-9.425748506451910202e+00,-3.061607126616834873e-01,-7.633126560831162699e-01,5.688755637974163282e-01
1.752083028423498945e+02,-3.165074369744490212e+01,-9.384129872783390169e+00,-3.025844179017685986e-01,-7.659563761331162901e-01,5.672331971103877768e-01
1.754166043851816426e+02,-3.171645440252530790e+01,-9.361760328480560389e+00,-3.027088525759936699e-01,-7.667241181376742709e-01,5.661284988747086189e-01
1.758163326530475103e+02,-3.184157440535756223e+01,-9.319044796299248645e+00,-2.990401459101594273e-01,-7.694127329274416116e-01,5.644280623278362663e-01
1.760092926587270767e+02,-3.190151138363859928e+01,-9.298527843384135849e+00,-2.991515063503861205e-01,-7.701187660275419233e-01,5.634052382260135161e-01
1.765951921683008266e+02,-3.208165023713212349e+01,-9.236660968347102596e+00,-2.968990930152647922e-01,-7.730581770113760243e-01,5.605639870010925563e-01
1.771825452007108481e+02,-3.225942239580240312e+01,-9.175320237167774451e+00,-2.892236081683892124e-01,-7.776376010830359231e-01,5.582378219539404496e-01
1.777706694669036267e+02,-3.243458589316183094e+01,-9.114611516108768186e+00,-2.895434816371275644e-01,-7.798175389118446876e-01,5.550217817770073392e-01
1.783601730744150586e+02,-3.260728787052062216e+01,-9.054495411589861931e+00,-2.815801995636608157e-01,-7.844617120653875064e-01,5.525689219609893899e-01
1.789502315303427054e+02,-3.277725569535031980e+01,-8.995065460132348534e+00,-2.776879535911144781e-01,-7.879190503046169525e-01,5.496116543500960683e-01
1.795410096101446129e+02,-3.294451244303341753e+01,-8.936297466465736861e+00,-2.779962408440266319e-01,-7.902137254731289584e-01,5.461504903874648820e-01
1.801327469704084194e+02,-3.310910056253280942e+01,-8.878143390725384165e+00,-2.740748905566397498e-01,-7.937309657257817230e-01,5.430231195947221590e-01
1.807259717783512940e+02,-3.327113844596055969e+01,-8.820510213552294587e+00,-2.701454659291702698e-01,-7.972560348541978259e-01,5.398187122789221970e-01
1.813200336407478517e+02,-3.343042423650149431e+01,-8.763402659034174036e+00,-2.662230840340623073e-01,-8.007586123334846651e-01,5.365733074810417058e-01
1.819155732598937618e+02,-3.358710987570014339e+01,-8.706685999907008977e+00,-2.623218554245504985e-01,-8.042139057330062180e-01,5.333172020404784996e-01
1.825120822267056724e+02,-3.374104625127930035e+01,-8.650326965870419826e+00,-2.584534081301017028e-01,-8.075868297521346939e-01,5.300993758125280841e-01
1.831097214058088412e+02,-3.389226913792904838e+01,-8.594228954596548675e+00,-2.546240819347129203e-01,-8.108444299664494537e-01,5.269704804742750825e-01
1.837088102545031063e+02,-3.404085885450803772e+01,-8.538296525989913732e+00,-2.468555138746822974e-01,-8.149366407682197000e-01,5.243478109071076920e-01
1.843083236541489214e+02,-3.418657685962648429e+01,-8.482596225807579771e+00,-2.470429632656261365e-01,-8.169086287769579124e-01,5.211814142222348512e-01
1.849087404142396167e+02,-3.432957270265789163e+01,-8.427119984221292270e+00,-2.391885189904432163e-01,-8.206507784461796184e-01,5.189616095809378438e-01
1.855089810520415199e+02,-3.446964326511717758e+01,-8.372108171545782795e+00,-2.351075481917127008e-01,-8.233344564865717752e-01,5.165702406694011595e-01
1.861085951044429123e+02,-3.460676701072528516e+01,-8.317895819035403093e+00,-2.306965412596135301e-01,-8.260071854820476567e-01,5.142871137631949141e-01
1.867018647817120609e+02,-3.473978368576752729e+01,-8.265488684071915060e+00,-2.257725499698028382e-01,-8.288201122681075894e-01,5.119413806091618335e-01
1.872884016631254269e+02,-3.486881406139066542e+01,-8.215650017608052025e+00,-2.207992219439669779e-01,-8.318699533978659577e-01,5.091562473571066283e-01
1.877397282246720920e+02,-3.496651506106738339e+01,-8.179330665413582224e+00,-2.209530087563878198e-01,-8.337204487882692305e-01,5.060533382893415144e-01
1.882262758919092960e+02,-3.507039659678178367e+01,-8.143028551228010059e+00,-2.157432290648595430e-01,-8.374894771368072144e-01,5.020619830237943448e-01
