3.835625424694150132e-01,8.204803040163929362e-01,3.126866438026090766e-02,5.902002327583464637e-03,-7.838354204697898231e-01,1.230105244239922069e+00,-2.617954204062704071e-01,2.535505434521720679e-05
3.835625424694150132e-01,8.204937263482869891e-01,3.126866438026090766e-02,5.866014508512833528e-03,-7.838532256039348889e-01,1.230143623861283064e+00,-2.617866688043312684e-01,2.535505434521720679e-05
3.835625424694150132e-01,8.204803040163929362e-01,3.126866438026090766e-02,5.866014508512833528e-03,-7.838354204697898231e-01,1.230143623861283064e+00,-2.617866688043312684e-01,2.535505434521720679e-05
3.835625424694150132e-01,8.204803040163929362e-01,3.126866438026090766e-02,5.866014508512833528e-03,-7.838354204697898231e-01,1.230143623861283064e+00,-2.617866688043312684e-01,2.535505434521720679e-05
3.835625424694150132e-01,8.204803040163929362e-01,3.126866438026090766e-02,5.866014508512833528e-03,-7.838354204697898231e-01,1.230143623861283064e+00,-2.617866688043312684e-01,2.535505434521720679e-05
3.835625424694150132e-01,8.204803040163929362e-01,3.126866438026090766e-02,5.866014508512833528e-03,-7.838354204697898231e-01,1.230143623861283064e+00,-2.617866688043312684e-01,2.535505434521720679e-05
3.835625424694150132e-01,8.204803040163929362e-01,3.126866438026090766e-02,5.866014508512833528e-03,-7.838354204697898231e-01,1.230143623861283064e+00,-2.617866688043312684e-01,2.535505434521720679e-05
3.835625424694150132e-01,8.204803040163929362e-01,3.126866438026090766e-02,5.866014508512833528e-03,-7.838354204697898231e-01,1.230143623861283064e+00,-2.617866688043312684e-01,2.535505434521720679e-05
3.835625424694150132e-01,8.204803040163929362e-01,3.126866438026090766e-02,5.866014508512833528e-03,-7.838354204697898231e-01,1.230143623861283064e+00,-2.617866688043312684e-01,3.803258151782581357e-05
3.835625424694150132e-01,8.204803040163929362e-01,3.126866438026090766e-02,5.866014508512833528e-03,-7.838354204697898231e-01,1.230143623861283064e+00,-2.617866688043312684e-01,5.071010869043441358e-05
3.835625424694150132e-01,8.204803040163929362e-01,3.126866438026090766e-02,5.866014508512833528e-03,-7.838354204697898231e-01,1.230143623861283064e+00,-2.617866688043312684e-01,1.140977445534774407e-04
3.835625424694150132e-01,8.204803040163929362e-01,3.126866438026090766e-02,5.866014508512833528e-03,-7.838354204697898231e-01,1.230143623861283064e+00,-2.617866688043312684e-01,1.394527988986946543e-04
3.835625424694150132e-01,8.204803040163929362e-01,3.126866438026090766e-02,5.866014508512833528e-03,-7.838354204697898231e-01,1.230143623861283064e+00,-2.617866688043312684e-01,3.422932336604323357e-04
3.835625424694150132e-01,8.204803040163929362e-01,3.126866438026090766e-02,5.884008418048148649e-03,-7.838354204697898231e-01,1.230143623861283064e+00,-2.617866688043312684e-01,7.226190488386904443e-04
3.835625424694150132e-01,8.204803040163929362e-01,3.126866438026090766e-02,5.884008418048148649e-03,-7.838354204697898231e-01,1.230143623861283064e+00,-2.617866688043312684e-01,1.470593152022598143e-03
3.835625424694150132e-01,8.204803040163929362e-01,3.126866438026090766e-02,5.884008418048148649e-03,-7.838354204697898231e-01,1.230143623861283064e+00,-2.617866688043312684e-01,1.660756059611727224e-03
3.835625424694150132e-01,8.204803040163929362e-01,3.126866438026090766e-02,5.884008418048148649e-03,-7.838354204697898231e-01,1.230143623861283064e+00,-2.617866688043312684e-01,2.865121141009544306e-03
3.835625424694150132e-01,8.204803040163929362e-01,3.126866438026090766e-02,5.884008418048148649e-03,-7.838354204697898231e-01,1.230143623861283064e+00,-2.617866688043312684e-01,3.448287390949540503e-03
3.835625424694150132e-01,8.204803040163929362e-01,3.126866438026090766e-02,5.884008418048148649e-03,-7.838354204697898231e-01,1.230143623861283064e+00,-2.617866688043312684e-01,4.817460325591269195e-03
3.835625424694150132e-01,8.204803040163929362e-01,3.126866438026090766e-02,5.884008418048148649e-03,-7.838354204697898231e-01,1.230143623861283064e+00,-2.617866688043312684e-01,5.590789483120394039e-03
3.835625424694150132e-01,8.204803040163929362e-01,3.126866438026090766e-02,5.884008418048148649e-03,-7.838354204697898231e-01,1.230143623861283064e+00,-2.617866688043312684e-01,7.276900597077338301e-03
3.835625424694150132e-01,8.204803040163929362e-01,3.126866438026090766e-02,5.884008418048148649e-03,-7.838354204697898231e-01,1.230143623861283064e+00,-2.617866688043312684e-01,7.720614048118639924e-03
3.835625424694150132e-01,8.204803040163929362e-01,3.126866438026090766e-02,5.884008418048148649e-03,-7.838354204697898231e-01,1.230143623861283064e+00,-2.617866688043312684e-01,9.622243124009929871e-03
3.835625424694150132e-01,8.204803040163929362e-01,3.126866438026090766e-02,5.884008418048148649e-03,-7.838354204697898231e-01,1.230105244239922069e+00,-2.617866688043312684e-01,1.011666668374166557e-02
3.835625424694150132e-01,8.204803040163929362e-01,3.126866438026090766e-02,5.884008418048148649e-03,-7.838354204697898231e-01,1.230105244239922069e+00,-2.617866688043312684e-01,1.215774855853165096e-02
3.835625424694150132e-01,8.204803040163929362e-01,3.126866438026090766e-02,5.884008418048148649e-03,-7.838354204697898231e-01,1.230143623861283064e+00,-2.617866688043312684e-01,1.269020469978121221e-02
3.835625424694150132e-01,8.204803040163929362e-01,3.126866438026090766e-02,5.884008418048148649e-03,-7.838354204697898231e-01,1.230143623861283064e+00,-2.617866688043312684e-01,1.482002926477945896e-02
3.835625424694150132e-01,8.204803040163929362e-01,3.126866438026090766e-02,5.884008418048148649e-03,-7.838354204697898231e-01,1.230143623861283064e+00,-2.617866688043312684e-01,1.536516293320162874e-02
3.835625424694150132e-01,8.204803040163929362e-01,3.126866438026090766e-02,5.884008418048148649e-03,-7.838354204697898231e-01,1.230143623861283064e+00,-2.617866688043312684e-01,1.701324146564074657e-02
3.835625424694150132e-01,8.204803040163929362e-01,3.126866438026090766e-02,5.884008418048148649e-03,-7.838354204697898231e-01,1.230105244239922069e+00,-2.617866688043312684e-01,1.755837513406291808e-02
3.835625424694150132e-01,8.204803040163929362e-01,3.126866438026090766e-02,5.884008418048148649e-03,-7.838354204697898231e-01,1.230143623861283064e+00,-2.617866688043312684e-01,1.923180872084725296e-02
3.835625424694150132e-01,8.204803040163929362e-01,3.126866438026090766e-02,5.884008418048148649e-03,-7.838354204697898231e-01,1.230105244239922069e+00,-2.617866688043312684e-01,1.978961991644203125e-02
3.835625424694150132e-01,8.204803040163929362e-01,3.126866438026090766e-02,5.884008418048148649e-03,-7.838354204697898231e-01,1.230105244239922069e+00,-2.617866688043312684e-01,2.203354222599375467e-02
3.835625424694150132e-01,8.204803040163929362e-01,3.126866438026090766e-02,5.884008418048148649e-03,-7.838354204697898231e-01,1.230105244239922069e+00,-2.617866688043312684e-01,2.259135342158853296e-02
3.835625424694150132e-01,8.204803040163929362e-01,3.126866438026090766e-02,5.884008418048148649e-03,-7.838354204697898231e-01,1.230105244239922069e+00,-2.617866688043312684e-01,2.429014206271808488e-02
3.835625424694150132e-01,8.204803040163929362e-01,3.126866438026090766e-02,5.884008418048148649e-03,-7.838354204697898231e-01,1.230105244239922069e+00,-2.617866688043312684e-01,2.484795325831286317e-02
3.835625424694150132e-01,8.204803040163929362e-01,3.126866438026090766e-02,5.884008418048148649e-03,-7.838354204697898231e-01,1.230105244239922069e+00,-2.617866688043312684e-01,2.711723062220980363e-02
3.835625424694150132e-01,8.204803040163929362e-01,3.126866438026090766e-02,5.884008418048148649e-03,-7.838354204697898231e-01,1.230105244239922069e+00,-2.617866688043312684e-01,2.768771934497719217e-02
3.835625424694150132e-01,8.204803040163929362e-01,3.126866438026090766e-02,5.884008418048148649e-03,-7.838354204697898231e-01,1.230105244239922069e+00,-2.617866688043312684e-01,2.938650798610674408e-02
3.835625424694150132e-01,8.204803040163929362e-01,3.126866438026090766e-02,5.884008418048148649e-03,-7.838354204697898231e-01,1.230105244239922069e+00,-2.617866688043312684e-01,3.052748543164151770e-02
3.835625424694150132e-01,8.204803040163929362e-01,3.126866438026090766e-02,5.884008418048148649e-03,-7.838354204697898231e-01,1.230105244239922069e+00,-2.617866688043312684e-01,3.279676279553846163e-02
3.835625424694150132e-01,8.204803040163929362e-01,3.126866438026090766e-02,5.884008418048148649e-03,-7.838354204697898231e-01,1.230105244239922069e+00,-2.617866688043312684e-01,3.336725151830584324e-02
3.835625424694150132e-01,8.204803040163929362e-01,3.126866438026090766e-02,5.884008418048148649e-03,-7.838354204697898231e-01,1.230105244239922069e+00,-2.617866688043312684e-01,3.564920640937539742e-02
3.835625424694150132e-01,8.204803040163929362e-01,3.126866438026090766e-02,5.884008418048148649e-03,-7.838354204697898231e-01,1.230105244239922069e+00,-2.617866688043312684e-01,3.621969513214277903e-02
3.835625424694150132e-01,8.204803040163929362e-01,3.126866438026090766e-02,5.884008418048148649e-03,-7.838354204697898231e-01,1.230105244239922069e+00,-2.617866688043312684e-01,3.793116130044494466e-02
3.835625424694150132e-01,8.204803040163929362e-01,3.126866438026090766e-02,5.884008418048148649e-03,-7.838354204697898231e-01,1.230105244239922069e+00,-2.617866688043312684e-01,3.850165002321233321e-02
3.835625424694150132e-01,8.204803040163929362e-01,3.126866438026090766e-02,5.902002327583464637e-03,-7.838354204697898231e-01,1.230105244239922069e+00,-2.617866688043312684e-01,4.020043866434188512e-02
3.835625424694150132e-01,8.204803040163929362e-01,3.126866438026090766e-02,5.902002327583464637e-03,-7.838354204697898231e-01,1.230105244239922069e+00,-2.617866688043312684e-01,4.077092738710927367e-02
3.835625424694150132e-01,8.204803040163929362e-01,3.126866438026090766e-02,5.902002327583464637e-03,-7.838354204697898231e-01,1.230105244239922069e+00,-2.617866688043312684e-01,4.305288227817882091e-02
3.835625424694150132e-01,8.204803040163929362e-01,3.126866438026090766e-02,5.902002327583464637e-03,-7.838354204697898231e-01,1.230105244239922069e+00,-2.617866688043312684e-01,4.362337100094620945e-02
3.835625424694150132e-01,8.204803040163929362e-01,3.126866438026090766e-02,5.902002327583464637e-03,-7.838354204697898231e-01,1.230105244239922069e+00,-2.617866688043312684e-01,4.533483716924836815e-02
3.835625424694150132e-01,8.204803040163929362e-01,3.126866438026090766e-02,5.902002327583464637e-03,-7.838354204697898231e-01,1.230105244239922069e+00,-2.617866688043312684e-01,4.647581461478314524e-02
3.835625424694150132e-01,8.204803040163929362e-01,3.126866438026090766e-02,5.902002327583464637e-03,-7.838354204697898231e-01,1.230105244239922069e+00,-2.617866688043312684e-01,4.875776950585269248e-02
3.835625424694150132e-01,8.204803040163929362e-01,3.126866438026090766e-02,5.902002327583464637e-03,-7.838354204697898231e-01,1.230105244239922069e+00,-2.617866688043312684e-01,4.932825822862008103e-02
3.835625424694150132e-01,8.204803040163929362e-01,3.126866438026090766e-02,5.902002327583464637e-03,-7.838354204697898231e-01,1.230105244239922069e+00,-2.617866688043312684e-01,5.161021311968962827e-02
3.835625424694150132e-01,8.204803040163929362e-01,3.126866438026090766e-02,5.902002327583464637e-03,-7.838354204697898231e-01,1.230105244239922069e+00,-2.617866688043312684e-01,5.216802431528440309e-02
3.835625424694150132e-01,8.204668816844989943e-01,3.126866438026090766e-02,5.902002327583464637e-03,-7.838354204697898231e-01,1.230105244239922069e+00,-2.617866688043312684e-01,5.387949048358656873e-02
3.835625424694150132e-01,8.204668816844989943e-01,3.126866438026090766e-02,5.902002327583464637e-03,-7.838354204697898231e-01,1.230105244239922069e+00,-2.617866688043312684e-01,5.444997920635395727e-02
3.835625424694150132e-01,8.204668816844989943e-01,3.126866438026090766e-02,5.902002327583464637e-03,-7.838354204697898231e-01,1.230105244239922069e+00,-2.617866688043312684e-01,5.730242282019089306e-02
3.835625424694150132e-01,8.204668816844989943e-01,3.126866438026090766e-02,5.902002327583464637e-03,-7.838354204697898231e-01,1.230105244239922069e+00,-2.617866688043312684e-01,5.787291154295827467e-02
3.835625424694150132e-01,8.204668816844989943e-01,3.126866438026090766e-02,5.902002327583464637e-03,-7.838354204697898231e-01,1.230105244239922069e+00,-2.617866688043312684e-01,5.958437771126044030e-02
3.835625424694150132e-01,8.204668816844989943e-01,3.126866438026090766e-02,5.902002327583464637e-03,-7.838354204697898231e-01,1.230105244239922069e+00,-2.617866688043312684e-01,6.015486643402782885e-02
3.835625424694150132e-01,8.204668816844989943e-01,3.126866438026090766e-02,5.902002327583464637e-03,-7.838354204697898231e-01,1.230105244239922069e+00,-2.617866688043312684e-01,6.242414379792476931e-02
3.835625424694150132e-01,8.204668816844989943e-01,3.126866438026090766e-02,5.902002327583464637e-03,-7.838354204697898231e-01,1.230105244239922069e+00,-2.617866688043312684e-01,6.299463252069215091e-02
3.835625424694150132e-01,8.204668816844989943e-01,3.126866438026090766e-02,5.902002327583464637e-03,-7.838354204697898231e-01,1.230105244239922069e+00,-2.617866688043312684e-01,6.470609868899430961e-02
3.835625424694150132e-01,8.204668816844989943e-01,3.126866438026090766e-02,5.902002327583464637e-03,-7.838354204697898231e-01,1.230105244239922069e+00,-2.617866688043312684e-01,6.527658741176170509e-02
3.835625424694150132e-01,8.204668816844989943e-01,3.126866438026090766e-02,5.902002327583464637e-03,-7.838354204697898231e-01,1.230105244239922069e+00,-2.617866688043312684e-01,6.755854230283124540e-02
3.835625424694150132e-01,8.204668816844989943e-01,3.126866438026090766e-02,5.902002327583464637e-03,-7.838354204697898231e-01,1.230105244239922069e+00,-2.617866688043312684e-01,6.812903102559864088e-02
3.835625424694150132e-01,8.204668816844989943e-01,3.126866438026090766e-02,5.902002327583464637e-03,-7.838354204697898231e-01,1.230105244239922069e+00,-2.617866688043312684e-01,6.984049719390079958e-02
3.835625424694150132e-01,8.204668816844989943e-01,3.126866438026090766e-02,5.902002327583464637e-03,-7.838354204697898231e-01,1.230105244239922069e+00,-2.617866688043312684e-01,7.041098591666818118e-02
3.835625424694150132e-01,8.204668816844989943e-01,3.126866438026090766e-02,5.902002327583464637e-03,-7.838354204697898231e-01,1.230105244239922069e+00,-2.617866688043312684e-01,7.212245208497035376e-02
3.835625424694150132e-01,8.204668816844989943e-01,3.126866438026090766e-02,5.902002327583464637e-03,-7.838354204697898231e-01,1.230105244239922069e+00,-2.617866688043312684e-01,7.325075200333251713e-02
3.835625424694150132e-01,8.204668816844989943e-01,3.126866438026090766e-02,5.902002327583464637e-03,-7.838354204697898231e-01,1.230105244239922069e+00,-2.617866688043312684e-01,7.496221817163467582e-02
3.835625424694150132e-01,8.204668816844989943e-01,3.126866438026090766e-02,5.902002327583464637e-03,-7.838354204697898231e-01,1.230105244239922069e+00,-2.617866688043312684e-01,7.610319561716945291e-02
3.835625424694150132e-01,8.204668816844989943e-01,3.126866438026090766e-02,5.902002327583464637e-03,-7.838354204697898231e-01,1.230105244239922069e+00,-2.617866688043312684e-01,7.724417306270423000e-02
3.835625424694150132e-01,8.204668816844989943e-01,3.126866438026090766e-02,5.902002327583464637e-03,-7.838354204697898231e-01,1.230105244239922069e+00,-2.617866688043312684e-01,7.895563923100638870e-02
3.835625424694150132e-01,8.204668816844989943e-01,3.126866438026090766e-02,5.902002327583464637e-03,-7.838354204697898231e-01,1.230105244239922069e+00,-2.617866688043312684e-01,7.952612795377377031e-02
3.835625424694150132e-01,8.204668816844989943e-01,3.126866438026090766e-02,5.902002327583464637e-03,-7.838354204697898231e-01,1.230105244239922069e+00,-2.617866688043312684e-01,8.123759412207592900e-02
3.835625424694150132e-01,8.204668816844989943e-01,3.126866438026090766e-02,5.902002327583464637e-03,-7.838354204697898231e-01,1.230105244239922069e+00,-2.617866688043312684e-01,8.180808284484332449e-02
3.835625424694150132e-01,8.204668816844989943e-01,3.126866438026090766e-02,5.902002327583464637e-03,-7.838354204697898231e-01,1.230105244239922069e+00,-2.617866688043312684e-01,8.350687148597286946e-02
3.835625424694150132e-01,8.204668816844989943e-01,3.126866438026090766e-02,5.902002327583464637e-03,-7.838354204697898231e-01,1.230105244239922069e+00,-2.617866688043312684e-01,8.407736020874026495e-02
3.835625424694150132e-01,8.204668816844989943e-01,3.126866438026090766e-02,5.902002327583464637e-03,-7.838354204697898231e-01,1.230105244239922069e+00,-2.617866688043312684e-01,8.521833765427504204e-02
3.835625424694150132e-01,8.204668816844989943e-01,3.126866438026090766e-02,5.902002327583464637e-03,-7.838354204697898231e-01,1.230105244239922069e+00,-2.617866688043312684e-01,8.635931509980980525e-02
3.835625424694150132e-01,8.204668816844989943e-01,3.126866438026090766e-02,5.902002327583464637e-03,-7.838354204697898231e-01,1.230105244239922069e+00,-2.617866688043312684e-01,8.807078126811197782e-02
3.835625424694150132e-01,8.204668816844989943e-01,3.126866438026090766e-02,5.902002327583464637e-03,-7.838354204697898231e-01,1.230105244239922069e+00,-2.617866688043312684e-01,8.864126999087935943e-02
3.835625424694150132e-01,8.204668816844989943e-01,3.126866438026090766e-02,5.902002327583464637e-03,-7.838354204697898231e-01,1.230105244239922069e+00,-2.617866688043312684e-01,9.092322488194891361e-02
3.835625424694150132e-01,8.204668816844989943e-01,3.126866438026090766e-02,5.902002327583464637e-03,-7.838354204697898231e-01,1.230105244239922069e+00,-2.617866688043312684e-01,9.149371360471629522e-02
3.835625424694150132e-01,8.204668816844989943e-01,3.126866438026090766e-02,5.902002327583464637e-03,-7.838354204697898231e-01,1.230105244239922069e+00,-2.617866688043312684e-01,9.376299096861323568e-02
3.835625424694150132e-01,8.204668816844989943e-01,3.126866438026090766e-02,5.902002327583464637e-03,-7.838354204697898231e-01,1.230105244239922069e+00,-2.617866688043312684e-01,9.433347969138061728e-02
3.835625424694150132e-01,8.204668816844989943e-01,3.126866438026090766e-02,5.902002327583464637e-03,-7.838354204697898231e-01,1.230105244239922069e+00,-2.617866688043312684e-01,9.604494585968278986e-02
3.835625424694150132e-01,8.204668816844989943e-01,3.126866438026090766e-02,5.902002327583464637e-03,-7.838354204697898231e-01,1.230105244239922069e+00,-2.617866688043312684e-01,9.661543458245017146e-02
3.835625424694150132e-01,8.204668816844989943e-01,3.126866438026090766e-02,5.902002327583464637e-03,-7.838354204697898231e-01,1.230105244239922069e+00,-2.617866688043312684e-01,9.832690075075233016e-02
3.835625424694150132e-01,8.204668816844989943e-01,3.126866438026090766e-02,5.902002327583464637e-03,-7.838354204697898231e-01,1.230105244239922069e+00,-2.617866688043312684e-01,1.000383669190544889e-01
3.835625424694150132e-01,8.204668816844989943e-01,3.126866438026090766e-02,5.902002327583464637e-03,-7.838354204697898231e-01,1.230105244239922069e+00,-2.617866688043312684e-01,1.017371555601840477e-01
3.835625424694150132e-01,8.204668816844989943e-01,3.126866438026090766e-02,5.902002327583464637e-03,-7.838354204697898231e-01,1.230105244239922069e+00,-2.617866688043312684e-01,1.023076442829514293e-01
3.835625424694150132e-01,8.204668816844989943e-01,3.126866438026090766e-02,5.902002327583464637e-03,-7.838354204697898231e-01,1.230105244239922069e+00,-2.617866688043312684e-01,1.051600878967883651e-01
3.835625424694150132e-01,8.204668816844989943e-01,3.126866438026090766e-02,5.902002327583464637e-03,-7.838354204697898231e-01,1.230105244239922069e+00,-2.617866688043312684e-01,1.063010653423231422e-01
3.835625424694150132e-01,8.204668816844989943e-01,3.126866438026090766e-02,5.902002327583464637e-03,-7.838354204697898231e-01,1.230105244239922069e+00,-2.617866688043312684e-01,1.068715540650905377e-01
3.835625424694150132e-01,8.204668816844989943e-01,3.126866438026090766e-02,5.902002327583464637e-03,-7.838354204697898231e-01,1.230105244239922069e+00,-2.617866688043312684e-01,1.091535089561600780e-01
3.835625424694150132e-01,8.204668816844989943e-01,3.126866438026090766e-02,5.902002327583464637e-03,-7.838354204697898231e-01,1.230105244239922069e+00,-2.617866688043312684e-01,1.102944864016948551e-01
3.835625424694150132e-01,8.204668816844989943e-01,3.126866438026090766e-02,5.902002327583464637e-03,-7.838354204697898231e-01,1.230105244239922069e+00,-2.617866688043312684e-01,1.119932750428244139e-01
3.835625424694150132e-01,8.204668816844989943e-01,3.126866438026090766e-02,5.902002327583464637e-03,-7.838354204697898231e-01,1.230105244239922069e+00,-2.617866688043312684e-01,1.125637637655917955e-01
3.835625424694150132e-01,8.204668816844989943e-01,3.126866438026090766e-02,5.902002327583464637e-03,-7.838354204697898231e-01,1.230105244239922069e+00,-2.617866688043312684e-01,1.148457186566613497e-01
3.835625424694150132e-01,8.204668816844989943e-01,3.126866438026090766e-02,5.902002327583464637e-03,-7.838354204697898231e-01,1.230105244239922069e+00,-2.617866688043312684e-01,1.154162073794287313e-01
3.835625424694150132e-01,8.204668816844989943e-01,3.126866438026090766e-02,5.902002327583464637e-03,-7.838354204697898231e-01,1.230105244239922069e+00,-2.617866688043312684e-01,1.176981622704982855e-01
3.835625424694150132e-01,8.204668816844989943e-01,3.126866438026090766e-02,5.902002327583464637e-03,-7.838354204697898231e-01,1.230105244239922069e+00,-2.617866688043312684e-01,1.182686509932656671e-01
3.835625424694150132e-01,8.204668816844989943e-01,3.126866438026090766e-02,5.902002327583464637e-03,-7.838354204697898231e-01,1.230105244239922069e+00,-2.617866688043312684e-01,1.199801171615678258e-01
3.835625424694150132e-01,8.204668816844989943e-01,3.126866438026090766e-02,5.902002327583464637e-03,-7.838354204697898231e-01,1.230105244239922069e+00,-2.617954204062704071e-01,1.205506058843352213e-01
3.835625424694150132e-01,8.204668816844989943e-01,3.126866438026090766e-02,5.902002327583464637e-03,-7.838354204697898231e-01,1.230105244239922069e+00,-2.617954204062704071e-01,1.239608606937669250e-01
3.835625424694150132e-01,8.204668816844989943e-01,3.126866438026090766e-02,5.902002327583464637e-03,-7.838354204697898231e-01,1.230105244239922069e+00,-2.617954204062704071e-01,1.245313494165343204e-01
3.835625424694150132e-01,8.204668816844989943e-01,3.126866438026090766e-02,5.902002327583464637e-03,-7.838354204697898231e-01,1.230105244239922069e+00,-2.617954204062704071e-01,1.268006267804312470e-01
3.835625424694150132e-01,8.204668816844989943e-01,3.126866438026090766e-02,5.902002327583464637e-03,-7.838354204697898231e-01,1.230105244239922069e+00,-2.617954204062704071e-01,1.273711155031986564e-01
3.835625424694150132e-01,8.204668816844989943e-01,3.126866438026090766e-02,5.902002327583464637e-03,-7.838354204697898231e-01,1.230105244239922069e+00,-2.617954204062704071e-01,1.302235591170355922e-01
3.835625424694150132e-01,8.204668816844989943e-01,3.126866438026090766e-02,5.902002327583464637e-03,-7.838354204697898231e-01,1.230105244239922069e+00,-2.617954204062704071e-01,1.307940478398029738e-01
3.835625424694150132e-01,8.204668816844989943e-01,3.126866438026090766e-02,5.902002327583464637e-03,-7.838354204697898231e-01,1.230105244239922069e+00,-2.617954204062704071e-01,1.330760027308725280e-01
3.835625424694150132e-01,8.204668816844989943e-01,3.126866438026090766e-02,5.902002327583464637e-03,-7.838354204697898231e-01,1.230105244239922069e+00,-2.617954204062704071e-01,1.336464914536399096e-01
3.835625424694150132e-01,8.204668816844989943e-01,3.126866438026090766e-02,5.902002327583464637e-03,-7.838354204697898231e-01,1.230105244239922069e+00,-2.617954204062704071e-01,1.353579576219420544e-01
3.835625424694150132e-01,8.204668816844989943e-01,3.126866438026090766e-02,5.902002327583464637e-03,-7.838354204697898231e-01,1.230105244239922069e+00,-2.617954204062704071e-01,1.359284463447094637e-01
3.835747020732214185e-01,8.204668816844989943e-01,3.126866438026090766e-02,5.902002327583464637e-03,-7.838354204697898231e-01,1.230105244239922069e+00,-2.617954204062704071e-01,1.376272349858390087e-01
3.835747020732214185e-01,8.204668816844989943e-01,3.126866438026090766e-02,5.902002327583464637e-03,-7.838354204697898231e-01,1.230105244239922069e+00,-2.617954204062704071e-01,1.387682124313737719e-01
3.835747020732214185e-01,8.204668816844989943e-01,3.126866438026090766e-02,5.902002327583464637e-03,-7.838354204697898231e-01,1.230105244239922069e+00,-2.617954204062704071e-01,1.393513786813137811e-01
3.835747020732214185e-01,8.204668816844989943e-01,3.126866438026090766e-02,5.902002327583464637e-03,-7.838354204697898231e-01,1.230105244239922069e+00,-2.617954204062704071e-01,1.410501673224433261e-01
3.835747020732214185e-01,8.204668816844989943e-01,3.126866438026090766e-02,5.902002327583464637e-03,-7.838354204697898231e-01,1.230105244239922069e+00,-2.617954204062704071e-01,1.416206560452107077e-01
3.835747020732214185e-01,8.204668816844989943e-01,3.126866438026090766e-02,5.902002327583464637e-03,-7.838354204697898231e-01,1.230105244239922069e+00,-2.617954204062704071e-01,1.439026109362802619e-01
3.835747020732214185e-01,8.204668816844989943e-01,3.126866438026090766e-02,5.902002327583464637e-03,-7.838354204697898231e-01,1.230105244239922069e+00,-2.617954204062704071e-01,1.444730996590476435e-01
3.835747020732214185e-01,8.204668816844989943e-01,3.126866438026090766e-02,5.902002327583464637e-03,-7.838354204697898231e-01,1.230105244239922069e+00,-2.617954204062704071e-01,1.467550545501171977e-01
3.835747020732214185e-01,8.204668816844989943e-01,3.126866438026090766e-02,5.902002327583464637e-03,-7.838354204697898231e-01,1.230105244239922069e+00,-2.617954204062704071e-01,1.473128657457119794e-01
3.835747020732214185e-01,8.204668816844989943e-01,3.126866438026090766e-02,5.902002327583464637e-03,-7.838354204697898231e-01,1.230105244239922069e+00,-2.617954204062704071e-01,1.490243319140141520e-01
3.835747020732214185e-01,8.204668816844989943e-01,3.126866438026090766e-02,5.902002327583464637e-03,-7.838354204697898231e-01,1.230105244239922069e+00,-2.617954204062704071e-01,1.495948206367815336e-01
3.835747020732214185e-01,8.204534593526049413e-01,3.126866438026090766e-02,5.902002327583464637e-03,-7.838354204697898231e-01,1.230105244239922069e+00,-2.617954204062704071e-01,1.513189643322563060e-01
3.835747020732214185e-01,8.204534593526049413e-01,3.126866438026090766e-02,5.902002327583464637e-03,-7.838354204697898231e-01,1.230105244239922069e+00,-2.617954204062704071e-01,1.518767755278510878e-01
3.835747020732214185e-01,8.204534593526049413e-01,3.126866438026090766e-02,5.902002327583464637e-03,-7.838354204697898231e-01,1.230105244239922069e+00,-2.617954204062704071e-01,1.541587304189206142e-01
3.835747020732214185e-01,8.204534593526049413e-01,3.126866438026090766e-02,5.902002327583464637e-03,-7.838354204697898231e-01,1.230105244239922069e+00,-2.617954204062704071e-01,1.547292191416880236e-01
3.835747020732214185e-01,8.204534593526049413e-01,3.128093622656399203e-02,5.919996237118779758e-03,-7.838354204697898231e-01,1.230105244239922069e+00,-2.617954204062704071e-01,1.569984965055849502e-01
3.835747020732214185e-01,8.204534593526049413e-01,3.128093622656399203e-02,5.919996237118779758e-03,-7.838532256039348889e-01,1.230105244239922069e+00,-2.617954204062704071e-01,1.575689852283523318e-01
3.835747020732214185e-01,8.204534593526049413e-01,3.128093622656399203e-02,5.919996237118779758e-03,-7.838532256039348889e-01,1.230105244239922069e+00,-2.617954204062704071e-01,1.592804513966545044e-01
3.835747020732214185e-01,8.204534593526049413e-01,3.128093622656399203e-02,5.919996237118779758e-03,-7.838532256039348889e-01,1.230105244239922069e+00,-2.617954204062704071e-01,1.598509401194218860e-01
3.835747020732214185e-01,8.204534593526049413e-01,3.128093622656399203e-02,5.919996237118779758e-03,-7.838532256039348889e-01,1.230105244239922069e+00,-2.617954204062704071e-01,1.615624062877240585e-01
3.835747020732214185e-01,8.204534593526049413e-01,3.128093622656399203e-02,5.919996237118779758e-03,-7.838532256039348889e-01,1.230105244239922069e+00,-2.617954204062704071e-01,1.627033837332588218e-01
3.835747020732214185e-01,8.204534593526049413e-01,3.128093622656399203e-02,5.919996237118779758e-03,-7.838532256039348889e-01,1.230105244239922069e+00,-2.617954204062704071e-01,1.644148499015609943e-01
3.835747020732214185e-01,8.204534593526049413e-01,3.128093622656399203e-02,5.919996237118779758e-03,-7.838532256039348889e-01,1.230105244239922069e+00,-2.617954204062704071e-01,1.649853386243283759e-01
3.835747020732214185e-01,8.204534593526049413e-01,3.128093622656399203e-02,5.919996237118779758e-03,-7.838532256039348889e-01,1.230105244239922069e+00,-2.617954204062704071e-01,1.672546159882253025e-01
3.835747020732214185e-01,8.204534593526049413e-01,3.128093622656399203e-02,5.919996237118779758e-03,-7.838532256039348889e-01,1.230105244239922069e+00,-2.617954204062704071e-01,1.678251047109927119e-01
3.835747020732214185e-01,8.204534593526049413e-01,3.128093622656399203e-02,5.919996237118779758e-03,-7.838532256039348889e-01,1.230105244239922069e+00,-2.617954204062704071e-01,1.695365708792948567e-01
3.835747020732214185e-01,8.204534593526049413e-01,3.128093622656399203e-02,5.919996237118779758e-03,-7.838532256039348889e-01,1.230105244239922069e+00,-2.617954204062704071e-01,1.701070596020622383e-01
3.835747020732214185e-01,8.204534593526049413e-01,3.128093622656399203e-02,5.919996237118779758e-03,-7.838532256039348889e-01,1.230105244239922069e+00,-2.617954204062704071e-01,1.723890144931317925e-01
3.835747020732214185e-01,8.204534593526049413e-01,3.128093622656399203e-02,5.919996237118779758e-03,-7.838532256039348889e-01,1.230105244239922069e+00,-2.617954204062704071e-01,1.729595032158991741e-01
3.835747020732214185e-01,8.204534593526049413e-01,3.128093622656399203e-02,5.919996237118779758e-03,-7.838532256039348889e-01,1.230105244239922069e+00,-2.617954204062704071e-01,1.752414581069687283e-01
3.835747020732214185e-01,8.204534593526049413e-01,3.128093622656399203e-02,5.919996237118779758e-03,-7.838532256039348889e-01,1.230105244239922069e+00,-2.617954204062704071e-01,1.758119468297361099e-01
3.835747020732214185e-01,8.204534593526049413e-01,3.128093622656399203e-02,5.919996237118779758e-03,-7.838532256039348889e-01,1.230105244239922069e+00,-2.617954204062704071e-01,1.780812241936330642e-01
3.835747020732214185e-01,8.204534593526049413e-01,3.128093622656399203e-02,5.919996237118779758e-03,-7.838532256039348889e-01,1.230105244239922069e+00,-2.617954204062704071e-01,1.786517129164004458e-01
3.835747020732214185e-01,8.204534593526049413e-01,3.128093622656399203e-02,5.919996237118779758e-03,-7.838532256039348889e-01,1.230105244239922069e+00,-2.617954204062704071e-01,1.803631790847026184e-01
3.835747020732214185e-01,8.204534593526049413e-01,3.128093622656399203e-02,5.919996237118779758e-03,-7.838532256039348889e-01,1.230105244239922069e+00,-2.617954204062704071e-01,1.809336678074700000e-01
3.835747020732214185e-01,8.204534593526049413e-01,3.128093622656399203e-02,5.919996237118779758e-03,-7.838532256039348889e-01,1.230105244239922069e+00,-2.617954204062704071e-01,1.832156226985395542e-01
3.835747020732214185e-01,8.204534593526049413e-01,3.128093622656399203e-02,5.919996237118779758e-03,-7.838532256039348889e-01,1.230105244239922069e+00,-2.617954204062704071e-01,1.837861114213069358e-01
3.835747020732214185e-01,8.204534593526049413e-01,3.128093622656399203e-02,5.919996237118779758e-03,-7.838532256039348889e-01,1.230105244239922069e+00,-2.617954204062704071e-01,1.854849000624364808e-01
3.835747020732214185e-01,8.204534593526049413e-01,3.128093622656399203e-02,5.919996237118779758e-03,-7.838532256039348889e-01,1.230105244239922069e+00,-2.617954204062704071e-01,1.866258775079712717e-01
3.835747020732214185e-01,8.204534593526049413e-01,3.128093622656399203e-02,5.919996237118779758e-03,-7.838532256039348889e-01,1.230105244239922069e+00,-2.617954204062704071e-01,1.877668549535060349e-01
3.835747020732214185e-01,8.204534593526049413e-01,3.128093622656399203e-02,5.919996237118779758e-03,-7.838532256039348889e-01,1.230105244239922069e+00,-2.617954204062704071e-01,1.894783211218082075e-01
3.835747020732214185e-01,8.204534593526049413e-01,3.128093622656399203e-02,5.919996237118779758e-03,-7.838532256039348889e-01,1.230105244239922069e+00,-2.617954204062704071e-01,1.900488098445755891e-01
3.835747020732214185e-01,8.204534593526049413e-01,3.128093622656399203e-02,5.919996237118779758e-03,-7.838532256039348889e-01,1.230105244239922069e+00,-2.617954204062704071e-01,1.917602760128777339e-01
3.835747020732214185e-01,8.204534593526049413e-01,3.128093622656399203e-02,5.919996237118779758e-03,-7.838532256039348889e-01,1.230105244239922069e+00,-2.617954204062704071e-01,1.923307647356451433e-01
3.835747020732214185e-01,8.204534593526049413e-01,3.128093622656399203e-02,5.919996237118779758e-03,-7.838532256039348889e-01,1.230143623861283064e+00,-2.617954204062704071e-01,1.946127196267146697e-01
3.835747020732214185e-01,8.204534593526049413e-01,3.128093622656399203e-02,5.919996237118779758e-03,-7.838532256039348889e-01,1.230105244239922069e+00,-2.617954204062704071e-01,1.951832083494820791e-01
3.835747020732214185e-01,8.204534593526049413e-01,3.128093622656399203e-02,5.919996237118779758e-03,-7.838532256039348889e-01,1.230143623861283064e+00,-2.617954204062704071e-01,1.968819969906116241e-01
3.835747020732214185e-01,8.204534593526049413e-01,3.128093622656399203e-02,5.919996237118779758e-03,-7.838532256039348889e-01,1.230143623861283064e+00,-2.617954204062704071e-01,1.980229744361463873e-01
3.835747020732214185e-01,8.204534593526049413e-01,3.128093622656399203e-02,5.919996237118779758e-03,-7.838532256039348889e-01,1.230143623861283064e+00,-2.617954204062704071e-01,1.997344406044485599e-01
3.835747020732214185e-01,8.204534593526049413e-01,3.128093622656399203e-02,5.919996237118779758e-03,-7.838532256039348889e-01,1.230105244239922069e+00,-2.617954204062704071e-01,2.003049293272159415e-01
3.835747020732214185e-01,8.204534593526049413e-01,3.128093622656399203e-02,5.919996237118779758e-03,-7.838532256039348889e-01,1.230143623861283064e+00,-2.617954204062704071e-01,2.025868842182854956e-01
3.835747020732214185e-01,8.204534593526049413e-01,3.128093622656399203e-02,5.919996237118779758e-03,-7.838532256039348889e-01,1.230143623861283064e+00,-2.617954204062704071e-01,2.031573729410528772e-01
3.835747020732214185e-01,8.204534593526049413e-01,3.128093622656399203e-02,5.919996237118779758e-03,-7.838532256039348889e-01,1.230105244239922069e+00,-2.617954204062704071e-01,2.048688391093550498e-01
3.835747020732214185e-01,8.204534593526049413e-01,3.128093622656399203e-02,5.919996237118779758e-03,-7.838532256039348889e-01,1.230143623861283064e+00,-2.617954204062704071e-01,2.054266503049498316e-01
3.835747020732214185e-01,8.204534593526049413e-01,3.128093622656399203e-02,5.919996237118779758e-03,-7.838532256039348889e-01,1.230143623861283064e+00,-2.617954204062704071e-01,2.077086051960193580e-01
3.835747020732214185e-01,8.204534593526049413e-01,3.128093622656399203e-02,5.919996237118779758e-03,-7.838532256039348889e-01,1.230143623861283064e+00,-2.617954204062704071e-01,2.082790939187867674e-01
3.835747020732214185e-01,8.204534593526049413e-01,3.128093622656399203e-02,5.919996237118779758e-03,-7.838532256039348889e-01,1.230143623861283064e+00,-2.617954204062704071e-01,2.099905600870889122e-01
3.835747020732214185e-01,8.204534593526049413e-01,3.128093622656399203e-02,5.919996237118779758e-03,-7.838532256039348889e-01,1.230143623861283064e+00,-2.617954204062704071e-01,2.105610488098562938e-01
3.835747020732214185e-01,8.204534593526049413e-01,3.128093622656399203e-02,5.919996237118779758e-03,-7.838532256039348889e-01,1.230105244239922069e+00,-2.617954204062704071e-01,2.128430037009258480e-01
3.835747020732214185e-01,8.204534593526049413e-01,3.128093622656399203e-02,5.919996237118779758e-03,-7.838532256039348889e-01,1.230143623861283064e+00,-2.617954204062704071e-01,2.134134924236932296e-01
3.835747020732214185e-01,8.204534593526049413e-01,3.128093622656399203e-02,5.919996237118779758e-03,-7.838532256039348889e-01,1.230143623861283064e+00,-2.617954204062704071e-01,2.145544698692280206e-01
3.835747020732214185e-01,8.204534593526049413e-01,3.128093622656399203e-02,5.919996237118779758e-03,-7.838532256039348889e-01,1.230143623861283064e+00,-2.617954204062704071e-01,2.168237472331249471e-01
3.835747020732214185e-01,8.204534593526049413e-01,3.128093622656399203e-02,5.919996237118779758e-03,-7.838532256039348889e-01,1.230143623861283064e+00,-2.617954204062704071e-01,2.173942359558923287e-01
3.835747020732214185e-01,8.204534593526049413e-01,3.128093622656399203e-02,5.919996237118779758e-03,-7.838532256039348889e-01,1.230143623861283064e+00,-2.617954204062704071e-01,2.196761908469618829e-01
3.835747020732214185e-01,8.204534593526049413e-01,3.128093622656399203e-02,5.919996237118779758e-03,-7.838532256039348889e-01,1.230143623861283064e+00,-2.617954204062704071e-01,2.208171682924966739e-01
3.835747020732214185e-01,8.204534593526049413e-01,3.128093622656399203e-02,5.919996237118779758e-03,-7.838532256039348889e-01,1.230143623861283064e+00,-2.617954204062704071e-01,2.230991231835662003e-01
3.835747020732214185e-01,8.204534593526049413e-01,3.128093622656399203e-02,5.919996237118779758e-03,-7.838532256039348889e-01,1.230143623861283064e+00,-2.617954204062704071e-01,2.236696119063336097e-01
3.835747020732214185e-01,8.204534593526049413e-01,3.128093622656399203e-02,5.919996237118779758e-03,-7.838532256039348889e-01,1.230143623861283064e+00,-2.617954204062704071e-01,2.259388892702305363e-01
3.835747020732214185e-01,8.204534593526049413e-01,3.128093622656399203e-02,5.919996237118779758e-03,-7.838532256039348889e-01,1.230143623861283064e+00,-2.617954204062704071e-01,2.265093779929979179e-01
3.835747020732214185e-01,8.204534593526049413e-01,3.128093622656399203e-02,5.919996237118779758e-03,-7.838532256039348889e-01,1.230143623861283064e+00,-2.617954204062704071e-01,2.282208441613000904e-01
3.835747020732214185e-01,8.204534593526049413e-01,3.128093622656399203e-02,5.919996237118779758e-03,-7.838532256039348889e-01,1.230143623861283064e+00,-2.617954204062704071e-01,2.287913328840674720e-01
3.835747020732214185e-01,8.204534593526049413e-01,3.128093622656399203e-02,5.919996237118779758e-03,-7.838532256039348889e-01,1.230143623861283064e+00,-2.617954204062704071e-01,2.299323103296022630e-01
3.835747020732214185e-01,8.204534593526049413e-01,3.128093622656399203e-02,5.919996237118779758e-03,-7.838532256039348889e-01,1.230143623861283064e+00,-2.617954204062704071e-01,2.316437764979044078e-01
3.835747020732214185e-01,8.204534593526049413e-01,3.128093622656399203e-02,5.919996237118779758e-03,-7.838532256039348889e-01,1.230143623861283064e+00,-2.617954204062704071e-01,2.327847539434391988e-01
3.835747020732214185e-01,8.204534593526049413e-01,3.128093622656399203e-02,5.919996237118779758e-03,-7.838532256039348889e-01,1.230143623861283064e+00,-2.617954204062704071e-01,2.344962201117413436e-01
3.835747020732214185e-01,8.204534593526049413e-01,3.128093622656399203e-02,5.919996237118779758e-03,-7.838532256039348889e-01,1.230143623861283064e+00,-2.617954204062704071e-01,2.356245200301035070e-01
3.835747020732214185e-01,8.204534593526049413e-01,3.128093622656399203e-02,5.919996237118779758e-03,-7.838532256039348889e-01,1.230143623861283064e+00,-2.617954204062704071e-01,2.373359861984056796e-01
3.835747020732214185e-01,8.204534593526049413e-01,3.128093622656399203e-02,5.919996237118779758e-03,-7.838532256039348889e-01,1.230143623861283064e+00,-2.617954204062704071e-01,2.379064749211730612e-01
3.835747020732214185e-01,8.204534593526049413e-01,3.128093622656399203e-02,5.919996237118779758e-03,-7.838532256039348889e-01,1.230143623861283064e+00,-2.617954204062704071e-01,2.396179410894752337e-01
3.835747020732214185e-01,8.204534593526049413e-01,3.128093622656399203e-02,5.919996237118779758e-03,-7.838532256039348889e-01,1.230143623861283064e+00,-2.617954204062704071e-01,2.401884298122426153e-01
3.835747020732214185e-01,8.204534593526049413e-01,3.128093622656399203e-02,5.919996237118779758e-03,-7.838532256039348889e-01,1.230143623861283064e+00,-2.617954204062704071e-01,2.418998959805447602e-01
3.835747020732214185e-01,8.204534593526049413e-01,3.128093622656399203e-02,5.919996237118779758e-03,-7.838532256039348889e-01,1.230143623861283064e+00,-2.617954204062704071e-01,2.436113621488469327e-01
3.835747020732214185e-01,8.204400370207109994e-01,3.128093622656399203e-02,5.919996237118779758e-03,-7.838532256039348889e-01,1.230143623861283064e+00,-2.617954204062704071e-01,2.441818508716143143e-01
3.835747020732214185e-01,8.204400370207109994e-01,3.128093622656399203e-02,5.919996237118779758e-03,-7.838532256039348889e-01,1.230143623861283064e+00,-2.617954204062704071e-01,2.458806395127438871e-01
3.835747020732214185e-01,8.204400370207109994e-01,3.128093622656399203e-02,5.919996237118779758e-03,-7.838532256039348889e-01,1.230143623861283064e+00,-2.617954204062704071e-01,2.470216169582786503e-01
3.835747020732214185e-01,8.204400370207109994e-01,3.128093622656399203e-02,5.919996237118779758e-03,-7.838532256039348889e-01,1.230143623861283064e+00,-2.617954204062704071e-01,2.487330831265808229e-01
3.835747020732214185e-01,8.204400370207109994e-01,3.128093622656399203e-02,5.919996237118779758e-03,-7.838532256039348889e-01,1.230143623861283064e+00,-2.617954204062704071e-01,2.493035718493482045e-01
3.835747020732214185e-01,8.204400370207109994e-01,3.128093622656399203e-02,5.919996237118779758e-03,-7.838532256039348889e-01,1.230143623861283064e+00,-2.617954204062704071e-01,2.515855267404177309e-01
3.835747020732214185e-01,8.204400370207109994e-01,3.128093622656399203e-02,5.919996237118779758e-03,-7.838532256039348889e-01,1.230143623861283064e+00,-2.617954204062704071e-01,2.521560154631851125e-01
3.835747020732214185e-01,8.204400370207109994e-01,3.128093622656399203e-02,5.919996237118779758e-03,-7.838532256039348889e-01,1.230143623861283064e+00,-2.617954204062704071e-01,2.544379703542546944e-01
3.835747020732214185e-01,8.204400370207109994e-01,3.128093622656399203e-02,5.919996237118779758e-03,-7.838532256039348889e-01,1.230143623861283064e+00,-2.617954204062704071e-01,2.550084590770220760e-01
3.835747020732214185e-01,8.204400370207109994e-01,3.128093622656399203e-02,5.919996237118779758e-03,-7.838532256039348889e-01,1.230143623861283064e+00,-2.617954204062704071e-01,2.567072477181516210e-01
3.835747020732214185e-01,8.204400370207109994e-01,3.128093622656399203e-02,5.919996237118779758e-03,-7.838532256039348889e-01,1.230143623861283064e+00,-2.617954204062704071e-01,2.595596913319885846e-01
3.835747020732214185e-01,8.204400370207109994e-01,3.128093622656399203e-02,5.919996237118779758e-03,-7.838532256039348889e-01,1.230143623861283064e+00,-2.617954204062704071e-01,2.601301800547559662e-01
3.835747020732214185e-01,8.204400370207109994e-01,3.128093622656399203e-02,5.919996237118779758e-03,-7.838532256039348889e-01,1.230143623861283064e+00,-2.617954204062704071e-01,2.618289686958855111e-01
3.835747020732214185e-01,8.204400370207109994e-01,3.128093622656399203e-02,5.919996237118779758e-03,-7.838532256039348889e-01,1.230143623861283064e+00,-2.617954204062704071e-01,2.629826236685928742e-01
3.835747020732214185e-01,8.204400370207109994e-01,3.128093622656399203e-02,5.919996237118779758e-03,-7.838532256039348889e-01,1.230143623861283064e+00,-2.617954204062704071e-01,2.646940898368950190e-01
3.835747020732214185e-01,8.204400370207109994e-01,3.128093622656399203e-02,5.919996237118779758e-03,-7.838532256039348889e-01,1.230143623861283064e+00,-2.617954204062704071e-01,2.652519010324898008e-01
3.835747020732214185e-01,8.204400370207109994e-01,3.128093622656399203e-02,5.919996237118779758e-03,-7.838532256039348889e-01,1.230143623861283064e+00,-2.617954204062704071e-01,2.675338559235593827e-01
3.835747020732214185e-01,8.204400370207109994e-01,3.128093622656399203e-02,5.919996237118779758e-03,-7.838532256039348889e-01,1.230143623861283064e+00,-2.617954204062704071e-01,2.681043446463267643e-01
3.835747020732214185e-01,8.204400370207109994e-01,3.128093622656399203e-02,5.919996237118779758e-03,-7.838532256039348889e-01,1.230143623861283064e+00,-2.617954204062704071e-01,2.698158108146289091e-01
3.835747020732214185e-01,8.204400370207109994e-01,3.128093622656399203e-02,5.919996237118779758e-03,-7.838532256039348889e-01,1.230143623861283064e+00,-2.617954204062704071e-01,2.703862995373962907e-01
3.835747020732214185e-01,8.204400370207109994e-01,3.128093622656399203e-02,5.919996237118779758e-03,-7.838532256039348889e-01,1.230143623861283064e+00,-2.617954204062704071e-01,2.726555769012932728e-01
3.835747020732214185e-01,8.204400370207109994e-01,3.128093622656399203e-02,5.919996237118779758e-03,-7.838532256039348889e-01,1.230143623861283064e+00,-2.617954204062704071e-01,2.732260656240606544e-01
3.835747020732214185e-01,8.204400370207109994e-01,3.128093622656399203e-02,5.919996237118779758e-03,-7.838532256039348889e-01,1.230143623861283064e+00,-2.617954204062704071e-01,2.749502093195353991e-01
3.835747020732214185e-01,8.204400370207109994e-01,3.128093622656399203e-02,5.919996237118779758e-03,-7.838532256039348889e-01,1.230143623861283064e+00,-2.617954204062704071e-01,2.760785092378975625e-01
3.835747020732214185e-01,8.204400370207109994e-01,3.128093622656399203e-02,5.919996237118779758e-03,-7.838710307380800657e-01,1.230143623861283064e+00,-2.617954204062704071e-01,2.777899754061997073e-01
3.835747020732214185e-01,8.204400370207109994e-01,3.128093622656399203e-02,5.919996237118779758e-03,-7.838710307380800657e-01,1.230143623861283064e+00,-2.617954204062704071e-01,2.783604641289671444e-01
3.835747020732214185e-01,8.204400370207109994e-01,3.128093622656399203e-02,5.919996237118779758e-03,-7.838710307380800657e-01,1.230143623861283064e+00,-2.617954204062704071e-01,2.800719302972692892e-01
3.835868616770278794e-01,8.204400370207109994e-01,3.128093622656399203e-02,5.919996237118779758e-03,-7.838710307380800657e-01,1.230143623861283064e+00,-2.617954204062704071e-01,2.812002302156314526e-01
3.835868616770278794e-01,8.204400370207109994e-01,3.128093622656399203e-02,5.919996237118779758e-03,-7.838710307380800657e-01,1.230143623861283064e+00,-2.617954204062704071e-01,2.834821851067009790e-01
3.835868616770278794e-01,8.204400370207109994e-01,3.128093622656399203e-02,5.919996237118779758e-03,-7.838710307380800657e-01,1.230143623861283064e+00,-2.617954204062704071e-01,2.840526738294683606e-01
3.835868616770278794e-01,8.204400370207109994e-01,3.128093622656399203e-02,5.919996237118779758e-03,-7.838710307380800657e-01,1.230143623861283064e+00,-2.617954204062704071e-01,2.851936512750031794e-01
3.835868616770278794e-01,8.204400370207109994e-01,3.128093622656399203e-02,5.919996237118779758e-03,-7.838710307380800657e-01,1.230143623861283064e+00,-2.617954204062704071e-01,2.869051174433053242e-01
3.835868616770278794e-01,8.204400370207109994e-01,3.128093622656399203e-02,5.919996237118779758e-03,-7.838710307380800657e-01,1.230143623861283064e+00,-2.617954204062704071e-01,2.874756061660727058e-01
3.835868616770278794e-01,8.204400370207109994e-01,3.128093622656399203e-02,5.919996237118779758e-03,-7.838710307380800657e-01,1.230143623861283064e+00,-2.617954204062704071e-01,2.891870723343748506e-01
3.835868616770278794e-01,8.204400370207109994e-01,3.128093622656399203e-02,5.919996237118779758e-03,-7.838710307380800657e-01,1.230143623861283064e+00,-2.617954204062704071e-01,2.897575610571422322e-01
3.835868616770278794e-01,8.204400370207109994e-01,3.128093622656399203e-02,5.919996237118779758e-03,-7.838710307380800657e-01,1.230143623861283064e+00,-2.617954204062704071e-01,2.914563496982718327e-01
3.835868616770278794e-01,8.204400370207109994e-01,3.128093622656399203e-02,5.919996237118779758e-03,-7.838710307380800657e-01,1.230143623861283064e+00,-2.617954204062704071e-01,2.925973271438065959e-01
3.835868616770278794e-01,8.204400370207109994e-01,3.128093622656399203e-02,5.919996237118779758e-03,-7.838710307380800657e-01,1.230143623861283064e+00,-2.617954204062704071e-01,2.943087933121087407e-01
3.835868616770278794e-01,8.204400370207109994e-01,3.128093622656399203e-02,5.919996237118779758e-03,-7.838710307380800657e-01,1.230143623861283064e+00,-2.617954204062704071e-01,2.954497707576435039e-01
3.835868616770278794e-01,8.204400370207109994e-01,3.128093622656399203e-02,5.919996237118779758e-03,-7.838710307380800657e-01,1.230143623861283064e+00,-2.617954204062704071e-01,2.977317256487130859e-01
3.835868616770278794e-01,8.204400370207109994e-01,3.128093622656399203e-02,5.919996237118779758e-03,-7.838710307380800657e-01,1.230143623861283064e+00,-2.617954204062704071e-01,2.988727030942478491e-01
3.835868616770278794e-01,8.204400370207109994e-01,3.128093622656399203e-02,5.919996237118779758e-03,-7.838710307380800657e-01,1.230143623861283064e+00,-2.617954204062704071e-01,3.000136805397826123e-01
3.835868616770278794e-01,8.204400370207109994e-01,3.128093622656399203e-02,5.919996237118779758e-03,-7.838710307380800657e-01,1.230143623861283064e+00,-2.617954204062704071e-01,3.017124691809121573e-01
3.835868616770278794e-01,8.204400370207109994e-01,3.128093622656399203e-02,5.919996237118779758e-03,-7.838710307380800657e-01,1.230143623861283064e+00,-2.617954204062704071e-01,3.022829579036795389e-01
3.835868616770278794e-01,8.204400370207109994e-01,3.128093622656399203e-02,5.919996237118779758e-03,-7.838710307380800657e-01,1.230143623861283064e+00,-2.617954204062704071e-01,3.045649127947491208e-01
3.835868616770278794e-01,8.204400370207109994e-01,3.128093622656399203e-02,5.919996237118779758e-03,-7.838710307380800657e-01,1.230143623861283064e+00,-2.617954204062704071e-01,3.051354015175165024e-01
3.835868616770278794e-01,8.204400370207109994e-01,3.128093622656399203e-02,5.919996237118779758e-03,-7.838710307380800657e-01,1.230143623861283064e+00,-2.617954204062704071e-01,3.074173564085860288e-01
3.835868616770278794e-01,8.204400370207109994e-01,3.128093622656399203e-02,5.919996237118779758e-03,-7.838710307380800657e-01,1.230143623861283064e+00,-2.617954204062704071e-01,3.085583338541207921e-01
3.835868616770278794e-01,8.204400370207109994e-01,3.128093622656399203e-02,5.919996237118779758e-03,-7.838710307380800657e-01,1.230143623861283064e+00,-2.617954204062704071e-01,3.102698000224229924e-01
3.835868616770278794e-01,8.204400370207109994e-01,3.128093622656399203e-02,5.919996237118779758e-03,-7.838710307380800657e-01,1.230143623861283064e+00,-2.617954204062704071e-01,3.108402887451903740e-01
3.835868616770278794e-01,8.204400370207109994e-01,3.128093622656399203e-02,5.919996237118779758e-03,-7.838710307380800657e-01,1.230143623861283064e+00,-2.617954204062704071e-01,3.131095661090873006e-01
3.835868616770278794e-01,8.204400370207109994e-01,3.128093622656399203e-02,5.919996237118779758e-03,-7.838710307380800657e-01,1.230143623861283064e+00,-2.617954204062704071e-01,3.136800548318546822e-01
3.835868616770278794e-01,8.204400370207109994e-01,3.128093622656399203e-02,5.919996237118779758e-03,-7.838710307380800657e-01,1.230143623861283064e+00,-2.617954204062704071e-01,3.153915210001568270e-01
3.835868616770278794e-01,8.204400370207109994e-01,3.128093622656399203e-02,5.919996237118779758e-03,-7.838710307380800657e-01,1.230143623861283064e+00,-2.617954204062704071e-01,3.159620097229242641e-01
3.835868616770278794e-01,8.204400370207109994e-01,3.128093622656399203e-02,5.919996237118779758e-03,-7.838710307380800657e-01,1.230143623861283064e+00,-2.617954204062704071e-01,3.182439646139937905e-01
3.835868616770278794e-01,8.204400370207109994e-01,3.128093622656399203e-02,5.919996237118779758e-03,-7.838710307380800657e-01,1.230143623861283064e+00,-2.617954204062704071e-01,3.188144533367611722e-01
3.835868616770278794e-01,8.204400370207109994e-01,3.128093622656399203e-02,5.919996237118779758e-03,-7.838710307380800657e-01,1.230143623861283064e+00,-2.617954204062704071e-01,3.205132419778907171e-01
3.835868616770278794e-01,8.204400370207109994e-01,3.128093622656399203e-02,5.919996237118779758e-03,-7.838710307380800657e-01,1.230143623861283064e+00,-2.617954204062704071e-01,3.216542194234254803e-01
3.835868616770278794e-01,8.204400370207109994e-01,3.128093622656399203e-02,5.919996237118779758e-03,-7.838710307380800657e-01,1.230143623861283064e+00,-2.617954204062704071e-01,3.222247081461928619e-01
3.835868616770278794e-01,8.204400370207109994e-01,3.128093622656399203e-02,5.919996237118779758e-03,-7.838710307380800657e-01,1.230143623861283064e+00,-2.617954204062704071e-01,3.245066630372624439e-01
3.835868616770278794e-01,8.204400370207109994e-01,3.128093622656399203e-02,5.919996237118779758e-03,-7.838710307380800657e-01,1.230143623861283064e+00,-2.617954204062704071e-01,3.250771517600298255e-01
3.835868616770278794e-01,8.204400370207109994e-01,3.128093622656399203e-02,5.919996237118779758e-03,-7.838710307380800657e-01,1.230143623861283064e+00,-2.617954204062704071e-01,3.262181292055645887e-01
3.835868616770278794e-01,8.204400370207109994e-01,3.128093622656399203e-02,5.919996237118779758e-03,-7.838710307380800657e-01,1.230143623861283064e+00,-2.617954204062704071e-01,3.267886179283319703e-01
3.835868616770278794e-01,8.204400370207109994e-01,3.128093622656399203e-02,5.919996237118779758e-03,-7.838710307380800657e-01,1.230143623861283064e+00,-2.617954204062704071e-01,3.290705728194015522e-01
3.835868616770278794e-01,8.204400370207109994e-01,3.128093622656399203e-02,5.919996237118779758e-03,-7.838710307380800657e-01,1.230143623861283064e+00,-2.617954204062704071e-01,3.296283840149963340e-01
3.835868616770278794e-01,8.204400370207109994e-01,3.128093622656399203e-02,5.919996237118779758e-03,-7.838710307380800657e-01,1.230143623861283064e+00,-2.617954204062704071e-01,3.319103389060658604e-01
3.835868616770278794e-01,8.204400370207109994e-01,3.128093622656399203e-02,5.919996237118779758e-03,-7.838710307380800657e-01,1.230143623861283064e+00,-2.617954204062704071e-01,3.324808276288332420e-01
3.835868616770278794e-01,8.204400370207109994e-01,3.128093622656399203e-02,5.919996237118779758e-03,-7.838710307380800657e-01,1.230143623861283064e+00,-2.617954204062704071e-01,3.347627825199028240e-01
3.835868616770278794e-01,8.204400370207109994e-01,3.128093622656399203e-02,5.919996237118779758e-03,-7.838710307380800657e-01,1.230143623861283064e+00,-2.617954204062704071e-01,3.353332712426702056e-01
3.835868616770278794e-01,8.204400370207109994e-01,3.128093622656399203e-02,5.919996237118779758e-03,-7.838710307380800657e-01,1.230143623861283064e+00,-2.617954204062704071e-01,3.376152261337397320e-01
3.835868616770278794e-01,8.204400370207109994e-01,3.128093622656399203e-02,5.919996237118779758e-03,-7.838710307380800657e-01,1.230143623861283064e+00,-2.617954204062704071e-01,3.381857148565071136e-01
3.835868616770278794e-01,8.204400370207109994e-01,3.128093622656399203e-02,5.919996237118779758e-03,-7.838710307380800657e-01,1.230143623861283064e+00,-2.617954204062704071e-01,3.404549922204040402e-01
3.835868616770278794e-01,8.204400370207109994e-01,3.128093622656399203e-02,5.919996237118779758e-03,-7.838710307380800657e-01,1.230143623861283064e+00,-2.617954204062704071e-01,3.410254809431714218e-01
3.835868616770278794e-01,8.204400370207109994e-01,3.128093622656399203e-02,5.919996237118779758e-03,-7.838710307380800657e-01,1.230143623861283064e+00,-2.617954204062704071e-01,3.433074358342410037e-01
3.835868616770278794e-01,8.204400370207109994e-01,3.128093622656399203e-02,5.919996237118779758e-03,-7.838710307380800657e-01,1.230143623861283064e+00,-2.617954204062704071e-01,3.438779245570083853e-01
3.835868616770278794e-01,8.204400370207109994e-01,3.128093622656399203e-02,5.919996237118779758e-03,-7.838710307380800657e-01,1.230143623861283064e+00,-2.617954204062704071e-01,3.461598794480779118e-01
3.835868616770278794e-01,8.204400370207109994e-01,3.128093622656399203e-02,5.919996237118779758e-03,-7.838710307380800657e-01,1.230143623861283064e+00,-2.617954204062704071e-01,3.467303681708452934e-01
3.835868616770278794e-01,8.204400370207109994e-01,3.128093622656399203e-02,5.919996237118779758e-03,-7.838710307380800657e-01,1.230143623861283064e+00,-2.617954204062704071e-01,3.490123230619148753e-01
3.835868616770278794e-01,8.204400370207109994e-01,3.128093622656399203e-02,5.919996237118779758e-03,-7.838710307380800657e-01,1.230143623861283064e+00,-2.617954204062704071e-01,3.495701342575096571e-01
3.835868616770278794e-01,8.204400370207109994e-01,3.128093622656399203e-02,5.919996237118779758e-03,-7.838710307380800657e-01,1.230143623861283064e+00,-2.617954204062704071e-01,3.512816004258118019e-01
3.835868616770278794e-01,8.204400370207109994e-01,3.128093622656399203e-02,5.919996237118779758e-03,-7.838710307380800657e-01,1.230143623861283064e+00,-2.617954204062704071e-01,3.518520891485791835e-01
3.835868616770278794e-01,8.204400370207109994e-01,3.128093622656399203e-02,5.919996237118779758e-03,-7.838710307380800657e-01,1.230143623861283064e+00,-2.617954204062704071e-01,3.541340440396487654e-01
3.835868616770278794e-01,8.204400370207109994e-01,3.128093622656399203e-02,5.919996237118779758e-03,-7.838710307380800657e-01,1.230143623861283064e+00,-2.617954204062704071e-01,3.547045327624161470e-01
3.835868616770278794e-01,8.204400370207109994e-01,3.128093622656399203e-02,5.919996237118779758e-03,-7.838710307380800657e-01,1.230143623861283064e+00,-2.617954204062704071e-01,3.564159989307182919e-01
3.835868616770278794e-01,8.204400370207109994e-01,3.128093622656399203e-02,5.919996237118779758e-03,-7.838710307380800657e-01,1.230143623861283064e+00,-2.617954204062704071e-01,3.575569763762530551e-01
3.835868616770278794e-01,8.204400370207109994e-01,3.128093622656399203e-02,5.919996237118779758e-03,-7.838710307380800657e-01,1.230143623861283064e+00,-2.617954204062704071e-01,3.592684425445552554e-01
3.835747020732214185e-01,8.204400370207109994e-01,3.128093622656399203e-02,5.919996237118779758e-03,-7.838710307380800657e-01,1.230143623861283064e+00,-2.617954204062704071e-01,3.598262537401499817e-01
3.835868616770278794e-01,8.204400370207109994e-01,3.128093622656399203e-02,5.919996237118779758e-03,-7.838710307380800657e-01,1.230143623861283064e+00,-2.617954204062704071e-01,3.615377199084521820e-01
3.835868616770278794e-01,8.204400370207109994e-01,3.128093622656399203e-02,5.919996237118779758e-03,-7.838710307380800657e-01,1.230143623861283064e+00,-2.617954204062704071e-01,3.621082086312195636e-01
3.835868616770278794e-01,8.204400370207109994e-01,3.128093622656399203e-02,5.919996237118779758e-03,-7.838710307380800657e-01,1.230143623861283064e+00,-2.617954204062704071e-01,3.638196747995217084e-01
3.835868616770278794e-01,8.204400370207109994e-01,3.128093622656399203e-02,5.919996237118779758e-03,-7.838710307380800657e-01,1.230143623861283064e+00,-2.617954204062704071e-01,3.643901635222890900e-01
3.835747020732214185e-01,8.204400370207109994e-01,3.128093622656399203e-02,5.919996237118779758e-03,-7.838710307380800657e-01,1.230143623861283064e+00,-2.617954204062704071e-01,3.666594408861860721e-01
3.835747020732214185e-01,8.204400370207109994e-01,3.128093622656399203e-02,5.919996237118779758e-03,-7.838710307380800657e-01,1.230143623861283064e+00,-2.617954204062704071e-01,3.672299296089534537e-01
3.835747020732214185e-01,8.204400370207109994e-01,3.128093622656399203e-02,5.919996237118779758e-03,-7.838710307380800657e-01,1.230143623861283064e+00,-2.617954204062704071e-01,3.689413957772555985e-01
3.835868616770278794e-01,8.204400370207109994e-01,3.128093622656399203e-02,5.919996237118779758e-03,-7.838710307380800657e-01,1.230143623861283064e+00,-2.617954204062704071e-01,3.700823732227903617e-01
3.835868616770278794e-01,8.204400370207109994e-01,3.128093622656399203e-02,5.919996237118779758e-03,-7.838710307380800657e-01,1.230143623861283064e+00,-2.617954204062704071e-01,3.717938393910925066e-01
3.835868616770278794e-01,8.204400370207109994e-01,3.128093622656399203e-02,5.919996237118779758e-03,-7.838710307380800657e-01,1.230143623861283064e+00,-2.617954204062704071e-01,3.723643281138599437e-01
3.835868616770278794e-01,8.204400370207109994e-01,3.128093622656399203e-02,5.919996237118779758e-03,-7.838710307380800657e-01,1.230143623861283064e+00,-2.617954204062704071e-01,3.746462830049294701e-01
3.835747020732214185e-01,8.204400370207109994e-01,3.128093622656399203e-02,5.919996237118779758e-03,-7.838710307380800657e-01,1.230143623861283064e+00,-2.617954204062704071e-01,3.752040942005242519e-01
3.835747020732214185e-01,8.204400370207109994e-01,3.128093622656399203e-02,5.919996237118779758e-03,-7.838710307380800657e-01,1.230143623861283064e+00,-2.617954204062704071e-01,3.774860490915937783e-01
3.835747020732214185e-01,8.204400370207109994e-01,3.128093622656399203e-02,5.919996237118779758e-03,-7.838710307380800657e-01,1.230143623861283064e+00,-2.617954204062704071e-01,3.780565378143611599e-01
3.835747020732214185e-01,8.204400370207109994e-01,3.128093622656399203e-02,5.919996237118779758e-03,-7.838710307380800657e-01,1.230143623861283064e+00,-2.617954204062704071e-01,3.797680039826633602e-01
3.835747020732214185e-01,8.204400370207109994e-01,3.128093622656399203e-02,5.919996237118779758e-03,-7.838710307380800657e-01,1.230143623861283064e+00,-2.617954204062704071e-01,3.809089814281981234e-01
3.835747020732214185e-01,8.204400370207109994e-01,3.128093622656399203e-02,5.919996237118779758e-03,-7.838710307380800657e-01,1.230143623861283064e+00,-2.617954204062704071e-01,3.826204475965002683e-01
3.835868616770278794e-01,8.204400370207109994e-01,3.128093622656399203e-02,5.919996237118779758e-03,-7.838710307380800657e-01,1.230143623861283064e+00,-2.617954204062704071e-01,3.831909363192676499e-01
3.835868616770278794e-01,8.204400370207109994e-01,3.128093622656399203e-02,5.919996237118779758e-03,-7.838710307380800657e-01,1.230143623861283064e+00,-2.617954204062704071e-01,3.854728912103372318e-01
3.835868616770278794e-01,8.204400370207109994e-01,3.128093622656399203e-02,5.919996237118779758e-03,-7.838710307380800657e-01,1.230143623861283064e+00,-2.617954204062704071e-01,3.860307024059320136e-01
3.835868616770278794e-01,8.204400370207109994e-01,3.128093622656399203e-02,5.919996237118779758e-03,-7.838710307380800657e-01,1.230143623861283064e+00,-2.617954204062704071e-01,3.877421685742341584e-01
3.835747020732214185e-01,8.204400370207109994e-01,3.128093622656399203e-02,5.919996237118779758e-03,-7.838710307380800657e-01,1.230143623861283064e+00,-2.617954204062704071e-01,3.883126572970015400e-01
3.835868616770278794e-01,8.204400370207109994e-01,3.128093622656399203e-02,5.919996237118779758e-03,-7.838710307380800657e-01,1.230143623861283064e+00,-2.617954204062704071e-01,3.905946121880710664e-01
3.835868616770278794e-01,8.204400370207109994e-01,3.128093622656399203e-02,5.919996237118779758e-03,-7.838710307380800657e-01,1.230143623861283064e+00,-2.617954204062704071e-01,3.911651009108385035e-01
3.835747020732214185e-01,8.204400370207109994e-01,3.128093622656399203e-02,5.919996237118779758e-03,-7.838710307380800657e-01,1.230143623861283064e+00,-2.617954204062704071e-01,3.934470558019080300e-01
3.835747020732214185e-01,8.204400370207109994e-01,3.128093622656399203e-02,5.919996237118779758e-03,-7.838710307380800657e-01,1.230143623861283064e+00,-2.617954204062704071e-01,3.940175445246754116e-01
3.835747020732214185e-01,8.204400370207109994e-01,3.128093622656399203e-02,5.919996237118779758e-03,-7.838710307380800657e-01,1.230143623861283064e+00,-2.617954204062704071e-01,3.957163331658049565e-01
3.835747020732214185e-01,8.204400370207109994e-01,3.128093622656399203e-02,5.919996237118779758e-03,-7.838710307380800657e-01,1.230143623861283064e+00,-2.617954204062704071e-01,3.962868218885723381e-01
3.835747020732214185e-01,8.204400370207109994e-01,3.128093622656399203e-02,5.919996237118779758e-03,-7.838710307380800657e-01,1.230143623861283064e+00,-2.617954204062704071e-01,3.991392655024093017e-01
3.835747020732214185e-01,8.204400370207109994e-01,3.128093622656399203e-02,5.919996237118779758e-03,-7.838710307380800657e-01,1.230143623861283064e+00,-2.617954204062704071e-01,3.997097542251766833e-01
3.835747020732214185e-01,8.204400370207109994e-01,3.128093622656399203e-02,5.919996237118779758e-03,-7.838710307380800657e-01,1.230143623861283064e+00,-2.617954204062704071e-01,4.019917091162462097e-01
3.835868616770278794e-01,8.204400370207109994e-01,3.128093622656399203e-02,5.919996237118779758e-03,-7.838710307380800657e-01,1.230143623861283064e+00,-2.617954204062704071e-01,4.025621978390135913e-01
3.835747020732214185e-01,8.204400370207109994e-01,3.128093622656399203e-02,5.919996237118779758e-03,-7.838710307380800657e-01,1.230143623861283064e+00,-2.617954204062704071e-01,4.042736640073157917e-01
3.835747020732214185e-01,8.204400370207109994e-01,3.128093622656399203e-02,5.919996237118779758e-03,-7.838710307380800657e-01,1.230143623861283064e+00,-2.617954204062704071e-01,4.048441527300831733e-01
3.835747020732214185e-01,8.204400370207109994e-01,3.128093622656399203e-02,5.919996237118779758e-03,-7.838710307380800657e-01,1.230143623861283064e+00,-2.617954204062704071e-01,4.071134300939800998e-01
3.835747020732214185e-01,8.204400370207109994e-01,3.128093622656399203e-02,5.919996237118779758e-03,-7.838710307380800657e-01,1.230143623861283064e+00,-2.617954204062704071e-01,4.076839188167474815e-01
3.835747020732214185e-01,8.204400370207109994e-01,3.128093622656399203e-02,5.919996237118779758e-03,-7.838710307380800657e-01,1.230143623861283064e+00,-2.617954204062704071e-01,4.093953849850496263e-01
3.835747020732214185e-01,8.204400370207109994e-01,3.128093622656399203e-02,5.919996237118779758e-03,-7.838710307380800657e-01,1.230143623861283064e+00,-2.617954204062704071e-01,4.099658737078170634e-01
3.835747020732214185e-01,8.204400370207109994e-01,3.128093622656399203e-02,5.919996237118779758e-03,-7.838710307380800657e-01,1.230143623861283064e+00,-2.617954204062704071e-01,4.116773398761192082e-01
3.835747020732214185e-01,8.204400370207109994e-01,3.128093622656399203e-02,5.919996237118779758e-03,-7.838710307380800657e-01,1.230143623861283064e+00,-2.617954204062704071e-01,4.128183173216539714e-01
3.835747020732214185e-01,8.204400370207109994e-01,3.128093622656399203e-02,5.919996237118779758e-03,-7.838710307380800657e-01,1.230143623861283064e+00,-2.617954204062704071e-01,4.145297834899561162e-01
3.835747020732214185e-01,8.204400370207109994e-01,3.128093622656399203e-02,5.919996237118779758e-03,-7.838710307380800657e-01,1.230143623861283064e+00,-2.617954204062704071e-01,4.151002722127234978e-01
3.835747020732214185e-01,8.204400370207109994e-01,3.128093622656399203e-02,5.919996237118779758e-03,-7.838710307380800657e-01,1.230143623861283064e+00,-2.617954204062704071e-01,4.162285721310856612e-01
3.835747020732214185e-01,8.204400370207109994e-01,3.128093622656399203e-02,5.919996237118779758e-03,-7.838710307380800657e-01,1.230143623861283064e+00,-2.617954204062704071e-01,4.173695495766204799e-01
3.835747020732214185e-01,8.204400370207109994e-01,3.128093622656399203e-02,5.919996237118779758e-03,-7.838710307380800657e-01,1.230143623861283064e+00,-2.617954204062704071e-01,4.190810157449226248e-01
3.835747020732214185e-01,8.204400370207109994e-01,3.128093622656399203e-02,5.919996237118779758e-03,-7.838710307380800657e-01,1.230143623861283064e+00,-2.617954204062704071e-01,4.202219931904573880e-01
3.835747020732214185e-01,8.204400370207109994e-01,3.128093622656399203e-02,5.919996237118779758e-03,-7.838710307380800657e-01,1.230143623861283064e+00,-2.617954204062704071e-01,4.219334593587595328e-01
3.835747020732214185e-01,8.204400370207109994e-01,3.128093622656399203e-02,5.919996237118779758e-03,-7.838710307380800657e-01,1.230143623861283064e+00,-2.617954204062704071e-01,4.225039480815269699e-01
3.835747020732214185e-01,8.204400370207109994e-01,3.128093622656399203e-02,5.919996237118779758e-03,-7.838710307380800657e-01,1.230143623861283064e+00,-2.617954204062704071e-01,4.242154142498291147e-01
3.835747020732214185e-01,8.204400370207109994e-01,3.128093622656399203e-02,5.919996237118779758e-03,-7.838710307380800657e-01,1.230143623861283064e+00,-2.617954204062704071e-01,4.247859029725964963e-01
3.835747020732214185e-01,8.204400370207109994e-01,3.128093622656399203e-02,5.919996237118779758e-03,-7.838710307380800657e-01,1.230143623861283064e+00,-2.617954204062704071e-01,4.270551803364934229e-01
3.835747020732214185e-01,8.204400370207109994e-01,3.128093622656399203e-02,5.919996237118779758e-03,-7.838710307380800657e-01,1.230143623861283064e+00,-2.617954204062704071e-01,4.276256690592608045e-01
3.835747020732214185e-01,8.204400370207109994e-01,3.128093622656399203e-02,5.919996237118779758e-03,-7.838710307380800657e-01,1.230143623861283064e+00,-2.617954204062704071e-01,4.299076239503303865e-01
3.835747020732214185e-01,8.204400370207109994e-01,3.128093622656399203e-02,5.919996237118779758e-03,-7.838710307380800657e-01,1.230143623861283064e+00,-2.617954204062704071e-01,4.304781126730977681e-01
3.835747020732214185e-01,8.204400370207109994e-01,3.128093622656399203e-02,5.919996237118779758e-03,-7.838710307380800657e-01,1.230143623861283064e+00,-2.617954204062704071e-01,4.321895788413999129e-01
3.835747020732214185e-01,8.204400370207109994e-01,3.128093622656399203e-02,5.919996237118779758e-03,-7.838710307380800657e-01,1.230143623861283064e+00,-2.617954204062704071e-01,4.339010450097020577e-01
3.835747020732214185e-01,8.204400370207109994e-01,3.128093622656399203e-02,5.919996237118779758e-03,-7.838710307380800657e-01,1.230143623861283064e+00,-2.617954204062704071e-01,4.344715337324694948e-01
3.835747020732214185e-01,8.204400370207109994e-01,3.128093622656399203e-02,5.919996237118779758e-03,-7.838710307380800657e-01,1.230143623861283064e+00,-2.617954204062704071e-01,4.367408110963664214e-01
3.835747020732214185e-01,8.204400370207109994e-01,3.128093622656399203e-02,5.919996237118779758e-03,-7.838710307380800657e-01,1.230143623861283064e+00,-2.617954204062704071e-01,4.373112998191338030e-01
3.835747020732214185e-01,8.204400370207109994e-01,3.128093622656399203e-02,5.919996237118779758e-03,-7.838710307380800657e-01,1.230143623861283064e+00,-2.617954204062704071e-01,4.395932547102033294e-01
3.835747020732214185e-01,8.204400370207109994e-01,3.128093622656399203e-02,5.919996237118779758e-03,-7.838710307380800657e-01,1.230143623861283064e+00,-2.617954204062704071e-01,4.401637434329707110e-01
3.835747020732214185e-01,8.204400370207109994e-01,3.128093622656399203e-02,5.919996237118779758e-03,-7.838710307380800657e-01,1.230143623861283064e+00,-2.617954204062704071e-01,4.424456983240402930e-01
3.835747020732214185e-01,8.204400370207109994e-01,3.128093622656399203e-02,5.919996237118779758e-03,-7.838710307380800657e-01,1.230143623861283064e+00,-2.617954204062704071e-01,4.430161870468076746e-01
3.835747020732214185e-01,8.204400370207109994e-01,3.128093622656399203e-02,5.919996237118779758e-03,-7.838710307380800657e-01,1.230143623861283064e+00,-2.617954204062704071e-01,4.447149756879372196e-01
3.835747020732214185e-01,8.204400370207109994e-01,3.128093622656399203e-02,5.919996237118779758e-03,-7.838710307380800657e-01,1.230143623861283064e+00,-2.617954204062704071e-01,4.452854644107046012e-01
3.835747020732214185e-01,8.204400370207109994e-01,3.128093622656399203e-02,5.919996237118779758e-03,-7.838710307380800657e-01,1.230143623861283064e+00,-2.617954204062704071e-01,4.475674193017741831e-01
3.835747020732214185e-01,8.204400370207109994e-01,3.128093622656399203e-02,5.919996237118779758e-03,-7.838710307380800657e-01,1.230143623861283064e+00,-2.617954204062704071e-01,4.481379080245415647e-01
3.835747020732214185e-01,8.204400370207109994e-01,3.128093622656399203e-02,5.919996237118779758e-03,-7.838710307380800657e-01,1.230143623861283064e+00,-2.617954204062704071e-01,4.498493741928437095e-01
3.835747020732214185e-01,8.204400370207109994e-01,3.128093622656399203e-02,5.919996237118779758e-03,-7.838710307380800657e-01,1.230143623861283064e+00,-2.617954204062704071e-01,4.504198629156110911e-01
3.835747020732214185e-01,8.204400370207109994e-01,3.128093622656399203e-02,5.919996237118779758e-03,-7.838710307380800657e-01,1.230143623861283064e+00,-2.617954204062704071e-01,4.527018178066806176e-01
3.835747020732214185e-01,8.204400370207109994e-01,3.128093622656399203e-02,5.919996237118779758e-03,-7.838710307380800657e-01,1.230143623861283064e+00,-2.617954204062704071e-01,4.532723065294480547e-01
3.835747020732214185e-01,8.204400370207109994e-01,3.128093622656399203e-02,5.919996237118779758e-03,-7.838710307380800657e-01,1.230143623861283064e+00,-2.617954204062704071e-01,4.549710951705775996e-01
3.835747020732214185e-01,8.204400370207109994e-01,3.128093622656399203e-02,5.919996237118779758e-03,-7.838710307380800657e-01,1.230143623861283064e+00,-2.617954204062704071e-01,4.555415838933449812e-01
3.835747020732214185e-01,8.204400370207109994e-01,3.128093622656399203e-02,5.919996237118779758e-03,-7.838710307380800657e-01,1.230143623861283064e+00,-2.617954204062704071e-01,4.578235387844145077e-01
3.835747020732214185e-01,8.204400370207109994e-01,3.128093622656399203e-02,5.919996237118779758e-03,-7.838710307380800657e-01,1.230143623861283064e+00,-2.617954204062704071e-01,4.589645162299492709e-01
3.835747020732214185e-01,8.204400370207109994e-01,3.128093622656399203e-02,5.919996237118779758e-03,-7.838710307380800657e-01,1.230143623861283064e+00,-2.617954204062704071e-01,4.606759823982514712e-01
3.835747020732214185e-01,8.204400370207109994e-01,3.128093622656399203e-02,5.919996237118779758e-03,-7.838710307380800657e-01,1.230143623861283064e+00,-2.617954204062704071e-01,4.612464711210188528e-01
3.835747020732214185e-01,8.204400370207109994e-01,3.128093622656399203e-02,5.919996237118779758e-03,-7.838710307380800657e-01,1.230143623861283064e+00,-2.617954204062704071e-01,4.629579372893209976e-01
3.835747020732214185e-01,8.204400370207109994e-01,3.128093622656399203e-02,5.919996237118779758e-03,-7.838710307380800657e-01,1.230143623861283064e+00,-2.617954204062704071e-01,4.635284260120883792e-01
3.835747020732214185e-01,8.204400370207109994e-01,3.128093622656399203e-02,5.919996237118779758e-03,-7.838710307380800657e-01,1.230143623861283064e+00,-2.617954204062704071e-01,4.657977033759853058e-01
3.835747020732214185e-01,8.204400370207109994e-01,3.128093622656399203e-02,5.919996237118779758e-03,-7.838710307380800657e-01,1.230143623861283064e+00,-2.617954204062704071e-01,4.663681920987527429e-01
3.835747020732214185e-01,8.204400370207109994e-01,3.128093622656399203e-02,5.919996237118779758e-03,-7.838710307380800657e-01,1.230143623861283064e+00,-2.617954204062704071e-01,4.686501469898222694e-01
3.835747020732214185e-01,8.204400370207109994e-01,3.128093622656399203e-02,5.919996237118779758e-03,-7.838710307380800657e-01,1.230143623861283064e+00,-2.617954204062704071e-01,4.692206357125896510e-01
3.835747020732214185e-01,8.204400370207109994e-01,3.128093622656399203e-02,5.919996237118779758e-03,-7.838710307380800657e-01,1.230143623861283064e+00,-2.617954204062704071e-01,4.709321018808917958e-01
3.835747020732214185e-01,8.204400370207109994e-01,3.128093622656399203e-02,5.919996237118779758e-03,-7.838710307380800657e-01,1.230143623861283064e+00,-2.617954204062704071e-01,4.715025906036591774e-01
3.835747020732214185e-01,8.204400370207109994e-01,3.128093622656399203e-02,5.919996237118779758e-03,-7.838710307380800657e-01,1.230143623861283064e+00,-2.617954204062704071e-01,4.743423566903235411e-01
3.835747020732214185e-01,8.204400370207109994e-01,3.128093622656399203e-02,5.919996237118779758e-03,-7.838710307380800657e-01,1.230143623861283064e+00,-2.617954204062704071e-01,4.754833341358583043e-01
3.835747020732214185e-01,8.204400370207109994e-01,3.128093622656399203e-02,5.919996237118779758e-03,-7.838710307380800657e-01,1.230143623861283064e+00,-2.617954204062704071e-01,4.771948003041604491e-01
3.835747020732214185e-01,8.204400370207109994e-01,3.128093622656399203e-02,5.919996237118779758e-03,-7.838710307380800657e-01,1.230143623861283064e+00,-2.617954204062704071e-01,4.777652890269278307e-01
3.835747020732214185e-01,8.204400370207109994e-01,3.128093622656399203e-02,5.919996237118779758e-03,-7.838710307380800657e-01,1.230143623861283064e+00,-2.617954204062704071e-01,4.794767551952300311e-01
3.835747020732214185e-01,8.204400370207109994e-01,3.128093622656399203e-02,5.919996237118779758e-03,-7.838710307380800657e-01,1.230143623861283064e+00,-2.617954204062704071e-01,4.800472439179974127e-01
3.835747020732214185e-01,8.204400370207109994e-01,3.128093622656399203e-02,5.919996237118779758e-03,-7.838710307380800657e-01,1.230143623861283064e+00,-2.617954204062704071e-01,4.823291988090669391e-01
3.835747020732214185e-01,8.204400370207109994e-01,3.128093622656399203e-02,5.919996237118779758e-03,-7.838710307380800657e-01,1.230143623861283064e+00,-2.617954204062704071e-01,4.828996875318343207e-01
3.835747020732214185e-01,8.204400370207109994e-01,3.128093622656399203e-02,5.919996237118779758e-03,-7.838710307380800657e-01,1.230143623861283064e+00,-2.617954204062704071e-01,4.845984761729638657e-01
3.835747020732214185e-01,8.204400370207109994e-01,3.128093622656399203e-02,5.919996237118779758e-03,-7.838710307380800657e-01,1.230143623861283064e+00,-2.617954204062704071e-01,4.851689648957313028e-01
3.835747020732214185e-01,8.204400370207109994e-01,3.128093622656399203e-02,5.919996237118779758e-03,-7.838710307380800657e-01,1.230143623861283064e+00,-2.617954204062704071e-01,4.868804310640334476e-01
3.835747020732214185e-01,8.204400370207109994e-01,3.128093622656399203e-02,5.919996237118779758e-03,-7.838710307380800657e-01,1.230143623861283064e+00,-2.617954204062704071e-01,4.891623859551029740e-01
3.835747020732214185e-01,8.204400370207109994e-01,3.128093622656399203e-02,5.919996237118779758e-03,-7.838710307380800657e-01,1.230143623861283064e+00,-2.617954204062704071e-01,4.897201971506977558e-01
3.835747020732214185e-01,8.204400370207109994e-01,3.128093622656399203e-02,5.919996237118779758e-03,-7.838710307380800657e-01,1.230143623861283064e+00,-2.617954204062704071e-01,4.914316633189999006e-01
3.835747020732214185e-01,8.204400370207109994e-01,3.128093622656399203e-02,5.919996237118779758e-03,-7.838710307380800657e-01,1.230143623861283064e+00,-2.617954204062704071e-01,4.925853182917073192e-01
3.835747020732214185e-01,8.204400370207109994e-01,3.128093622656399203e-02,5.919996237118779758e-03,-7.838710307380800657e-01,1.230143623861283064e+00,-2.617954204062704071e-01,4.937136182100694826e-01
3.835747020732214185e-01,8.204400370207109994e-01,3.128093622656399203e-02,5.919996237118779758e-03,-7.838710307380800657e-01,1.230143623861283064e+00,-2.617954204062704071e-01,4.965660618239063906e-01
3.835747020732214185e-01,8.204400370207109994e-01,3.128093622656399203e-02,5.919996237118779758e-03,-7.838710307380800657e-01,1.230143623861283064e+00,-2.617954204062704071e-01,4.971365505466737722e-01
3.835747020732214185e-01,8.204400370207109994e-01,3.128093622656399203e-02,5.919996237118779758e-03,-7.838710307380800657e-01,1.230143623861283064e+00,-2.617954204062704071e-01,4.988480167149759725e-01
3.835747020732214185e-01,8.204400370207109994e-01,3.128093622656399203e-02,5.919996237118779758e-03,-7.838710307380800657e-01,1.230143623861283064e+00,-2.617954204062704071e-01,4.994185054377433541e-01
3.835747020732214185e-01,8.204400370207109994e-01,3.128093622656399203e-02,5.919996237118779758e-03,-7.838710307380800657e-01,1.230143623861283064e+00,-2.617954204062704071e-01,5.016877828016402807e-01
3.835747020732214185e-01,8.204400370207109994e-01,3.128093622656399203e-02,5.919996237118779758e-03,-7.838710307380800657e-01,1.230143623861283064e+00,-2.617954204062704071e-01,5.022582715244077178e-01
3.835747020732214185e-01,8.204400370207109994e-01,3.128093622656399203e-02,5.919996237118779758e-03,-7.838710307380800657e-01,1.230143623861283064e+00,-2.617954204062704071e-01,5.051107151382445704e-01
3.835747020732214185e-01,8.204400370207109994e-01,3.128093622656399203e-02,5.919996237118779758e-03,-7.838710307380800657e-01,1.230143623861283064e+00,-2.617954204062704071e-01,5.056812038610120075e-01
3.835747020732214185e-01,8.204400370207109994e-01,3.128093622656399203e-02,5.919996237118779758e-03,-7.838710307380800657e-01,1.230143623861283064e+00,-2.617954204062704071e-01,5.073926700293142078e-01
3.835747020732214185e-01,8.204400370207109994e-01,3.128093622656399203e-02,5.919996237118779758e-03,-7.838710307380800657e-01,1.230143623861283064e+00,-2.617954204062704071e-01,5.079631587520815339e-01
3.835747020732214185e-01,8.204400370207109994e-01,3.128093622656399203e-02,5.919996237118779758e-03,-7.838710307380800657e-01,1.230143623861283064e+00,-2.617954204062704071e-01,5.102451136431510603e-01
3.835747020732214185e-01,8.204400370207109994e-01,3.128093622656399203e-02,5.919996237118779758e-03,-7.838710307380800657e-01,1.230143623861283064e+00,-2.617954204062704071e-01,5.108029248387458976e-01
3.835747020732214185e-01,8.204400370207109994e-01,3.128093622656399203e-02,5.919996237118779758e-03,-7.838710307380800657e-01,1.230143623861283064e+00,-2.617954204062704071e-01,5.125143910070479869e-01
3.835747020732214185e-01,8.204400370207109994e-01,3.128093622656399203e-02,5.919996237118779758e-03,-7.838710307380800657e-01,1.230143623861283064e+00,-2.617954204062704071e-01,5.130848797298154240e-01
3.835747020732214185e-01,8.204400370207109994e-01,3.128093622656399203e-02,5.919996237118779758e-03,-7.838710307380800657e-01,1.230143623861283064e+00,-2.617954204062704071e-01,5.147963458981176244e-01
3.835747020732214185e-01,8.204400370207109994e-01,3.128093622656399203e-02,5.919996237118779758e-03,-7.838710307380800657e-01,1.230143623861283064e+00,-2.617954204062704071e-01,5.153668346208849504e-01
3.835747020732214185e-01,8.204400370207109994e-01,3.128093622656399203e-02,5.919996237118779758e-03,-7.838710307380800657e-01,1.230143623861283064e+00,-2.617954204062704071e-01,5.182192782347219140e-01
3.835747020732214185e-01,8.204400370207109994e-01,3.128093622656399203e-02,5.919996237118779758e-03,-7.838710307380800657e-01,1.230143623861283064e+00,-2.617954204062704071e-01,5.187897669574892401e-01
3.835747020732214185e-01,8.204400370207109994e-01,3.128093622656399203e-02,5.919996237118779758e-03,-7.838710307380800657e-01,1.230143623861283064e+00,-2.617954204062704071e-01,5.199180668758515145e-01
3.835747020732214185e-01,8.204400370207109994e-01,3.128093622656399203e-02,5.919996237118779758e-03,-7.838710307380800657e-01,1.230143623861283064e+00,-2.617954204062704071e-01,5.227705104896883670e-01
3.835747020732214185e-01,8.204400370207109994e-01,3.128093622656399203e-02,5.919996237118779758e-03,-7.838710307380800657e-01,1.230143623861283064e+00,-2.617954204062704071e-01,5.233409992124558041e-01
3.835747020732214185e-01,8.204400370207109994e-01,3.128093622656399203e-02,5.919996237118779758e-03,-7.838710307380800657e-01,1.230143623861283064e+00,-2.617954204062704071e-01,5.250524653807578934e-01
3.835747020732214185e-01,8.204400370207109994e-01,3.128093622656399203e-02,5.919996237118779758e-03,-7.838710307380800657e-01,1.230143623861283064e+00,-2.617954204062704071e-01,5.256229541035253305e-01
3.835747020732214185e-01,8.204400370207109994e-01,3.128093622656399203e-02,5.919996237118779758e-03,-7.838710307380800657e-01,1.230143623861283064e+00,-2.617954204062704071e-01,5.279049089945948570e-01
3.835747020732214185e-01,8.204400370207109994e-01,3.128093622656399203e-02,5.919996237118779758e-03,-7.838710307380800657e-01,1.230143623861283064e+00,-2.617954204062704071e-01,5.284627201901896942e-01
3.835747020732214185e-01,8.204400370207109994e-01,3.128093622656399203e-02,5.919996237118779758e-03,-7.838710307380800657e-01,1.230143623861283064e+00,-2.617954204062704071e-01,5.301741863584917835e-01
3.835747020732214185e-01,8.204400370207109994e-01,3.128093622656399203e-02,5.919996237118779758e-03,-7.838710307380800657e-01,1.230143623861283064e+00,-2.617954204062704071e-01,5.313151638040265468e-01
3.835747020732214185e-01,8.204400370207109994e-01,3.128093622656399203e-02,5.919996237118779758e-03,-7.838710307380800657e-01,1.230143623861283064e+00,-2.617954204062704071e-01,5.318856525267939839e-01
3.835747020732214185e-01,8.204400370207109994e-01,3.128093622656399203e-02,5.919996237118779758e-03,-7.838710307380800657e-01,1.230143623861283064e+00,-2.617954204062704071e-01,5.341676074178635103e-01
3.835747020732214185e-01,8.204400370207109994e-01,3.128093622656399203e-02,5.919996237118779758e-03,-7.838710307380800657e-01,1.230143623861283064e+00,-2.617954204062704071e-01,5.347380961406309474e-01
3.835747020732214185e-01,8.204400370207109994e-01,3.128093622656399203e-02,5.919996237118779758e-03,-7.838710307380800657e-01,1.230143623861283064e+00,-2.617954204062704071e-01,5.364495623089330367e-01
3.835747020732214185e-01,8.204400370207109994e-01,3.128093622656399203e-02,5.919996237118779758e-03,-7.838710307380800657e-01,1.230143623861283064e+00,-2.617954204062704071e-01,5.370200510317004738e-01
3.835747020732214185e-01,8.204400370207109994e-01,3.128093622656399203e-02,5.919996237118779758e-03,-7.838710307380800657e-01,1.230143623861283064e+00,-2.617954204062704071e-01,5.387188396728300743e-01
3.835747020732214185e-01,8.204400370207109994e-01,3.128093622656399203e-02,5.919996237118779758e-03,-7.838710307380800657e-01,1.230143623861283064e+00,-2.617954204062704071e-01,5.392893283955974004e-01
3.835747020732214185e-01,8.204400370207109994e-01,3.128093622656399203e-02,5.919996237118779758e-03,-7.838710307380800657e-01,1.230143623861283064e+00,-2.617954204062704071e-01,5.415712832866669268e-01
3.835747020732214185e-01,8.204400370207109994e-01,3.128093622656399203e-02,5.919996237118779758e-03,-7.838710307380800657e-01,1.230143623861283064e+00,-2.617954204062704071e-01,5.427122607322016901e-01
3.835747020732214185e-01,8.204400370207109994e-01,3.128093622656399203e-02,5.919996237118779758e-03,-7.838710307380800657e-01,1.230143623861283064e+00,-2.617954204062704071e-01,5.444237269005038904e-01
3.835747020732214185e-01,8.204400370207109994e-01,3.128093622656399203e-02,5.919996237118779758e-03,-7.838710307380800657e-01,1.230143623861283064e+00,-2.617954204062704071e-01,5.461351930688060907e-01
3.835747020732214185e-01,8.204400370207109994e-01,3.128093622656399203e-02,5.919996237118779758e-03,-7.838710307380800657e-01,1.230143623861283064e+00,-2.617954204062704071e-01,5.484044704327030173e-01
3.835747020732214185e-01,8.204400370207109994e-01,3.128093622656399203e-02,5.919996237118779758e-03,-7.838710307380800657e-01,1.230143623861283064e+00,-2.617954204062704071e-01,5.489749591554703434e-01
3.835747020732214185e-01,8.204400370207109994e-01,3.128093622656399203e-02,5.919996237118779758e-03,-7.838710307380800657e-01,1.230143623861283064e+00,-2.617954204062704071e-01,5.518274027693073069e-01
3.835747020732214185e-01,8.204400370207109994e-01,3.128093622656399203e-02,5.919996237118779758e-03,-7.838710307380800657e-01,1.230143623861283064e+00,-2.617954204062704071e-01,5.523978914920747441e-01
3.835747020732214185e-01,8.204400370207109994e-01,3.128093622656399203e-02,5.919996237118779758e-03,-7.838710307380800657e-01,1.230143623861283064e+00,-2.617954204062704071e-01,5.546798463831442705e-01
3.835747020732214185e-01,8.204400370207109994e-01,3.128093622656399203e-02,5.919996237118779758e-03,-7.838710307380800657e-01,1.230143623861283064e+00,-2.617954204062704071e-01,5.552503351059115966e-01
3.835747020732214185e-01,8.204400370207109994e-01,3.128093622656399203e-02,5.919996237118779758e-03,-7.838710307380800657e-01,1.230143623861283064e+00,-2.617954204062704071e-01,5.575322899969812340e-01
3.835747020732214185e-01,8.204400370207109994e-01,3.128093622656399203e-02,5.919996237118779758e-03,-7.838710307380800657e-01,1.230143623861283064e+00,-2.617954204062704071e-01,5.581027787197485601e-01
3.835747020732214185e-01,8.204400370207109994e-01,3.128093622656399203e-02,5.919996237118779758e-03,-7.838710307380800657e-01,1.230143623861283064e+00,-2.617954204062704071e-01,5.603847336108180865e-01
3.835747020732214185e-01,8.204400370207109994e-01,3.128093622656399203e-02,5.919996237118779758e-03,-7.838710307380800657e-01,1.230143623861283064e+00,-2.617954204062704071e-01,5.615130335291802499e-01
3.835747020732214185e-01,8.204400370207109994e-01,3.128093622656399203e-02,5.919996237118779758e-03,-7.838710307380800657e-01,1.230143623861283064e+00,-2.617954204062704071e-01,5.637949884202498874e-01
3.835747020732214185e-01,8.204400370207109994e-01,3.128093622656399203e-02,5.919996237118779758e-03,-7.838710307380800657e-01,1.230143623861283064e+00,-2.617954204062704071e-01,5.643654771430172135e-01
3.835747020732214185e-01,8.204400370207109994e-01,3.128093622656399203e-02,5.919996237118779758e-03,-7.838710307380800657e-01,1.230143623861283064e+00,-2.617954204062704071e-01,5.666474320340867399e-01
3.835747020732214185e-01,8.204400370207109994e-01,3.128093622656399203e-02,5.919996237118779758e-03,-7.838710307380800657e-01,1.230143623861283064e+00,-2.617954204062704071e-01,5.672179207568541770e-01
3.835747020732214185e-01,8.204400370207109994e-01,3.128093622656399203e-02,5.919996237118779758e-03,-7.838710307380800657e-01,1.230143623861283064e+00,-2.617954204062704071e-01,5.694998756479237034e-01
3.835747020732214185e-01,8.204400370207109994e-01,3.128093622656399203e-02,5.919996237118779758e-03,-7.838710307380800657e-01,1.230143623861283064e+00,-2.617954204062704071e-01,5.700703643706911405e-01
3.835747020732214185e-01,8.204400370207109994e-01,3.128093622656399203e-02,5.919996237118779758e-03,-7.838710307380800657e-01,1.230143623861283064e+00,-2.617954204062704071e-01,5.723396417345880671e-01
3.835747020732214185e-01,8.204400370207109994e-01,3.128093622656399203e-02,5.919996237118779758e-03,-7.838710307380800657e-01,1.230143623861283064e+00,-2.617954204062704071e-01,5.729101304573553932e-01
3.835747020732214185e-01,8.204400370207109994e-01,3.128093622656399203e-02,5.919996237118779758e-03,-7.838710307380800657e-01,1.230143623861283064e+00,-2.617954204062704071e-01,5.751920853484249196e-01
3.835747020732214185e-01,8.204400370207109994e-01,3.128093622656399203e-02,5.919996237118779758e-03,-7.838710307380800657e-01,1.230143623861283064e+00,-2.617954204062704071e-01,5.757625740711923568e-01
3.835747020732214185e-01,8.204400370207109994e-01,3.128093622656399203e-02,5.919996237118779758e-03,-7.838710307380800657e-01,1.230143623861283064e+00,-2.617954204062704071e-01,5.780445289622618832e-01
3.835747020732214185e-01,8.204400370207109994e-01,3.128093622656399203e-02,5.919996237118779758e-03,-7.838710307380800657e-01,1.230143623861283064e+00,-2.617954204062704071e-01,5.786150176850293203e-01
3.835747020732214185e-01,8.204400370207109994e-01,3.128093622656399203e-02,5.919996237118779758e-03,-7.838710307380800657e-01,1.230143623861283064e+00,-2.617954204062704071e-01,5.803138063261588098e-01
3.835747020732214185e-01,8.204400370207109994e-01,3.128093622656399203e-02,5.919996237118779758e-03,-7.838710307380800657e-01,1.230143623861283064e+00,-2.617954204062704071e-01,5.808842950489262469e-01
3.835747020732214185e-01,8.204400370207109994e-01,3.128093622656399203e-02,5.919996237118779758e-03,-7.838710307380800657e-01,1.230143623861283064e+00,-2.617954204062704071e-01,5.831662499399957733e-01
3.835747020732214185e-01,8.204400370207109994e-01,3.128093622656399203e-02,5.919996237118779758e-03,-7.838710307380800657e-01,1.230143623861283064e+00,-2.617954204062704071e-01,5.837367386627632104e-01
3.835747020732214185e-01,8.204400370207109994e-01,3.128093622656399203e-02,5.919996237118779758e-03,-7.838710307380800657e-01,1.230143623861283064e+00,-2.617954204062704071e-01,5.854482048310652997e-01
3.835747020732214185e-01,8.204400370207109994e-01,3.128093622656399203e-02,5.919996237118779758e-03,-7.838710307380800657e-01,1.230143623861283064e+00,-2.617954204062704071e-01,5.860186935538327369e-01
3.835747020732214185e-01,8.204400370207109994e-01,3.128093622656399203e-02,5.919996237118779758e-03,-7.838710307380800657e-01,1.230143623861283064e+00,-2.617954204062704071e-01,5.883006484449022633e-01
3.835747020732214185e-01,8.204400370207109994e-01,3.128093622656399203e-02,5.919996237118779758e-03,-7.838710307380800657e-01,1.230143623861283064e+00,-2.617954204062704071e-01,5.888711371676697004e-01
3.835747020732214185e-01,8.204400370207109994e-01,3.128093622656399203e-02,5.919996237118779758e-03,-7.838710307380800657e-01,1.230143623861283064e+00,-2.617954204062704071e-01,5.911404145315666270e-01
3.835747020732214185e-01,8.204400370207109994e-01,3.128093622656399203e-02,5.919996237118779758e-03,-7.838710307380800657e-01,1.230143623861283064e+00,-2.617954204062704071e-01,5.917109032543339531e-01
3.835747020732214185e-01,8.204400370207109994e-01,3.128093622656399203e-02,5.919996237118779758e-03,-7.838710307380800657e-01,1.230143623861283064e+00,-2.617954204062704071e-01,5.934223694226361534e-01
3.835747020732214185e-01,8.204400370207109994e-01,3.128093622656399203e-02,5.919996237118779758e-03,-7.838710307380800657e-01,1.230143623861283064e+00,-2.617954204062704071e-01,5.939928581454034795e-01
3.835747020732214185e-01,8.204400370207109994e-01,3.128093622656399203e-02,5.919996237118779758e-03,-7.838710307380800657e-01,1.230143623861283064e+00,-2.617954204062704071e-01,5.957043243137056798e-01
3.835747020732214185e-01,8.204400370207109994e-01,3.128093622656399203e-02,5.919996237118779758e-03,-7.838710307380800657e-01,1.230143623861283064e+00,-2.617954204062704071e-01,5.962748130364731169e-01
3.835747020732214185e-01,8.204400370207109994e-01,3.128093622656399203e-02,5.919996237118779758e-03,-7.838710307380800657e-01,1.230143623861283064e+00,-2.617954204062704071e-01,5.985440904003700435e-01
3.835747020732214185e-01,8.204400370207109994e-01,3.128093622656399203e-02,5.919996237118779758e-03,-7.838710307380800657e-01,1.230143623861283064e+00,-2.617954204062704071e-01,5.991145791231373696e-01
3.835747020732214185e-01,8.204400370207109994e-01,3.128093622656399203e-02,5.919996237118779758e-03,-7.838710307380800657e-01,1.230143623861283064e+00,-2.617954204062704071e-01,6.008260452914395700e-01
3.835747020732214185e-01,8.204400370207109994e-01,3.128093622656399203e-02,5.919996237118779758e-03,-7.838710307380800657e-01,1.230143623861283064e+00,-2.617954204062704071e-01,6.013965340142070071e-01
3.835747020732214185e-01,8.204400370207109994e-01,3.128093622656399203e-02,5.919996237118779758e-03,-7.838710307380800657e-01,1.230143623861283064e+00,-2.617954204062704071e-01,6.036784889052765335e-01
3.835747020732214185e-01,8.204400370207109994e-01,3.128093622656399203e-02,5.919996237118779758e-03,-7.838710307380800657e-01,1.230143623861283064e+00,-2.617954204062704071e-01,6.042489776280438596e-01
3.835747020732214185e-01,8.204400370207109994e-01,3.128093622656399203e-02,5.919996237118779758e-03,-7.838710307380800657e-01,1.230143623861283064e+00,-2.617954204062704071e-01,6.053899550735786228e-01
3.835747020732214185e-01,8.204400370207109994e-01,3.128093622656399203e-02,5.919996237118779758e-03,-7.838710307380800657e-01,1.230143623861283064e+00,-2.617954204062704071e-01,6.076719099646482602e-01
3.835747020732214185e-01,8.204400370207109994e-01,3.128093622656399203e-02,5.919996237118779758e-03,-7.838710307380800657e-01,1.230143623861283064e+00,-2.617954204062704071e-01,6.082423986874155863e-01
3.835747020732214185e-01,8.204400370207109994e-01,3.128093622656399203e-02,5.919996237118779758e-03,-7.838710307380800657e-01,1.230143623861283064e+00,-2.617954204062704071e-01,6.099411873285451868e-01
3.835747020732214185e-01,8.204400370207109994e-01,3.128093622656399203e-02,5.919996237118779758e-03,-7.838710307380800657e-01,1.230143623861283064e+00,-2.617954204062704071e-01,6.105116760513125129e-01
3.835747020732214185e-01,8.204400370207109994e-01,3.128093622656399203e-02,5.919996237118779758e-03,-7.838710307380800657e-01,1.230143623861283064e+00,-2.617954204062704071e-01,6.127936309423820394e-01
3.835747020732214185e-01,8.204400370207109994e-01,3.128093622656399203e-02,5.919996237118779758e-03,-7.838710307380800657e-01,1.230143623861283064e+00,-2.617954204062704071e-01,6.133641196651494765e-01
3.835747020732214185e-01,8.204400370207109994e-01,3.128093622656399203e-02,5.919996237118779758e-03,-7.838710307380800657e-01,1.230143623861283064e+00,-2.617954204062704071e-01,6.150629083062790770e-01
3.835747020732214185e-01,8.204400370207109994e-01,3.128093622656399203e-02,5.919996237118779758e-03,-7.838710307380800657e-01,1.230143623861283064e+00,-2.617954204062704071e-01,6.156333970290464030e-01
3.835747020732214185e-01,8.204400370207109994e-01,3.128093622656399203e-02,5.919996237118779758e-03,-7.838710307380800657e-01,1.230143623861283064e+00,-2.617954204062704071e-01,6.173575407245212032e-01
3.835747020732214185e-01,8.204400370207109994e-01,3.128093622656399203e-02,5.919996237118779758e-03,-7.838710307380800657e-01,1.230143623861283064e+00,-2.617954204062704071e-01,6.179280294472885293e-01
3.835747020732214185e-01,8.204400370207109994e-01,3.128093622656399203e-02,5.919996237118779758e-03,-7.838710307380800657e-01,1.230143623861283064e+00,-2.617954204062704071e-01,6.201973068111855669e-01
3.835747020732214185e-01,8.204400370207109994e-01,3.128093622656399203e-02,5.919996237118779758e-03,-7.838710307380800657e-01,1.230143623861283064e+00,-2.617954204062704071e-01,6.207677955339528930e-01
3.835747020732214185e-01,8.204400370207109994e-01,3.128093622656399203e-02,5.919996237118779758e-03,-7.838710307380800657e-01,1.230143623861283064e+00,-2.617954204062704071e-01,6.230497504250224194e-01
3.835747020732214185e-01,8.204400370207109994e-01,3.128093622656399203e-02,5.919996237118779758e-03,-7.838710307380800657e-01,1.230143623861283064e+00,-2.617954204062704071e-01,6.236202391477898566e-01
3.835747020732214185e-01,8.204400370207109994e-01,3.128093622656399203e-02,5.919996237118779758e-03,-7.838710307380800657e-01,1.230143623861283064e+00,-2.617954204062704071e-01,6.253190277889193460e-01
3.835747020732214185e-01,8.204400370207109994e-01,3.128093622656399203e-02,5.919996237118779758e-03,-7.838710307380800657e-01,1.230143623861283064e+00,-2.617954204062704071e-01,6.258895165116867831e-01
3.835747020732214185e-01,8.204400370207109994e-01,3.128093622656399203e-02,5.919996237118779758e-03,-7.838710307380800657e-01,1.230143623861283064e+00,-2.617954204062704071e-01,6.287419601255237467e-01
3.835747020732214185e-01,8.204400370207109994e-01,3.128093622656399203e-02,5.919996237118779758e-03,-7.838710307380800657e-01,1.230143623861283064e+00,-2.617954204062704071e-01,6.293124488482910728e-01
3.835747020732214185e-01,8.204400370207109994e-01,3.128093622656399203e-02,5.919996237118779758e-03,-7.838710307380800657e-01,1.230143623861283064e+00,-2.617954204062704071e-01,6.310239150165932731e-01
3.835747020732214185e-01,8.204400370207109994e-01,3.128093622656399203e-02,5.919996237118779758e-03,-7.838710307380800657e-01,1.230143623861283064e+00,-2.617954204062704071e-01,6.321648924621280363e-01
3.835747020732214185e-01,8.204400370207109994e-01,3.128093622656399203e-02,5.919996237118779758e-03,-7.838710307380800657e-01,1.230143623861283064e+00,-2.617954204062704071e-01,6.338763586304302367e-01
3.835747020732214185e-01,8.204400370207109994e-01,3.128093622656399203e-02,5.919996237118779758e-03,-7.838710307380800657e-01,1.230143623861283064e+00,-2.617954204062704071e-01,6.344468473531975627e-01
3.835747020732214185e-01,8.204400370207109994e-01,3.128093622656399203e-02,5.919996237118779758e-03,-7.838710307380800657e-01,1.230143623861283064e+00,-2.617954204062704071e-01,6.367161247170944893e-01
3.835747020732214185e-01,8.204400370207109994e-01,3.128093622656399203e-02,5.919996237118779758e-03,-7.838710307380800657e-01,1.230143623861283064e+00,-2.617954204062704071e-01,6.372866134398619264e-01
3.835747020732214185e-01,8.204400370207109994e-01,3.128093622656399203e-02,5.919996237118779758e-03,-7.838710307380800657e-01,1.230143623861283064e+00,-2.617954204062704071e-01,6.389980796081641268e-01
3.835747020732214185e-01,8.204400370207109994e-01,3.128093622656399203e-02,5.919996237118779758e-03,-7.838710307380800657e-01,1.230143623861283064e+00,-2.617954204062704071e-01,6.395685683309314529e-01
3.835747020732214185e-01,8.204400370207109994e-01,3.128093622656399203e-02,5.919996237118779758e-03,-7.838710307380800657e-01,1.230143623861283064e+00,-2.617954204062704071e-01,6.418505232220009793e-01
3.835747020732214185e-01,8.204400370207109994e-01,3.128093622656399203e-02,5.919996237118779758e-03,-7.838710307380800657e-01,1.230143623861283064e+00,-2.617954204062704071e-01,6.429915006675357425e-01
3.835747020732214185e-01,8.204400370207109994e-01,3.128093622656399203e-02,5.919996237118779758e-03,-7.838710307380800657e-01,1.230143623861283064e+00,-2.617954204062704071e-01,6.446902893086653430e-01
3.835747020732214185e-01,8.204400370207109994e-01,3.128093622656399203e-02,5.919996237118779758e-03,-7.838710307380800657e-01,1.230143623861283064e+00,-2.617954204062704071e-01,6.458312667542001062e-01
3.835747020732214185e-01,8.204400370207109994e-01,3.128093622656399203e-02,5.919996237118779758e-03,-7.838710307380800657e-01,1.230143623861283064e+00,-2.617954204062704071e-01,6.475427329225023065e-01
3.835747020732214185e-01,8.204400370207109994e-01,3.128093622656399203e-02,5.919996237118779758e-03,-7.838710307380800657e-01,1.230143623861283064e+00,-2.617954204062704071e-01,6.486837103680370697e-01
3.835747020732214185e-01,8.204400370207109994e-01,3.128093622656399203e-02,5.919996237118779758e-03,-7.838710307380800657e-01,1.230143623861283064e+00,-2.617954204062704071e-01,6.503951765363391591e-01
3.835747020732214185e-01,8.204400370207109994e-01,3.128093622656399203e-02,5.919996237118779758e-03,-7.838710307380800657e-01,1.230143623861283064e+00,-2.617954204062704071e-01,6.509656652591065962e-01
3.835747020732214185e-01,8.204400370207109994e-01,3.128093622656399203e-02,5.919996237118779758e-03,-7.838710307380800657e-01,1.230143623861283064e+00,-2.617954204062704071e-01,6.526771314274087965e-01
3.835747020732214185e-01,8.204400370207109994e-01,3.128093622656399203e-02,5.919996237118779758e-03,-7.838710307380800657e-01,1.230143623861283064e+00,-2.617954204062704071e-01,6.538181088729435597e-01
3.835747020732214185e-01,8.204400370207109994e-01,3.128093622656399203e-02,5.919996237118779758e-03,-7.838710307380800657e-01,1.230143623861283064e+00,-2.617954204062704071e-01,6.560873862368404863e-01
3.835747020732214185e-01,8.204400370207109994e-01,3.128093622656399203e-02,5.919996237118779758e-03,-7.838710307380800657e-01,1.230143623861283064e+00,-2.617954204062704071e-01,6.566578749596078124e-01
3.835747020732214185e-01,8.204400370207109994e-01,3.128093622656399203e-02,5.919996237118779758e-03,-7.838710307380800657e-01,1.230143623861283064e+00,-2.617954204062704071e-01,6.583693411279100127e-01
3.835747020732214185e-01,8.204400370207109994e-01,3.128093622656399203e-02,5.919996237118779758e-03,-7.838710307380800657e-01,1.230143623861283064e+00,-2.617954204062704071e-01,6.589398298506774498e-01
3.835747020732214185e-01,8.204400370207109994e-01,3.128093622656399203e-02,5.919996237118779758e-03,-7.838710307380800657e-01,1.230143623861283064e+00,-2.617954204062704071e-01,6.606512960189795391e-01
3.835747020732214185e-01,8.204400370207109994e-01,3.128093622656399203e-02,5.919996237118779758e-03,-7.838710307380800657e-01,1.230143623861283064e+00,-2.617954204062704071e-01,6.617922734645143024e-01
3.835747020732214185e-01,8.204400370207109994e-01,3.128093622656399203e-02,5.919996237118779758e-03,-7.838710307380800657e-01,1.230143623861283064e+00,-2.617954204062704071e-01,6.635037396328165027e-01
3.835747020732214185e-01,8.204400370207109994e-01,3.128093622656399203e-02,5.919996237118779758e-03,-7.838710307380800657e-01,1.230143623861283064e+00,-2.617954204062704071e-01,6.640615508284113400e-01
3.835747020732214185e-01,8.204400370207109994e-01,3.128093622656399203e-02,5.919996237118779758e-03,-7.838710307380800657e-01,1.230143623861283064e+00,-2.617954204062704071e-01,6.663435057194808664e-01
3.835747020732214185e-01,8.204400370207109994e-01,3.128093622656399203e-02,5.919996237118779758e-03,-7.838710307380800657e-01,1.230143623861283064e+00,-2.617954204062704071e-01,6.669139944422481925e-01
3.835747020732214185e-01,8.204400370207109994e-01,3.128093622656399203e-02,5.919996237118779758e-03,-7.838710307380800657e-01,1.230143623861283064e+00,-2.617954204062704071e-01,6.686254606105503928e-01
3.835747020732214185e-01,8.204400370207109994e-01,3.128093622656399203e-02,5.919996237118779758e-03,-7.838710307380800657e-01,1.230143623861283064e+00,-2.617954204062704071e-01,6.691959493333177189e-01
3.835747020732214185e-01,8.204400370207109994e-01,3.128093622656399203e-02,5.919996237118779758e-03,-7.838710307380800657e-01,1.230143623861283064e+00,-2.617954204062704071e-01,6.714779042243873564e-01
3.835747020732214185e-01,8.204400370207109994e-01,3.128093622656399203e-02,5.919996237118779758e-03,-7.838710307380800657e-01,1.230143623861283064e+00,-2.617954204062704071e-01,6.720483929471546825e-01
3.835747020732214185e-01,8.204400370207109994e-01,3.128093622656399203e-02,5.919996237118779758e-03,-7.838710307380800657e-01,1.230143623861283064e+00,-2.617954204062704071e-01,6.731766928655168458e-01
3.835747020732214185e-01,8.204400370207109994e-01,3.128093622656399203e-02,5.919996237118779758e-03,-7.838710307380800657e-01,1.230143623861283064e+00,-2.617954204062704071e-01,6.737471815882842829e-01
3.835747020732214185e-01,8.204400370207109994e-01,3.128093622656399203e-02,5.919996237118779758e-03,-7.838710307380800657e-01,1.230143623861283064e+00,-2.617954204062704071e-01,6.760291364793538094e-01
3.835747020732214185e-01,8.204400370207109994e-01,3.128093622656399203e-02,5.919996237118779758e-03,-7.838710307380800657e-01,1.230143623861283064e+00,-2.617954204062704071e-01,6.765996252021212465e-01
3.835747020732214185e-01,8.204400370207109994e-01,3.128093622656399203e-02,5.919996237118779758e-03,-7.838710307380800657e-01,1.230143623861283064e+00,-2.617954204062704071e-01,6.783110913704233358e-01
3.835747020732214185e-01,8.204400370207109994e-01,3.128093622656399203e-02,5.919996237118779758e-03,-7.838710307380800657e-01,1.230143623861283064e+00,-2.617954204062704071e-01,6.788815800931907729e-01
3.835747020732214185e-01,8.204400370207109994e-01,3.128093622656399203e-02,5.919996237118779758e-03,-7.838710307380800657e-01,1.230143623861283064e+00,-2.617954204062704071e-01,6.805930462614928622e-01
3.835747020732214185e-01,8.204400370207109994e-01,3.128093622656399203e-02,5.919996237118779758e-03,-7.838710307380800657e-01,1.230143623861283064e+00,-2.617954204062704071e-01,6.811635349842602993e-01
3.835747020732214185e-01,8.204400370207109994e-01,3.128093622656399203e-02,5.919996237118779758e-03,-7.838710307380800657e-01,1.230143623861283064e+00,-2.617954204062704071e-01,6.834328123481572259e-01
3.835747020732214185e-01,8.204400370207109994e-01,3.128093622656399203e-02,5.919996237118779758e-03,-7.838710307380800657e-01,1.230143623861283064e+00,-2.617954204062704071e-01,6.840033010709246630e-01
3.835747020732214185e-01,8.204400370207109994e-01,3.128093622656399203e-02,5.919996237118779758e-03,-7.838710307380800657e-01,1.230143623861283064e+00,-2.617954204062704071e-01,6.862852559619941895e-01
3.835747020732214185e-01,8.204400370207109994e-01,3.128093622656399203e-02,5.919996237118779758e-03,-7.838710307380800657e-01,1.230143623861283064e+00,-2.617954204062704071e-01,6.868557446847615156e-01
3.835747020732214185e-01,8.204400370207109994e-01,3.128093622656399203e-02,5.919996237118779758e-03,-7.838710307380800657e-01,1.230143623861283064e+00,-2.617954204062704071e-01,6.891376995758311530e-01
3.835747020732214185e-01,8.204400370207109994e-01,3.128093622656399203e-02,5.919996237118779758e-03,-7.838710307380800657e-01,1.230143623861283064e+00,-2.617954204062704071e-01,6.897081882985984791e-01
3.835747020732214185e-01,8.204400370207109994e-01,3.128093622656399203e-02,5.919996237118779758e-03,-7.838710307380800657e-01,1.230143623861283064e+00,-2.617954204062704071e-01,6.914196544669006794e-01
3.835747020732214185e-01,8.204400370207109994e-01,3.128093622656399203e-02,5.919996237118779758e-03,-7.838710307380800657e-01,1.230143623861283064e+00,-2.617954204062704071e-01,6.919901431896680055e-01
3.835747020732214185e-01,8.204400370207109994e-01,3.128093622656399203e-02,5.919996237118779758e-03,-7.838710307380800657e-01,1.230143623861283064e+00,-2.617954204062704071e-01,6.936889318307976060e-01
3.835747020732214185e-01,8.204400370207109994e-01,3.128093622656399203e-02,5.919996237118779758e-03,-7.838710307380800657e-01,1.230143623861283064e+00,-2.617954204062704071e-01,6.942594205535649321e-01
3.835747020732214185e-01,8.204400370207109994e-01,3.128093622656399203e-02,5.919996237118779758e-03,-7.838710307380800657e-01,1.230143623861283064e+00,-2.617954204062704071e-01,6.959708867218671324e-01
3.835747020732214185e-01,8.204400370207109994e-01,3.128093622656399203e-02,5.919996237118779758e-03,-7.838710307380800657e-01,1.230143623861283064e+00,-2.617954204062704071e-01,6.976823528901693328e-01
3.835747020732214185e-01,8.204400370207109994e-01,3.128093622656399203e-02,5.919996237118779758e-03,-7.838710307380800657e-01,1.230143623861283064e+00,-2.617954204062704071e-01,6.982528416129366589e-01
3.835747020732214185e-01,8.204400370207109994e-01,3.128093622656399203e-02,5.919996237118779758e-03,-7.838710307380800657e-01,1.230143623861283064e+00,-2.617954204062704071e-01,7.005347965040062963e-01
3.835747020732214185e-01,8.204400370207109994e-01,3.128093622656399203e-02,5.919996237118779758e-03,-7.838710307380800657e-01,1.230143623861283064e+00,-2.617954204062704071e-01,7.011052852267736224e-01
3.835747020732214185e-01,8.204400370207109994e-01,3.128093622656399203e-02,5.919996237118779758e-03,-7.838710307380800657e-01,1.230143623861283064e+00,-2.617954204062704071e-01,7.028040738679032229e-01
3.835747020732214185e-01,8.204400370207109994e-01,3.128093622656399203e-02,5.919996237118779758e-03,-7.838710307380800657e-01,1.230143623861283064e+00,-2.617954204062704071e-01,7.033745625906705490e-01
3.835747020732214185e-01,8.204400370207109994e-01,3.128093622656399203e-02,5.919996237118779758e-03,-7.838710307380800657e-01,1.230143623861283064e+00,-2.617954204062704071e-01,7.062270062045075125e-01
3.835747020732214185e-01,8.204400370207109994e-01,3.128093622656399203e-02,5.919996237118779758e-03,-7.838710307380800657e-01,1.230143623861283064e+00,-2.617954204062704071e-01,7.067974949272748386e-01
3.835747020732214185e-01,8.204400370207109994e-01,3.128093622656399203e-02,5.919996237118779758e-03,-7.838710307380800657e-01,1.230143623861283064e+00,-2.617954204062704071e-01,7.084962835684044391e-01
3.835747020732214185e-01,8.204400370207109994e-01,3.128093622656399203e-02,5.919996237118779758e-03,-7.838710307380800657e-01,1.230143623861283064e+00,-2.617954204062704071e-01,7.090794498183444761e-01
3.835747020732214185e-01,8.204400370207109994e-01,3.128093622656399203e-02,5.919996237118779758e-03,-7.838710307380800657e-01,1.230143623861283064e+00,-2.617954204062704071e-01,7.107909159866465654e-01
3.835747020732214185e-01,8.204400370207109994e-01,3.128093622656399203e-02,5.919996237118779758e-03,-7.838710307380800657e-01,1.230143623861283064e+00,-2.617954204062704071e-01,7.113614047094140025e-01
3.835747020732214185e-01,8.204400370207109994e-01,3.128093622656399203e-02,5.919996237118779758e-03,-7.838710307380800657e-01,1.230143623861283064e+00,-2.617954204062704071e-01,7.136306820733109291e-01
3.835747020732214185e-01,8.204400370207109994e-01,3.128093622656399203e-02,5.919996237118779758e-03,-7.838710307380800657e-01,1.230143623861283064e+00,-2.617954204062704071e-01,7.142011707960783662e-01
3.835747020732214185e-01,8.204400370207109994e-01,3.128093622656399203e-02,5.919996237118779758e-03,-7.838710307380800657e-01,1.230143623861283064e+00,-2.617954204062704071e-01,7.159126369643804555e-01
3.835747020732214185e-01,8.204400370207109994e-01,3.128093622656399203e-02,5.919996237118779758e-03,-7.838710307380800657e-01,1.230143623861283064e+00,-2.617954204062704071e-01,7.170536144099152187e-01
3.835747020732214185e-01,8.204400370207109994e-01,3.128093622656399203e-02,5.919996237118779758e-03,-7.838710307380800657e-01,1.230143623861283064e+00,-2.617954204062704071e-01,7.193355693009848562e-01
3.835747020732214185e-01,8.204400370207109994e-01,3.128093622656399203e-02,5.919996237118779758e-03,-7.838710307380800657e-01,1.230143623861283064e+00,-2.617954204062704071e-01,7.199060580237521823e-01
3.835747020732214185e-01,8.204400370207109994e-01,3.128093622656399203e-02,5.919996237118779758e-03,-7.838710307380800657e-01,1.230143623861283064e+00,-2.617954204062704071e-01,7.221880129148217087e-01
3.835747020732214185e-01,8.204400370207109994e-01,3.128093622656399203e-02,5.919996237118779758e-03,-7.838710307380800657e-01,1.230143623861283064e+00,-2.617954204062704071e-01,7.227585016375891458e-01
3.835747020732214185e-01,8.204400370207109994e-01,3.128093622656399203e-02,5.919996237118779758e-03,-7.838710307380800657e-01,1.230143623861283064e+00,-2.617954204062704071e-01,7.250277790014860724e-01
3.835747020732214185e-01,8.204400370207109994e-01,3.128093622656399203e-02,5.919996237118779758e-03,-7.838710307380800657e-01,1.230143623861283064e+00,-2.617954204062704071e-01,7.255982677242533985e-01
3.835747020732214185e-01,8.204400370207109994e-01,3.128093622656399203e-02,5.919996237118779758e-03,-7.838710307380800657e-01,1.230143623861283064e+00,-2.617954204062704071e-01,7.273097338925555988e-01
3.835747020732214185e-01,8.204400370207109994e-01,3.128093622656399203e-02,5.919996237118779758e-03,-7.838710307380800657e-01,1.230143623861283064e+00,-2.617954204062704071e-01,7.278802226153230359e-01
3.835747020732214185e-01,8.204400370207109994e-01,3.128093622656399203e-02,5.919996237118779758e-03,-7.838710307380800657e-01,1.230143623861283064e+00,-2.617954204062704071e-01,7.295916887836251252e-01
3.835747020732214185e-01,8.204400370207109994e-01,3.128093622656399203e-02,5.919996237118779758e-03,-7.838710307380800657e-01,1.230143623861283064e+00,-2.617954204062704071e-01,7.307326662291598884e-01
3.835747020732214185e-01,8.204400370207109994e-01,3.128093622656399203e-02,5.919996237118779758e-03,-7.838710307380800657e-01,1.230143623861283064e+00,-2.617954204062704071e-01,7.324441323974620888e-01
3.835747020732214185e-01,8.204400370207109994e-01,3.128093622656399203e-02,5.919996237118779758e-03,-7.838710307380800657e-01,1.230143623861283064e+00,-2.617954204062704071e-01,7.330146211202295259e-01
3.835747020732214185e-01,8.204400370207109994e-01,3.128093622656399203e-02,5.919996237118779758e-03,-7.838710307380800657e-01,1.230143623861283064e+00,-2.617954204062704071e-01,7.352838984841264525e-01
3.835747020732214185e-01,8.204400370207109994e-01,3.128093622656399203e-02,5.919996237118779758e-03,-7.838710307380800657e-01,1.230143623861283064e+00,-2.617954204062704071e-01,7.358543872068937786e-01
3.835747020732214185e-01,8.204400370207109994e-01,3.128093622656399203e-02,5.919996237118779758e-03,-7.838710307380800657e-01,1.230143623861283064e+00,-2.617954204062704071e-01,7.375658533751959789e-01
3.835747020732214185e-01,8.204400370207109994e-01,3.128093622656399203e-02,5.919996237118779758e-03,-7.838710307380800657e-01,1.230143623861283064e+00,-2.617954204062704071e-01,7.381363420979634160e-01
3.835747020732214185e-01,8.204400370207109994e-01,3.128093622656399203e-02,5.919996237118779758e-03,-7.838710307380800657e-01,1.230143623861283064e+00,-2.617954204062704071e-01,7.404182969890329424e-01
3.835747020732214185e-01,8.204400370207109994e-01,3.128093622656399203e-02,5.919996237118779758e-03,-7.838710307380800657e-01,1.230143623861283064e+00,-2.617954204062704071e-01,7.409887857118002685e-01
3.835747020732214185e-01,8.204400370207109994e-01,3.128093622656399203e-02,5.919996237118779758e-03,-7.838710307380800657e-01,1.230143623861283064e+00,-2.617954204062704071e-01,7.432707406028697950e-01
3.835747020732214185e-01,8.204400370207109994e-01,3.128093622656399203e-02,5.919996237118779758e-03,-7.838710307380800657e-01,1.230143623861283064e+00,-2.617954204062704071e-01,7.438412293256372321e-01
3.835747020732214185e-01,8.204400370207109994e-01,3.128093622656399203e-02,5.919996237118779758e-03,-7.838710307380800657e-01,1.230143623861283064e+00,-2.617954204062704071e-01,7.455400179667668326e-01
3.835747020732214185e-01,8.204400370207109994e-01,3.128093622656399203e-02,5.919996237118779758e-03,-7.838710307380800657e-01,1.230143623861283064e+00,-2.617954204062704071e-01,7.461105066895341587e-01
3.835747020732214185e-01,8.204400370207109994e-01,3.128093622656399203e-02,5.919996237118779758e-03,-7.838710307380800657e-01,1.230143623861283064e+00,-2.617954204062704071e-01,7.483924615806036851e-01
3.835747020732214185e-01,8.204400370207109994e-01,3.128093622656399203e-02,5.919996237118779758e-03,-7.838710307380800657e-01,1.230143623861283064e+00,-2.617954204062704071e-01,7.489629503033711222e-01
3.835747020732214185e-01,8.204400370207109994e-01,3.128093622656399203e-02,5.919996237118779758e-03,-7.838710307380800657e-01,1.230143623861283064e+00,-2.617954204062704071e-01,7.506617389445006117e-01
3.835747020732214185e-01,8.204400370207109994e-01,3.128093622656399203e-02,5.919996237118779758e-03,-7.838710307380800657e-01,1.230143623861283064e+00,-2.617954204062704071e-01,7.518027163900354859e-01
3.835747020732214185e-01,8.204400370207109994e-01,3.128093622656399203e-02,5.919996237118779758e-03,-7.838710307380800657e-01,1.230143623861283064e+00,-2.617954204062704071e-01,7.535141825583375752e-01
3.835747020732214185e-01,8.204400370207109994e-01,3.128093622656399203e-02,5.919996237118779758e-03,-7.838710307380800657e-01,1.230143623861283064e+00,-2.617954204062704071e-01,7.540846712811050123e-01
3.835747020732214185e-01,8.204400370207109994e-01,3.128093622656399203e-02,5.919996237118779758e-03,-7.838710307380800657e-01,1.230143623861283064e+00,-2.617954204062704071e-01,7.552256487266397755e-01
3.835747020732214185e-01,8.204400370207109994e-01,3.128093622656399203e-02,5.919996237118779758e-03,-7.838710307380800657e-01,1.230143623861283064e+00,-2.617954204062704071e-01,7.580780923404767391e-01
3.835747020732214185e-01,8.204400370207109994e-01,3.128093622656399203e-02,5.919996237118779758e-03,-7.838710307380800657e-01,1.230143623861283064e+00,-2.617954204062704071e-01,7.586485810632440652e-01
3.835747020732214185e-01,8.204400370207109994e-01,3.128093622656399203e-02,5.919996237118779758e-03,-7.838710307380800657e-01,1.230143623861283064e+00,-2.617954204062704071e-01,7.603473697043736657e-01
3.835747020732214185e-01,8.204400370207109994e-01,3.128093622656399203e-02,5.919996237118779758e-03,-7.838710307380800657e-01,1.230143623861283064e+00,-2.617954204062704071e-01,7.609178584271409918e-01
3.835747020732214185e-01,8.204400370207109994e-01,3.128093622656399203e-02,5.919996237118779758e-03,-7.838710307380800657e-01,1.230143623861283064e+00,-2.617954204062704071e-01,7.626293245954431921e-01
3.835747020732214185e-01,8.204400370207109994e-01,3.128093622656399203e-02,5.919996237118779758e-03,-7.838710307380800657e-01,1.230143623861283064e+00,-2.617954204062704071e-01,7.631998133182105182e-01
3.835747020732214185e-01,8.204400370207109994e-01,3.128093622656399203e-02,5.919996237118779758e-03,-7.838710307380800657e-01,1.230143623861283064e+00,-2.617954204062704071e-01,7.654817682092801556e-01
3.835747020732214185e-01,8.204400370207109994e-01,3.128093622656399203e-02,5.919996237118779758e-03,-7.838710307380800657e-01,1.230143623861283064e+00,-2.617954204062704071e-01,7.660522569320474817e-01
3.835747020732214185e-01,8.204400370207109994e-01,3.128093622656399203e-02,5.919996237118779758e-03,-7.838710307380800657e-01,1.230143623861283064e+00,-2.617954204062704071e-01,7.677637231003496820e-01
3.835747020732214185e-01,8.204400370207109994e-01,3.128093622656399203e-02,5.919996237118779758e-03,-7.838710307380800657e-01,1.230143623861283064e+00,-2.617954204062704071e-01,7.689047005458844453e-01
3.835747020732214185e-01,8.204400370207109994e-01,3.128093622656399203e-02,5.919996237118779758e-03,-7.838710307380800657e-01,1.230143623861283064e+00,-2.617954204062704071e-01,7.706034891870140457e-01
3.835747020732214185e-01,8.204400370207109994e-01,3.128093622656399203e-02,5.919996237118779758e-03,-7.838710307380800657e-01,1.230143623861283064e+00,-2.617954204062704071e-01,7.717444666325488090e-01
3.835747020732214185e-01,8.204400370207109994e-01,3.128093622656399203e-02,5.902002327583464637e-03,-7.838710307380800657e-01,1.230143623861283064e+00,-2.617954204062704071e-01,7.734559328008508983e-01
3.835747020732214185e-01,8.204400370207109994e-01,3.128093622656399203e-02,5.902002327583464637e-03,-7.838710307380800657e-01,1.230143623861283064e+00,-2.617954204062704071e-01,7.740264215236183354e-01
3.835747020732214185e-01,8.204400370207109994e-01,3.128093622656399203e-02,5.902002327583464637e-03,-7.838710307380800657e-01,1.230143623861283064e+00,-2.617954204062704071e-01,7.763083764146878618e-01
3.835747020732214185e-01,8.204400370207109994e-01,3.128093622656399203e-02,5.919996237118779758e-03,-7.838710307380800657e-01,1.230143623861283064e+00,-2.617954204062704071e-01,7.768788651374552989e-01
3.835747020732214185e-01,8.204400370207109994e-01,3.128093622656399203e-02,5.902002327583464637e-03,-7.838710307380800657e-01,1.230143623861283064e+00,-2.617954204062704071e-01,7.791481425013522255e-01
3.835747020732214185e-01,8.204400370207109994e-01,3.128093622656399203e-02,5.902002327583464637e-03,-7.838710307380800657e-01,1.230143623861283064e+00,-2.617954204062704071e-01,7.797186312241195516e-01
3.835747020732214185e-01,8.204400370207109994e-01,3.128093622656399203e-02,5.919996237118779758e-03,-7.838710307380800657e-01,1.230143623861283064e+00,-2.617954204062704071e-01,7.820005861151890780e-01
3.835747020732214185e-01,8.204400370207109994e-01,3.128093622656399203e-02,5.919996237118779758e-03,-7.838710307380800657e-01,1.230143623861283064e+00,-2.617954204062704071e-01,7.825710748379565151e-01
3.835747020732214185e-01,8.204400370207109994e-01,3.128093622656399203e-02,5.919996237118779758e-03,-7.838710307380800657e-01,1.230143623861283064e+00,-2.617954204062704071e-01,7.842825410062587155e-01
3.835747020732214185e-01,8.204400370207109994e-01,3.128093622656399203e-02,5.919996237118779758e-03,-7.838710307380800657e-01,1.230143623861283064e+00,-2.617954204062704071e-01,7.848530297290260416e-01
3.835747020732214185e-01,8.204400370207109994e-01,3.128093622656399203e-02,5.902002327583464637e-03,-7.838710307380800657e-01,1.230143623861283064e+00,-2.617954204062704071e-01,7.865644958973282419e-01
3.835747020732214185e-01,8.204400370207109994e-01,3.128093622656399203e-02,5.919996237118779758e-03,-7.838710307380800657e-01,1.230143623861283064e+00,-2.617954204062704071e-01,7.871349846200955680e-01
3.835747020732214185e-01,8.204400370207109994e-01,3.128093622656399203e-02,5.919996237118779758e-03,-7.838710307380800657e-01,1.230143623861283064e+00,-2.617954204062704071e-01,7.894042619839926056e-01
3.835747020732214185e-01,8.204400370207109994e-01,3.128093622656399203e-02,5.919996237118779758e-03,-7.838710307380800657e-01,1.230143623861283064e+00,-2.617954204062704071e-01,7.899747507067599317e-01
3.835747020732214185e-01,8.204400370207109994e-01,3.128093622656399203e-02,5.919996237118779758e-03,-7.838710307380800657e-01,1.230143623861283064e+00,-2.617954204062704071e-01,7.916862168750621320e-01
3.835747020732214185e-01,8.204400370207109994e-01,3.128093622656399203e-02,5.919996237118779758e-03,-7.838710307380800657e-01,1.230143623861283064e+00,-2.617954204062704071e-01,7.922567055978294581e-01
3.835747020732214185e-01,8.204400370207109994e-01,3.128093622656399203e-02,5.919996237118779758e-03,-7.838710307380800657e-01,1.230143623861283064e+00,-2.617954204062704071e-01,7.939681717661316585e-01
3.835747020732214185e-01,8.204400370207109994e-01,3.128093622656399203e-02,5.902002327583464637e-03,-7.838710307380800657e-01,1.230143623861283064e+00,-2.617954204062704071e-01,7.951091492116664217e-01
3.835747020732214185e-01,8.204400370207109994e-01,3.128093622656399203e-02,5.919996237118779758e-03,-7.838710307380800657e-01,1.230143623861283064e+00,-2.617954204062704071e-01,7.968079378527960221e-01
3.835747020732214185e-01,8.204400370207109994e-01,3.128093622656399203e-02,5.902002327583464637e-03,-7.838710307380800657e-01,1.230143623861283064e+00,-2.617954204062704071e-01,7.973911041027359481e-01
3.835747020732214185e-01,8.204400370207109994e-01,3.128093622656399203e-02,5.919996237118779758e-03,-7.838710307380800657e-01,1.230143623861283064e+00,-2.617954204062704071e-01,7.996603814666328747e-01
3.835747020732214185e-01,8.204400370207109994e-01,3.128093622656399203e-02,5.919996237118779758e-03,-7.838710307380800657e-01,1.230143623861283064e+00,-2.617954204062704071e-01,8.002308701894003118e-01
3.835747020732214185e-01,8.204400370207109994e-01,3.128093622656399203e-02,5.902002327583464637e-03,-7.838710307380800657e-01,1.230143623861283064e+00,-2.617954204062704071e-01,8.019423363577025121e-01
3.835747020732214185e-01,8.204400370207109994e-01,3.128093622656399203e-02,5.919996237118779758e-03,-7.838710307380800657e-01,1.230143623861283064e+00,-2.617954204062704071e-01,8.025128250804698382e-01
3.835747020732214185e-01,8.204400370207109994e-01,3.128093622656399203e-02,5.919996237118779758e-03,-7.838710307380800657e-01,1.230143623861283064e+00,-2.617954204062704071e-01,8.042242912487720385e-01
3.835747020732214185e-01,8.204400370207109994e-01,3.128093622656399203e-02,5.919996237118779758e-03,-7.838710307380800657e-01,1.230143623861283064e+00,-2.617954204062704071e-01,8.047947799715393646e-01
3.835747020732214185e-01,8.204400370207109994e-01,3.128093622656399203e-02,5.902002327583464637e-03,-7.838710307380800657e-01,1.230143623861283064e+00,-2.617954204062704071e-01,8.065062461398415650e-01
3.835747020732214185e-01,8.204400370207109994e-01,3.128093622656399203e-02,5.919996237118779758e-03,-7.838710307380800657e-01,1.230143623861283064e+00,-2.617954204062704071e-01,8.070640573354362912e-01
3.835747020732214185e-01,8.204400370207109994e-01,3.128093622656399203e-02,5.919996237118779758e-03,-7.838710307380800657e-01,1.230143623861283064e+00,-2.617954204062704071e-01,8.093460122265059287e-01
3.835747020732214185e-01,8.204400370207109994e-01,3.128093622656399203e-02,5.902002327583464637e-03,-7.838710307380800657e-01,1.230143623861283064e+00,-2.617954204062704071e-01,8.099165009492732548e-01
3.835747020732214185e-01,8.204400370207109994e-01,3.128093622656399203e-02,5.919996237118779758e-03,-7.838710307380800657e-01,1.230143623861283064e+00,-2.617954204062704071e-01,8.116279671175754551e-01
3.835747020732214185e-01,8.204400370207109994e-01,3.128093622656399203e-02,5.902002327583464637e-03,-7.838710307380800657e-01,1.230143623861283064e+00,-2.617954204062704071e-01,8.139099220086449815e-01
3.835747020732214185e-01,8.204400370207109994e-01,3.128093622656399203e-02,5.919996237118779758e-03,-7.838710307380800657e-01,1.230143623861283064e+00,-2.617954204062704071e-01,8.144804107314124186e-01
3.835747020732214185e-01,8.204400370207109994e-01,3.128093622656399203e-02,5.919996237118779758e-03,-7.838710307380800657e-01,1.230143623861283064e+00,-2.617954204062704071e-01,8.167623656224819451e-01
3.835747020732214185e-01,8.204400370207109994e-01,3.128093622656399203e-02,5.919996237118779758e-03,-7.838710307380800657e-01,1.230143623861283064e+00,-2.617954204062704071e-01,8.173328543452492712e-01
3.835747020732214185e-01,8.204400370207109994e-01,3.128093622656399203e-02,5.902002327583464637e-03,-7.838710307380800657e-01,1.230143623861283064e+00,-2.617954204062704071e-01,8.190316429863788716e-01
3.835747020732214185e-01,8.204400370207109994e-01,3.128093622656399203e-02,5.902002327583464637e-03,-7.838710307380800657e-01,1.230143623861283064e+00,-2.617954204062704071e-01,8.201726204319136349e-01
3.835747020732214185e-01,8.204400370207109994e-01,3.128093622656399203e-02,5.902002327583464637e-03,-7.838710307380800657e-01,1.230143623861283064e+00,-2.617954204062704071e-01,8.218840866002158352e-01
3.835747020732214185e-01,8.204400370207109994e-01,3.128093622656399203e-02,5.902002327583464637e-03,-7.838710307380800657e-01,1.230143623861283064e+00,-2.617954204062704071e-01,8.224545753229831613e-01
3.835747020732214185e-01,8.204400370207109994e-01,3.128093622656399203e-02,5.902002327583464637e-03,-7.838710307380800657e-01,1.230143623861283064e+00,-2.617954204062704071e-01,8.241660414912853616e-01
3.835747020732214185e-01,8.204400370207109994e-01,3.128093622656399203e-02,5.902002327583464637e-03,-7.838710307380800657e-01,1.230143623861283064e+00,-2.617954204062704071e-01,8.247365302140526877e-01
3.835747020732214185e-01,8.204400370207109994e-01,3.128093622656399203e-02,5.919996237118779758e-03,-7.838710307380800657e-01,1.230143623861283064e+00,-2.617954204062704071e-01,8.270184851051223252e-01
3.835747020732214185e-01,8.204400370207109994e-01,3.128093622656399203e-02,5.902002327583464637e-03,-7.838710307380800657e-01,1.230143623861283064e+00,-2.617954204062704071e-01,8.281467850234844885e-01
3.835747020732214185e-01,8.204400370207109994e-01,3.128093622656399203e-02,5.919996237118779758e-03,-7.838710307380800657e-01,1.230143623861283064e+00,-2.617954204062704071e-01,8.304287399145540149e-01
3.835747020732214185e-01,8.204400370207109994e-01,3.128093622656399203e-02,5.902002327583464637e-03,-7.838710307380800657e-01,1.230143623861283064e+00,-2.617954204062704071e-01,8.309992286373213410e-01
3.835747020732214185e-01,8.204400370207109994e-01,3.128093622656399203e-02,5.919996237118779758e-03,-7.838710307380800657e-01,1.230143623861283064e+00,-2.617954204062704071e-01,8.326980172784509415e-01
3.835747020732214185e-01,8.204400370207109994e-01,3.128093622656399203e-02,5.902002327583464637e-03,-7.838710307380800657e-01,1.230143623861283064e+00,-2.617954204062704071e-01,8.332811835283909785e-01
3.835747020732214185e-01,8.204400370207109994e-01,3.128093622656399203e-02,5.919996237118779758e-03,-7.838710307380800657e-01,1.230143623861283064e+00,-2.617954204062704071e-01,8.355631384194605049e-01
3.835747020732214185e-01,8.204400370207109994e-01,3.128093622656399203e-02,5.919996237118779758e-03,-7.838710307380800657e-01,1.230143623861283064e+00,-2.617954204062704071e-01,8.367041158649952681e-01
3.835747020732214185e-01,8.204400370207109994e-01,3.128093622656399203e-02,5.919996237118779758e-03,-7.838710307380800657e-01,1.230143623861283064e+00,-2.617954204062704071e-01,8.384029045061247576e-01
3.835747020732214185e-01,8.204400370207109994e-01,3.128093622656399203e-02,5.902002327583464637e-03,-7.838710307380800657e-01,1.230143623861283064e+00,-2.617954204062704071e-01,8.389733932288921947e-01
3.835747020732214185e-01,8.204400370207109994e-01,3.128093622656399203e-02,5.902002327583464637e-03,-7.838710307380800657e-01,1.230143623861283064e+00,-2.617954204062704071e-01,8.412553481199617211e-01
3.835747020732214185e-01,8.204400370207109994e-01,3.128093622656399203e-02,5.902002327583464637e-03,-7.838710307380800657e-01,1.230143623861283064e+00,-2.617954204062704071e-01,8.418258368427291582e-01
3.835747020732214185e-01,8.204400370207109994e-01,3.128093622656399203e-02,5.919996237118779758e-03,-7.838710307380800657e-01,1.230143623861283064e+00,-2.617954204062704071e-01,8.435373030110312476e-01
3.835747020732214185e-01,8.204400370207109994e-01,3.128093622656399203e-02,5.902002327583464637e-03,-7.838710307380800657e-01,1.230143623861283064e+00,-2.617954204062704071e-01,8.440951142066260848e-01
3.835747020732214185e-01,8.204400370207109994e-01,3.128093622656399203e-02,5.902002327583464637e-03,-7.838710307380800657e-01,1.230143623861283064e+00,-2.617954204062704071e-01,8.469475578204630484e-01
3.835747020732214185e-01,8.204400370207109994e-01,3.128093622656399203e-02,5.902002327583464637e-03,-7.838710307380800657e-01,1.230143623861283064e+00,-2.617954204062704071e-01,8.475180465432303745e-01
3.835747020732214185e-01,8.204400370207109994e-01,3.128093622656399203e-02,5.919996237118779758e-03,-7.838710307380800657e-01,1.230143623861283064e+00,-2.617954204062704071e-01,8.498000014342999009e-01
3.835747020732214185e-01,8.204400370207109994e-01,3.128093622656399203e-02,5.902002327583464637e-03,-7.838710307380800657e-01,1.230143623861283064e+00,-2.617954204062704071e-01,8.503704901570673380e-01
3.835747020732214185e-01,8.204400370207109994e-01,3.128093622656399203e-02,5.902002327583464637e-03,-7.838710307380800657e-01,1.230143623861283064e+00,-2.617954204062704071e-01,8.520819563253695383e-01
3.835747020732214185e-01,8.204400370207109994e-01,3.128093622656399203e-02,5.902002327583464637e-03,-7.838710307380800657e-01,1.230143623861283064e+00,-2.617954204062704071e-01,8.526524450481368644e-01
3.835747020732214185e-01,8.204400370207109994e-01,3.128093622656399203e-02,5.919996237118779758e-03,-7.838710307380800657e-01,1.230143623861283064e+00,-2.617954204062704071e-01,8.549217224120337910e-01
3.835747020732214185e-01,8.204400370207109994e-01,3.128093622656399203e-02,5.902002327583464637e-03,-7.838710307380800657e-01,1.230143623861283064e+00,-2.617954204062704071e-01,8.554922111348012281e-01
3.835747020732214185e-01,8.204400370207109994e-01,3.128093622656399203e-02,5.919996237118779758e-03,-7.838710307380800657e-01,1.230143623861283064e+00,-2.617954204062704071e-01,8.572036773031033174e-01
3.835747020732214185e-01,8.204400370207109994e-01,3.128093622656399203e-02,5.902002327583464637e-03,-7.838710307380800657e-01,1.230143623861283064e+00,-2.617954204062704071e-01,8.577741660258707546e-01
3.835747020732214185e-01,8.204400370207109994e-01,3.128093622656399203e-02,5.902002327583464637e-03,-7.838710307380800657e-01,1.230143623861283064e+00,-2.617954204062704071e-01,8.600561209169402810e-01
3.835747020732214185e-01,8.204400370207109994e-01,3.128093622656399203e-02,5.902002327583464637e-03,-7.838710307380800657e-01,1.230143623861283064e+00,-2.617954204062704071e-01,8.606266096397077181e-01
3.835747020732214185e-01,8.204400370207109994e-01,3.128093622656399203e-02,5.919996237118779758e-03,-7.838710307380800657e-01,1.230143623861283064e+00,-2.617954204062704071e-01,8.623253982808372076e-01
3.835747020732214185e-01,8.204400370207109994e-01,3.128093622656399203e-02,5.902002327583464637e-03,-7.838710307380800657e-01,1.230143623861283064e+00,-2.617954204062704071e-01,8.634663757263719708e-01
3.835747020732214185e-01,8.204400370207109994e-01,3.128093622656399203e-02,5.902002327583464637e-03,-7.838710307380800657e-01,1.230143623861283064e+00,-2.617954204062704071e-01,8.657483306174416082e-01
3.835747020732214185e-01,8.204400370207109994e-01,3.128093622656399203e-02,5.902002327583464637e-03,-7.838710307380800657e-01,1.230143623861283064e+00,-2.617954204062704071e-01,8.663188193402089343e-01
3.835747020732214185e-01,8.204400370207109994e-01,3.128093622656399203e-02,5.902002327583464637e-03,-7.838710307380800657e-01,1.230143623861283064e+00,-2.617954204062704071e-01,8.680302855085111347e-01
3.835747020732214185e-01,8.204400370207109994e-01,3.128093622656399203e-02,5.902002327583464637e-03,-7.838710307380800657e-01,1.230143623861283064e+00,-2.617954204062704071e-01,8.686007742312784607e-01
3.835747020732214185e-01,8.204400370207109994e-01,3.128093622656399203e-02,5.902002327583464637e-03,-7.838710307380800657e-01,1.230143623861283064e+00,-2.617954204062704071e-01,8.708827291223480982e-01
3.835747020732214185e-01,8.204400370207109994e-01,3.128093622656399203e-02,5.902002327583464637e-03,-7.838710307380800657e-01,1.230143623861283064e+00,-2.617954204062704071e-01,8.714532178451154243e-01
3.835747020732214185e-01,8.204400370207109994e-01,3.128093622656399203e-02,5.902002327583464637e-03,-7.838710307380800657e-01,1.230143623861283064e+00,-2.617954204062704071e-01,8.731646840134176246e-01
3.835747020732214185e-01,8.204400370207109994e-01,3.128093622656399203e-02,5.902002327583464637e-03,-7.838710307380800657e-01,1.230143623861283064e+00,-2.617954204062704071e-01,8.737224952090123509e-01
3.835747020732214185e-01,8.204400370207109994e-01,3.128093622656399203e-02,5.902002327583464637e-03,-7.838710307380800657e-01,1.230143623861283064e+00,-2.617954204062704071e-01,8.765749388228493144e-01
3.835747020732214185e-01,8.204400370207109994e-01,3.128093622656399203e-02,5.919996237118779758e-03,-7.838710307380800657e-01,1.230143623861283064e+00,-2.617954204062704071e-01,8.771581050727893514e-01
3.835747020732214185e-01,8.204400370207109994e-01,3.128093622656399203e-02,5.902002327583464637e-03,-7.838710307380800657e-01,1.230143623861283064e+00,-2.617954204062704071e-01,8.794273824366862780e-01
3.835747020732214185e-01,8.204400370207109994e-01,3.128093622656399203e-02,5.902002327583464637e-03,-7.838710307380800657e-01,1.230143623861283064e+00,-2.617954204062704071e-01,8.805683598822210412e-01
3.835747020732214185e-01,8.204400370207109994e-01,3.128093622656399203e-02,5.902002327583464637e-03,-7.838710307380800657e-01,1.230143623861283064e+00,-2.617954204062704071e-01,8.822798260505232415e-01
3.835747020732214185e-01,8.204400370207109994e-01,3.128093622656399203e-02,5.919996237118779758e-03,-7.838710307380800657e-01,1.230143623861283064e+00,-2.617954204062704071e-01,8.828503147732905676e-01
3.835747020732214185e-01,8.204400370207109994e-01,3.128093622656399203e-02,5.902002327583464637e-03,-7.838710307380800657e-01,1.230143623861283064e+00,-2.617954204062704071e-01,8.857027583871275311e-01
3.835747020732214185e-01,8.204400370207109994e-01,3.128093622656399203e-02,5.919996237118779758e-03,-7.838710307380800657e-01,1.230143623861283064e+00,-2.617954204062704071e-01,8.862605695827222574e-01
3.835747020732214185e-01,8.204400370207109994e-01,3.128093622656399203e-02,5.919996237118779758e-03,-7.838710307380800657e-01,1.230143623861283064e+00,-2.617954204062704071e-01,8.879720357510244577e-01
3.835747020732214185e-01,8.204400370207109994e-01,3.128093622656399203e-02,5.902002327583464637e-03,-7.838710307380800657e-01,1.230143623861283064e+00,-2.617954204062704071e-01,8.891130131965592209e-01
3.835747020732214185e-01,8.204400370207109994e-01,3.128093622656399203e-02,5.919996237118779758e-03,-7.838710307380800657e-01,1.230143623861283064e+00,-2.617954204062704071e-01,8.908244793648614213e-01
3.835747020732214185e-01,8.204400370207109994e-01,3.128093622656399203e-02,5.902002327583464637e-03,-7.838710307380800657e-01,1.230143623861283064e+00,-2.617954204062704071e-01,8.913949680876287474e-01
3.835747020732214185e-01,8.204400370207109994e-01,3.128093622656399203e-02,5.902002327583464637e-03,-7.838710307380800657e-01,1.230143623861283064e+00,-2.617954204062704071e-01,8.936769229786982738e-01
3.835747020732214185e-01,8.204400370207109994e-01,3.128093622656399203e-02,5.902002327583464637e-03,-7.838710307380800657e-01,1.230143623861283064e+00,-2.617954204062704071e-01,8.942474117014657109e-01
3.835747020732214185e-01,8.204400370207109994e-01,3.128093622656399203e-02,5.902002327583464637e-03,-7.838710307380800657e-01,1.230143623861283064e+00,-2.617954204062704071e-01,8.959462003425953114e-01
3.835747020732214185e-01,8.204400370207109994e-01,3.128093622656399203e-02,5.902002327583464637e-03,-7.838710307380800657e-01,1.230143623861283064e+00,-2.617954204062704071e-01,8.965166890653626375e-01
3.835747020732214185e-01,8.204400370207109994e-01,3.128093622656399203e-02,5.902002327583464637e-03,-7.838710307380800657e-01,1.230143623861283064e+00,-2.617954204062704071e-01,8.982281552336648378e-01
3.835747020732214185e-01,8.204400370207109994e-01,3.128093622656399203e-02,5.902002327583464637e-03,-7.838710307380800657e-01,1.230143623861283064e+00,-2.617954204062704071e-01,8.987986439564321639e-01
3.835747020732214185e-01,8.204400370207109994e-01,3.128093622656399203e-02,5.902002327583464637e-03,-7.838710307380800657e-01,1.230143623861283064e+00,-2.617954204062704071e-01,9.010805988475018014e-01
3.835747020732214185e-01,8.204400370207109994e-01,3.128093622656399203e-02,5.919996237118779758e-03,-7.838710307380800657e-01,1.230143623861283064e+00,-2.617954204062704071e-01,9.016510875702691274e-01
3.835747020732214185e-01,8.204400370207109994e-01,3.128093622656399203e-02,5.902002327583464637e-03,-7.838710307380800657e-01,1.230143623861283064e+00,-2.617954204062704071e-01,9.033625537385713278e-01
3.835747020732214185e-01,8.204400370207109994e-01,3.128093622656399203e-02,5.902002327583464637e-03,-7.838710307380800657e-01,1.230143623861283064e+00,-2.617954204062704071e-01,9.039330424613386539e-01
3.835747020732214185e-01,8.204400370207109994e-01,3.128093622656399203e-02,5.902002327583464637e-03,-7.838710307380800657e-01,1.230143623861283064e+00,-2.617954204062704071e-01,9.062023198252355805e-01
3.835747020732214185e-01,8.204400370207109994e-01,3.128093622656399203e-02,5.902002327583464637e-03,-7.838710307380800657e-01,1.230143623861283064e+00,-2.617954204062704071e-01,9.067728085480030176e-01
3.835747020732214185e-01,8.204400370207109994e-01,3.128093622656399203e-02,5.902002327583464637e-03,-7.838710307380800657e-01,1.230143623861283064e+00,-2.617954204062704071e-01,9.084842747163052179e-01
3.835747020732214185e-01,8.204400370207109994e-01,3.128093622656399203e-02,5.902002327583464637e-03,-7.838710307380800657e-01,1.230143623861283064e+00,-2.617954204062704071e-01,9.090547634390725440e-01
3.835747020732214185e-01,8.204400370207109994e-01,3.128093622656399203e-02,5.902002327583464637e-03,-7.838710307380800657e-01,1.230143623861283064e+00,-2.617954204062704071e-01,9.113367183301420704e-01
3.835747020732214185e-01,8.204400370207109994e-01,3.128093622656399203e-02,5.902002327583464637e-03,-7.838710307380800657e-01,1.230143623861283064e+00,-2.617954204062704071e-01,9.124650182485042338e-01
3.835747020732214185e-01,8.204400370207109994e-01,3.128093622656399203e-02,5.902002327583464637e-03,-7.838710307380800657e-01,1.230143623861283064e+00,-2.617954204062704071e-01,9.147469731395738712e-01
3.835747020732214185e-01,8.204400370207109994e-01,3.128093622656399203e-02,5.902002327583464637e-03,-7.838710307380800657e-01,1.230143623861283064e+00,-2.617954204062704071e-01,9.153174618623411973e-01
3.835747020732214185e-01,8.204400370207109994e-01,3.128093622656399203e-02,5.902002327583464637e-03,-7.838710307380800657e-01,1.230143623861283064e+00,-2.617954204062704071e-01,9.170289280306433977e-01
3.835747020732214185e-01,8.204400370207109994e-01,3.128093622656399203e-02,5.902002327583464637e-03,-7.838710307380800657e-01,1.230143623861283064e+00,-2.617954204062704071e-01,9.175994167534107238e-01
3.835747020732214185e-01,8.204400370207109994e-01,3.128093622656399203e-02,5.919996237118779758e-03,-7.838710307380800657e-01,1.230143623861283064e+00,-2.617954204062704071e-01,9.198813716444803612e-01
3.835747020732214185e-01,8.204400370207109994e-01,3.128093622656399203e-02,5.902002327583464637e-03,-7.838710307380800657e-01,1.230143623861283064e+00,-2.617954204062704071e-01,9.204518603672476873e-01
3.835747020732214185e-01,8.204400370207109994e-01,3.128093622656399203e-02,5.902002327583464637e-03,-7.838710307380800657e-01,1.230143623861283064e+00,-2.617954204062704071e-01,9.221506490083772878e-01
3.835747020732214185e-01,8.204400370207109994e-01,3.128093622656399203e-02,5.919996237118779758e-03,-7.838710307380800657e-01,1.230143623861283064e+00,-2.617954204062704071e-01,9.227211377311446139e-01
3.835747020732214185e-01,8.204400370207109994e-01,3.128093622656399203e-02,5.902002327583464637e-03,-7.838710307380800657e-01,1.230143623861283064e+00,-2.617954204062704071e-01,9.250030926222141403e-01
3.835747020732214185e-01,8.204400370207109994e-01,3.128093622656399203e-02,5.902002327583464637e-03,-7.838710307380800657e-01,1.230143623861283064e+00,-2.617954204062704071e-01,9.261440700677490145e-01
3.835747020732214185e-01,8.204400370207109994e-01,3.128093622656399203e-02,5.902002327583464637e-03,-7.838710307380800657e-01,1.230143623861283064e+00,-2.617954204062704071e-01,9.278555362360511038e-01
3.835747020732214185e-01,8.204400370207109994e-01,3.128093622656399203e-02,5.902002327583464637e-03,-7.838710307380800657e-01,1.230143623861283064e+00,-2.617954204062704071e-01,9.284260249588185410e-01
3.835747020732214185e-01,8.204400370207109994e-01,3.128093622656399203e-02,5.902002327583464637e-03,-7.838710307380800657e-01,1.230143623861283064e+00,-2.617954204062704071e-01,9.307079798498880674e-01
3.835747020732214185e-01,8.204400370207109994e-01,3.128093622656399203e-02,5.902002327583464637e-03,-7.838710307380800657e-01,1.230143623861283064e+00,-2.617954204062704071e-01,9.312657910454827936e-01
3.835747020732214185e-01,8.204400370207109994e-01,3.128093622656399203e-02,5.902002327583464637e-03,-7.838710307380800657e-01,1.230143623861283064e+00,-2.617954204062704071e-01,9.329772572137849940e-01
3.835747020732214185e-01,8.204400370207109994e-01,3.128093622656399203e-02,5.902002327583464637e-03,-7.838710307380800657e-01,1.230143623861283064e+00,-2.617954204062704071e-01,9.335477459365524311e-01
3.835747020732214185e-01,8.204400370207109994e-01,3.128093622656399203e-02,5.902002327583464637e-03,-7.838710307380800657e-01,1.230143623861283064e+00,-2.617954204062704071e-01,9.364001895503892836e-01
3.835747020732214185e-01,8.204400370207109994e-01,3.128093622656399203e-02,5.902002327583464637e-03,-7.838710307380800657e-01,1.230143623861283064e+00,-2.617954204062704071e-01,9.369706782731567207e-01
3.835747020732214185e-01,8.204400370207109994e-01,3.128093622656399203e-02,5.902002327583464637e-03,-7.838710307380800657e-01,1.230143623861283064e+00,-2.617954204062704071e-01,9.386821444414589211e-01
3.835747020732214185e-01,8.204400370207109994e-01,3.128093622656399203e-02,5.902002327583464637e-03,-7.838710307380800657e-01,1.230143623861283064e+00,-2.617954204062704071e-01,9.392526331642262472e-01
3.835747020732214185e-01,8.204400370207109994e-01,3.128093622656399203e-02,5.902002327583464637e-03,-7.838710307380800657e-01,1.230143623861283064e+00,-2.617954204062704071e-01,9.415219105281231737e-01
3.835747020732214185e-01,8.204400370207109994e-01,3.128093622656399203e-02,5.902002327583464637e-03,-7.838710307380800657e-01,1.230143623861283064e+00,-2.617954204062704071e-01,9.420923992508906109e-01
3.835747020732214185e-01,8.204400370207109994e-01,3.128093622656399203e-02,5.919996237118779758e-03,-7.838710307380800657e-01,1.230143623861283064e+00,-2.617954204062704071e-01,9.438038654191927002e-01
3.835747020732214185e-01,8.204400370207109994e-01,3.128093622656399203e-02,5.902002327583464637e-03,-7.838710307380800657e-01,1.230143623861283064e+00,-2.617954204062704071e-01,9.455153315874949005e-01
3.835747020732214185e-01,8.204400370207109994e-01,3.128093622656399203e-02,5.902002327583464637e-03,-7.838710307380800657e-01,1.230143623861283064e+00,-2.617954204062704071e-01,9.460858203102623376e-01
3.835747020732214185e-01,8.204400370207109994e-01,3.128093622656399203e-02,5.902002327583464637e-03,-7.838710307380800657e-01,1.230143623861283064e+00,-2.617954204062704071e-01,9.477972864785644269e-01
3.835747020732214185e-01,8.204400370207109994e-01,3.128093622656399203e-02,5.902002327583464637e-03,-7.838710307380800657e-01,1.230143623861283064e+00,-2.617954204062704071e-01,9.483677752013318640e-01
3.835747020732214185e-01,8.204400370207109994e-01,3.128093622656399203e-02,5.902002327583464637e-03,-7.838710307380800657e-01,1.230143623861283064e+00,-2.617954204062704071e-01,9.500792413696339533e-01
3.835747020732214185e-01,8.204400370207109994e-01,3.128093622656399203e-02,5.902002327583464637e-03,-7.838710307380800657e-01,1.230143623861283064e+00,-2.617954204062704071e-01,9.506497300924013905e-01
3.835747020732214185e-01,8.204400370207109994e-01,3.128093622656399203e-02,5.902002327583464637e-03,-7.838710307380800657e-01,1.230143623861283064e+00,-2.617954204062704071e-01,9.534894961790657542e-01
3.835747020732214185e-01,8.204400370207109994e-01,3.128093622656399203e-02,5.902002327583464637e-03,-7.838710307380800657e-01,1.230143623861283064e+00,-2.617954204062704071e-01,9.540599849018330803e-01
3.835747020732214185e-01,8.204400370207109994e-01,3.128093622656399203e-02,5.902002327583464637e-03,-7.838710307380800657e-01,1.230143623861283064e+00,-2.617954204062704071e-01,9.557714510701352806e-01
3.835747020732214185e-01,8.204400370207109994e-01,3.128093622656399203e-02,5.902002327583464637e-03,-7.838710307380800657e-01,1.230143623861283064e+00,-2.617954204062704071e-01,9.563419397929026067e-01
3.835747020732214185e-01,8.204400370207109994e-01,3.128093622656399203e-02,5.902002327583464637e-03,-7.838710307380800657e-01,1.230143623861283064e+00,-2.617954204062704071e-01,9.586238946839722441e-01
3.835747020732214185e-01,8.204400370207109994e-01,3.128093622656399203e-02,5.902002327583464637e-03,-7.838710307380800657e-01,1.230143623861283064e+00,-2.617954204062704071e-01,9.591943834067395702e-01
3.835747020732214185e-01,8.204400370207109994e-01,3.128093622656399203e-02,5.902002327583464637e-03,-7.838710307380800657e-01,1.230143623861283064e+00,-2.617954204062704071e-01,9.614636607706364968e-01
3.835747020732214185e-01,8.204400370207109994e-01,3.128093622656399203e-02,5.902002327583464637e-03,-7.838710307380800657e-01,1.230143623861283064e+00,-2.617954204062704071e-01,9.620341494934039339e-01
3.835747020732214185e-01,8.204400370207109994e-01,3.128093622656399203e-02,5.902002327583464637e-03,-7.838710307380800657e-01,1.230143623861283064e+00,-2.617954204062704071e-01,9.643161043844734603e-01
3.835747020732214185e-01,8.204400370207109994e-01,3.128093622656399203e-02,5.902002327583464637e-03,-7.838710307380800657e-01,1.230143623861283064e+00,-2.617954204062704071e-01,9.648865931072408975e-01
3.835747020732214185e-01,8.204400370207109994e-01,3.128093622656399203e-02,5.919996237118779758e-03,-7.838710307380800657e-01,1.230143623861283064e+00,-2.617954204062704071e-01,9.665980592755429868e-01
3.835747020732214185e-01,8.204400370207109994e-01,3.128093622656399203e-02,5.902002327583464637e-03,-7.838710307380800657e-01,1.230143623861283064e+00,-2.617954204062704071e-01,9.671685479983104239e-01
3.835747020732214185e-01,8.204400370207109994e-01,3.128093622656399203e-02,5.902002327583464637e-03,-7.838710307380800657e-01,1.230143623861283064e+00,-2.617954204062704071e-01,9.694378253622073505e-01
3.835747020732214185e-01,8.204400370207109994e-01,3.128093622656399203e-02,5.902002327583464637e-03,-7.838710307380800657e-01,1.230143623861283064e+00,-2.617954204062704071e-01,9.700209916121473874e-01
3.835747020732214185e-01,8.204400370207109994e-01,3.128093622656399203e-02,5.902002327583464637e-03,-7.838710307380800657e-01,1.230143623861283064e+00,-2.617954204062704071e-01,9.722902689760443140e-01
3.835747020732214185e-01,8.204400370207109994e-01,3.128093622656399203e-02,5.902002327583464637e-03,-7.838710307380800657e-01,1.230143623861283064e+00,-2.617954204062704071e-01,9.728607576988116401e-01
3.835747020732214185e-01,8.204400370207109994e-01,3.128093622656399203e-02,5.902002327583464637e-03,-7.838710307380800657e-01,1.230143623861283064e+00,-2.617954204062704071e-01,9.751427125898811665e-01
3.835747020732214185e-01,8.204400370207109994e-01,3.128093622656399203e-02,5.902002327583464637e-03,-7.838710307380800657e-01,1.230143623861283064e+00,-2.617954204062704071e-01,9.757132013126486036e-01
3.835747020732214185e-01,8.204400370207109994e-01,3.128093622656399203e-02,5.902002327583464637e-03,-7.838710307380800657e-01,1.230143623861283064e+00,-2.617954204062704071e-01,9.768541787581833669e-01
3.835747020732214185e-01,8.204400370207109994e-01,3.128093622656399203e-02,5.902002327583464637e-03,-7.838710307380800657e-01,1.230143623861283064e+00,-2.617954204062704071e-01,9.774246674809508040e-01
3.835747020732214185e-01,8.204400370207109994e-01,3.128093622656399203e-02,5.902002327583464637e-03,-7.838710307380800657e-01,1.230143623861283064e+00,-2.617954204062704071e-01,9.791234561220802934e-01
3.835747020732214185e-01,8.204400370207109994e-01,3.128093622656399203e-02,5.902002327583464637e-03,-7.838710307380800657e-01,1.230143623861283064e+00,-2.617954204062704071e-01,9.796939448448477306e-01
3.835747020732214185e-01,8.204400370207109994e-01,3.128093622656399203e-02,5.902002327583464637e-03,-7.838710307380800657e-01,1.230143623861283064e+00,-2.617954204062704071e-01,9.814180885403224197e-01
3.835747020732214185e-01,8.204400370207109994e-01,3.128093622656399203e-02,5.902002327583464637e-03,-7.838710307380800657e-01,1.230143623861283064e+00,-2.617954204062704071e-01,9.819885772630898568e-01
3.835747020732214185e-01,8.204400370207109994e-01,3.128093622656399203e-02,5.902002327583464637e-03,-7.838710307380800657e-01,1.230143623861283064e+00,-2.617954204062704071e-01,9.842578546269867834e-01
3.835747020732214185e-01,8.204400370207109994e-01,3.128093622656399203e-02,5.902002327583464637e-03,-7.838710307380800657e-01,1.230143623861283064e+00,-2.617954204062704071e-01,9.848283433497542205e-01
3.835747020732214185e-01,8.204400370207109994e-01,3.128093622656399203e-02,5.902002327583464637e-03,-7.838710307380800657e-01,1.230143623861283064e+00,-2.617954204062704071e-01,9.871102982408237470e-01
3.835747020732214185e-01,8.204400370207109994e-01,3.128093622656399203e-02,5.902002327583464637e-03,-7.838710307380800657e-01,1.230143623861283064e+00,-2.617954204062704071e-01,9.876681094364184732e-01
3.835747020732214185e-01,8.204400370207109994e-01,3.128093622656399203e-02,5.902002327583464637e-03,-7.838710307380800657e-01,1.230143623861283064e+00,-2.617954204062704071e-01,9.893795756047206735e-01
3.835747020732214185e-01,8.204400370207109994e-01,3.128093622656399203e-02,5.902002327583464637e-03,-7.838710307380800657e-01,1.230143623861283064e+00,-2.617954204062704071e-01,9.899500643274881106e-01
3.835747020732214185e-01,8.204400370207109994e-01,3.128093622656399203e-02,5.902002327583464637e-03,-7.838710307380800657e-01,1.230143623861283064e+00,-2.617954204062704071e-01,9.928025079413249632e-01
3.835747020732214185e-01,8.204400370207109994e-01,3.128093622656399203e-02,5.902002327583464637e-03,-7.838710307380800657e-01,1.230143623861283064e+00,-2.617954204062704071e-01,9.933729966640924003e-01
3.835747020732214185e-01,8.204400370207109994e-01,3.128093622656399203e-02,5.902002327583464637e-03,-7.838710307380800657e-01,1.230143623861283064e+00,-2.617954204062704071e-01,9.956549515551619267e-01
3.835747020732214185e-01,8.204400370207109994e-01,3.128093622656399203e-02,5.902002327583464637e-03,-7.838710307380800657e-01,1.230143623861283064e+00,-2.617954204062704071e-01,9.962254402779293638e-01
3.835747020732214185e-01,8.204400370207109994e-01,3.128093622656399203e-02,5.902002327583464637e-03,-7.838710307380800657e-01,1.230143623861283064e+00,-2.617954204062704071e-01,9.979242289190588533e-01
3.835747020732214185e-01,8.204400370207109994e-01,3.128093622656399203e-02,5.902002327583464637e-03,-7.838710307380800657e-01,1.230143623861283064e+00,-2.617954204062704071e-01,9.984947176418262904e-01
3.835747020732214185e-01,8.204400370207109994e-01,3.128093622656399203e-02,5.902002327583464637e-03,-7.838710307380800657e-01,1.230143623861283064e+00,-2.617954204062704071e-01,1.000776672532895706e+00
3.835747020732214185e-01,8.204400370207109994e-01,3.128093622656399203e-02,5.902002327583464637e-03,-7.838710307380800657e-01,1.230143623861283064e+00,-2.617954204062704071e-01,1.001347161255663254e+00
3.835747020732214185e-01,8.204400370207109994e-01,3.128093622656399203e-02,5.902002327583464637e-03,-7.838710307380800657e-01,1.230143623861283064e+00,-2.617954204062704071e-01,1.003058627423965454e+00
3.835747020732214185e-01,8.204400370207109994e-01,3.128093622656399203e-02,5.919996237118779758e-03,-7.838710307380800657e-01,1.230143623861283064e+00,-2.617954204062704071e-01,1.003629116146732780e+00
3.835747020732214185e-01,8.204400370207109994e-01,3.128093622656399203e-02,5.902002327583464637e-03,-7.838710307380800657e-01,1.230143623861283064e+00,-2.617954204062704071e-01,1.006481559760569633e+00
3.835747020732214185e-01,8.204400370207109994e-01,3.128093622656399203e-02,5.902002327583464637e-03,-7.838710307380800657e-01,1.230143623861283064e+00,-2.617954204062704071e-01,1.007039370956164470e+00
3.835747020732214185e-01,8.204400370207109994e-01,3.128093622656399203e-02,5.902002327583464637e-03,-7.838710307380800657e-01,1.230143623861283064e+00,-2.617954204062704071e-01,1.009321325847233997e+00
3.835747020732214185e-01,8.204400370207109994e-01,3.128093622656399203e-02,5.902002327583464637e-03,-7.838710307380800657e-01,1.230143623861283064e+00,-2.617954204062704071e-01,1.010462303292768871e+00
3.835747020732214185e-01,8.204400370207109994e-01,3.128093622656399203e-02,5.902002327583464637e-03,-7.838710307380800657e-01,1.230143623861283064e+00,-2.617954204062704071e-01,1.012173769461070849e+00
3.835747020732214185e-01,8.204400370207109994e-01,3.128093622656399203e-02,5.902002327583464637e-03,-7.838710307380800657e-01,1.230143623861283064e+00,-2.617954204062704071e-01,1.013314746906605723e+00
3.835747020732214185e-01,8.204400370207109994e-01,3.128093622656399203e-02,5.902002327583464637e-03,-7.838710307380800657e-01,1.230143623861283064e+00,-2.617954204062704071e-01,1.015584024270502761e+00
3.835747020732214185e-01,8.204400370207109994e-01,3.128093622656399203e-02,5.902002327583464637e-03,-7.838710307380800657e-01,1.230143623861283064e+00,-2.617954204062704071e-01,1.016154512993270087e+00
3.835747020732214185e-01,8.204400370207109994e-01,3.128093622656399203e-02,5.902002327583464637e-03,-7.838710307380800657e-01,1.230143623861283064e+00,-2.617954204062704071e-01,1.018436467884339613e+00
3.835747020732214185e-01,8.204400370207109994e-01,3.128093622656399203e-02,5.902002327583464637e-03,-7.838710307380800657e-01,1.230143623861283064e+00,-2.617954204062704071e-01,1.019006956607106940e+00
3.835747020732214185e-01,8.204400370207109994e-01,3.128093622656399203e-02,5.902002327583464637e-03,-7.838710307380800657e-01,1.230143623861283064e+00,-2.617954204062704071e-01,1.020718422775409140e+00
3.835747020732214185e-01,8.204400370207109994e-01,3.128093622656399203e-02,5.902002327583464637e-03,-7.838710307380800657e-01,1.230143623861283064e+00,-2.617954204062704071e-01,1.021859400220944014e+00
3.835747020732214185e-01,8.204400370207109994e-01,3.128093622656399203e-02,5.902002327583464637e-03,-7.838710307380800657e-01,1.230143623861283064e+00,-2.617954204062704071e-01,1.023000377666478666e+00
3.835747020732214185e-01,8.204400370207109994e-01,3.128093622656399203e-02,5.902002327583464637e-03,-7.838710307380800657e-01,1.230143623861283064e+00,-2.617954204062704071e-01,1.025282332557548193e+00
3.835747020732214185e-01,8.204400370207109994e-01,3.128093622656399203e-02,5.902002327583464637e-03,-7.838710307380800657e-01,1.230143623861283064e+00,-2.617954204062704071e-01,1.025852821280315741e+00
3.835747020732214185e-01,8.204400370207109994e-01,3.128093622656399203e-02,5.902002327583464637e-03,-7.838710307380800657e-01,1.230143623861283064e+00,-2.617954204062704071e-01,1.027551609921445230e+00
3.835747020732214185e-01,8.204400370207109994e-01,3.128093622656399203e-02,5.902002327583464637e-03,-7.838710307380800657e-01,1.230143623861283064e+00,-2.617954204062704071e-01,1.028692587366979883e+00
3.835747020732214185e-01,8.204400370207109994e-01,3.128093622656399203e-02,5.902002327583464637e-03,-7.838710307380800657e-01,1.230143623861283064e+00,-2.617954204062704071e-01,1.030974542258049409e+00
3.835747020732214185e-01,8.204400370207109994e-01,3.128093622656399203e-02,5.902002327583464637e-03,-7.838710307380800657e-01,1.230143623861283064e+00,-2.617954204062704071e-01,1.032686008426351609e+00
3.835747020732214185e-01,8.204400370207109994e-01,3.128093622656399203e-02,5.902002327583464637e-03,-7.838710307380800657e-01,1.230143623861283064e+00,-2.617954204062704071e-01,1.033256497149119157e+00
3.835747020732214185e-01,8.204400370207109994e-01,3.128093622656399203e-02,5.902002327583464637e-03,-7.838710307380800657e-01,1.230143623861283064e+00,-2.617954204062704071e-01,1.035538452040188684e+00
3.835747020732214185e-01,8.204400370207109994e-01,3.128093622656399203e-02,5.902002327583464637e-03,-7.838710307380800657e-01,1.230143623861283064e+00,-2.617954204062704071e-01,1.036108940762956010e+00
3.835747020732214185e-01,8.204400370207109994e-01,3.128093622656399203e-02,5.902002327583464637e-03,-7.838710307380800657e-01,1.230143623861283064e+00,-2.617954204062704071e-01,1.037820406931258210e+00
3.835747020732214185e-01,8.204400370207109994e-01,3.128093622656399203e-02,5.902002327583464637e-03,-7.838710307380800657e-01,1.230143623861283064e+00,-2.617954204062704071e-01,1.038390895654025536e+00
3.835747020732214185e-01,8.204400370207109994e-01,3.128093622656399203e-02,5.902002327583464637e-03,-7.838710307380800657e-01,1.230143623861283064e+00,-2.617954204062704071e-01,1.040660173017922574e+00
3.835747020732214185e-01,8.204400370207109994e-01,3.128093622656399203e-02,5.902002327583464637e-03,-7.838710307380800657e-01,1.230143623861283064e+00,-2.617954204062704071e-01,1.041230661740689900e+00
3.835747020732214185e-01,8.204400370207109994e-01,3.128093622656399203e-02,5.902002327583464637e-03,-7.838710307380800657e-01,1.230143623861283064e+00,-2.617954204062704071e-01,1.042942127908992100e+00
3.835747020732214185e-01,8.204400370207109994e-01,3.128093622656399203e-02,5.902002327583464637e-03,-7.838710307380800657e-01,1.230143623861283064e+00,-2.617954204062704071e-01,1.043512616631759427e+00
3.835747020732214185e-01,8.204400370207109994e-01,3.128093622656399203e-02,5.902002327583464637e-03,-7.838710307380800657e-01,1.230143623861283064e+00,-2.617954204062704071e-01,1.045794571522828953e+00
3.835747020732214185e-01,8.204400370207109994e-01,3.128093622656399203e-02,5.902002327583464637e-03,-7.838710307380800657e-01,1.230143623861283064e+00,-2.617954204062704071e-01,1.046365060245596279e+00
3.835747020732214185e-01,8.204400370207109994e-01,3.128093622656399203e-02,5.902002327583464637e-03,-7.838710307380800657e-01,1.230143623861283064e+00,-2.617954204062704071e-01,1.048076526413898479e+00
3.835747020732214185e-01,8.204400370207109994e-01,3.128093622656399203e-02,5.902002327583464637e-03,-7.838710307380800657e-01,1.230143623861283064e+00,-2.617954204062704071e-01,1.048634337609493317e+00
3.835747020732214185e-01,8.204400370207109994e-01,3.128093622656399203e-02,5.902002327583464637e-03,-7.838710307380800657e-01,1.230143623861283064e+00,-2.617954204062704071e-01,1.050345803777795517e+00
3.835747020732214185e-01,8.204400370207109994e-01,3.128093622656399203e-02,5.902002327583464637e-03,-7.838710307380800657e-01,1.230143623861283064e+00,-2.617954204062704071e-01,1.050916292500562843e+00
3.835747020732214185e-01,8.204400370207109994e-01,3.128093622656399203e-02,5.902002327583464637e-03,-7.838710307380800657e-01,1.230143623861283064e+00,-2.617954204062704071e-01,1.053198247391632369e+00
3.835747020732214185e-01,8.204400370207109994e-01,3.128093622656399203e-02,5.902002327583464637e-03,-7.838710307380800657e-01,1.230143623861283064e+00,-2.617954204062704071e-01,1.053768736114399696e+00
3.835747020732214185e-01,8.204400370207109994e-01,3.128093622656399203e-02,5.902002327583464637e-03,-7.838710307380800657e-01,1.230143623861283064e+00,-2.617954204062704071e-01,1.056050691005469222e+00
3.835747020732214185e-01,8.204400370207109994e-01,3.128093622656399203e-02,5.902002327583464637e-03,-7.838710307380800657e-01,1.230143623861283064e+00,-2.617954204062704071e-01,1.056621179728236770e+00
3.835747020732214185e-01,8.204400370207109994e-01,3.128093622656399203e-02,5.902002327583464637e-03,-7.838710307380800657e-01,1.230143623861283064e+00,-2.617954204062704071e-01,1.058890457092133586e+00
3.835747020732214185e-01,8.204400370207109994e-01,3.128093622656399203e-02,5.902002327583464637e-03,-7.838710307380800657e-01,1.230143623861283064e+00,-2.617954204062704071e-01,1.059460945814901134e+00
3.835747020732214185e-01,8.204400370207109994e-01,3.128093622656399203e-02,5.902002327583464637e-03,-7.838710307380800657e-01,1.230143623861283064e+00,-2.617954204062704071e-01,1.061172411983203112e+00
3.835747020732214185e-01,8.204400370207109994e-01,3.128093622656399203e-02,5.902002327583464637e-03,-7.838710307380800657e-01,1.230143623861283064e+00,-2.617954204062704071e-01,1.061742900705970660e+00
3.835747020732214185e-01,8.204400370207109994e-01,3.128093622656399203e-02,5.902002327583464637e-03,-7.838710307380800657e-01,1.230143623861283064e+00,-2.617954204062704071e-01,1.064024855597040187e+00
3.835747020732214185e-01,8.204400370207109994e-01,3.128093622656399203e-02,5.902002327583464637e-03,-7.838710307380800657e-01,1.230143623861283064e+00,-2.617954204062704071e-01,1.064595344319807513e+00
3.835747020732214185e-01,8.204400370207109994e-01,3.128093622656399203e-02,5.902002327583464637e-03,-7.838710307380800657e-01,1.230143623861283064e+00,-2.617954204062704071e-01,1.066294132960937002e+00
3.835747020732214185e-01,8.204400370207109994e-01,3.128093622656399203e-02,5.902002327583464637e-03,-7.838710307380800657e-01,1.230143623861283064e+00,-2.617954204062704071e-01,1.066864621683704550e+00
3.835747020732214185e-01,8.204400370207109994e-01,3.128093622656399203e-02,5.902002327583464637e-03,-7.838710307380800657e-01,1.230143623861283064e+00,-2.617954204062704071e-01,1.069146576574774077e+00
3.835747020732214185e-01,8.204400370207109994e-01,3.128093622656399203e-02,5.902002327583464637e-03,-7.838710307380800657e-01,1.230143623861283064e+00,-2.617954204062704071e-01,1.069717065297541403e+00
3.835747020732214185e-01,8.204400370207109994e-01,3.128093622656399203e-02,5.902002327583464637e-03,-7.838710307380800657e-01,1.230143623861283064e+00,-2.617954204062704071e-01,1.071999020188610929e+00
3.835747020732214185e-01,8.204400370207109994e-01,3.128093622656399203e-02,5.902002327583464637e-03,-7.838710307380800657e-01,1.230143623861283064e+00,-2.617954204062704071e-01,1.072569508911378255e+00
3.835747020732214185e-01,8.204400370207109994e-01,3.128093622656399203e-02,5.902002327583464637e-03,-7.838710307380800657e-01,1.230143623861283064e+00,-2.617954204062704071e-01,1.074280975079680456e+00
3.835747020732214185e-01,8.204400370207109994e-01,3.128093622656399203e-02,5.902002327583464637e-03,-7.838710307380800657e-01,1.230143623861283064e+00,-2.617954204062704071e-01,1.074851463802447782e+00
3.835747020732214185e-01,8.204400370207109994e-01,3.128093622656399203e-02,5.902002327583464637e-03,-7.838710307380800657e-01,1.230143623861283064e+00,-2.617954204062704071e-01,1.077120741166344819e+00
3.835747020732214185e-01,8.204400370207109994e-01,3.128093622656399203e-02,5.902002327583464637e-03,-7.838710307380800657e-01,1.230143623861283064e+00,-2.617954204062704071e-01,1.077691229889112146e+00
3.835747020732214185e-01,8.204400370207109994e-01,3.128093622656399203e-02,5.902002327583464637e-03,-7.838710307380800657e-01,1.230143623861283064e+00,-2.617954204062704071e-01,1.080543673502949220e+00
3.835747020732214185e-01,8.204400370207109994e-01,3.128093622656399203e-02,5.902002327583464637e-03,-7.838710307380800657e-01,1.230143623861283064e+00,-2.617954204062704071e-01,1.081114162225716546e+00
3.835747020732214185e-01,8.204400370207109994e-01,3.128093622656399203e-02,5.902002327583464637e-03,-7.838710307380800657e-01,1.230143623861283064e+00,-2.617954204062704071e-01,1.083396117116786073e+00
3.835747020732214185e-01,8.204400370207109994e-01,3.128093622656399203e-02,5.902002327583464637e-03,-7.838710307380800657e-01,1.230143623861283064e+00,-2.617954204062704071e-01,1.083966605839553399e+00
3.835747020732214185e-01,8.204400370207109994e-01,3.128093622656399203e-02,5.902002327583464637e-03,-7.838710307380800657e-01,1.230143623861283064e+00,-2.617954204062704071e-01,1.086248560730622925e+00
3.835747020732214185e-01,8.204400370207109994e-01,3.128093622656399203e-02,5.902002327583464637e-03,-7.838710307380800657e-01,1.230143623861283064e+00,-2.617954204062704071e-01,1.087376860648985089e+00
3.835747020732214185e-01,8.204400370207109994e-01,3.128093622656399203e-02,5.902002327583464637e-03,-7.838710307380800657e-01,1.230143623861283064e+00,-2.617954204062704071e-01,1.087947349371752637e+00
3.835747020732214185e-01,8.204400370207109994e-01,3.128093622656399203e-02,5.902002327583464637e-03,-7.838710307380800657e-01,1.230143623861283064e+00,-2.617954204062704071e-01,1.090229304262822163e+00
3.835747020732214185e-01,8.204400370207109994e-01,3.128093622656399203e-02,5.902002327583464637e-03,-7.838710307380800657e-01,1.230143623861283064e+00,-2.617954204062704071e-01,1.090799792985589489e+00
3.835747020732214185e-01,8.204400370207109994e-01,3.128093622656399203e-02,5.902002327583464637e-03,-7.838710307380800657e-01,1.230143623861283064e+00,-2.617954204062704071e-01,1.093069070349486527e+00
3.835747020732214185e-01,8.204400370207109994e-01,3.128093622656399203e-02,5.902002327583464637e-03,-7.838710307380800657e-01,1.230143623861283064e+00,-2.617954204062704071e-01,1.094210047795021179e+00
3.835747020732214185e-01,8.204400370207109994e-01,3.128093622656399203e-02,5.902002327583464637e-03,-7.838710307380800657e-01,1.230143623861283064e+00,-2.617954204062704071e-01,1.095921513963323379e+00
3.835747020732214185e-01,8.204400370207109994e-01,3.128093622656399203e-02,5.902002327583464637e-03,-7.838710307380800657e-01,1.230143623861283064e+00,-2.617954204062704071e-01,1.096492002686090705e+00
3.835747020732214185e-01,8.204400370207109994e-01,3.128093622656399203e-02,5.902002327583464637e-03,-7.838710307380800657e-01,1.230143623861283064e+00,-2.617954204062704071e-01,1.098773957577160232e+00
3.835747020732214185e-01,8.204400370207109994e-01,3.128093622656399203e-02,5.902002327583464637e-03,-7.838710307380800657e-01,1.230143623861283064e+00,-2.617954204062704071e-01,1.099344446299927780e+00
3.835747020732214185e-01,8.204400370207109994e-01,3.128093622656399203e-02,5.902002327583464637e-03,-7.838710307380800657e-01,1.230143623861283064e+00,-2.617954204062704071e-01,1.101626401190997306e+00
3.835747020732214185e-01,8.204400370207109994e-01,3.128093622656399203e-02,5.902002327583464637e-03,-7.838710307380800657e-01,1.230143623861283064e+00,-2.617954204062704071e-01,1.102184212386592144e+00
3.835747020732214185e-01,8.204400370207109994e-01,3.128093622656399203e-02,5.902002327583464637e-03,-7.838710307380800657e-01,1.230143623861283064e+00,-2.617954204062704071e-01,1.104466167277661670e+00
3.835747020732214185e-01,8.204400370207109994e-01,3.128093622656399203e-02,5.902002327583464637e-03,-7.838710307380800657e-01,1.230143623861283064e+00,-2.617954204062704071e-01,1.105036656000428996e+00
3.835747020732214185e-01,8.204400370207109994e-01,3.128093622656399203e-02,5.902002327583464637e-03,-7.838710307380800657e-01,1.230143623861283064e+00,-2.617954204062704071e-01,1.107318610891498523e+00
3.835747020732214185e-01,8.204400370207109994e-01,3.128093622656399203e-02,5.902002327583464637e-03,-7.838710307380800657e-01,1.230143623861283064e+00,-2.617954204062704071e-01,1.107889099614265849e+00
3.835747020732214185e-01,8.204400370207109994e-01,3.128093622656399203e-02,5.902002327583464637e-03,-7.838710307380800657e-01,1.230143623861283064e+00,-2.617954204062704071e-01,1.110171054505335375e+00
3.835747020732214185e-01,8.204400370207109994e-01,3.128093622656399203e-02,5.902002327583464637e-03,-7.838710307380800657e-01,1.230143623861283064e+00,-2.617954204062704071e-01,1.110741543228102923e+00
3.835747020732214185e-01,8.204400370207109994e-01,3.128093622656399203e-02,5.902002327583464637e-03,-7.838710307380800657e-01,1.230143623861283064e+00,-2.617954204062704071e-01,1.113010820591999739e+00
3.835747020732214185e-01,8.204400370207109994e-01,3.128093622656399203e-02,5.902002327583464637e-03,-7.838710307380800657e-01,1.230143623861283064e+00,-2.617954204062704071e-01,1.113581309314767065e+00
3.835747020732214185e-01,8.204400370207109994e-01,3.128093622656399203e-02,5.902002327583464637e-03,-7.838710307380800657e-01,1.230143623861283064e+00,-2.617954204062704071e-01,1.116433752928604139e+00
3.835747020732214185e-01,8.204400370207109994e-01,3.128093622656399203e-02,5.902002327583464637e-03,-7.838710307380800657e-01,1.230143623861283064e+00,-2.617954204062704071e-01,1.117004241651371466e+00
3.835747020732214185e-01,8.204400370207109994e-01,3.128093622656399203e-02,5.919996237118779758e-03,-7.838710307380800657e-01,1.230143623861283064e+00,-2.617954204062704071e-01,1.118715707819673666e+00
3.835747020732214185e-01,8.204400370207109994e-01,3.128093622656399203e-02,5.902002327583464637e-03,-7.838710307380800657e-01,1.230143623861283064e+00,-2.617954204062704071e-01,1.119286196542440992e+00
3.835747020732214185e-01,8.204400370207109994e-01,3.128093622656399203e-02,5.902002327583464637e-03,-7.838710307380800657e-01,1.230143623861283064e+00,-2.617954204062704071e-01,1.120997662710743192e+00
3.835747020732214185e-01,8.204400370207109994e-01,3.128093622656399203e-02,5.902002327583464637e-03,-7.838710307380800657e-01,1.230143623861283064e+00,-2.617954204062704071e-01,1.121568151433510518e+00
3.835747020732214185e-01,8.204400370207109994e-01,3.128093622656399203e-02,5.902002327583464637e-03,-7.838710307380800657e-01,1.230143623861283064e+00,-2.617954204062704071e-01,1.123837428797407556e+00
3.835747020732214185e-01,8.204400370207109994e-01,3.128093622656399203e-02,5.902002327583464637e-03,-7.838710307380800657e-01,1.230143623861283064e+00,-2.617954204062704071e-01,1.124978406242942208e+00
3.835747020732214185e-01,8.204400370207109994e-01,3.128093622656399203e-02,5.902002327583464637e-03,-7.838710307380800657e-01,1.230143623861283064e+00,-2.617954204062704071e-01,1.126689872411244409e+00
3.835747020732214185e-01,8.204400370207109994e-01,3.128093622656399203e-02,5.902002327583464637e-03,-7.838710307380800657e-01,1.230143623861283064e+00,-2.617954204062704071e-01,1.127830849856779283e+00
3.835747020732214185e-01,8.204400370207109994e-01,3.128093622656399203e-02,5.902002327583464637e-03,-7.838710307380800657e-01,1.230143623861283064e+00,-2.617954204062704071e-01,1.129542316025081483e+00
3.835747020732214185e-01,8.204400370207109994e-01,3.128093622656399203e-02,5.902002327583464637e-03,-7.838710307380800657e-01,1.230143623861283064e+00,-2.617954204062704071e-01,1.130112804747848809e+00
3.835747020732214185e-01,8.204400370207109994e-01,3.128093622656399203e-02,5.902002327583464637e-03,-7.838710307380800657e-01,1.230143623861283064e+00,-2.617954204062704071e-01,1.132394759638918336e+00
3.835747020732214185e-01,8.204400370207109994e-01,3.128093622656399203e-02,5.902002327583464637e-03,-7.838710307380800657e-01,1.230143623861283064e+00,-2.617954204062704071e-01,1.132952570834513173e+00
3.835747020732214185e-01,8.204400370207109994e-01,3.128093622656399203e-02,5.902002327583464637e-03,-7.838710307380800657e-01,1.230143623861283064e+00,-2.617954204062704071e-01,1.134664037002815373e+00
3.835747020732214185e-01,8.204400370207109994e-01,3.128093622656399203e-02,5.902002327583464637e-03,-7.838710307380800657e-01,1.230143623861283064e+00,-2.617954204062704071e-01,1.135234525725582699e+00
3.835747020732214185e-01,8.204400370207109994e-01,3.128093622656399203e-02,5.902002327583464637e-03,-7.838710307380800657e-01,1.230143623861283064e+00,-2.617954204062704071e-01,1.139798435507721752e+00
3.835747020732214185e-01,8.204400370207109994e-01,3.128093622656399203e-02,5.902002327583464637e-03,-7.838710307380800657e-01,1.230143623861283064e+00,-2.617954204062704071e-01,1.140368924230489078e+00
3.835747020732214185e-01,8.204400370207109994e-01,3.128093622656399203e-02,5.902002327583464637e-03,-7.838710307380800657e-01,1.230143623861283064e+00,-2.617954204062704071e-01,1.142080390398791279e+00
3.835747020732214185e-01,8.204400370207109994e-01,3.128093622656399203e-02,5.902002327583464637e-03,-7.838710307380800657e-01,1.230143623861283064e+00,-2.617954204062704071e-01,1.142638201594386116e+00
3.835747020732214185e-01,8.204400370207109994e-01,3.128093622656399203e-02,5.902002327583464637e-03,-7.838710307380800657e-01,1.230143623861283064e+00,-2.617954204062704071e-01,1.144349667762688316e+00
3.835747020732214185e-01,8.204400370207109994e-01,3.128093622656399203e-02,5.902002327583464637e-03,-7.838710307380800657e-01,1.230143623861283064e+00,-2.617954204062704071e-01,1.144920156485455642e+00
3.835747020732214185e-01,8.204400370207109994e-01,3.128093622656399203e-02,5.902002327583464637e-03,-7.838710307380800657e-01,1.230143623861283064e+00,-2.617954204062704071e-01,1.147202111376525169e+00
3.835747020732214185e-01,8.204400370207109994e-01,3.128093622656399203e-02,5.902002327583464637e-03,-7.838710307380800657e-01,1.230143623861283064e+00,-2.617954204062704071e-01,1.147772600099292495e+00
3.835747020732214185e-01,8.204400370207109994e-01,3.128093622656399203e-02,5.902002327583464637e-03,-7.838710307380800657e-01,1.230143623861283064e+00,-2.617954204062704071e-01,1.149484066267594695e+00
3.835747020732214185e-01,8.204400370207109994e-01,3.128093622656399203e-02,5.902002327583464637e-03,-7.838710307380800657e-01,1.230143623861283064e+00,-2.617954204062704071e-01,1.150625043713129569e+00
3.835747020732214185e-01,8.204400370207109994e-01,3.128093622656399203e-02,5.902002327583464637e-03,-7.838710307380800657e-01,1.230143623861283064e+00,-2.617954204062704071e-01,1.152894321077026385e+00
3.835747020732214185e-01,8.204400370207109994e-01,3.128093622656399203e-02,5.902002327583464637e-03,-7.838710307380800657e-01,1.230143623861283064e+00,-2.617954204062704071e-01,1.153464809799793933e+00
3.835747020732214185e-01,8.204400370207109994e-01,3.128093622656399203e-02,5.902002327583464637e-03,-7.838710307380800657e-01,1.230143623861283064e+00,-2.617954204062704071e-01,1.155746764690863460e+00
3.835747020732214185e-01,8.204400370207109994e-01,3.128093622656399203e-02,5.902002327583464637e-03,-7.838710307380800657e-01,1.230143623861283064e+00,-2.617954204062704071e-01,1.156317253413630786e+00
3.835747020732214185e-01,8.204400370207109994e-01,3.128093622656399203e-02,5.902002327583464637e-03,-7.838710307380800657e-01,1.230143623861283064e+00,-2.617954204062704071e-01,1.159169697027467638e+00
3.835747020732214185e-01,8.204400370207109994e-01,3.128093622656399203e-02,5.902002327583464637e-03,-7.838710307380800657e-01,1.230143623861283064e+00,-2.617954204062704071e-01,1.160297996945829802e+00
3.835747020732214185e-01,8.204400370207109994e-01,3.128093622656399203e-02,5.902002327583464637e-03,-7.838710307380800657e-01,1.230143623861283064e+00,-2.617954204062704071e-01,1.162009463114132002e+00
3.835747020732214185e-01,8.204400370207109994e-01,3.128093622656399203e-02,5.902002327583464637e-03,-7.838710307380800657e-01,1.230143623861283064e+00,-2.617954204062704071e-01,1.162579951836899328e+00
3.835747020732214185e-01,8.204400370207109994e-01,3.128093622656399203e-02,5.902002327583464637e-03,-7.838710307380800657e-01,1.230143623861283064e+00,-2.617954204062704071e-01,1.164291418005201528e+00
3.835747020732214185e-01,8.204400370207109994e-01,3.128093622656399203e-02,5.902002327583464637e-03,-7.838710307380800657e-01,1.230143623861283064e+00,-2.617954204062704071e-01,1.164861906727969076e+00
3.835747020732214185e-01,8.204400370207109994e-01,3.128093622656399203e-02,5.902002327583464637e-03,-7.838710307380800657e-01,1.230143623861283064e+00,-2.617954204062704071e-01,1.167143861619038603e+00
3.835747020732214185e-01,8.204400370207109994e-01,3.128093622656399203e-02,5.902002327583464637e-03,-7.838710307380800657e-01,1.230143623861283064e+00,-2.617954204062704071e-01,1.168284839064573255e+00
3.835747020732214185e-01,8.204400370207109994e-01,3.128093622656399203e-02,5.902002327583464637e-03,-7.838710307380800657e-01,1.230143623861283064e+00,-2.617954204062704071e-01,1.169413138982935418e+00
3.835747020732214185e-01,8.204400370207109994e-01,3.128093622656399203e-02,5.902002327583464637e-03,-7.838710307380800657e-01,1.230143623861283064e+00,-2.617954204062704071e-01,1.171124605151237619e+00
3.835747020732214185e-01,8.204400370207109994e-01,3.128093622656399203e-02,5.902002327583464637e-03,-7.838710307380800657e-01,1.230143623861283064e+00,-2.617954204062704071e-01,1.172265582596772493e+00
3.835747020732214185e-01,8.204400370207109994e-01,3.128093622656399203e-02,5.902002327583464637e-03,-7.838710307380800657e-01,1.230143623861283064e+00,-2.617954204062704071e-01,1.173406560042307145e+00
3.835747020732214185e-01,8.204400370207109994e-01,3.128093622656399203e-02,5.902002327583464637e-03,-7.838710307380800657e-01,1.230143623861283064e+00,-2.617954204062704071e-01,1.175675837406204183e+00
3.835747020732214185e-01,8.204400370207109994e-01,3.128093622656399203e-02,5.902002327583464637e-03,-7.838710307380800657e-01,1.230143623861283064e+00,-2.617954204062704071e-01,1.176246326128971509e+00
3.835747020732214185e-01,8.204400370207109994e-01,3.128093622656399203e-02,5.902002327583464637e-03,-7.838710307380800657e-01,1.230143623861283064e+00,-2.617954204062704071e-01,1.177957792297273709e+00
3.835747020732214185e-01,8.204400370207109994e-01,3.128093622656399203e-02,5.902002327583464637e-03,-7.838710307380800657e-01,1.230143623861283064e+00,-2.617954204062704071e-01,1.179111447269981072e+00
3.835747020732214185e-01,8.204400370207109994e-01,3.128093622656399203e-02,5.902002327583464637e-03,-7.838710307380800657e-01,1.230143623861283064e+00,-2.617954204062704071e-01,1.180810235911110562e+00
3.835747020732214185e-01,8.204400370207109994e-01,3.128093622656399203e-02,5.902002327583464637e-03,-7.838710307380800657e-01,1.230143623861283064e+00,-2.617954204062704071e-01,1.181380724633877888e+00
3.835747020732214185e-01,8.204400370207109994e-01,3.128093622656399203e-02,5.902002327583464637e-03,-7.838710307380800657e-01,1.230143623861283064e+00,-2.617954204062704071e-01,1.183092190802180088e+00
3.835747020732214185e-01,8.204400370207109994e-01,3.128093622656399203e-02,5.902002327583464637e-03,-7.838710307380800657e-01,1.230143623861283064e+00,-2.617954204062704071e-01,1.183662679524947636e+00
3.835747020732214185e-01,8.204400370207109994e-01,3.128093622656399203e-02,5.902002327583464637e-03,-7.838710307380800657e-01,1.230143623861283064e+00,-2.617954204062704071e-01,1.185944634416017163e+00
3.835747020732214185e-01,8.204400370207109994e-01,3.128093622656399203e-02,5.902002327583464637e-03,-7.838710307380800657e-01,1.230143623861283064e+00,-2.617954204062704071e-01,1.186515123138784489e+00
3.835747020732214185e-01,8.204400370207109994e-01,3.128093622656399203e-02,5.902002327583464637e-03,-7.838710307380800657e-01,1.230143623861283064e+00,-2.617954204062704071e-01,1.188797078029854015e+00
3.835747020732214185e-01,8.204400370207109994e-01,3.128093622656399203e-02,5.902002327583464637e-03,-7.838710307380800657e-01,1.230143623861283064e+00,-2.617954204062704071e-01,1.189367566752621341e+00
3.835747020732214185e-01,8.204400370207109994e-01,3.128093622656399203e-02,5.902002327583464637e-03,-7.838710307380800657e-01,1.230143623861283064e+00,-2.617954204062704071e-01,1.191066355393751053e+00
3.835747020732214185e-01,8.204400370207109994e-01,3.128093622656399203e-02,5.902002327583464637e-03,-7.838710307380800657e-01,1.230143623861283064e+00,-2.617954204062704071e-01,1.192777821562053031e+00
3.835747020732214185e-01,8.204400370207109994e-01,3.128093622656399203e-02,5.902002327583464637e-03,-7.838710307380800657e-01,1.230143623861283064e+00,-2.617954204062704071e-01,1.193348310284820579e+00
3.835747020732214185e-01,8.204400370207109994e-01,3.128093622656399203e-02,5.902002327583464637e-03,-7.838710307380800657e-01,1.230143623861283064e+00,-2.617954204062704071e-01,1.195630265175890106e+00
3.835747020732214185e-01,8.204400370207109994e-01,3.128093622656399203e-02,5.902002327583464637e-03,-7.838710307380800657e-01,1.230143623861283064e+00,-2.617954204062704071e-01,1.196771242621424758e+00
3.835747020732214185e-01,8.204400370207109994e-01,3.128093622656399203e-02,5.902002327583464637e-03,-7.838710307380800657e-01,1.230143623861283064e+00,-2.617954204062704071e-01,1.197912220066959632e+00
3.835747020732214185e-01,8.204400370207109994e-01,3.128093622656399203e-02,5.902002327583464637e-03,-7.838710307380800657e-01,1.230143623861283064e+00,-2.617954204062704071e-01,1.198482708789726958e+00
3.835747020732214185e-01,8.204400370207109994e-01,3.128093622656399203e-02,5.902002327583464637e-03,-7.838710307380800657e-01,1.230143623861283064e+00,-2.617954204062704071e-01,1.200764663680796485e+00
3.835747020732214185e-01,8.204400370207109994e-01,3.128093622656399203e-02,5.902002327583464637e-03,-7.838710307380800657e-01,1.230143623861283064e+00,-2.617954204062704071e-01,1.201335152403564033e+00
3.835747020732214185e-01,8.204400370207109994e-01,3.128093622656399203e-02,5.902002327583464637e-03,-7.838710307380800657e-01,1.230143623861283064e+00,-2.617954204062704071e-01,1.203604429767460848e+00
3.835747020732214185e-01,8.204400370207109994e-01,3.128093622656399203e-02,5.902002327583464637e-03,-7.838710307380800657e-01,1.230143623861283064e+00,-2.617954204062704071e-01,1.204174918490228174e+00
3.835747020732214185e-01,8.204400370207109994e-01,3.128093622656399203e-02,5.902002327583464637e-03,-7.838710307380800657e-01,1.230143623861283064e+00,-2.617954204062704071e-01,1.206456873381297701e+00
3.835747020732214185e-01,8.204400370207109994e-01,3.128093622656399203e-02,5.902002327583464637e-03,-7.838710307380800657e-01,1.230143623861283064e+00,-2.617954204062704071e-01,1.207027362104065249e+00
3.835747020732214185e-01,8.204400370207109994e-01,3.128093622656399203e-02,5.902002327583464637e-03,-7.838710307380800657e-01,1.230143623861283064e+00,-2.617954204062704071e-01,1.208738828272367449e+00
3.835747020732214185e-01,8.204400370207109994e-01,3.128093622656399203e-02,5.902002327583464637e-03,-7.838710307380800657e-01,1.230143623861283064e+00,-2.617954204062704071e-01,1.209309316995134775e+00
3.835747020732214185e-01,8.204400370207109994e-01,3.128093622656399203e-02,5.902002327583464637e-03,-7.838710307380800657e-01,1.230143623861283064e+00,-2.617954204062704071e-01,1.211591271886204302e+00
3.835747020732214185e-01,8.204400370207109994e-01,3.128093622656399203e-02,5.902002327583464637e-03,-7.838710307380800657e-01,1.230143623861283064e+00,-2.617954204062704071e-01,1.212149083081799139e+00
3.835747020732214185e-01,8.204400370207109994e-01,3.128093622656399203e-02,5.902002327583464637e-03,-7.838710307380800657e-01,1.230143623861283064e+00,-2.617954204062704071e-01,1.214431037972868666e+00
3.835747020732214185e-01,8.204400370207109994e-01,3.128093622656399203e-02,5.902002327583464637e-03,-7.838710307380800657e-01,1.230143623861283064e+00,-2.617954204062704071e-01,1.215001526695635992e+00
3.835747020732214185e-01,8.204400370207109994e-01,3.128093622656399203e-02,5.902002327583464637e-03,-7.838710307380800657e-01,1.230143623861283064e+00,-2.617954204062704071e-01,1.217283481586705518e+00
3.835747020732214185e-01,8.204400370207109994e-01,3.128093622656399203e-02,5.902002327583464637e-03,-7.838710307380800657e-01,1.230143623861283064e+00,-2.617954204062704071e-01,1.217853970309472844e+00
3.835747020732214185e-01,8.204400370207109994e-01,3.128093622656399203e-02,5.902002327583464637e-03,-7.838710307380800657e-01,1.230143623861283064e+00,-2.617954204062704071e-01,1.219565436477775044e+00
3.835747020732214185e-01,8.204400370207109994e-01,3.128093622656399203e-02,5.902002327583464637e-03,-7.838710307380800657e-01,1.230143623861283064e+00,-2.617954204062704071e-01,1.221834713841672082e+00
3.835747020732214185e-01,8.204400370207109994e-01,3.128093622656399203e-02,5.902002327583464637e-03,-7.838710307380800657e-01,1.230143623861283064e+00,-2.617954204062704071e-01,1.222405202564439408e+00
3.835747020732214185e-01,8.204400370207109994e-01,3.128093622656399203e-02,5.902002327583464637e-03,-7.838710307380800657e-01,1.230143623861283064e+00,-2.617954204062704071e-01,1.224687157455508935e+00
3.835747020732214185e-01,8.204400370207109994e-01,3.128093622656399203e-02,5.902002327583464637e-03,-7.838710307380800657e-01,1.230143623861283064e+00,-2.617954204062704071e-01,1.225257646178276261e+00
3.835747020732214185e-01,8.204400370207109994e-01,3.128093622656399203e-02,5.902002327583464637e-03,-7.838710307380800657e-01,1.230143623861283064e+00,-2.617954204062704071e-01,1.227526923542173298e+00
3.835747020732214185e-01,8.204400370207109994e-01,3.128093622656399203e-02,5.902002327583464637e-03,-7.838710307380800657e-01,1.230143623861283064e+00,-2.617954204062704071e-01,1.228667900987708173e+00
3.835747020732214185e-01,8.204400370207109994e-01,3.128093622656399203e-02,5.902002327583464637e-03,-7.838710307380800657e-01,1.230143623861283064e+00,-2.617954204062704071e-01,1.230379367156010151e+00
3.835747020732214185e-01,8.204400370207109994e-01,3.128093622656399203e-02,5.902002327583464637e-03,-7.838710307380800657e-01,1.230143623861283064e+00,-2.617954204062704071e-01,1.232661322047079677e+00
3.835747020732214185e-01,8.204400370207109994e-01,3.128093622656399203e-02,5.902002327583464637e-03,-7.838710307380800657e-01,1.230143623861283064e+00,-2.617954204062704071e-01,1.234372788215381878e+00
3.835747020732214185e-01,8.204400370207109994e-01,3.128093622656399203e-02,5.902002327583464637e-03,-7.838710307380800657e-01,1.230143623861283064e+00,-2.617954204062704071e-01,1.234943276938149426e+00
3.835747020732214185e-01,8.204400370207109994e-01,3.128093622656399203e-02,5.902002327583464637e-03,-7.838710307380800657e-01,1.230143623861283064e+00,-2.617954204062704071e-01,1.236654743106451404e+00
3.835747020732214185e-01,8.204400370207109994e-01,3.128093622656399203e-02,5.902002327583464637e-03,-7.838710307380800657e-01,1.230143623861283064e+00,-2.617954204062704071e-01,1.238924020470348442e+00
3.835747020732214185e-01,8.204400370207109994e-01,3.128093622656399203e-02,5.902002327583464637e-03,-7.838710307380800657e-01,1.230143623861283064e+00,-2.617954204062704071e-01,1.239494509193115768e+00
3.835747020732214185e-01,8.204400370207109994e-01,3.128093622656399203e-02,5.902002327583464637e-03,-7.838710307380800657e-01,1.230143623861283064e+00,-2.617954204062704071e-01,1.241205975361417968e+00
3.835747020732214185e-01,8.204400370207109994e-01,3.128093622656399203e-02,5.902002327583464637e-03,-7.838710307380800657e-01,1.230143623861283064e+00,-2.617954204062704071e-01,1.241776464084185294e+00
3.835747020732214185e-01,8.204400370207109994e-01,3.128093622656399203e-02,5.902002327583464637e-03,-7.838710307380800657e-01,1.230143623861283064e+00,-2.617954204062704071e-01,1.243487930252487494e+00
3.835747020732214185e-01,8.204400370207109994e-01,3.128093622656399203e-02,5.902002327583464637e-03,-7.838710307380800657e-01,1.230143623861283064e+00,-2.617954204062704071e-01,1.244628907698022369e+00
3.835747020732214185e-01,8.204400370207109994e-01,3.128093622656399203e-02,5.902002327583464637e-03,-7.838710307380800657e-01,1.230143623861283064e+00,-2.617954204062704071e-01,1.245769885143557021e+00
3.835747020732214185e-01,8.204400370207109994e-01,3.128093622656399203e-02,5.902002327583464637e-03,-7.838710307380800657e-01,1.230143623861283064e+00,-2.617954204062704071e-01,1.248039162507454058e+00
3.835747020732214185e-01,8.204400370207109994e-01,3.128093622656399203e-02,5.902002327583464637e-03,-7.838710307380800657e-01,1.230143623861283064e+00,-2.617954204062704071e-01,1.248609651230221385e+00
3.835747020732214185e-01,8.204400370207109994e-01,3.128093622656399203e-02,5.902002327583464637e-03,-7.838710307380800657e-01,1.230143623861283064e+00,-2.617954204062704071e-01,1.250891606121290911e+00
3.835747020732214185e-01,8.204400370207109994e-01,3.128093622656399203e-02,5.902002327583464637e-03,-7.838710307380800657e-01,1.230143623861283064e+00,-2.617954204062704071e-01,1.251462094844058237e+00
3.835747020732214185e-01,8.204400370207109994e-01,3.128093622656399203e-02,5.902002327583464637e-03,-7.838710307380800657e-01,1.230143623861283064e+00,-2.617954204062704071e-01,1.253744049735127986e+00
3.835747020732214185e-01,8.204400370207109994e-01,3.128093622656399203e-02,5.902002327583464637e-03,-7.838710307380800657e-01,1.230143623861283064e+00,-2.617954204062704071e-01,1.254314538457895312e+00
3.835747020732214185e-01,8.204400370207109994e-01,3.128093622656399203e-02,5.902002327583464637e-03,-7.838710307380800657e-01,1.230143623861283064e+00,-2.617954204062704071e-01,1.256583815821792127e+00
3.835747020732214185e-01,8.204400370207109994e-01,3.128093622656399203e-02,5.902002327583464637e-03,-7.838710307380800657e-01,1.230143623861283064e+00,-2.617954204062704071e-01,1.257154304544559675e+00
3.835747020732214185e-01,8.204400370207109994e-01,3.128093622656399203e-02,5.919996237118779758e-03,-7.838710307380800657e-01,1.230143623861283064e+00,-2.617954204062704071e-01,1.258865770712861876e+00
3.835747020732214185e-01,8.204400370207109994e-01,3.128093622656399203e-02,5.902002327583464637e-03,-7.838710307380800657e-01,1.230143623861283064e+00,-2.617954204062704071e-01,1.261147725603931402e+00
3.835747020732214185e-01,8.204400370207109994e-01,3.128093622656399203e-02,5.902002327583464637e-03,-7.838710307380800657e-01,1.230143623861283064e+00,-2.617954204062704071e-01,1.261718214326698728e+00
3.835747020732214185e-01,8.204400370207109994e-01,3.128093622656399203e-02,5.902002327583464637e-03,-7.838710307380800657e-01,1.230143623861283064e+00,-2.617954204062704071e-01,1.264000169217768255e+00
3.835747020732214185e-01,8.204400370207109994e-01,3.128093622656399203e-02,5.902002327583464637e-03,-7.838710307380800657e-01,1.230143623861283064e+00,-2.617954204062704071e-01,1.264570657940535581e+00
3.835747020732214185e-01,8.204400370207109994e-01,3.128093622656399203e-02,5.902002327583464637e-03,-7.838710307380800657e-01,1.230143623861283064e+00,-2.617954204062704071e-01,1.265711635386070455e+00
3.835747020732214185e-01,8.204400370207109994e-01,3.128093622656399203e-02,5.902002327583464637e-03,-7.838710307380800657e-01,1.230143623861283064e+00,-2.617954204062704071e-01,1.267980912749967271e+00
3.835747020732214185e-01,8.204400370207109994e-01,3.128093622656399203e-02,5.902002327583464637e-03,-7.838710307380800657e-01,1.230143623861283064e+00,-2.617954204062704071e-01,1.268551401472734819e+00
3.835747020732214185e-01,8.204400370207109994e-01,3.128093622656399203e-02,5.902002327583464637e-03,-7.838710307380800657e-01,1.230143623861283064e+00,-2.617954204062704071e-01,1.270262867641036797e+00
3.835747020732214185e-01,8.204400370207109994e-01,3.128093622656399203e-02,5.902002327583464637e-03,-7.838710307380800657e-01,1.230143623861283064e+00,-2.617954204062704071e-01,1.271403845086571671e+00
3.835747020732214185e-01,8.204400370207109994e-01,3.128093622656399203e-02,5.902002327583464637e-03,-7.838710307380800657e-01,1.230143623861283064e+00,-2.617954204062704071e-01,1.273685799977641198e+00
3.835747020732214185e-01,8.204400370207109994e-01,3.128093622656399203e-02,5.902002327583464637e-03,-7.838710307380800657e-01,1.230143623861283064e+00,-2.617954204062704071e-01,1.274256288700408524e+00
3.835747020732214185e-01,8.204400370207109994e-01,3.128093622656399203e-02,5.902002327583464637e-03,-7.838710307380800657e-01,1.230143623861283064e+00,-2.617954204062704071e-01,1.275955077341538235e+00
3.835747020732214185e-01,8.204400370207109994e-01,3.128093622656399203e-02,5.902002327583464637e-03,-7.838710307380800657e-01,1.230143623861283064e+00,-2.617954204062704071e-01,1.276525566064305561e+00
3.835747020732214185e-01,8.204400370207109994e-01,3.128093622656399203e-02,5.902002327583464637e-03,-7.838710307380800657e-01,1.230143623861283064e+00,-2.617954204062704071e-01,1.278807520955375088e+00
3.835747020732214185e-01,8.204400370207109994e-01,3.128093622656399203e-02,5.902002327583464637e-03,-7.838710307380800657e-01,1.230143623861283064e+00,-2.617954204062704071e-01,1.279378009678142414e+00
3.835747020732214185e-01,8.204400370207109994e-01,3.128093622656399203e-02,5.902002327583464637e-03,-7.838710307380800657e-01,1.230143623861283064e+00,-2.617954204062704071e-01,1.282230453291979488e+00
3.835747020732214185e-01,8.204400370207109994e-01,3.128093622656399203e-02,5.902002327583464637e-03,-7.838710307380800657e-01,1.230143623861283064e+00,-2.617954204062704071e-01,1.282800942014746814e+00
3.835747020732214185e-01,8.204400370207109994e-01,3.128093622656399203e-02,5.902002327583464637e-03,-7.838710307380800657e-01,1.230143623861283064e+00,-2.617954204062704071e-01,1.284512408183049015e+00
3.835747020732214185e-01,8.204400370207109994e-01,3.128093622656399203e-02,5.902002327583464637e-03,-7.838710307380800657e-01,1.230143623861283064e+00,-2.617954204062704071e-01,1.285082896905816341e+00
3.835747020732214185e-01,8.204400370207109994e-01,3.128093622656399203e-02,5.919996237118779758e-03,-7.838710307380800657e-01,1.230143623861283064e+00,-2.617954204062704071e-01,1.287352174269713379e+00
3.835747020732214185e-01,8.204400370207109994e-01,3.128093622656399203e-02,5.902002327583464637e-03,-7.838710307380800657e-01,1.230143623861283064e+00,-2.617954204062704071e-01,1.287922662992480705e+00
3.835747020732214185e-01,8.204400370207109994e-01,3.128093622656399203e-02,5.902002327583464637e-03,-7.838710307380800657e-01,1.230143623861283064e+00,-2.617954204062704071e-01,1.289634129160782905e+00
3.835747020732214185e-01,8.204400370207109994e-01,3.128093622656399203e-02,5.902002327583464637e-03,-7.838710307380800657e-01,1.230143623861283064e+00,-2.617954204062704071e-01,1.290204617883550231e+00
3.835747020732214185e-01,8.204400370207109994e-01,3.128093622656399203e-02,5.902002327583464637e-03,-7.838710307380800657e-01,1.230143623861283064e+00,-2.617954204062704071e-01,1.291916084051852431e+00
3.835747020732214185e-01,8.204400370207109994e-01,3.128093622656399203e-02,5.902002327583464637e-03,-7.838710307380800657e-01,1.230143623861283064e+00,-2.617954204062704071e-01,1.292486572774619757e+00
3.835747020732214185e-01,8.204400370207109994e-01,3.128093622656399203e-02,5.902002327583464637e-03,-7.838710307380800657e-01,1.230143623861283064e+00,-2.617954204062704071e-01,1.295326338861284121e+00
3.835747020732214185e-01,8.204400370207109994e-01,3.128093622656399203e-02,5.902002327583464637e-03,-7.838710307380800657e-01,1.230143623861283064e+00,-2.617954204062704071e-01,1.295896827584051447e+00
3.835747020732214185e-01,8.204400370207109994e-01,3.128093622656399203e-02,5.902002327583464637e-03,-7.838710307380800657e-01,1.230143623861283064e+00,-2.617954204062704071e-01,1.297608293752353648e+00
3.835747020732214185e-01,8.204400370207109994e-01,3.128093622656399203e-02,5.902002327583464637e-03,-7.838710307380800657e-01,1.230143623861283064e+00,-2.617954204062704071e-01,1.298749271197888522e+00
3.835747020732214185e-01,8.204400370207109994e-01,3.128093622656399203e-02,5.902002327583464637e-03,-7.838710307380800657e-01,1.230143623861283064e+00,-2.617954204062704071e-01,1.300460737366190500e+00
3.835747020732214185e-01,8.204400370207109994e-01,3.128093622656399203e-02,5.902002327583464637e-03,-7.838710307380800657e-01,1.230143623861283064e+00,-2.617954204062704071e-01,1.301031226088958048e+00
3.835747020732214185e-01,8.204400370207109994e-01,3.128093622656399203e-02,5.902002327583464637e-03,-7.838710307380800657e-01,1.230143623861283064e+00,-2.617954204062704071e-01,1.303313180980027575e+00
3.835747020732214185e-01,8.204400370207109994e-01,3.128093622656399203e-02,5.902002327583464637e-03,-7.838710307380800657e-01,1.230143623861283064e+00,-2.617954204062704071e-01,1.303883669702794901e+00
3.835747020732214185e-01,8.204400370207109994e-01,3.128093622656399203e-02,5.902002327583464637e-03,-7.838710307380800657e-01,1.230143623861283064e+00,-2.617954204062704071e-01,1.305582458343924390e+00
3.835747020732214185e-01,8.204400370207109994e-01,3.128093622656399203e-02,5.902002327583464637e-03,-7.838710307380800657e-01,1.230143623861283064e+00,-2.617954204062704071e-01,1.307864413234993917e+00
3.835747020732214185e-01,8.204400370207109994e-01,3.128093622656399203e-02,5.902002327583464637e-03,-7.838710307380800657e-01,1.230143623861283064e+00,-2.617954204062704071e-01,1.308434901957761465e+00
3.835747020732214185e-01,8.204400370207109994e-01,3.128093622656399203e-02,5.902002327583464637e-03,-7.838710307380800657e-01,1.230143623861283064e+00,-2.617954204062704071e-01,1.310146368126063665e+00
3.835747020732214185e-01,8.204400370207109994e-01,3.128093622656399203e-02,5.902002327583464637e-03,-7.838710307380800657e-01,1.230143623861283064e+00,-2.617954204062704071e-01,1.310716856848830991e+00
3.835747020732214185e-01,8.204400370207109994e-01,3.128093622656399203e-02,5.902002327583464637e-03,-7.838710307380800657e-01,1.230143623861283064e+00,-2.617954204062704071e-01,1.312998811739900518e+00
3.835747020732214185e-01,8.204400370207109994e-01,3.128093622656399203e-02,5.902002327583464637e-03,-7.838710307380800657e-01,1.230143623861283064e+00,-2.617954204062704071e-01,1.313569300462667844e+00
3.835747020732214185e-01,8.204400370207109994e-01,3.128093622656399203e-02,5.902002327583464637e-03,-7.838710307380800657e-01,1.230143623861283064e+00,-2.617954204062704071e-01,1.315838577826564881e+00
3.835747020732214185e-01,8.204400370207109994e-01,3.128093622656399203e-02,5.902002327583464637e-03,-7.838710307380800657e-01,1.230143623861283064e+00,-2.617954204062704071e-01,1.317550043994867082e+00
3.835747020732214185e-01,8.204400370207109994e-01,3.128093622656399203e-02,5.902002327583464637e-03,-7.838710307380800657e-01,1.230143623861283064e+00,-2.617954204062704071e-01,1.318120532717634408e+00
3.835747020732214185e-01,8.204400370207109994e-01,3.128093622656399203e-02,5.902002327583464637e-03,-7.838710307380800657e-01,1.230143623861283064e+00,-2.617954204062704071e-01,1.319831998885936608e+00
3.835747020732214185e-01,8.204400370207109994e-01,3.128093622656399203e-02,5.902002327583464637e-03,-7.838710307380800657e-01,1.230143623861283064e+00,-2.617954204062704071e-01,1.320402487608703934e+00
3.835747020732214185e-01,8.204400370207109994e-01,3.128093622656399203e-02,5.902002327583464637e-03,-7.838710307380800657e-01,1.230143623861283064e+00,-2.617954204062704071e-01,1.323242253695368298e+00
3.835747020732214185e-01,8.204400370207109994e-01,3.128093622656399203e-02,5.902002327583464637e-03,-7.838710307380800657e-01,1.230143623861283064e+00,-2.617954204062704071e-01,1.323812742418135624e+00
3.835747020732214185e-01,8.204400370207109994e-01,3.128093622656399203e-02,5.902002327583464637e-03,-7.838710307380800657e-01,1.230143623861283064e+00,-2.617954204062704071e-01,1.324953719863670498e+00
3.835747020732214185e-01,8.204400370207109994e-01,3.128093622656399203e-02,5.902002327583464637e-03,-7.838710307380800657e-01,1.230143623861283064e+00,-2.617954204062704071e-01,1.327235674754740025e+00
3.835747020732214185e-01,8.204400370207109994e-01,3.128093622656399203e-02,5.902002327583464637e-03,-7.838710307380800657e-01,1.230143623861283064e+00,-2.617954204062704071e-01,1.327806163477507351e+00
3.835747020732214185e-01,8.204400370207109994e-01,3.128093622656399203e-02,5.902002327583464637e-03,-7.838710307380800657e-01,1.230143623861283064e+00,-2.617954204062704071e-01,1.329517629645809551e+00
3.835747020732214185e-01,8.204400370207109994e-01,3.128093622656399203e-02,5.902002327583464637e-03,-7.838710307380800657e-01,1.230143623861283064e+00,-2.617954204062704071e-01,1.330075440841404388e+00
3.835747020732214185e-01,8.204400370207109994e-01,3.128093622656399203e-02,5.902002327583464637e-03,-7.838710307380800657e-01,1.230143623861283064e+00,-2.617954204062704071e-01,1.332357395732473915e+00
3.835747020732214185e-01,8.204400370207109994e-01,3.128093622656399203e-02,5.902002327583464637e-03,-7.838710307380800657e-01,1.230143623861283064e+00,-2.617954204062704071e-01,1.332927884455241241e+00
3.835747020732214185e-01,8.204400370207109994e-01,3.128093622656399203e-02,5.919996237118779758e-03,-7.838710307380800657e-01,1.230143623861283064e+00,-2.617954204062704071e-01,1.334639350623543441e+00
3.835747020732214185e-01,8.204400370207109994e-01,3.128093622656399203e-02,5.902002327583464637e-03,-7.838710307380800657e-01,1.230143623861283064e+00,-2.617954204062704071e-01,1.335209839346310767e+00
3.835747020732214185e-01,8.204400370207109994e-01,3.128093622656399203e-02,5.902002327583464637e-03,-7.838710307380800657e-01,1.230143623861283064e+00,-2.617954204062704071e-01,1.336921305514612968e+00
3.835747020732214185e-01,8.204400370207109994e-01,3.128093622656399203e-02,5.902002327583464637e-03,-7.838710307380800657e-01,1.230143623861283064e+00,-2.617954204062704071e-01,1.338062282960147620e+00
3.835747020732214185e-01,8.204400370207109994e-01,3.128093622656399203e-02,5.902002327583464637e-03,-7.838710307380800657e-01,1.230143623861283064e+00,-2.617954204062704071e-01,1.340331560324044657e+00
3.835747020732214185e-01,8.204400370207109994e-01,3.128093622656399203e-02,5.902002327583464637e-03,-7.838710307380800657e-01,1.230143623861283064e+00,-2.617954204062704071e-01,1.340914726573984694e+00
3.835747020732214185e-01,8.204400370207109994e-01,3.128093622656399203e-02,5.919996237118779758e-03,-7.838710307380800657e-01,1.230143623861283064e+00,-2.617954204062704071e-01,1.342613515215114184e+00
3.835747020732214185e-01,8.204400370207109994e-01,3.128093622656399203e-02,5.902002327583464637e-03,-7.838710307380800657e-01,1.230143623861283064e+00,-2.617954204062704071e-01,1.343184003937881510e+00
3.835747020732214185e-01,8.204400370207109994e-01,3.128093622656399203e-02,5.902002327583464637e-03,-7.838710307380800657e-01,1.230143623861283064e+00,-2.617954204062704071e-01,1.345465958828951036e+00
3.835747020732214185e-01,8.204400370207109994e-01,3.128093622656399203e-02,5.902002327583464637e-03,-7.838710307380800657e-01,1.230143623861283064e+00,-2.617954204062704071e-01,1.346036447551718584e+00
3.835747020732214185e-01,8.204400370207109994e-01,3.128093622656399203e-02,5.902002327583464637e-03,-7.838710307380800657e-01,1.230143623861283064e+00,-2.617954204062704071e-01,1.347747913720020785e+00
3.835747020732214185e-01,8.204400370207109994e-01,3.128093622656399203e-02,5.902002327583464637e-03,-7.838710307380800657e-01,1.230143623861283064e+00,-2.617954204062704071e-01,1.348318402442788111e+00
3.835747020732214185e-01,8.204400370207109994e-01,3.128093622656399203e-02,5.902002327583464637e-03,-7.838710307380800657e-01,1.230143623861283064e+00,-2.617954204062704071e-01,1.350600357333857637e+00
3.835747020732214185e-01,8.204400370207109994e-01,3.128093622656399203e-02,5.902002327583464637e-03,-7.838710307380800657e-01,1.230143623861283064e+00,-2.617954204062704071e-01,1.351158168529452475e+00
3.835747020732214185e-01,8.204400370207109994e-01,3.128093622656399203e-02,5.902002327583464637e-03,-7.838710307380800657e-01,1.230143623861283064e+00,-2.617954204062704071e-01,1.352869634697754675e+00
3.835747020732214185e-01,8.204400370207109994e-01,3.128093622656399203e-02,5.902002327583464637e-03,-7.838710307380800657e-01,1.230143623861283064e+00,-2.617954204062704071e-01,1.353440123420522001e+00
3.835747020732214185e-01,8.204400370207109994e-01,3.128093622656399203e-02,5.902002327583464637e-03,-7.838710307380800657e-01,1.230143623861283064e+00,-2.617954204062704071e-01,1.355722078311591527e+00
3.835747020732214185e-01,8.204400370207109994e-01,3.128093622656399203e-02,5.902002327583464637e-03,-7.838710307380800657e-01,1.230143623861283064e+00,-2.617954204062704071e-01,1.356292567034358854e+00
3.835747020732214185e-01,8.204400370207109994e-01,3.128093622656399203e-02,5.902002327583464637e-03,-7.838710307380800657e-01,1.230143623861283064e+00,-2.617954204062704071e-01,1.358004033202661054e+00
3.835747020732214185e-01,8.204400370207109994e-01,3.128093622656399203e-02,5.902002327583464637e-03,-7.838710307380800657e-01,1.230143623861283064e+00,-2.617954204062704071e-01,1.359145010648195928e+00
3.835747020732214185e-01,8.204400370207109994e-01,3.128093622656399203e-02,5.902002327583464637e-03,-7.838710307380800657e-01,1.230143623861283064e+00,-2.617954204062704071e-01,1.360856476816497906e+00
3.835747020732214185e-01,8.204400370207109994e-01,3.128093622656399203e-02,5.902002327583464637e-03,-7.838710307380800657e-01,1.230143623861283064e+00,-2.617954204062704071e-01,1.361426965539265455e+00
3.835747020732214185e-01,8.204400370207109994e-01,3.128093622656399203e-02,5.902002327583464637e-03,-7.838710307380800657e-01,1.230143623861283064e+00,-2.617954204062704071e-01,1.363125754180394944e+00
3.835747020732214185e-01,8.204400370207109994e-01,3.128093622656399203e-02,5.902002327583464637e-03,-7.838710307380800657e-01,1.230143623861283064e+00,-2.617954204062704071e-01,1.363696242903162270e+00
3.835747020732214185e-01,8.204400370207109994e-01,3.128093622656399203e-02,5.902002327583464637e-03,-7.838710307380800657e-01,1.230143623861283064e+00,-2.617954204062704071e-01,1.366548686516999345e+00
3.835747020732214185e-01,8.204400370207109994e-01,3.128093622656399203e-02,5.902002327583464637e-03,-7.838710307380800657e-01,1.230143623861283064e+00,-2.617954204062704071e-01,1.367119175239766671e+00
3.835747020732214185e-01,8.204400370207109994e-01,3.128093622656399203e-02,5.902002327583464637e-03,-7.838710307380800657e-01,1.230143623861283064e+00,-2.617954204062704071e-01,1.369401130130836197e+00
3.835747020732214185e-01,8.204400370207109994e-01,3.128093622656399203e-02,5.902002327583464637e-03,-7.838710307380800657e-01,1.230143623861283064e+00,-2.617954204062704071e-01,1.369971618853603523e+00
3.835747020732214185e-01,8.204400370207109994e-01,3.128093622656399203e-02,5.902002327583464637e-03,-7.838710307380800657e-01,1.230143623861283064e+00,-2.617954204062704071e-01,1.371112596299138398e+00
3.835747020732214185e-01,8.204400370207109994e-01,3.128093622656399203e-02,5.902002327583464637e-03,-7.838710307380800657e-01,1.230143623861283064e+00,-2.617954204062704071e-01,1.372811384940267887e+00
3.835747020732214185e-01,8.204400370207109994e-01,3.128093622656399203e-02,5.902002327583464637e-03,-7.838710307380800657e-01,1.230143623861283064e+00,-2.617954204062704071e-01,1.373381873663035213e+00
3.835747020732214185e-01,8.204400370207109994e-01,3.128093622656399203e-02,5.902002327583464637e-03,-7.838710307380800657e-01,1.230143623861283064e+00,-2.617954204062704071e-01,1.375663828554104740e+00
3.835747020732214185e-01,8.204400370207109994e-01,3.128093622656399203e-02,5.902002327583464637e-03,-7.838710307380800657e-01,1.230143623861283064e+00,-2.617954204062704071e-01,1.376234317276872288e+00
3.835747020732214185e-01,8.204400370207109994e-01,3.128093622656399203e-02,5.902002327583464637e-03,-7.838710307380800657e-01,1.230143623861283064e+00,-2.617954204062704071e-01,1.377375294722406940e+00
3.835747020732214185e-01,8.204400370207109994e-01,3.128093622656399203e-02,5.902002327583464637e-03,-7.838710307380800657e-01,1.230143623861283064e+00,-2.617954204062704071e-01,1.380227738336244014e+00
3.835747020732214185e-01,8.204400370207109994e-01,3.128093622656399203e-02,5.902002327583464637e-03,-7.838710307380800657e-01,1.230143623861283064e+00,-2.617954204062704071e-01,1.380798227059011341e+00
3.835747020732214185e-01,8.204400370207109994e-01,3.128093622656399203e-02,5.902002327583464637e-03,-7.838710307380800657e-01,1.230143623861283064e+00,-2.617954204062704071e-01,1.383067504422908156e+00
3.835747020732214185e-01,8.204400370207109994e-01,3.128093622656399203e-02,5.902002327583464637e-03,-7.838710307380800657e-01,1.230143623861283064e+00,-2.617954204062704071e-01,1.383637993145675704e+00
3.835747020732214185e-01,8.204400370207109994e-01,3.128093622656399203e-02,5.902002327583464637e-03,-7.838710307380800657e-01,1.230143623861283064e+00,-2.617954204062704071e-01,1.385349459313977905e+00
3.835747020732214185e-01,8.204400370207109994e-01,3.128093622656399203e-02,5.902002327583464637e-03,-7.838710307380800657e-01,1.230143623861283064e+00,-2.617954204062704071e-01,1.385919948036745231e+00
3.835747020732214185e-01,8.204400370207109994e-01,3.128093622656399203e-02,5.902002327583464637e-03,-7.838710307380800657e-01,1.230143623861283064e+00,-2.617954204062704071e-01,1.388201902927814757e+00
3.835747020732214185e-01,8.204400370207109994e-01,3.128093622656399203e-02,5.902002327583464637e-03,-7.838710307380800657e-01,1.230143623861283064e+00,-2.617954204062704071e-01,1.388772391650582083e+00
3.835747020732214185e-01,8.204400370207109994e-01,3.128093622656399203e-02,5.902002327583464637e-03,-7.838710307380800657e-01,1.230143623861283064e+00,-2.617954204062704071e-01,1.390483857818884283e+00
3.835747020732214185e-01,8.204400370207109994e-01,3.128093622656399203e-02,5.902002327583464637e-03,-7.838710307380800657e-01,1.230143623861283064e+00,-2.617954204062704071e-01,1.391054346541651610e+00
3.835747020732214185e-01,8.204400370207109994e-01,3.128093622656399203e-02,5.902002327583464637e-03,-7.838710307380800657e-01,1.230143623861283064e+00,-2.617954204062704071e-01,1.393323623905548647e+00
3.835747020732214185e-01,8.204400370207109994e-01,3.128093622656399203e-02,5.902002327583464637e-03,-7.838710307380800657e-01,1.230143623861283064e+00,-2.617954204062704071e-01,1.393894112628315973e+00
3.835747020732214185e-01,8.204400370207109994e-01,3.128093622656399203e-02,5.902002327583464637e-03,-7.838710307380800657e-01,1.230143623861283064e+00,-2.617954204062704071e-01,1.396176067519385500e+00
3.835747020732214185e-01,8.204400370207109994e-01,3.128093622656399203e-02,5.902002327583464637e-03,-7.838710307380800657e-01,1.230143623861283064e+00,-2.617954204062704071e-01,1.396746556242153048e+00
3.835747020732214185e-01,8.204400370207109994e-01,3.128093622656399203e-02,5.902002327583464637e-03,-7.838710307380800657e-01,1.230143623861283064e+00,-2.617954204062704071e-01,1.399028511133222574e+00
3.835747020732214185e-01,8.204400370207109994e-01,3.128093622656399203e-02,5.902002327583464637e-03,-7.838710307380800657e-01,1.230143623861283064e+00,-2.617954204062704071e-01,1.399598999855989900e+00
3.835747020732214185e-01,8.204400370207109994e-01,3.128093622656399203e-02,5.902002327583464637e-03,-7.838710307380800657e-01,1.230143623861283064e+00,-2.617954204062704071e-01,1.401310466024292101e+00
3.835747020732214185e-01,8.204400370207109994e-01,3.128093622656399203e-02,5.902002327583464637e-03,-7.838710307380800657e-01,1.230143623861283064e+00,-2.617954204062704071e-01,1.402438765942654264e+00
3.835747020732214185e-01,8.204400370207109994e-01,3.128093622656399203e-02,5.902002327583464637e-03,-7.838710307380800657e-01,1.230143623861283064e+00,-2.617954204062704071e-01,1.404150232110956464e+00
3.835747020732214185e-01,8.204400370207109994e-01,3.128093622656399203e-02,5.902002327583464637e-03,-7.838710307380800657e-01,1.230143623861283064e+00,-2.617954204062704071e-01,1.404720720833723790e+00
3.835747020732214185e-01,8.204400370207109994e-01,3.128093622656399203e-02,5.902002327583464637e-03,-7.838710307380800657e-01,1.230143623861283064e+00,-2.617954204062704071e-01,1.407002675724793317e+00
3.835747020732214185e-01,8.204400370207109994e-01,3.128093622656399203e-02,5.902002327583464637e-03,-7.838710307380800657e-01,1.230143623861283064e+00,-2.617954204062704071e-01,1.407573164447560643e+00
3.835747020732214185e-01,8.204400370207109994e-01,3.128093622656399203e-02,5.902002327583464637e-03,-7.838710307380800657e-01,1.230143623861283064e+00,-2.617954204062704071e-01,1.409842441811457681e+00
3.835747020732214185e-01,8.204400370207109994e-01,3.128093622656399203e-02,5.902002327583464637e-03,-7.838710307380800657e-01,1.230143623861283064e+00,-2.617954204062704071e-01,1.410412930534225007e+00
3.835747020732214185e-01,8.204400370207109994e-01,3.128093622656399203e-02,5.902002327583464637e-03,-7.838710307380800657e-01,1.230143623861283064e+00,-2.617954204062704071e-01,1.412694885425294533e+00
3.835747020732214185e-01,8.204400370207109994e-01,3.128093622656399203e-02,5.902002327583464637e-03,-7.838710307380800657e-01,1.230143623861283064e+00,-2.617954204062704071e-01,1.413265374148061859e+00
3.835747020732214185e-01,8.204400370207109994e-01,3.128093622656399203e-02,5.902002327583464637e-03,-7.838710307380800657e-01,1.230143623861283064e+00,-2.617954204062704071e-01,1.414976840316364060e+00
3.835747020732214185e-01,8.204400370207109994e-01,3.128093622656399203e-02,5.902002327583464637e-03,-7.838710307380800657e-01,1.230143623861283064e+00,-2.617954204062704071e-01,1.415547329039131608e+00
3.835747020732214185e-01,8.204400370207109994e-01,3.128093622656399203e-02,5.902002327583464637e-03,-7.838710307380800657e-01,1.230143623861283064e+00,-2.617954204062704071e-01,1.418970261375735786e+00
3.835747020732214185e-01,8.204400370207109994e-01,3.128093622656399203e-02,5.902002327583464637e-03,-7.838710307380800657e-01,1.230143623861283064e+00,-2.617954204062704071e-01,1.419528072571330624e+00
3.835747020732214185e-01,8.204400370207109994e-01,3.128093622656399203e-02,5.902002327583464637e-03,-7.838710307380800657e-01,1.230143623861283064e+00,-2.617954204062704071e-01,1.421810027462400150e+00
3.835747020732214185e-01,8.204400370207109994e-01,3.128093622656399203e-02,5.902002327583464637e-03,-7.838710307380800657e-01,1.230143623861283064e+00,-2.617954204062704071e-01,1.422380516185167476e+00
3.835747020732214185e-01,8.204400370207109994e-01,3.128093622656399203e-02,5.902002327583464637e-03,-7.838710307380800657e-01,1.230143623861283064e+00,-2.617954204062704071e-01,1.424091982353469676e+00
3.835747020732214185e-01,8.204400370207109994e-01,3.128093622656399203e-02,5.902002327583464637e-03,-7.838710307380800657e-01,1.230143623861283064e+00,-2.617954204062704071e-01,1.424662471076237003e+00
3.835747020732214185e-01,8.204400370207109994e-01,3.128093622656399203e-02,5.902002327583464637e-03,-7.838710307380800657e-01,1.230143623861283064e+00,-2.617954204062704071e-01,1.426944425967306751e+00
3.835747020732214185e-01,8.204400370207109994e-01,3.128093622656399203e-02,5.902002327583464637e-03,-7.838710307380800657e-01,1.230143623861283064e+00,-2.617954204062704071e-01,1.428085403412841403e+00
3.835747020732214185e-01,8.204400370207109994e-01,3.128093622656399203e-02,5.902002327583464637e-03,-7.838710307380800657e-01,1.230143623861283064e+00,-2.617954204062704071e-01,1.428655892135608729e+00
3.835747020732214185e-01,8.204400370207109994e-01,3.128093622656399203e-02,5.902002327583464637e-03,-7.838710307380800657e-01,1.230143623861283064e+00,-2.617954204062704071e-01,1.430354680776738441e+00
3.835747020732214185e-01,8.204400370207109994e-01,3.128093622656399203e-02,5.902002327583464637e-03,-7.838710307380800657e-01,1.230143623861283064e+00,-2.617954204062704071e-01,1.430925169499505767e+00
3.835747020732214185e-01,8.204400370207109994e-01,3.128093622656399203e-02,5.902002327583464637e-03,-7.838710307380800657e-01,1.230143623861283064e+00,-2.617954204062704071e-01,1.432636635667807967e+00
3.835747020732214185e-01,8.204400370207109994e-01,3.128093622656399203e-02,5.902002327583464637e-03,-7.838710307380800657e-01,1.230143623861283064e+00,-2.617954204062704071e-01,1.433777613113342619e+00
3.835747020732214185e-01,8.204400370207109994e-01,3.128093622656399203e-02,5.902002327583464637e-03,-7.838710307380800657e-01,1.230143623861283064e+00,-2.617954204062704071e-01,1.435489079281644820e+00
3.835747020732214185e-01,8.204400370207109994e-01,3.128093622656399203e-02,5.902002327583464637e-03,-7.838710307380800657e-01,1.230143623861283064e+00,-2.617954204062704071e-01,1.436059568004412146e+00
3.835747020732214185e-01,8.204400370207109994e-01,3.128093622656399203e-02,5.902002327583464637e-03,-7.838710307380800657e-01,1.230143623861283064e+00,-2.617954204062704071e-01,1.437771034172714346e+00
3.835747020732214185e-01,8.204400370207109994e-01,3.128093622656399203e-02,5.902002327583464637e-03,-7.838710307380800657e-01,1.230143623861283064e+00,-2.617954204062704071e-01,1.438912011618249220e+00
3.835747020732214185e-01,8.204400370207109994e-01,3.128093622656399203e-02,5.902002327583464637e-03,-7.838710307380800657e-01,1.230143623861283064e+00,-2.617954204062704071e-01,1.441181288982146036e+00
3.835747020732214185e-01,8.204400370207109994e-01,3.128093622656399203e-02,5.902002327583464637e-03,-7.838710307380800657e-01,1.230143623861283064e+00,-2.617954204062704071e-01,1.441751777704913584e+00
3.835747020732214185e-01,8.204400370207109994e-01,3.128093622656399203e-02,5.902002327583464637e-03,-7.838710307380800657e-01,1.230143623861283064e+00,-2.617954204062704071e-01,1.442892755150448236e+00
3.835747020732214185e-01,8.204400370207109994e-01,3.128093622656399203e-02,5.902002327583464637e-03,-7.838710307380800657e-01,1.230143623861283064e+00,-2.617954204062704071e-01,1.444604221318750437e+00
3.835747020732214185e-01,8.204400370207109994e-01,3.128093622656399203e-02,5.902002327583464637e-03,-7.838710307380800657e-01,1.230143623861283064e+00,-2.617954204062704071e-01,1.445174710041517763e+00
3.835747020732214185e-01,8.204400370207109994e-01,3.128093622656399203e-02,5.902002327583464637e-03,-7.838710307380800657e-01,1.230143623861283064e+00,-2.617954204062704071e-01,1.447456664932587289e+00
3.835747020732214185e-01,8.204400370207109994e-01,3.128093622656399203e-02,5.902002327583464637e-03,-7.838710307380800657e-01,1.230143623861283064e+00,-2.617954204062704071e-01,1.448027153655354837e+00
3.835747020732214185e-01,8.204400370207109994e-01,3.128093622656399203e-02,5.902002327583464637e-03,-7.838710307380800657e-01,1.230143623861283064e+00,-2.617954204062704071e-01,1.449738619823656816e+00
3.835747020732214185e-01,8.204400370207109994e-01,3.128093622656399203e-02,5.902002327583464637e-03,-7.838710307380800657e-01,1.230143623861283064e+00,-2.617954204062704071e-01,1.450296431019251653e+00
3.835747020732214185e-01,8.204400370207109994e-01,3.128093622656399203e-02,5.902002327583464637e-03,-7.838710307380800657e-01,1.230143623861283064e+00,-2.617954204062704071e-01,1.452578385910321179e+00
3.835747020732214185e-01,8.204400370207109994e-01,3.128093622656399203e-02,5.902002327583464637e-03,-7.838710307380800657e-01,1.230143623861283064e+00,-2.617954204062704071e-01,1.453148874633088727e+00
3.835747020732214185e-01,8.204400370207109994e-01,3.128093622656399203e-02,5.902002327583464637e-03,-7.838710307380800657e-01,1.230143623861283064e+00,-2.617954204062704071e-01,1.454860340801390706e+00
3.835747020732214185e-01,8.204400370207109994e-01,3.128093622656399203e-02,5.902002327583464637e-03,-7.838710307380800657e-01,1.230143623861283064e+00,-2.617954204062704071e-01,1.455418151996985543e+00
3.835747020732214185e-01,8.204400370207109994e-01,3.128093622656399203e-02,5.902002327583464637e-03,-7.838710307380800657e-01,1.230143623861283064e+00,-2.617954204062704071e-01,1.457129618165287743e+00
3.835747020732214185e-01,8.204400370207109994e-01,3.128093622656399203e-02,5.902002327583464637e-03,-7.838710307380800657e-01,1.230143623861283064e+00,-2.617954204062704071e-01,1.457700106888055069e+00
3.835747020732214185e-01,8.204400370207109994e-01,3.128093622656399203e-02,5.902002327583464637e-03,-7.838710307380800657e-01,1.230143623861283064e+00,-2.617954204062704071e-01,1.459411573056357270e+00
3.835747020732214185e-01,8.204400370207109994e-01,3.128093622656399203e-02,5.902002327583464637e-03,-7.838710307380800657e-01,1.230143623861283064e+00,-2.617954204062704071e-01,1.460552550501892144e+00
3.835747020732214185e-01,8.204400370207109994e-01,3.128093622656399203e-02,5.902002327583464637e-03,-7.838710307380800657e-01,1.230143623861283064e+00,-2.617954204062704071e-01,1.462264016670194122e+00
3.835747020732214185e-01,8.204400370207109994e-01,3.128093622656399203e-02,5.902002327583464637e-03,-7.838710307380800657e-01,1.230143623861283064e+00,-2.617954204062704071e-01,1.463404994115728996e+00
3.835747020732214185e-01,8.204400370207109994e-01,3.128093622656399203e-02,5.902002327583464637e-03,-7.838710307380800657e-01,1.230143623861283064e+00,-2.617954204062704071e-01,1.465116460284031197e+00
3.835747020732214185e-01,8.204400370207109994e-01,3.128093622656399203e-02,5.919996237118779758e-03,-7.838710307380800657e-01,1.230143623861283064e+00,-2.617954204062704071e-01,1.466244760202393360e+00
3.835747020732214185e-01,8.204400370207109994e-01,3.128093622656399203e-02,5.902002327583464637e-03,-7.838710307380800657e-01,1.230143623861283064e+00,-2.617954204062704071e-01,1.467956226370695560e+00
3.835747020732214185e-01,8.204400370207109994e-01,3.128093622656399203e-02,5.902002327583464637e-03,-7.838710307380800657e-01,1.230143623861283064e+00,-2.617954204062704071e-01,1.468526715093462887e+00
3.835747020732214185e-01,8.204400370207109994e-01,3.128093622656399203e-02,5.902002327583464637e-03,-7.838710307380800657e-01,1.230143623861283064e+00,-2.617954204062704071e-01,1.470808669984532413e+00
3.835747020732214185e-01,8.204400370207109994e-01,3.128093622656399203e-02,5.902002327583464637e-03,-7.838710307380800657e-01,1.230143623861283064e+00,-2.617954204062704071e-01,1.471379158707299739e+00
3.835747020732214185e-01,8.204400370207109994e-01,3.128093622656399203e-02,5.902002327583464637e-03,-7.838710307380800657e-01,1.230143623861283064e+00,-2.617954204062704071e-01,1.473661113598369266e+00
3.835747020732214185e-01,8.204400370207109994e-01,3.128093622656399203e-02,5.902002327583464637e-03,-7.838710307380800657e-01,1.230143623861283064e+00,-2.617954204062704071e-01,1.474802091043904140e+00
3.835747020732214185e-01,8.204400370207109994e-01,3.128093622656399203e-02,5.902002327583464637e-03,-7.838710307380800657e-01,1.230143623861283064e+00,-2.617954204062704071e-01,1.476500879685033629e+00
3.835747020732214185e-01,8.204400370207109994e-01,3.128093622656399203e-02,5.902002327583464637e-03,-7.838710307380800657e-01,1.230143623861283064e+00,-2.617954204062704071e-01,1.477071368407800955e+00
3.835747020732214185e-01,8.204400370207109994e-01,3.128093622656399203e-02,5.902002327583464637e-03,-7.838710307380800657e-01,1.230143623861283064e+00,-2.617954204062704071e-01,1.479923812021638030e+00
3.835747020732214185e-01,8.204400370207109994e-01,3.128093622656399203e-02,5.902002327583464637e-03,-7.838710307380800657e-01,1.230143623861283064e+00,-2.617954204062704071e-01,1.480494300744405356e+00
3.835747020732214185e-01,8.204400370207109994e-01,3.128093622656399203e-02,5.902002327583464637e-03,-7.838710307380800657e-01,1.230143623861283064e+00,-2.617954204062704071e-01,1.482763578108302394e+00
3.835747020732214185e-01,8.204400370207109994e-01,3.128093622656399203e-02,5.902002327583464637e-03,-7.838710307380800657e-01,1.230143623861283064e+00,-2.617954204062704071e-01,1.483904555553837046e+00
3.835747020732214185e-01,8.204400370207109994e-01,3.128093622656399203e-02,5.902002327583464637e-03,-7.838710307380800657e-01,1.230143623861283064e+00,-2.617954204062704071e-01,1.485616021722139246e+00
3.835747020732214185e-01,8.204400370207109994e-01,3.128093622656399203e-02,5.902002327583464637e-03,-7.838710307380800657e-01,1.230143623861283064e+00,-2.617954204062704071e-01,1.486186510444906572e+00
3.835747020732214185e-01,8.204400370207109994e-01,3.128093622656399203e-02,5.902002327583464637e-03,-7.838710307380800657e-01,1.230143623861283064e+00,-2.617954204062704071e-01,1.487897976613208773e+00
3.835747020732214185e-01,8.204400370207109994e-01,3.128093622656399203e-02,5.902002327583464637e-03,-7.838710307380800657e-01,1.230143623861283064e+00,-2.617954204062704071e-01,1.488468465335976099e+00
3.835747020732214185e-01,8.204400370207109994e-01,3.128093622656399203e-02,5.902002327583464637e-03,-7.838710307380800657e-01,1.230143623861283064e+00,-2.617954204062704071e-01,1.490750420227045847e+00
3.835747020732214185e-01,8.204400370207109994e-01,3.128093622656399203e-02,5.902002327583464637e-03,-7.838710307380800657e-01,1.230143623861283064e+00,-2.617954204062704071e-01,1.491320908949813173e+00
3.835747020732214185e-01,8.204400370207109994e-01,3.128093622656399203e-02,5.902002327583464637e-03,-7.838710307380800657e-01,1.230143623861283064e+00,-2.617954204062704071e-01,1.493019697590942663e+00
3.835747020732214185e-01,8.204400370207109994e-01,3.128093622656399203e-02,5.902002327583464637e-03,-7.838710307380800657e-01,1.230143623861283064e+00,-2.617954204062704071e-01,1.493590186313709989e+00
3.835747020732214185e-01,8.204400370207109994e-01,3.128093622656399203e-02,5.902002327583464637e-03,-7.838710307380800657e-01,1.230143623861283064e+00,-2.617954204062704071e-01,1.495872141204779515e+00
3.835747020732214185e-01,8.204400370207109994e-01,3.128093622656399203e-02,5.902002327583464637e-03,-7.838710307380800657e-01,1.230143623861283064e+00,-2.617954204062704071e-01,1.497013118650314389e+00
3.835747020732214185e-01,8.204400370207109994e-01,3.128093622656399203e-02,5.902002327583464637e-03,-7.838710307380800657e-01,1.230143623861283064e+00,-2.617954204062704071e-01,1.498724584818616590e+00
3.835747020732214185e-01,8.204400370207109994e-01,3.128093622656399203e-02,5.902002327583464637e-03,-7.838710307380800657e-01,1.230143623861283064e+00,-2.617954204062704071e-01,1.499295073541383916e+00
3.835747020732214185e-01,8.204400370207109994e-01,3.128093622656399203e-02,5.902002327583464637e-03,-7.838710307380800657e-01,1.230143623861283064e+00,-2.617954204062704071e-01,1.501577028432453442e+00
3.835747020732214185e-01,8.204400370207109994e-01,3.128093622656399203e-02,5.902002327583464637e-03,-7.838710307380800657e-01,1.230143623861283064e+00,-2.617954204062704071e-01,1.502147517155220990e+00
3.835747020732214185e-01,8.204400370207109994e-01,3.128093622656399203e-02,5.902002327583464637e-03,-7.838710307380800657e-01,1.230143623861283064e+00,-2.617954204062704071e-01,1.503858983323522969e+00
3.835747020732214185e-01,8.204400370207109994e-01,3.128093622656399203e-02,5.902002327583464637e-03,-7.838710307380800657e-01,1.230143623861283064e+00,-2.617954204062704071e-01,1.504416794519117806e+00
3.835747020732214185e-01,8.204400370207109994e-01,3.128093622656399203e-02,5.902002327583464637e-03,-7.838710307380800657e-01,1.230143623861283064e+00,-2.617954204062704071e-01,1.506128260687420006e+00
3.835747020732214185e-01,8.204400370207109994e-01,3.128093622656399203e-02,5.902002327583464637e-03,-7.838710307380800657e-01,1.230143623861283064e+00,-2.617954204062704071e-01,1.506698749410187332e+00
3.835747020732214185e-01,8.204400370207109994e-01,3.128093622656399203e-02,5.902002327583464637e-03,-7.838710307380800657e-01,1.230143623861283064e+00,-2.617954204062704071e-01,1.508980704301256859e+00
3.835747020732214185e-01,8.204400370207109994e-01,3.128093622656399203e-02,5.902002327583464637e-03,-7.838710307380800657e-01,1.230143623861283064e+00,-2.617954204062704071e-01,1.509551193024024407e+00
3.835747020732214185e-01,8.204400370207109994e-01,3.128093622656399203e-02,5.902002327583464637e-03,-7.838710307380800657e-01,1.230143623861283064e+00,-2.617954204062704071e-01,1.511262659192326385e+00
3.835747020732214185e-01,8.204400370207109994e-01,3.128093622656399203e-02,5.902002327583464637e-03,-7.838710307380800657e-01,1.230143623861283064e+00,-2.617954204062704071e-01,1.511833147915093933e+00
3.835747020732214185e-01,8.204400370207109994e-01,3.128093622656399203e-02,5.902002327583464637e-03,-7.838710307380800657e-01,1.230143623861283064e+00,-2.617954204062704071e-01,1.513544614083395912e+00
3.835747020732214185e-01,8.204400370207109994e-01,3.128093622656399203e-02,5.902002327583464637e-03,-7.838710307380800657e-01,1.230143623861283064e+00,-2.617954204062704071e-01,1.514115102806163460e+00
3.835747020732214185e-01,8.204400370207109994e-01,3.128093622656399203e-02,5.902002327583464637e-03,-7.838710307380800657e-01,1.230143623861283064e+00,-2.617954204062704071e-01,1.516954868892827824e+00
3.835747020732214185e-01,8.204400370207109994e-01,3.128093622656399203e-02,5.902002327583464637e-03,-7.838710307380800657e-01,1.230143623861283064e+00,-2.617954204062704071e-01,1.518095846338362476e+00
3.835747020732214185e-01,8.204400370207109994e-01,3.128093622656399203e-02,5.902002327583464637e-03,-7.838710307380800657e-01,1.230143623861283064e+00,-2.617954204062704071e-01,1.519807312506664676e+00
3.835747020732214185e-01,8.204400370207109994e-01,3.128093622656399203e-02,5.902002327583464637e-03,-7.838710307380800657e-01,1.230143623861283064e+00,-2.617954204062704071e-01,1.520377801229432002e+00
3.835747020732214185e-01,8.204400370207109994e-01,3.128093622656399203e-02,5.902002327583464637e-03,-7.838710307380800657e-01,1.230143623861283064e+00,-2.617954204062704071e-01,1.522089267397734202e+00
3.835747020732214185e-01,8.204400370207109994e-01,3.128093622656399203e-02,5.902002327583464637e-03,-7.838710307380800657e-01,1.230143623861283064e+00,-2.617954204062704071e-01,1.522659756120501529e+00
3.835747020732214185e-01,8.204400370207109994e-01,3.128093622656399203e-02,5.902002327583464637e-03,-7.838710307380800657e-01,1.230143623861283064e+00,-2.617954204062704071e-01,1.524941711011571055e+00
3.835747020732214185e-01,8.204400370207109994e-01,3.128093622656399203e-02,5.902002327583464637e-03,-7.838710307380800657e-01,1.230143623861283064e+00,-2.617954204062704071e-01,1.525512199734338603e+00
3.835747020732214185e-01,8.204400370207109994e-01,3.128093622656399203e-02,5.902002327583464637e-03,-7.838710307380800657e-01,1.230143623861283064e+00,-2.617954204062704071e-01,1.527210988375468093e+00
3.835747020732214185e-01,8.204400370207109994e-01,3.128093622656399203e-02,5.902002327583464637e-03,-7.838710307380800657e-01,1.230143623861283064e+00,-2.617954204062704071e-01,1.527781477098235419e+00
3.835747020732214185e-01,8.204400370207109994e-01,3.128093622656399203e-02,5.902002327583464637e-03,-7.838710307380800657e-01,1.230143623861283064e+00,-2.617954204062704071e-01,1.530063431989304945e+00
3.835747020732214185e-01,8.204400370207109994e-01,3.128093622656399203e-02,5.902002327583464637e-03,-7.838710307380800657e-01,1.230143623861283064e+00,-2.617954204062704071e-01,1.530633920712072493e+00
3.835747020732214185e-01,8.204400370207109994e-01,3.128093622656399203e-02,5.902002327583464637e-03,-7.838710307380800657e-01,1.230143623861283064e+00,-2.617954204062704071e-01,1.532915875603142020e+00
3.835747020732214185e-01,8.204400370207109994e-01,3.128093622656399203e-02,5.902002327583464637e-03,-7.838710307380800657e-01,1.230143623861283064e+00,-2.617954204062704071e-01,1.533486364325909346e+00
3.835747020732214185e-01,8.204400370207109994e-01,3.128093622656399203e-02,5.902002327583464637e-03,-7.838710307380800657e-01,1.230143623861283064e+00,-2.617954204062704071e-01,1.535185152967038835e+00
3.835747020732214185e-01,8.204400370207109994e-01,3.128093622656399203e-02,5.902002327583464637e-03,-7.838710307380800657e-01,1.230143623861283064e+00,-2.617954204062704071e-01,1.535755641689806383e+00
3.835747020732214185e-01,8.204400370207109994e-01,3.128093622656399203e-02,5.902002327583464637e-03,-7.838710307380800657e-01,1.230143623861283064e+00,-2.617954204062704071e-01,1.538037596580875910e+00
3.835747020732214185e-01,8.204400370207109994e-01,3.128093622656399203e-02,5.902002327583464637e-03,-7.838710307380800657e-01,1.230143623861283064e+00,-2.617954204062704071e-01,1.538608085303643236e+00
3.835747020732214185e-01,8.204400370207109994e-01,3.128093622656399203e-02,5.902002327583464637e-03,-7.838710307380800657e-01,1.230143623861283064e+00,-2.617954204062704071e-01,1.540890040194712762e+00
3.835747020732214185e-01,8.204400370207109994e-01,3.128093622656399203e-02,5.902002327583464637e-03,-7.838710307380800657e-01,1.230143623861283064e+00,-2.617954204062704071e-01,1.541460528917480088e+00
3.835747020732214185e-01,8.204400370207109994e-01,3.128093622656399203e-02,5.902002327583464637e-03,-7.838710307380800657e-01,1.230143623861283064e+00,-2.617954204062704071e-01,1.543742483808549615e+00
3.835747020732214185e-01,8.204400370207109994e-01,3.128093622656399203e-02,5.902002327583464637e-03,-7.838710307380800657e-01,1.230143623861283064e+00,-2.617954204062704071e-01,1.544312972531317163e+00
3.835747020732214185e-01,8.204400370207109994e-01,3.128093622656399203e-02,5.902002327583464637e-03,-7.838710307380800657e-01,1.230143623861283064e+00,-2.617954204062704071e-01,1.546582249895213979e+00
3.835747020732214185e-01,8.204400370207109994e-01,3.128093622656399203e-02,5.902002327583464637e-03,-7.838710307380800657e-01,1.230143623861283064e+00,-2.617954204062704071e-01,1.547152738617981527e+00
3.835747020732214185e-01,8.204400370207109994e-01,3.128093622656399203e-02,5.902002327583464637e-03,-7.838710307380800657e-01,1.230143623861283064e+00,-2.617954204062704071e-01,1.549434693509051053e+00
3.835747020732214185e-01,8.204400370207109994e-01,3.128093622656399203e-02,5.902002327583464637e-03,-7.838710307380800657e-01,1.230143623861283064e+00,-2.617954204062704071e-01,1.550005182231818379e+00
3.835747020732214185e-01,8.204400370207109994e-01,3.128093622656399203e-02,5.902002327583464637e-03,-7.838710307380800657e-01,1.230143623861283064e+00,-2.617954204062704071e-01,1.552287137122887906e+00
3.835747020732214185e-01,8.204400370207109994e-01,3.128093622656399203e-02,5.902002327583464637e-03,-7.838710307380800657e-01,1.230143623861283064e+00,-2.617954204062704071e-01,1.553428114568422780e+00
3.835747020732214185e-01,8.204400370207109994e-01,3.128093622656399203e-02,5.902002327583464637e-03,-7.838710307380800657e-01,1.230143623861283064e+00,-2.617954204062704071e-01,1.553998603291190106e+00
3.835747020732214185e-01,8.204400370207109994e-01,3.128093622656399203e-02,5.902002327583464637e-03,-7.838710307380800657e-01,1.230143623861283064e+00,-2.617954204062704071e-01,1.555697391932319595e+00
3.835747020732214185e-01,8.204400370207109994e-01,3.128093622656399203e-02,5.902002327583464637e-03,-7.838710307380800657e-01,1.230143623861283064e+00,-2.617954204062704071e-01,1.556838369377854470e+00
3.835747020732214185e-01,8.204400370207109994e-01,3.128093622656399203e-02,5.902002327583464637e-03,-7.838710307380800657e-01,1.230143623861283064e+00,-2.617954204062704071e-01,1.558549835546156670e+00
3.835747020732214185e-01,8.204400370207109994e-01,3.128093622656399203e-02,5.902002327583464637e-03,-7.838710307380800657e-01,1.230143623861283064e+00,-2.617954204062704071e-01,1.559690812991691322e+00
3.835747020732214185e-01,8.204400370207109994e-01,3.128093622656399203e-02,5.919996237118779758e-03,-7.838710307380800657e-01,1.230143623861283064e+00,-2.617954204062704071e-01,1.560831790437226196e+00
3.835747020732214185e-01,8.204400370207109994e-01,3.128093622656399203e-02,5.902002327583464637e-03,-7.838710307380800657e-01,1.230143623861283064e+00,-2.617954204062704071e-01,1.561402279159993522e+00
3.835747020732214185e-01,8.204400370207109994e-01,3.128093622656399203e-02,5.902002327583464637e-03,-7.838710307380800657e-01,1.230143623861283064e+00,-2.617954204062704071e-01,1.563671556523890338e+00
3.835747020732214185e-01,8.204400370207109994e-01,3.128093622656399203e-02,5.902002327583464637e-03,-7.838710307380800657e-01,1.230143623861283064e+00,-2.617954204062704071e-01,1.564242045246657886e+00
3.835747020732214185e-01,8.204400370207109994e-01,3.128093622656399203e-02,5.902002327583464637e-03,-7.838710307380800657e-01,1.230143623861283064e+00,-2.617954204062704071e-01,1.566524000137727413e+00
3.835747020732214185e-01,8.204400370207109994e-01,3.128093622656399203e-02,5.902002327583464637e-03,-7.838710307380800657e-01,1.230143623861283064e+00,-2.617954204062704071e-01,1.567094488860494739e+00
3.835747020732214185e-01,8.204400370207109994e-01,3.128093622656399203e-02,5.902002327583464637e-03,-7.838710307380800657e-01,1.230143623861283064e+00,-2.617954204062704071e-01,1.568805955028796939e+00
3.835747020732214185e-01,8.204400370207109994e-01,3.128093622656399203e-02,5.902002327583464637e-03,-7.838710307380800657e-01,1.230143623861283064e+00,-2.617954204062704071e-01,1.569376443751564265e+00
3.835747020732214185e-01,8.204400370207109994e-01,3.128093622656399203e-02,5.902002327583464637e-03,-7.838710307380800657e-01,1.230143623861283064e+00,-2.617954204062704071e-01,1.571645721115461303e+00
3.835747020732214185e-01,8.204400370207109994e-01,3.128093622656399203e-02,5.902002327583464637e-03,-7.838710307380800657e-01,1.230143623861283064e+00,-2.617954204062704071e-01,1.572216209838228629e+00
3.835747020732214185e-01,8.204400370207109994e-01,3.128093622656399203e-02,5.902002327583464637e-03,-7.838710307380800657e-01,1.230143623861283064e+00,-2.617954204062704071e-01,1.574498164729298155e+00
3.835747020732214185e-01,8.204400370207109994e-01,3.128093622656399203e-02,5.902002327583464637e-03,-7.838710307380800657e-01,1.230143623861283064e+00,-2.617954204062704071e-01,1.575068653452065481e+00
3.835747020732214185e-01,8.204400370207109994e-01,3.128093622656399203e-02,5.902002327583464637e-03,-7.838710307380800657e-01,1.230143623861283064e+00,-2.617954204062704071e-01,1.577350608343135230e+00
3.835747020732214185e-01,8.204400370207109994e-01,3.128093622656399203e-02,5.902002327583464637e-03,-7.838710307380800657e-01,1.230143623861283064e+00,-2.617954204062704071e-01,1.577921097065902556e+00
3.835747020732214185e-01,8.204400370207109994e-01,3.128093622656399203e-02,5.902002327583464637e-03,-7.838710307380800657e-01,1.230143623861283064e+00,-2.617954204062704071e-01,1.579632563234204756e+00
3.835747020732214185e-01,8.204400370207109994e-01,3.128093622656399203e-02,5.902002327583464637e-03,-7.838710307380800657e-01,1.230143623861283064e+00,-2.617954204062704071e-01,1.580190374429799371e+00
3.835747020732214185e-01,8.204400370207109994e-01,3.128093622656399203e-02,5.902002327583464637e-03,-7.838710307380800657e-01,1.230143623861283064e+00,-2.617954204062704071e-01,1.583613306766403772e+00
3.835747020732214185e-01,8.204400370207109994e-01,3.128093622656399203e-02,5.902002327583464637e-03,-7.838710307380800657e-01,1.230143623861283064e+00,-2.617954204062704071e-01,1.584183795489171098e+00
3.835747020732214185e-01,8.204400370207109994e-01,3.128093622656399203e-02,5.902002327583464637e-03,-7.838710307380800657e-01,1.230143623861283064e+00,-2.617954204062704071e-01,1.586465750380240625e+00
3.835747020732214185e-01,8.204400370207109994e-01,3.128093622656399203e-02,5.902002327583464637e-03,-7.838710307380800657e-01,1.230143623861283064e+00,-2.617954204062704071e-01,1.588177216548542825e+00
3.835747020732214185e-01,8.204400370207109994e-01,3.128093622656399203e-02,5.902002327583464637e-03,-7.838710307380800657e-01,1.230143623861283064e+00,-2.617954204062704071e-01,1.590446493912439863e+00
3.835747020732214185e-01,8.204400370207109994e-01,3.128093622656399203e-02,5.902002327583464637e-03,-7.838710307380800657e-01,1.230143623861283064e+00,-2.617954204062704071e-01,1.591016982635207189e+00
3.835747020732214185e-01,8.204400370207109994e-01,3.128093622656399203e-02,5.902002327583464637e-03,-7.838710307380800657e-01,1.230143623861283064e+00,-2.617954204062704071e-01,1.592728448803509389e+00
3.835747020732214185e-01,8.204400370207109994e-01,3.128093622656399203e-02,5.902002327583464637e-03,-7.838710307380800657e-01,1.230143623861283064e+00,-2.617954204062704071e-01,1.593298937526276715e+00
3.835747020732214185e-01,8.204400370207109994e-01,3.128093622656399203e-02,5.902002327583464637e-03,-7.838710307380800657e-01,1.230143623861283064e+00,-2.617954204062704071e-01,1.595580892417346242e+00
3.835747020732214185e-01,8.204400370207109994e-01,3.128093622656399203e-02,5.902002327583464637e-03,-7.838710307380800657e-01,1.230143623861283064e+00,-2.617954204062704071e-01,1.596151381140113790e+00
3.835747020732214185e-01,8.204400370207109994e-01,3.128093622656399203e-02,5.902002327583464637e-03,-7.838710307380800657e-01,1.230143623861283064e+00,-2.617954204062704071e-01,1.597862847308415768e+00
3.835747020732214185e-01,8.204400370207109994e-01,3.128093622656399203e-02,5.902002327583464637e-03,-7.838710307380800657e-01,1.230143623861283064e+00,-2.617954204062704071e-01,1.598433336031183316e+00
3.835747020732214185e-01,8.204400370207109994e-01,3.128093622656399203e-02,5.902002327583464637e-03,-7.838710307380800657e-01,1.230143623861283064e+00,-2.617954204062704071e-01,1.600702613395080132e+00
3.835747020732214185e-01,8.204400370207109994e-01,3.128093622656399203e-02,5.902002327583464637e-03,-7.838710307380800657e-01,1.230143623861283064e+00,-2.617954204062704071e-01,1.601273102117847458e+00
3.835747020732214185e-01,8.204400370207109994e-01,3.128093622656399203e-02,5.902002327583464637e-03,-7.838710307380800657e-01,1.230143623861283064e+00,-2.617954204062704071e-01,1.602984568286149658e+00
3.835747020732214185e-01,8.204400370207109994e-01,3.128093622656399203e-02,5.902002327583464637e-03,-7.838710307380800657e-01,1.230143623861283064e+00,-2.617954204062704071e-01,1.604125545731684532e+00
3.835747020732214185e-01,8.204400370207109994e-01,3.128093622656399203e-02,5.902002327583464637e-03,-7.838710307380800657e-01,1.230143623861283064e+00,-2.617954204062704071e-01,1.605837011899986733e+00
3.835747020732214185e-01,8.204400370207109994e-01,3.128093622656399203e-02,5.902002327583464637e-03,-7.838710307380800657e-01,1.230143623861283064e+00,-2.617954204062704071e-01,1.606407500622754059e+00
3.835747020732214185e-01,8.204400370207109994e-01,3.128093622656399203e-02,5.902002327583464637e-03,-7.838710307380800657e-01,1.230143623861283064e+00,-2.617954204062704071e-01,1.608689455513823585e+00
3.835747020732214185e-01,8.204400370207109994e-01,3.128093622656399203e-02,5.902002327583464637e-03,-7.838710307380800657e-01,1.230143623861283064e+00,-2.617954204062704071e-01,1.609259944236590911e+00
3.835747020732214185e-01,8.204400370207109994e-01,3.128093622656399203e-02,5.902002327583464637e-03,-7.838710307380800657e-01,1.230143623861283064e+00,-2.617954204062704071e-01,1.611529221600487949e+00
3.835747020732214185e-01,8.204400370207109994e-01,3.128093622656399203e-02,5.902002327583464637e-03,-7.838710307380800657e-01,1.230143623861283064e+00,-2.617954204062704071e-01,1.612099710323255275e+00
3.835747020732214185e-01,8.204400370207109994e-01,3.128093622656399203e-02,5.902002327583464637e-03,-7.838710307380800657e-01,1.230143623861283064e+00,-2.617954204062704071e-01,1.613811176491557475e+00
3.835747020732214185e-01,8.204400370207109994e-01,3.128093622656399203e-02,5.902002327583464637e-03,-7.838710307380800657e-01,1.230143623861283064e+00,-2.617954204062704071e-01,1.614381665214324801e+00
3.835747020732214185e-01,8.204400370207109994e-01,3.128093622656399203e-02,5.902002327583464637e-03,-7.838710307380800657e-01,1.230143623861283064e+00,-2.617954204062704071e-01,1.616093131382627002e+00
3.835747020732214185e-01,8.204400370207109994e-01,3.128093622656399203e-02,5.902002327583464637e-03,-7.838710307380800657e-01,1.230143623861283064e+00,-2.617954204062704071e-01,1.617234108828161876e+00
3.835747020732214185e-01,8.204400370207109994e-01,3.128093622656399203e-02,5.902002327583464637e-03,-7.838710307380800657e-01,1.230143623861283064e+00,-2.617954204062704071e-01,1.618945574996463854e+00
3.835747020732214185e-01,8.204400370207109994e-01,3.128093622656399203e-02,5.902002327583464637e-03,-7.838710307380800657e-01,1.230143623861283064e+00,-2.617954204062704071e-01,1.619503386192058692e+00
3.835747020732214185e-01,8.204400370207109994e-01,3.128093622656399203e-02,5.902002327583464637e-03,-7.838710307380800657e-01,1.230143623861283064e+00,-2.617954204062704071e-01,1.621214852360360892e+00
3.835747020732214185e-01,8.204400370207109994e-01,3.128093622656399203e-02,5.902002327583464637e-03,-7.838710307380800657e-01,1.230143623861283064e+00,-2.617954204062704071e-01,1.622355829805895766e+00
3.835747020732214185e-01,8.204400370207109994e-01,3.128093622656399203e-02,5.902002327583464637e-03,-7.838710307380800657e-01,1.230143623861283064e+00,-2.617954204062704071e-01,1.624067295974197744e+00
3.835747020732214185e-01,8.204400370207109994e-01,3.128093622656399203e-02,5.902002327583464637e-03,-7.838710307380800657e-01,1.230143623861283064e+00,-2.617954204062704071e-01,1.624637784696965292e+00
3.835747020732214185e-01,8.204400370207109994e-01,3.128093622656399203e-02,5.902002327583464637e-03,-7.838710307380800657e-01,1.230143623861283064e+00,-2.617954204062704071e-01,1.626919739588034819e+00
3.835747020732214185e-01,8.204400370207109994e-01,3.128093622656399203e-02,5.902002327583464637e-03,-7.838710307380800657e-01,1.230143623861283064e+00,-2.617954204062704071e-01,1.628060717033569471e+00
3.835747020732214185e-01,8.204400370207109994e-01,3.128093622656399203e-02,5.902002327583464637e-03,-7.838710307380800657e-01,1.230143623861283064e+00,-2.617954204062704071e-01,1.629772183201871671e+00
3.835747020732214185e-01,8.204400370207109994e-01,3.128093622656399203e-02,5.902002327583464637e-03,-7.838710307380800657e-01,1.230143623861283064e+00,-2.617954204062704071e-01,1.630342671924638998e+00
3.835747020732214185e-01,8.204400370207109994e-01,3.128093622656399203e-02,5.902002327583464637e-03,-7.838710307380800657e-01,1.230143623861283064e+00,-2.617954204062704071e-01,1.632041460565768709e+00
3.835747020732214185e-01,8.204400370207109994e-01,3.128093622656399203e-02,5.902002327583464637e-03,-7.838710307380800657e-01,1.230143623861283064e+00,-2.617954204062704071e-01,1.632611949288536035e+00
3.835747020732214185e-01,8.204400370207109994e-01,3.128093622656399203e-02,5.902002327583464637e-03,-7.838710307380800657e-01,1.230143623861283064e+00,-2.617954204062704071e-01,1.634893904179605562e+00
3.835747020732214185e-01,8.204400370207109994e-01,3.128093622656399203e-02,5.902002327583464637e-03,-7.838710307380800657e-01,1.230143623861283064e+00,-2.617954204062704071e-01,1.635464392902372888e+00
3.835747020732214185e-01,8.204400370207109994e-01,3.128093622656399203e-02,5.902002327583464637e-03,-7.838710307380800657e-01,1.230143623861283064e+00,-2.617954204062704071e-01,1.637746347793442414e+00
3.835747020732214185e-01,8.204400370207109994e-01,3.128093622656399203e-02,5.919996237118779758e-03,-7.838710307380800657e-01,1.230143623861283064e+00,-2.617954204062704071e-01,1.638304158989037251e+00
3.835747020732214185e-01,8.204400370207109994e-01,3.128093622656399203e-02,5.902002327583464637e-03,-7.838710307380800657e-01,1.230143623861283064e+00,-2.617954204062704071e-01,1.640015625157339452e+00
3.835747020732214185e-01,8.204400370207109994e-01,3.128093622656399203e-02,5.902002327583464637e-03,-7.838710307380800657e-01,1.230143623861283064e+00,-2.617954204062704071e-01,1.640586113880106778e+00
3.835747020732214185e-01,8.204400370207109994e-01,3.128093622656399203e-02,5.902002327583464637e-03,-7.838710307380800657e-01,1.230143623861283064e+00,-2.617954204062704071e-01,1.643425879966771141e+00
3.835747020732214185e-01,8.204400370207109994e-01,3.128093622656399203e-02,5.902002327583464637e-03,-7.838710307380800657e-01,1.230143623861283064e+00,-2.617954204062704071e-01,1.644009046216711178e+00
3.835747020732214185e-01,8.204400370207109994e-01,3.128093622656399203e-02,5.902002327583464637e-03,-7.838710307380800657e-01,1.230143623861283064e+00,-2.617954204062704071e-01,1.645707834857840668e+00
3.835747020732214185e-01,8.204400370207109994e-01,3.128093622656399203e-02,5.902002327583464637e-03,-7.838710307380800657e-01,1.230143623861283064e+00,-2.617954204062704071e-01,1.646278323580607994e+00
3.835747020732214185e-01,8.204400370207109994e-01,3.128093622656399203e-02,5.902002327583464637e-03,-7.838710307380800657e-01,1.230143623861283064e+00,-2.617954204062704071e-01,1.648560278471677742e+00
3.835747020732214185e-01,8.204400370207109994e-01,3.128093622656399203e-02,5.902002327583464637e-03,-7.838710307380800657e-01,1.230143623861283064e+00,-2.617954204062704071e-01,1.649130767194445069e+00
3.835747020732214185e-01,8.204400370207109994e-01,3.128093622656399203e-02,5.902002327583464637e-03,-7.838710307380800657e-01,1.230143623861283064e+00,-2.617954204062704071e-01,1.650842233362747269e+00
3.835747020732214185e-01,8.204400370207109994e-01,3.128093622656399203e-02,5.902002327583464637e-03,-7.838710307380800657e-01,1.230143623861283064e+00,-2.617954204062704071e-01,1.651983210808281921e+00
3.835747020732214185e-01,8.204400370207109994e-01,3.128093622656399203e-02,5.902002327583464637e-03,-7.838710307380800657e-01,1.230143623861283064e+00,-2.617954204062704071e-01,1.653681999449411633e+00
3.835747020732214185e-01,8.204400370207109994e-01,3.128093622656399203e-02,5.902002327583464637e-03,-7.838710307380800657e-01,1.230143623861283064e+00,-2.617954204062704071e-01,1.654252488172178959e+00
3.835747020732214185e-01,8.204400370207109994e-01,3.128093622656399203e-02,5.902002327583464637e-03,-7.838710307380800657e-01,1.230143623861283064e+00,-2.617954204062704071e-01,1.655976631867653648e+00
3.835747020732214185e-01,8.204400370207109994e-01,3.128093622656399203e-02,5.902002327583464637e-03,-7.838710307380800657e-01,1.230143623861283064e+00,-2.617954204062704071e-01,1.656547120590420974e+00
3.835747020732214185e-01,8.204400370207109994e-01,3.128093622656399203e-02,5.902002327583464637e-03,-7.838710307380800657e-01,1.230143623861283064e+00,-2.617954204062704071e-01,1.658816397954318012e+00
3.835747020732214185e-01,8.204400370207109994e-01,3.128093622656399203e-02,5.902002327583464637e-03,-7.838710307380800657e-01,1.230143623861283064e+00,-2.617954204062704071e-01,1.659386886677085338e+00
3.835747020732214185e-01,8.204400370207109994e-01,3.128093622656399203e-02,5.902002327583464637e-03,-7.838710307380800657e-01,1.230143623861283064e+00,-2.617954204062704071e-01,1.661098352845387538e+00
3.835747020732214185e-01,8.204400370207109994e-01,3.128093622656399203e-02,5.902002327583464637e-03,-7.838710307380800657e-01,1.230143623861283064e+00,-2.617954204062704071e-01,1.661668841568154864e+00
3.835747020732214185e-01,8.204400370207109994e-01,3.128093622656399203e-02,5.902002327583464637e-03,-7.838710307380800657e-01,1.230143623861283064e+00,-2.617954204062704071e-01,1.663380307736457064e+00
3.835747020732214185e-01,8.204400370207109994e-01,3.128093622656399203e-02,5.902002327583464637e-03,-7.838710307380800657e-01,1.230143623861283064e+00,-2.617954204062704071e-01,1.663950796459224390e+00
3.835747020732214185e-01,8.204400370207109994e-01,3.128093622656399203e-02,5.902002327583464637e-03,-7.838710307380800657e-01,1.230143623861283064e+00,-2.617954204062704071e-01,1.666232751350294139e+00
3.835747020732214185e-01,8.204400370207109994e-01,3.128093622656399203e-02,5.902002327583464637e-03,-7.838710307380800657e-01,1.230143623861283064e+00,-2.617954204062704071e-01,1.666803240073061465e+00
3.835747020732214185e-01,8.204400370207109994e-01,3.128093622656399203e-02,5.902002327583464637e-03,-7.838710307380800657e-01,1.230143623861283064e+00,-2.617954204062704071e-01,1.668514706241363665e+00
3.835747020732214185e-01,8.204400370207109994e-01,3.128093622656399203e-02,5.902002327583464637e-03,-7.838710307380800657e-01,1.230143623861283064e+00,-2.617954204062704071e-01,1.669643006159725829e+00
3.835747020732214185e-01,8.204400370207109994e-01,3.128093622656399203e-02,5.902002327583464637e-03,-7.838710307380800657e-01,1.230143623861283064e+00,-2.617954204062704071e-01,1.670783983605260481e+00
3.835747020732214185e-01,8.204400370207109994e-01,3.128093622656399203e-02,5.902002327583464637e-03,-7.838710307380800657e-01,1.230143623861283064e+00,-2.617954204062704071e-01,1.671354472328028029e+00
3.835747020732214185e-01,8.204400370207109994e-01,3.128093622656399203e-02,5.902002327583464637e-03,-7.838710307380800657e-01,1.230143623861283064e+00,-2.617954204062704071e-01,1.673065938496330007e+00
3.835747020732214185e-01,8.204400370207109994e-01,3.128093622656399203e-02,5.902002327583464637e-03,-7.838710307380800657e-01,1.230143623861283064e+00,-2.617954204062704071e-01,1.674206915941864882e+00
3.835747020732214185e-01,8.204400370207109994e-01,3.128093622656399203e-02,5.902002327583464637e-03,-7.838710307380800657e-01,1.230143623861283064e+00,-2.617954204062704071e-01,1.675918382110167082e+00
3.835747020732214185e-01,8.204400370207109994e-01,3.128093622656399203e-02,5.902002327583464637e-03,-7.838710307380800657e-01,1.230143623861283064e+00,-2.617954204062704071e-01,1.676488870832934408e+00
3.835747020732214185e-01,8.204400370207109994e-01,3.128093622656399203e-02,5.902002327583464637e-03,-7.838710307380800657e-01,1.230143623861283064e+00,-2.617954204062704071e-01,1.677629848278469282e+00
3.835747020732214185e-01,8.204400370207109994e-01,3.128093622656399203e-02,5.902002327583464637e-03,-7.838710307380800657e-01,1.230143623861283064e+00,-2.617954204062704071e-01,1.679899125642366098e+00
3.835747020732214185e-01,8.204400370207109994e-01,3.128093622656399203e-02,5.902002327583464637e-03,-7.838710307380800657e-01,1.230143623861283064e+00,-2.617954204062704071e-01,1.680469614365133424e+00
3.835747020732214185e-01,8.204400370207109994e-01,3.128093622656399203e-02,5.902002327583464637e-03,-7.838710307380800657e-01,1.230143623861283064e+00,-2.617954204062704071e-01,1.682181080533435624e+00
3.835747020732214185e-01,8.204400370207109994e-01,3.128093622656399203e-02,5.902002327583464637e-03,-7.838710307380800657e-01,1.230143623861283064e+00,-2.617954204062704071e-01,1.683892546701737825e+00
3.835747020732214185e-01,8.204400370207109994e-01,3.128093622656399203e-02,5.902002327583464637e-03,-7.838710307380800657e-01,1.230143623861283064e+00,-2.617954204062704071e-01,1.684463035424505151e+00
3.835747020732214185e-01,8.204400370207109994e-01,3.128093622656399203e-02,5.902002327583464637e-03,-7.838710307380800657e-01,1.230143623861283064e+00,-2.617954204062704071e-01,1.687315479038342225e+00
3.835747020732214185e-01,8.204400370207109994e-01,3.128093622656399203e-02,5.902002327583464637e-03,-7.838710307380800657e-01,1.230143623861283064e+00,-2.617954204062704071e-01,1.688456456483876877e+00
3.835747020732214185e-01,8.204400370207109994e-01,3.128093622656399203e-02,5.902002327583464637e-03,-7.838710307380800657e-01,1.230143623861283064e+00,-2.617954204062704071e-01,1.690155245125006589e+00
3.835747020732214185e-01,8.204400370207109994e-01,3.128093622656399203e-02,5.902002327583464637e-03,-7.838710307380800657e-01,1.230143623861283064e+00,-2.617954204062704071e-01,1.690725733847773915e+00
3.835747020732214185e-01,8.204400370207109994e-01,3.128093622656399203e-02,5.902002327583464637e-03,-7.838710307380800657e-01,1.230143623861283064e+00,-2.617954204062704071e-01,1.693578177461610768e+00
3.835747020732214185e-01,8.204400370207109994e-01,3.128093622656399203e-02,5.902002327583464637e-03,-7.838710307380800657e-01,1.230143623861283064e+00,-2.617954204062704071e-01,1.694719154907145642e+00
3.835747020732214185e-01,8.204400370207109994e-01,3.128093622656399203e-02,5.902002327583464637e-03,-7.838710307380800657e-01,1.230143623861283064e+00,-2.617954204062704071e-01,1.697001109798215168e+00
3.835747020732214185e-01,8.204400370207109994e-01,3.128093622656399203e-02,5.902002327583464637e-03,-7.838710307380800657e-01,1.230143623861283064e+00,-2.617954204062704071e-01,1.697571598520982494e+00
3.835747020732214185e-01,8.204400370207109994e-01,3.128093622656399203e-02,5.902002327583464637e-03,-7.838710307380800657e-01,1.230143623861283064e+00,-2.617954204062704071e-01,1.699840875884879532e+00
3.835747020732214185e-01,8.204400370207109994e-01,3.128093622656399203e-02,5.902002327583464637e-03,-7.838710307380800657e-01,1.230143623861283064e+00,-2.617954204062704071e-01,1.700411364607646858e+00
3.835747020732214185e-01,8.204400370207109994e-01,3.128093622656399203e-02,5.902002327583464637e-03,-7.838710307380800657e-01,1.230143623861283064e+00,-2.617954204062704071e-01,1.702693319498716384e+00
3.835747020732214185e-01,8.204400370207109994e-01,3.128093622656399203e-02,5.902002327583464637e-03,-7.838710307380800657e-01,1.230143623861283064e+00,-2.617954204062704071e-01,1.703263808221483711e+00
3.835747020732214185e-01,8.204400370207109994e-01,3.128093622656399203e-02,5.902002327583464637e-03,-7.838710307380800657e-01,1.230143623861283064e+00,-2.617954204062704071e-01,1.704975274389785911e+00
3.835747020732214185e-01,8.204400370207109994e-01,3.128093622656399203e-02,5.902002327583464637e-03,-7.838710307380800657e-01,1.230143623861283064e+00,-2.617954204062704071e-01,1.705545763112553237e+00
3.835747020732214185e-01,8.204400370207109994e-01,3.128093622656399203e-02,5.902002327583464637e-03,-7.838710307380800657e-01,1.230143623861283064e+00,-2.617954204062704071e-01,1.707257229280855437e+00
3.835747020732214185e-01,8.204400370207109994e-01,3.128093622656399203e-02,5.902002327583464637e-03,-7.838710307380800657e-01,1.230143623861283064e+00,-2.617954204062704071e-01,1.707827718003622985e+00
3.835747020732214185e-01,8.204400370207109994e-01,3.128093622656399203e-02,5.902002327583464637e-03,-7.838710307380800657e-01,1.230143623861283064e+00,-2.617954204062704071e-01,1.709539184171924964e+00
3.835747020732214185e-01,8.204400370207109994e-01,3.128093622656399203e-02,5.902002327583464637e-03,-7.838710307380800657e-01,1.230143623861283064e+00,-2.617954204062704071e-01,1.710096995367519801e+00
3.835747020732214185e-01,8.204400370207109994e-01,3.128093622656399203e-02,5.902002327583464637e-03,-7.838710307380800657e-01,1.230143623861283064e+00,-2.617954204062704071e-01,1.712378950258589327e+00
3.835747020732214185e-01,8.204400370207109994e-01,3.128093622656399203e-02,5.902002327583464637e-03,-7.838710307380800657e-01,1.230143623861283064e+00,-2.617954204062704071e-01,1.713519927704124202e+00
3.835747020732214185e-01,8.204400370207109994e-01,3.128093622656399203e-02,5.902002327583464637e-03,-7.838710307380800657e-01,1.230143623861283064e+00,-2.617954204062704071e-01,1.715218716345253691e+00
3.835747020732214185e-01,8.204400370207109994e-01,3.128093622656399203e-02,5.902002327583464637e-03,-7.838710307380800657e-01,1.230143623861283064e+00,-2.617954204062704071e-01,1.715789205068021017e+00
3.835747020732214185e-01,8.204400370207109994e-01,3.128093622656399203e-02,5.902002327583464637e-03,-7.838710307380800657e-01,1.230143623861283064e+00,-2.617954204062704071e-01,1.718083837486263254e+00
3.835747020732214185e-01,8.204400370207109994e-01,3.128093622656399203e-02,5.902002327583464637e-03,-7.838710307380800657e-01,1.230143623861283064e+00,-2.617954204062704071e-01,1.718641648681858092e+00
3.835747020732214185e-01,8.204400370207109994e-01,3.128093622656399203e-02,5.902002327583464637e-03,-7.838710307380800657e-01,1.230143623861283064e+00,-2.617954204062704071e-01,1.720353114850160070e+00
3.835747020732214185e-01,8.204400370207109994e-01,3.128093622656399203e-02,5.902002327583464637e-03,-7.838710307380800657e-01,1.230143623861283064e+00,-2.617954204062704071e-01,1.720923603572927618e+00
3.835747020732214185e-01,8.204400370207109994e-01,3.128093622656399203e-02,5.902002327583464637e-03,-7.838710307380800657e-01,1.230143623861283064e+00,-2.617954204062704071e-01,1.722635069741229819e+00
3.835747020732214185e-01,8.204400370207109994e-01,3.128093622656399203e-02,5.902002327583464637e-03,-7.838710307380800657e-01,1.230143623861283064e+00,-2.617954204062704071e-01,1.723205558463997145e+00
3.835747020732214185e-01,8.204400370207109994e-01,3.128093622656399203e-02,5.902002327583464637e-03,-7.838710307380800657e-01,1.230143623861283064e+00,-2.617954204062704071e-01,1.725474835827893960e+00
3.835747020732214185e-01,8.204400370207109994e-01,3.128093622656399203e-02,5.902002327583464637e-03,-7.838710307380800657e-01,1.230143623861283064e+00,-2.617954204062704071e-01,1.726045324550661508e+00
3.835747020732214185e-01,8.204400370207109994e-01,3.128093622656399203e-02,5.902002327583464637e-03,-7.838710307380800657e-01,1.230143623861283064e+00,-2.617954204062704071e-01,1.727756790718963709e+00
3.835747020732214185e-01,8.204400370207109994e-01,3.128093622656399203e-02,5.902002327583464637e-03,-7.838710307380800657e-01,1.230143623861283064e+00,-2.617954204062704071e-01,1.728897768164498361e+00
3.835747020732214185e-01,8.204400370207109994e-01,3.128093622656399203e-02,5.902002327583464637e-03,-7.838710307380800657e-01,1.230143623861283064e+00,-2.617954204062704071e-01,1.731179723055567887e+00
3.835747020732214185e-01,8.204400370207109994e-01,3.128093622656399203e-02,5.902002327583464637e-03,-7.838710307380800657e-01,1.230143623861283064e+00,-2.617954204062704071e-01,1.731750211778335213e+00
3.835747020732214185e-01,8.204400370207109994e-01,3.128093622656399203e-02,5.902002327583464637e-03,-7.838710307380800657e-01,1.230143623861283064e+00,-2.617954204062704071e-01,1.733461677946637414e+00
3.835747020732214185e-01,8.204400370207109994e-01,3.128093622656399203e-02,5.902002327583464637e-03,-7.838710307380800657e-01,1.230143623861283064e+00,-2.617954204062704071e-01,1.734032166669404962e+00
3.835747020732214185e-01,8.204400370207109994e-01,3.128093622656399203e-02,5.902002327583464637e-03,-7.838710307380800657e-01,1.230143623861283064e+00,-2.617954204062704071e-01,1.736301444033301777e+00
3.835747020732214185e-01,8.204400370207109994e-01,3.128093622656399203e-02,5.902002327583464637e-03,-7.838710307380800657e-01,1.230143623861283064e+00,-2.617954204062704071e-01,1.736871932756069103e+00
3.835747020732214185e-01,8.204400370207109994e-01,3.128093622656399203e-02,5.902002327583464637e-03,-7.838710307380800657e-01,1.230143623861283064e+00,-2.617954204062704071e-01,1.739153887647138630e+00
3.835747020732214185e-01,8.204400370207109994e-01,3.128093622656399203e-02,5.902002327583464637e-03,-7.838710307380800657e-01,1.230143623861283064e+00,-2.617954204062704071e-01,1.739724376369906178e+00
3.835747020732214185e-01,8.204400370207109994e-01,3.128093622656399203e-02,5.902002327583464637e-03,-7.838710307380800657e-01,1.230143623861283064e+00,-2.617954204062704071e-01,1.742006331260975704e+00
3.835747020732214185e-01,8.204400370207109994e-01,3.128093622656399203e-02,5.902002327583464637e-03,-7.838710307380800657e-01,1.230143623861283064e+00,-2.617954204062704071e-01,1.742564142456570542e+00
3.835747020732214185e-01,8.204400370207109994e-01,3.128093622656399203e-02,5.902002327583464637e-03,-7.838710307380800657e-01,1.230143623861283064e+00,-2.617954204062704071e-01,1.743705119902105194e+00
3.835747020732214185e-01,8.204400370207109994e-01,3.128093622656399203e-02,5.902002327583464637e-03,-7.838710307380800657e-01,1.230143623861283064e+00,-2.617954204062704071e-01,1.745416586070407394e+00
3.835747020732214185e-01,8.204400370207109994e-01,3.128093622656399203e-02,5.902002327583464637e-03,-7.838710307380800657e-01,1.230143623861283064e+00,-2.617954204062704071e-01,1.745987074793174720e+00
3.835747020732214185e-01,8.204400370207109994e-01,3.128093622656399203e-02,5.902002327583464637e-03,-7.838710307380800657e-01,1.230143623861283064e+00,-2.617954204062704071e-01,1.748269029684244247e+00
3.835747020732214185e-01,8.204400370207109994e-01,3.128093622656399203e-02,5.902002327583464637e-03,-7.838710307380800657e-01,1.230143623861283064e+00,-2.617954204062704071e-01,1.748839518407011795e+00
3.835747020732214185e-01,8.204400370207109994e-01,3.128093622656399203e-02,5.902002327583464637e-03,-7.838710307380800657e-01,1.230143623861283064e+00,-2.617954204062704071e-01,1.750550984575313773e+00
3.835747020732214185e-01,8.204400370207109994e-01,3.128093622656399203e-02,5.902002327583464637e-03,-7.838710307380800657e-01,1.230143623861283064e+00,-2.617954204062704071e-01,1.751121473298081321e+00
3.835747020732214185e-01,8.204400370207109994e-01,3.128093622656399203e-02,5.902002327583464637e-03,-7.838710307380800657e-01,1.230143623861283064e+00,-2.617954204062704071e-01,1.753390750661978137e+00
3.835747020732214185e-01,8.204400370207109994e-01,3.128093622656399203e-02,5.902002327583464637e-03,-7.838710307380800657e-01,1.230143623861283064e+00,-2.617954204062704071e-01,1.753961239384745685e+00
3.835747020732214185e-01,8.204400370207109994e-01,3.128093622656399203e-02,5.902002327583464637e-03,-7.838710307380800657e-01,1.230143623861283064e+00,-2.617954204062704071e-01,1.756243194275815211e+00
3.835747020732214185e-01,8.204400370207109994e-01,3.128093622656399203e-02,5.902002327583464637e-03,-7.838710307380800657e-01,1.230143623861283064e+00,-2.617954204062704071e-01,1.757954660444117190e+00
3.835747020732214185e-01,8.204400370207109994e-01,3.128093622656399203e-02,5.902002327583464637e-03,-7.838710307380800657e-01,1.230143623861283064e+00,-2.617954204062704071e-01,1.758525149166884738e+00
3.835747020732214185e-01,8.204400370207109994e-01,3.128093622656399203e-02,5.902002327583464637e-03,-7.838710307380800657e-01,1.230143623861283064e+00,-2.617954204062704071e-01,1.760807104057954264e+00
3.835747020732214185e-01,8.204400370207109994e-01,3.128093622656399203e-02,5.902002327583464637e-03,-7.838710307380800657e-01,1.230143623861283064e+00,-2.617954204062704071e-01,1.761948081503488917e+00
3.835747020732214185e-01,8.204400370207109994e-01,3.128093622656399203e-02,5.902002327583464637e-03,-7.838710307380800657e-01,1.230143623861283064e+00,-2.617954204062704071e-01,1.763646870144618628e+00
3.835747020732214185e-01,8.204400370207109994e-01,3.128093622656399203e-02,5.902002327583464637e-03,-7.838710307380800657e-01,1.230143623861283064e+00,-2.617954204062704071e-01,1.764217358867385954e+00
3.835747020732214185e-01,8.204400370207109994e-01,3.128093622656399203e-02,5.902002327583464637e-03,-7.838710307380800657e-01,1.230143623861283064e+00,-2.617954204062704071e-01,1.766499313758455481e+00
3.835747020732214185e-01,8.204400370207109994e-01,3.128093622656399203e-02,5.902002327583464637e-03,-7.838710307380800657e-01,1.230143623861283064e+00,-2.617954204062704071e-01,1.767069802481222807e+00
3.835747020732214185e-01,8.204400370207109994e-01,3.128093622656399203e-02,5.902002327583464637e-03,-7.838710307380800657e-01,1.230143623861283064e+00,-2.617954204062704071e-01,1.769351757372292333e+00
3.835747020732214185e-01,8.204400370207109994e-01,3.128093622656399203e-02,5.902002327583464637e-03,-7.838710307380800657e-01,1.230143623861283064e+00,-2.617954204062704071e-01,1.770492734817827207e+00
3.835747020732214185e-01,8.204400370207109994e-01,3.128093622656399203e-02,5.902002327583464637e-03,-7.838710307380800657e-01,1.230143623861283064e+00,-2.617954204062704071e-01,1.772204200986129408e+00
3.835747020732214185e-01,8.204400370207109994e-01,3.128093622656399203e-02,5.902002327583464637e-03,-7.838710307380800657e-01,1.230143623861283064e+00,-2.617954204062704071e-01,1.772774689708896734e+00
3.835747020732214185e-01,8.204400370207109994e-01,3.128093622656399203e-02,5.902002327583464637e-03,-7.838710307380800657e-01,1.230143623861283064e+00,-2.617954204062704071e-01,1.775614455795561097e+00
3.835747020732214185e-01,8.204400370207109994e-01,3.128093622656399203e-02,5.902002327583464637e-03,-7.838710307380800657e-01,1.230143623861283064e+00,-2.617954204062704071e-01,1.776184944518328424e+00
3.835747020732214185e-01,8.204400370207109994e-01,3.128093622656399203e-02,5.902002327583464637e-03,-7.838710307380800657e-01,1.230143623861283064e+00,-2.617954204062704071e-01,1.777325921963863298e+00
3.835747020732214185e-01,8.204400370207109994e-01,3.128093622656399203e-02,5.902002327583464637e-03,-7.838710307380800657e-01,1.230143623861283064e+00,-2.617954204062704071e-01,1.779037388132165498e+00
3.835747020732214185e-01,8.204400370207109994e-01,3.128093622656399203e-02,5.902002327583464637e-03,-7.838710307380800657e-01,1.230143623861283064e+00,-2.617954204062704071e-01,1.779607876854932824e+00
3.835747020732214185e-01,8.204400370207109994e-01,3.128093622656399203e-02,5.902002327583464637e-03,-7.838710307380800657e-01,1.230143623861283064e+00,-2.617954204062704071e-01,1.780748854300467476e+00
3.835747020732214185e-01,8.204400370207109994e-01,3.128093622656399203e-02,5.902002327583464637e-03,-7.838710307380800657e-01,1.230143623861283064e+00,-2.617954204062704071e-01,1.783018131664364514e+00
3.835747020732214185e-01,8.204400370207109994e-01,3.128093622656399203e-02,5.902002327583464637e-03,-7.838710307380800657e-01,1.230143623861283064e+00,-2.617954204062704071e-01,1.783588620387131840e+00
3.835747020732214185e-01,8.204400370207109994e-01,3.128093622656399203e-02,5.902002327583464637e-03,-7.838710307380800657e-01,1.230143623861283064e+00,-2.617954204062704071e-01,1.785870575278201366e+00
3.835747020732214185e-01,8.204400370207109994e-01,3.128093622656399203e-02,5.902002327583464637e-03,-7.838710307380800657e-01,1.230143623861283064e+00,-2.617954204062704071e-01,1.787011552723736241e+00
3.835747020732214185e-01,8.204400370207109994e-01,3.128093622656399203e-02,5.902002327583464637e-03,-7.838710307380800657e-01,1.230143623861283064e+00,-2.617954204062704071e-01,1.789293507614805767e+00
3.835747020732214185e-01,8.204400370207109994e-01,3.128093622656399203e-02,5.902002327583464637e-03,-7.838710307380800657e-01,1.230143623861283064e+00,-2.617954204062704071e-01,1.789863996337573093e+00
3.835747020732214185e-01,8.204400370207109994e-01,3.128093622656399203e-02,5.902002327583464637e-03,-7.838710307380800657e-01,1.230143623861283064e+00,-2.617954204062704071e-01,1.792145951228642620e+00
3.835747020732214185e-01,8.204400370207109994e-01,3.128093622656399203e-02,5.902002327583464637e-03,-7.838710307380800657e-01,1.230143623861283064e+00,-2.617954204062704071e-01,1.792716439951410168e+00
3.835747020732214185e-01,8.204400370207109994e-01,3.128093622656399203e-02,5.902002327583464637e-03,-7.838710307380800657e-01,1.230143623861283064e+00,-2.617954204062704071e-01,1.794415228592539657e+00
3.835747020732214185e-01,8.204400370207109994e-01,3.128093622656399203e-02,5.902002327583464637e-03,-7.838710307380800657e-01,1.230143623861283064e+00,-2.617954204062704071e-01,1.794985717315306983e+00
3.835747020732214185e-01,8.204400370207109994e-01,3.128093622656399203e-02,5.902002327583464637e-03,-7.838710307380800657e-01,1.230143623861283064e+00,-2.617954204062704071e-01,1.797267672206376510e+00
3.835747020732214185e-01,8.204400370207109994e-01,3.128093622656399203e-02,5.902002327583464637e-03,-7.838710307380800657e-01,1.230143623861283064e+00,-2.617954204062704071e-01,1.797838160929144058e+00
3.835747020732214185e-01,8.204400370207109994e-01,3.128093622656399203e-02,5.902002327583464637e-03,-7.838710307380800657e-01,1.230143623861283064e+00,-2.617954204062704071e-01,1.800107438293040873e+00
3.835747020732214185e-01,8.204400370207109994e-01,3.128093622656399203e-02,5.902002327583464637e-03,-7.838710307380800657e-01,1.230143623861283064e+00,-2.617954204062704071e-01,1.801248415738575748e+00
3.835747020732214185e-01,8.204400370207109994e-01,3.128093622656399203e-02,5.902002327583464637e-03,-7.838710307380800657e-01,1.230143623861283064e+00,-2.617954204062704071e-01,1.802959881906877948e+00
3.835747020732214185e-01,8.204400370207109994e-01,3.128093622656399203e-02,5.902002327583464637e-03,-7.838710307380800657e-01,1.230143623861283064e+00,-2.617954204062704071e-01,1.803530370629645274e+00
3.835747020732214185e-01,8.204400370207109994e-01,3.128093622656399203e-02,5.902002327583464637e-03,-7.838710307380800657e-01,1.230143623861283064e+00,-2.617954204062704071e-01,1.805812325520714801e+00
3.835747020732214185e-01,8.204400370207109994e-01,3.128093622656399203e-02,5.902002327583464637e-03,-7.838710307380800657e-01,1.230143623861283064e+00,-2.617954204062704071e-01,1.806382814243482127e+00
3.835747020732214185e-01,8.204400370207109994e-01,3.128093622656399203e-02,5.902002327583464637e-03,-7.838710307380800657e-01,1.230143623861283064e+00,-2.617954204062704071e-01,1.808652091607379164e+00
3.835747020732214185e-01,8.204400370207109994e-01,3.128093622656399203e-02,5.902002327583464637e-03,-7.838710307380800657e-01,1.230143623861283064e+00,-2.617954204062704071e-01,1.809793069052913816e+00
3.835747020732214185e-01,8.204400370207109994e-01,3.128093622656399203e-02,5.902002327583464637e-03,-7.838710307380800657e-01,1.230143623861283064e+00,-2.617954204062704071e-01,1.810363557775681365e+00
3.835747020732214185e-01,8.204400370207109994e-01,3.128093622656399203e-02,5.902002327583464637e-03,-7.838710307380800657e-01,1.230143623861283064e+00,-2.617954204062704071e-01,1.812645512666750891e+00
3.835747020732214185e-01,8.204400370207109994e-01,3.128093622656399203e-02,5.902002327583464637e-03,-7.838710307380800657e-01,1.230143623861283064e+00,-2.617954204062704071e-01,1.813216001389518217e+00
3.835747020732214185e-01,8.204400370207109994e-01,3.128093622656399203e-02,5.902002327583464637e-03,-7.838710307380800657e-01,1.230143623861283064e+00,-2.617954204062704071e-01,1.815497956280587744e+00
3.835747020732214185e-01,8.204400370207109994e-01,3.128093622656399203e-02,5.902002327583464637e-03,-7.838710307380800657e-01,1.230143623861283064e+00,-2.617954204062704071e-01,1.816068445003355070e+00
3.835747020732214185e-01,8.204400370207109994e-01,3.128093622656399203e-02,5.919996237118779758e-03,-7.838710307380800657e-01,1.230143623861283064e+00,-2.617954204062704071e-01,1.818350399894424596e+00
3.835747020732214185e-01,8.204400370207109994e-01,3.128093622656399203e-02,5.902002327583464637e-03,-7.838710307380800657e-01,1.230143623861283064e+00,-2.617954204062704071e-01,1.819478699812786759e+00
3.835747020732214185e-01,8.204400370207109994e-01,3.128093622656399203e-02,5.919996237118779758e-03,-7.838710307380800657e-01,1.230143623861283064e+00,-2.617954204062704071e-01,1.821190165981088960e+00
3.835747020732214185e-01,8.204400370207109994e-01,3.128093622656399203e-02,5.902002327583464637e-03,-7.838710307380800657e-01,1.230143623861283064e+00,-2.617954204062704071e-01,1.821760654703856508e+00
3.835747020732214185e-01,8.204400370207109994e-01,3.128093622656399203e-02,5.902002327583464637e-03,-7.838710307380800657e-01,1.230143623861283064e+00,-2.617954204062704071e-01,1.823472120872158486e+00
3.835747020732214185e-01,8.204400370207109994e-01,3.128093622656399203e-02,5.902002327583464637e-03,-7.838710307380800657e-01,1.230143623861283064e+00,-2.617954204062704071e-01,1.824042609594926034e+00
3.835747020732214185e-01,8.204400370207109994e-01,3.128093622656399203e-02,5.902002327583464637e-03,-7.838710307380800657e-01,1.230143623861283064e+00,-2.617954204062704071e-01,1.825754075763228013e+00
3.835747020732214185e-01,8.204400370207109994e-01,3.128093622656399203e-02,5.902002327583464637e-03,-7.838710307380800657e-01,1.230143623861283064e+00,-2.617954204062704071e-01,1.826324564485995561e+00
3.835747020732214185e-01,8.204400370207109994e-01,3.128093622656399203e-02,5.902002327583464637e-03,-7.838710307380800657e-01,1.230143623861283064e+00,-2.617954204062704071e-01,1.828606519377065087e+00
3.835747020732214185e-01,8.204400370207109994e-01,3.128093622656399203e-02,5.902002327583464637e-03,-7.838710307380800657e-01,1.230143623861283064e+00,-2.617954204062704071e-01,1.830305308018194577e+00
3.835747020732214185e-01,8.204400370207109994e-01,3.128093622656399203e-02,5.902002327583464637e-03,-7.838710307380800657e-01,1.230143623861283064e+00,-2.617954204062704071e-01,1.830875796740961903e+00
3.835747020732214185e-01,8.204400370207109994e-01,3.128093622656399203e-02,5.902002327583464637e-03,-7.838710307380800657e-01,1.230143623861283064e+00,-2.617954204062704071e-01,1.833157751632031429e+00
3.835747020732214185e-01,8.204400370207109994e-01,3.128093622656399203e-02,5.902002327583464637e-03,-7.838710307380800657e-01,1.230143623861283064e+00,-2.617954204062704071e-01,1.834298729077566303e+00
3.835747020732214185e-01,8.204400370207109994e-01,3.128093622656399203e-02,5.902002327583464637e-03,-7.838710307380800657e-01,1.230143623861283064e+00,-2.617954204062704071e-01,1.836010195245868504e+00
3.835747020732214185e-01,8.204400370207109994e-01,3.128093622656399203e-02,5.902002327583464637e-03,-7.838710307380800657e-01,1.230143623861283064e+00,-2.617954204062704071e-01,1.837151172691403156e+00
3.835747020732214185e-01,8.204400370207109994e-01,3.128093622656399203e-02,5.902002327583464637e-03,-7.838710307380800657e-01,1.230143623861283064e+00,-2.617954204062704071e-01,1.839420450055300194e+00
3.835747020732214185e-01,8.204400370207109994e-01,3.128093622656399203e-02,5.902002327583464637e-03,-7.838710307380800657e-01,1.230143623861283064e+00,-2.617954204062704071e-01,1.840561427500835068e+00
3.835747020732214185e-01,8.204400370207109994e-01,3.128093622656399203e-02,5.902002327583464637e-03,-7.838710307380800657e-01,1.230143623861283064e+00,-2.617954204062704071e-01,1.841702404946369720e+00
3.835747020732214185e-01,8.204400370207109994e-01,3.128093622656399203e-02,5.902002327583464637e-03,-7.838710307380800657e-01,1.230143623861283064e+00,-2.617954204062704071e-01,1.842843382391904594e+00
3.835747020732214185e-01,8.204400370207109994e-01,3.128093622656399203e-02,5.902002327583464637e-03,-7.838710307380800657e-01,1.230143623861283064e+00,-2.617954204062704071e-01,1.844554848560206572e+00
3.835747020732214185e-01,8.204400370207109994e-01,3.128093622656399203e-02,5.902002327583464637e-03,-7.838710307380800657e-01,1.230143623861283064e+00,-2.617954204062704071e-01,1.845125337282974121e+00
3.835747020732214185e-01,8.204400370207109994e-01,3.128093622656399203e-02,5.902002327583464637e-03,-7.838710307380800657e-01,1.230143623861283064e+00,-2.617954204062704071e-01,1.847407292174043647e+00
3.835747020732214185e-01,8.204400370207109994e-01,3.128093622656399203e-02,5.902002327583464637e-03,-7.838710307380800657e-01,1.230143623861283064e+00,-2.617954204062704071e-01,1.848535592092405810e+00
3.835747020732214185e-01,8.204400370207109994e-01,3.128093622656399203e-02,5.902002327583464637e-03,-7.838710307380800657e-01,1.230143623861283064e+00,-2.617954204062704071e-01,1.851388035706242663e+00
3.835747020732214185e-01,8.204400370207109994e-01,3.128093622656399203e-02,5.902002327583464637e-03,-7.838710307380800657e-01,1.230143623861283064e+00,-2.617954204062704071e-01,1.851958524429009989e+00
3.835747020732214185e-01,8.204400370207109994e-01,3.128093622656399203e-02,5.902002327583464637e-03,-7.838710307380800657e-01,1.230143623861283064e+00,-2.617954204062704071e-01,1.853669990597312189e+00
3.835747020732214185e-01,8.204400370207109994e-01,3.128093622656399203e-02,5.902002327583464637e-03,-7.838710307380800657e-01,1.230143623861283064e+00,-2.617954204062704071e-01,1.854240479320079737e+00
3.835747020732214185e-01,8.204400370207109994e-01,3.128093622656399203e-02,5.902002327583464637e-03,-7.838710307380800657e-01,1.230143623861283064e+00,-2.617954204062704071e-01,1.855951945488381716e+00
3.835747020732214185e-01,8.204400370207109994e-01,3.128093622656399203e-02,5.902002327583464637e-03,-7.838710307380800657e-01,1.230143623861283064e+00,-2.617954204062704071e-01,1.857092922933916590e+00
3.835747020732214185e-01,8.204400370207109994e-01,3.128093622656399203e-02,5.902002327583464637e-03,-7.838710307380800657e-01,1.230143623861283064e+00,-2.617954204062704071e-01,1.858804389102218790e+00
3.835747020732214185e-01,8.204400370207109994e-01,3.128093622656399203e-02,5.902002327583464637e-03,-7.838710307380800657e-01,1.230143623861283064e+00,-2.617954204062704071e-01,1.859374877824986116e+00
3.835747020732214185e-01,8.204400370207109994e-01,3.128093622656399203e-02,5.902002327583464637e-03,-7.838710307380800657e-01,1.230143623861283064e+00,-2.617954204062704071e-01,1.861073666466115606e+00
3.835747020732214185e-01,8.204400370207109994e-01,3.128093622656399203e-02,5.902002327583464637e-03,-7.838710307380800657e-01,1.230143623861283064e+00,-2.617954204062704071e-01,1.862214643911650480e+00
3.835747020732214185e-01,8.204400370207109994e-01,3.128093622656399203e-02,5.902002327583464637e-03,-7.838710307380800657e-01,1.230143623861283064e+00,-2.617954204062704071e-01,1.863926110079952680e+00
3.835747020732214185e-01,8.204400370207109994e-01,3.128093622656399203e-02,5.902002327583464637e-03,-7.838710307380800657e-01,1.230143623861283064e+00,-2.617954204062704071e-01,1.864496598802720007e+00
3.835747020732214185e-01,8.204400370207109994e-01,3.128093622656399203e-02,5.902002327583464637e-03,-7.838710307380800657e-01,1.230143623861283064e+00,-2.617954204062704071e-01,1.866208064971022207e+00
3.835747020732214185e-01,8.204400370207109994e-01,3.128093622656399203e-02,5.902002327583464637e-03,-7.838710307380800657e-01,1.230143623861283064e+00,-2.617954204062704071e-01,1.867349042416556859e+00
3.835747020732214185e-01,8.204400370207109994e-01,3.128093622656399203e-02,5.902002327583464637e-03,-7.838710307380800657e-01,1.230143623861283064e+00,-2.617954204062704071e-01,1.869630997307626386e+00
3.835747020732214185e-01,8.204400370207109994e-01,3.128093622656399203e-02,5.902002327583464637e-03,-7.838710307380800657e-01,1.230143623861283064e+00,-2.617954204062704071e-01,1.870188808503221223e+00
3.835747020732214185e-01,8.204400370207109994e-01,3.128093622656399203e-02,5.902002327583464637e-03,-7.838710307380800657e-01,1.230143623861283064e+00,-2.617954204062704071e-01,1.871900274671523423e+00
3.835747020732214185e-01,8.204400370207109994e-01,3.128093622656399203e-02,5.902002327583464637e-03,-7.838710307380800657e-01,1.230143623861283064e+00,-2.617954204062704071e-01,1.872470763394290749e+00
3.835747020732214185e-01,8.204400370207109994e-01,3.128093622656399203e-02,5.902002327583464637e-03,-7.838710307380800657e-01,1.230143623861283064e+00,-2.617954204062704071e-01,1.874182229562592950e+00
3.835747020732214185e-01,8.204400370207109994e-01,3.128093622656399203e-02,5.902002327583464637e-03,-7.838710307380800657e-01,1.230143623861283064e+00,-2.617954204062704071e-01,1.874752718285360276e+00
3.835747020732214185e-01,8.204400370207109994e-01,3.128093622656399203e-02,5.902002327583464637e-03,-7.838710307380800657e-01,1.230143623861283064e+00,-2.617954204062704071e-01,1.877034673176430024e+00
3.835747020732214185e-01,8.204400370207109994e-01,3.128093622656399203e-02,5.902002327583464637e-03,-7.838710307380800657e-01,1.230143623861283064e+00,-2.617954204062704071e-01,1.877605161899197350e+00
3.835747020732214185e-01,8.204400370207109994e-01,3.128093622656399203e-02,5.902002327583464637e-03,-7.838710307380800657e-01,1.230143623861283064e+00,-2.617954204062704071e-01,1.879874439263094166e+00
3.835747020732214185e-01,8.204400370207109994e-01,3.128093622656399203e-02,5.902002327583464637e-03,-7.838710307380800657e-01,1.230143623861283064e+00,-2.617954204062704071e-01,1.880444927985861714e+00
3.835747020732214185e-01,8.204400370207109994e-01,3.128093622656399203e-02,5.902002327583464637e-03,-7.838710307380800657e-01,1.230143623861283064e+00,-2.617954204062704071e-01,1.881585905431396366e+00
3.835747020732214185e-01,8.204400370207109994e-01,3.128093622656399203e-02,5.902002327583464637e-03,-7.838710307380800657e-01,1.230143623861283064e+00,-2.617954204062704071e-01,1.883867860322465893e+00
3.835747020732214185e-01,8.204400370207109994e-01,3.128093622656399203e-02,5.902002327583464637e-03,-7.838710307380800657e-01,1.230143623861283064e+00,-2.617954204062704071e-01,1.884438349045233441e+00
3.835747020732214185e-01,8.204400370207109994e-01,3.128093622656399203e-02,5.902002327583464637e-03,-7.838710307380800657e-01,1.230143623861283064e+00,-2.617954204062704071e-01,1.886720303936302967e+00
3.835747020732214185e-01,8.204400370207109994e-01,3.128093622656399203e-02,5.902002327583464637e-03,-7.838710307380800657e-01,1.230143623861283064e+00,-2.617954204062704071e-01,1.887278115131897582e+00
3.835747020732214185e-01,8.204400370207109994e-01,3.128093622656399203e-02,5.902002327583464637e-03,-7.838710307380800657e-01,1.230143623861283064e+00,-2.617954204062704071e-01,1.889560070022967109e+00
3.835747020732214185e-01,8.204400370207109994e-01,3.128093622656399203e-02,5.902002327583464637e-03,-7.838710307380800657e-01,1.230143623861283064e+00,-2.617954204062704071e-01,1.890130558745734657e+00
3.835747020732214185e-01,8.204400370207109994e-01,3.128093622656399203e-02,5.902002327583464637e-03,-7.838710307380800657e-01,1.230143623861283064e+00,-2.617954204062704071e-01,1.891842024914036857e+00
3.835747020732214185e-01,8.204400370207109994e-01,3.128093622656399203e-02,5.902002327583464637e-03,-7.838710307380800657e-01,1.230143623861283064e+00,-2.617954204062704071e-01,1.892412513636804183e+00
3.835747020732214185e-01,8.204400370207109994e-01,3.128093622656399203e-02,5.902002327583464637e-03,-7.838710307380800657e-01,1.230143623861283064e+00,-2.617954204062704071e-01,1.894123979805106384e+00
3.835747020732214185e-01,8.204400370207109994e-01,3.128093622656399203e-02,5.902002327583464637e-03,-7.838710307380800657e-01,1.230143623861283064e+00,-2.617954204062704071e-01,1.894694468527873710e+00
3.835747020732214185e-01,8.204400370207109994e-01,3.128093622656399203e-02,5.902002327583464637e-03,-7.838710307380800657e-01,1.230143623861283064e+00,-2.617954204062704071e-01,1.896393257169003199e+00
3.835747020732214185e-01,8.204400370207109994e-01,3.128093622656399203e-02,5.902002327583464637e-03,-7.838710307380800657e-01,1.230143623861283064e+00,-2.617954204062704071e-01,1.897534234614538073e+00
3.835747020732214185e-01,8.204400370207109994e-01,3.128093622656399203e-02,5.902002327583464637e-03,-7.838710307380800657e-01,1.230143623861283064e+00,-2.617954204062704071e-01,1.899245700782840274e+00
3.835747020732214185e-01,8.204400370207109994e-01,3.128093622656399203e-02,5.902002327583464637e-03,-7.838710307380800657e-01,1.230143623861283064e+00,-2.617954204062704071e-01,1.899816189505607600e+00
3.835747020732214185e-01,8.204400370207109994e-01,3.128093622656399203e-02,5.902002327583464637e-03,-7.838710307380800657e-01,1.230143623861283064e+00,-2.617954204062704071e-01,1.901527655673909800e+00
3.835747020732214185e-01,8.204400370207109994e-01,3.128093622656399203e-02,5.902002327583464637e-03,-7.838710307380800657e-01,1.230143623861283064e+00,-2.617954204062704071e-01,1.902098144396677126e+00
3.835747020732214185e-01,8.204400370207109994e-01,3.128093622656399203e-02,5.902002327583464637e-03,-7.838710307380800657e-01,1.230143623861283064e+00,-2.617954204062704071e-01,1.904380099287746653e+00
3.835747020732214185e-01,8.204400370207109994e-01,3.128093622656399203e-02,5.902002327583464637e-03,-7.838710307380800657e-01,1.230143623861283064e+00,-2.617954204062704071e-01,1.904950588010513979e+00
3.835747020732214185e-01,8.204400370207109994e-01,3.128093622656399203e-02,5.902002327583464637e-03,-7.838710307380800657e-01,1.230143623861283064e+00,-2.617954204062704071e-01,1.907232542901583505e+00
3.835747020732214185e-01,8.204400370207109994e-01,3.128093622656399203e-02,5.902002327583464637e-03,-7.838710307380800657e-01,1.230143623861283064e+00,-2.617954204062704071e-01,1.907790354097178342e+00
3.835747020732214185e-01,8.204400370207109994e-01,3.128093622656399203e-02,5.902002327583464637e-03,-7.838710307380800657e-01,1.230143623861283064e+00,-2.617954204062704071e-01,1.909501820265480543e+00
3.835747020732214185e-01,8.204400370207109994e-01,3.128093622656399203e-02,5.902002327583464637e-03,-7.838710307380800657e-01,1.230143623861283064e+00,-2.617954204062704071e-01,1.910072308988247869e+00
3.835747020732214185e-01,8.204400370207109994e-01,3.128093622656399203e-02,5.902002327583464637e-03,-7.838710307380800657e-01,1.230143623861283064e+00,-2.617954204062704071e-01,1.911783775156550069e+00
3.835747020732214185e-01,8.204400370207109994e-01,3.128093622656399203e-02,5.902002327583464637e-03,-7.838710307380800657e-01,1.230143623861283064e+00,-2.617954204062704071e-01,1.912354263879317395e+00
3.835747020732214185e-01,8.204400370207109994e-01,3.128093622656399203e-02,5.902002327583464637e-03,-7.838710307380800657e-01,1.230143623861283064e+00,-2.617954204062704071e-01,1.914065730047619596e+00
3.835747020732214185e-01,8.204400370207109994e-01,3.128093622656399203e-02,5.902002327583464637e-03,-7.838710307380800657e-01,1.230143623861283064e+00,-2.617954204062704071e-01,1.914636218770387144e+00
3.835747020732214185e-01,8.204400370207109994e-01,3.128093622656399203e-02,5.902002327583464637e-03,-7.838710307380800657e-01,1.230143623861283064e+00,-2.617954204062704071e-01,1.916918173661456670e+00
3.835747020732214185e-01,8.204400370207109994e-01,3.128093622656399203e-02,5.902002327583464637e-03,-7.838710307380800657e-01,1.230143623861283064e+00,-2.617954204062704071e-01,1.917475984857051285e+00
3.835747020732214185e-01,8.204400370207109994e-01,3.128093622656399203e-02,5.902002327583464637e-03,-7.838710307380800657e-01,1.230143623861283064e+00,-2.617954204062704071e-01,1.919187451025353486e+00
3.835747020732214185e-01,8.204400370207109994e-01,3.128093622656399203e-02,5.902002327583464637e-03,-7.838710307380800657e-01,1.230143623861283064e+00,-2.617954204062704071e-01,1.919757939748120812e+00
3.835747020732214185e-01,8.204400370207109994e-01,3.128093622656399203e-02,5.902002327583464637e-03,-7.838710307380800657e-01,1.230143623861283064e+00,-2.617954204062704071e-01,1.922039894639190560e+00
3.835747020732214185e-01,8.204400370207109994e-01,3.128093622656399203e-02,5.902002327583464637e-03,-7.838710307380800657e-01,1.230143623861283064e+00,-2.617954204062704071e-01,1.922610383361957886e+00
3.835747020732214185e-01,8.204400370207109994e-01,3.128093622656399203e-02,5.902002327583464637e-03,-7.838710307380800657e-01,1.230143623861283064e+00,-2.617954204062704071e-01,1.924309172003087376e+00
3.835747020732214185e-01,8.204400370207109994e-01,3.128093622656399203e-02,5.902002327583464637e-03,-7.838710307380800657e-01,1.230143623861283064e+00,-2.617954204062704071e-01,1.925462826975794739e+00
3.835747020732214185e-01,8.204400370207109994e-01,3.128093622656399203e-02,5.902002327583464637e-03,-7.838710307380800657e-01,1.230143623861283064e+00,-2.617954204062704071e-01,1.927161615616924228e+00
3.835747020732214185e-01,8.204400370207109994e-01,3.128093622656399203e-02,5.902002327583464637e-03,-7.838710307380800657e-01,1.230143623861283064e+00,-2.617954204062704071e-01,1.927732104339691777e+00
3.835747020732214185e-01,8.204400370207109994e-01,3.128093622656399203e-02,5.902002327583464637e-03,-7.838710307380800657e-01,1.230143623861283064e+00,-2.617954204062704071e-01,1.930014059230761303e+00
3.835747020732214185e-01,8.204400370207109994e-01,3.128093622656399203e-02,5.902002327583464637e-03,-7.838710307380800657e-01,1.230143623861283064e+00,-2.617954204062704071e-01,1.930584547953528629e+00
3.835747020732214185e-01,8.204400370207109994e-01,3.128093622656399203e-02,5.902002327583464637e-03,-7.838710307380800657e-01,1.230143623861283064e+00,-2.617954204062704071e-01,1.932296014121830829e+00
3.835747020732214185e-01,8.204400370207109994e-01,3.128093622656399203e-02,5.902002327583464637e-03,-7.838710307380800657e-01,1.230143623861283064e+00,-2.617954204062704071e-01,1.933424314040192993e+00
3.835747020732214185e-01,8.204400370207109994e-01,3.128093622656399203e-02,5.902002327583464637e-03,-7.838710307380800657e-01,1.230143623861283064e+00,-2.617954204062704071e-01,1.935135780208495193e+00
3.835747020732214185e-01,8.204400370207109994e-01,3.128093622656399203e-02,5.902002327583464637e-03,-7.838710307380800657e-01,1.230143623861283064e+00,-2.617954204062704071e-01,1.936276757654029845e+00
3.835747020732214185e-01,8.204400370207109994e-01,3.128093622656399203e-02,5.902002327583464637e-03,-7.838710307380800657e-01,1.230143623861283064e+00,-2.617954204062704071e-01,1.937988223822332046e+00
3.835747020732214185e-01,8.204400370207109994e-01,3.128093622656399203e-02,5.902002327583464637e-03,-7.838710307380800657e-01,1.230143623861283064e+00,-2.617954204062704071e-01,1.938558712545099372e+00
3.835747020732214185e-01,8.204400370207109994e-01,3.128093622656399203e-02,5.902002327583464637e-03,-7.838710307380800657e-01,1.230143623861283064e+00,-2.617954204062704071e-01,1.940270178713401572e+00
3.835747020732214185e-01,8.204400370207109994e-01,3.128093622656399203e-02,5.902002327583464637e-03,-7.838710307380800657e-01,1.230143623861283064e+00,-2.617954204062704071e-01,1.940840667436169120e+00
3.835747020732214185e-01,8.204400370207109994e-01,3.128093622656399203e-02,5.902002327583464637e-03,-7.838710307380800657e-01,1.230143623861283064e+00,-2.617954204062704071e-01,1.943122622327238647e+00
3.835747020732214185e-01,8.204400370207109994e-01,3.128093622656399203e-02,5.902002327583464637e-03,-7.838710307380800657e-01,1.230143623861283064e+00,-2.617954204062704071e-01,1.943680433522833262e+00
3.835747020732214185e-01,8.204400370207109994e-01,3.128093622656399203e-02,5.902002327583464637e-03,-7.838710307380800657e-01,1.230143623861283064e+00,-2.617954204062704071e-01,1.945962388413902788e+00
3.835747020732214185e-01,8.204400370207109994e-01,3.128093622656399203e-02,5.902002327583464637e-03,-7.838710307380800657e-01,1.230143623861283064e+00,-2.617954204062704071e-01,1.946545554663842825e+00
3.835747020732214185e-01,8.204400370207109994e-01,3.128093622656399203e-02,5.902002327583464637e-03,-7.838710307380800657e-01,1.230143623861283064e+00,-2.617954204062704071e-01,1.948814832027739863e+00
3.835747020732214185e-01,8.204400370207109994e-01,3.128093622656399203e-02,5.902002327583464637e-03,-7.838710307380800657e-01,1.230143623861283064e+00,-2.617954204062704071e-01,1.949385320750507189e+00
3.835747020732214185e-01,8.204400370207109994e-01,3.128093622656399203e-02,5.902002327583464637e-03,-7.838710307380800657e-01,1.230143623861283064e+00,-2.617954204062704071e-01,1.951096786918809389e+00
3.835747020732214185e-01,8.204400370207109994e-01,3.128093622656399203e-02,5.902002327583464637e-03,-7.838710307380800657e-01,1.230143623861283064e+00,-2.617954204062704071e-01,1.952808253087111590e+00
3.835747020732214185e-01,8.204400370207109994e-01,3.128093622656399203e-02,5.902002327583464637e-03,-7.838710307380800657e-01,1.230143623861283064e+00,-2.617954204062704071e-01,1.953366064282706427e+00
3.835747020732214185e-01,8.204400370207109994e-01,3.128093622656399203e-02,5.902002327583464637e-03,-7.838710307380800657e-01,1.230143623861283064e+00,-2.617954204062704071e-01,1.955648019173775953e+00
3.835747020732214185e-01,8.204400370207109994e-01,3.128093622656399203e-02,5.902002327583464637e-03,-7.838710307380800657e-01,1.230143623861283064e+00,-2.617954204062704071e-01,1.956218507896543279e+00
3.835747020732214185e-01,8.204400370207109994e-01,3.128093622656399203e-02,5.902002327583464637e-03,-7.838710307380800657e-01,1.230143623861283064e+00,-2.617954204062704071e-01,1.957929974064845480e+00
3.835747020732214185e-01,8.204400370207109994e-01,3.128093622656399203e-02,5.902002327583464637e-03,-7.838710307380800657e-01,1.230143623861283064e+00,-2.617954204062704071e-01,1.958500462787612806e+00
3.835747020732214185e-01,8.204400370207109994e-01,3.128093622656399203e-02,5.902002327583464637e-03,-7.838710307380800657e-01,1.230143623861283064e+00,-2.617954204062704071e-01,1.960211928955915006e+00
3.835747020732214185e-01,8.204400370207109994e-01,3.128093622656399203e-02,5.902002327583464637e-03,-7.838710307380800657e-01,1.230143623861283064e+00,-2.617954204062704071e-01,1.961340228874277170e+00
3.835747020732214185e-01,8.204400370207109994e-01,3.128093622656399203e-02,5.902002327583464637e-03,-7.838710307380800657e-01,1.230143623861283064e+00,-2.617954204062704071e-01,1.962481206319811822e+00
3.835747020732214185e-01,8.204400370207109994e-01,3.128093622656399203e-02,5.902002327583464637e-03,-7.838710307380800657e-01,1.230143623861283064e+00,-2.617954204062704071e-01,1.964192672488114022e+00
3.835747020732214185e-01,8.204400370207109994e-01,3.128093622656399203e-02,5.902002327583464637e-03,-7.838710307380800657e-01,1.230143623861283064e+00,-2.617954204062704071e-01,1.964763161210881348e+00
3.835747020732214185e-01,8.204400370207109994e-01,3.128093622656399203e-02,5.902002327583464637e-03,-7.838710307380800657e-01,1.230143623861283064e+00,-2.617954204062704071e-01,1.967045116101951097e+00
3.835747020732214185e-01,8.204400370207109994e-01,3.128093622656399203e-02,5.902002327583464637e-03,-7.838710307380800657e-01,1.230143623861283064e+00,-2.617954204062704071e-01,1.967615604824718423e+00
3.835747020732214185e-01,8.204400370207109994e-01,3.128093622656399203e-02,5.902002327583464637e-03,-7.838710307380800657e-01,1.230143623861283064e+00,-2.617954204062704071e-01,1.969327070993020623e+00
3.835747020732214185e-01,8.204400370207109994e-01,3.128093622656399203e-02,5.902002327583464637e-03,-7.838710307380800657e-01,1.230143623861283064e+00,-2.617954204062704071e-01,1.970455370911382786e+00
3.835747020732214185e-01,8.204400370207109994e-01,3.128093622656399203e-02,5.902002327583464637e-03,-7.838710307380800657e-01,1.230143623861283064e+00,-2.617954204062704071e-01,1.972166837079684987e+00
3.835747020732214185e-01,8.204400370207109994e-01,3.128093622656399203e-02,5.902002327583464637e-03,-7.838710307380800657e-01,1.230143623861283064e+00,-2.617954204062704071e-01,1.973307814525219639e+00
3.835747020732214185e-01,8.204400370207109994e-01,3.128093622656399203e-02,5.902002327583464637e-03,-7.838710307380800657e-01,1.230143623861283064e+00,-2.617954204062704071e-01,1.975589769416289165e+00
3.835747020732214185e-01,8.204400370207109994e-01,3.128093622656399203e-02,5.902002327583464637e-03,-7.838710307380800657e-01,1.230143623861283064e+00,-2.617954204062704071e-01,1.976160258139056491e+00
3.835747020732214185e-01,8.204400370207109994e-01,3.128093622656399203e-02,5.902002327583464637e-03,-7.838710307380800657e-01,1.230143623861283064e+00,-2.617954204062704071e-01,1.977871724307358692e+00
3.835747020732214185e-01,8.204400370207109994e-01,3.128093622656399203e-02,5.902002327583464637e-03,-7.838710307380800657e-01,1.230143623861283064e+00,-2.617954204062704071e-01,1.978442213030126240e+00
3.835747020732214185e-01,8.204400370207109994e-01,3.128093622656399203e-02,5.902002327583464637e-03,-7.838710307380800657e-01,1.230143623861283064e+00,-2.617954204062704071e-01,1.980724167921195766e+00
3.835747020732214185e-01,8.204400370207109994e-01,3.128093622656399203e-02,5.902002327583464637e-03,-7.838710307380800657e-01,1.230143623861283064e+00,-2.617954204062704071e-01,1.981865145366730419e+00
3.835747020732214185e-01,8.204400370207109994e-01,3.128093622656399203e-02,5.902002327583464637e-03,-7.838710307380800657e-01,1.230143623861283064e+00,-2.617954204062704071e-01,1.984134422730627456e+00
3.835747020732214185e-01,8.204400370207109994e-01,3.128093622656399203e-02,5.902002327583464637e-03,-7.838710307380800657e-01,1.230143623861283064e+00,-2.617954204062704071e-01,1.984704911453394782e+00
3.835747020732214185e-01,8.204400370207109994e-01,3.128093622656399203e-02,5.902002327583464637e-03,-7.838710307380800657e-01,1.230143623861283064e+00,-2.617954204062704071e-01,1.986416377621696983e+00
3.835747020732214185e-01,8.204400370207109994e-01,3.128093622656399203e-02,5.902002327583464637e-03,-7.838710307380800657e-01,1.230143623861283064e+00,-2.617954204062704071e-01,1.986986866344464309e+00
3.835747020732214185e-01,8.204400370207109994e-01,3.128093622656399203e-02,5.902002327583464637e-03,-7.838710307380800657e-01,1.230143623861283064e+00,-2.617954204062704071e-01,1.989268821235533835e+00
3.835747020732214185e-01,8.204400370207109994e-01,3.128093622656399203e-02,5.902002327583464637e-03,-7.838710307380800657e-01,1.230143623861283064e+00,-2.617954204062704071e-01,1.989839309958301383e+00
3.835747020732214185e-01,8.204400370207109994e-01,3.128093622656399203e-02,5.902002327583464637e-03,-7.838710307380800657e-01,1.230143623861283064e+00,-2.617954204062704071e-01,1.991550776126603362e+00
3.835747020732214185e-01,8.204400370207109994e-01,3.128093622656399203e-02,5.902002327583464637e-03,-7.838710307380800657e-01,1.230143623861283064e+00,-2.617954204062704071e-01,1.992691753572138236e+00
3.835747020732214185e-01,8.204400370207109994e-01,3.128093622656399203e-02,5.902002327583464637e-03,-7.838710307380800657e-01,1.230143623861283064e+00,-2.617954204062704071e-01,1.994961030936035051e+00
3.835747020732214185e-01,8.204400370207109994e-01,3.128093622656399203e-02,5.902002327583464637e-03,-7.838710307380800657e-01,1.230143623861283064e+00,-2.617954204062704071e-01,1.995531519658802599e+00
3.835747020732214185e-01,8.204400370207109994e-01,3.128093622656399203e-02,5.902002327583464637e-03,-7.838710307380800657e-01,1.230143623861283064e+00,-2.617954204062704071e-01,1.997813474549872126e+00
3.835747020732214185e-01,8.204400370207109994e-01,3.128093622656399203e-02,5.902002327583464637e-03,-7.838710307380800657e-01,1.230143623861283064e+00,-2.617954204062704071e-01,1.998383963272639452e+00
3.835747020732214185e-01,8.204400370207109994e-01,3.128093622656399203e-02,5.902002327583464637e-03,-7.838710307380800657e-01,1.230143623861283064e+00,-2.617954204062704071e-01,2.000095429440941430e+00
3.835747020732214185e-01,8.204400370207109994e-01,3.128093622656399203e-02,5.902002327583464637e-03,-7.838710307380800657e-01,1.230143623861283064e+00,-2.617954204062704071e-01,2.002364706804838690e+00
3.835747020732214185e-01,8.204400370207109994e-01,3.128093622656399203e-02,5.902002327583464637e-03,-7.838710307380800657e-01,1.230143623861283064e+00,-2.617954204062704071e-01,2.002935195527606016e+00
3.835747020732214185e-01,8.204400370207109994e-01,3.128093622656399203e-02,5.902002327583464637e-03,-7.838710307380800657e-01,1.230143623861283064e+00,-2.617954204062704071e-01,2.004646661695907994e+00
3.835747020732214185e-01,8.204400370207109994e-01,3.128093622656399203e-02,5.902002327583464637e-03,-7.838710307380800657e-01,1.230143623861283064e+00,-2.617954204062704071e-01,2.005217150418675320e+00
3.835747020732214185e-01,8.204400370207109994e-01,3.128093622656399203e-02,5.902002327583464637e-03,-7.838710307380800657e-01,1.230143623861283064e+00,-2.617954204062704071e-01,2.007499105309745069e+00
3.835747020732214185e-01,8.204400370207109994e-01,3.128093622656399203e-02,5.902002327583464637e-03,-7.838710307380800657e-01,1.230143623861283064e+00,-2.617954204062704071e-01,2.008069594032512395e+00
3.835747020732214185e-01,8.204400370207109994e-01,3.128093622656399203e-02,5.902002327583464637e-03,-7.838710307380800657e-01,1.230143623861283064e+00,-2.617954204062704071e-01,2.009781060200814817e+00
3.835747020732214185e-01,8.204400370207109994e-01,3.128093622656399203e-02,5.902002327583464637e-03,-7.838710307380800657e-01,1.230143623861283064e+00,-2.617954204062704071e-01,2.010351548923582143e+00
3.835747020732214185e-01,8.204400370207109994e-01,3.128093622656399203e-02,5.902002327583464637e-03,-7.838710307380800657e-01,1.230143623861283064e+00,-2.617954204062704071e-01,2.012063015091884122e+00
3.835747020732214185e-01,8.204400370207109994e-01,3.128093622656399203e-02,5.902002327583464637e-03,-7.838710307380800657e-01,1.230143623861283064e+00,-2.617954204062704071e-01,2.012620826287478959e+00
3.835747020732214185e-01,8.204400370207109994e-01,3.128093622656399203e-02,5.902002327583464637e-03,-7.838710307380800657e-01,1.230143623861283064e+00,-2.617954204062704071e-01,2.014902781178548263e+00
3.835747020732214185e-01,8.204400370207109994e-01,3.128093622656399203e-02,5.902002327583464637e-03,-7.838710307380800657e-01,1.230143623861283064e+00,-2.617954204062704071e-01,2.015473269901316034e+00
3.835747020732214185e-01,8.204400370207109994e-01,3.128093622656399203e-02,5.902002327583464637e-03,-7.838710307380800657e-01,1.230143623861283064e+00,-2.617954204062704071e-01,2.017755224792385338e+00
3.835747020732214185e-01,8.204400370207109994e-01,3.128093622656399203e-02,5.902002327583464637e-03,-7.838710307380800657e-01,1.230143623861283064e+00,-2.617954204062704071e-01,2.018325713515152664e+00
3.835747020732214185e-01,8.204400370207109994e-01,3.128093622656399203e-02,5.902002327583464637e-03,-7.838710307380800657e-01,1.230143623861283064e+00,-2.617954204062704071e-01,2.020037179683455086e+00
3.835747020732214185e-01,8.204400370207109994e-01,3.128093622656399203e-02,5.902002327583464637e-03,-7.838710307380800657e-01,1.230143623861283064e+00,-2.617954204062704071e-01,2.020607668406222412e+00
3.835747020732214185e-01,8.204400370207109994e-01,3.128093622656399203e-02,5.902002327583464637e-03,-7.838710307380800657e-01,1.230143623861283064e+00,-2.617954204062704071e-01,2.022889623297291717e+00
3.835747020732214185e-01,8.204400370207109994e-01,3.128093622656399203e-02,5.902002327583464637e-03,-7.838710307380800657e-01,1.230143623861283064e+00,-2.617954204062704071e-01,2.023447434492886554e+00
3.835747020732214185e-01,8.204400370207109994e-01,3.128093622656399203e-02,5.902002327583464637e-03,-7.838710307380800657e-01,1.230143623861283064e+00,-2.617954204062704071e-01,2.025158900661188976e+00
3.835747020732214185e-01,8.204400370207109994e-01,3.128093622656399203e-02,5.902002327583464637e-03,-7.838710307380800657e-01,1.230143623861283064e+00,-2.617954204062704071e-01,2.026299878106723629e+00
3.835747020732214185e-01,8.204400370207109994e-01,3.128093622656399203e-02,5.902002327583464637e-03,-7.838710307380800657e-01,1.230143623861283064e+00,-2.617954204062704071e-01,2.028581832997793377e+00
3.835747020732214185e-01,8.204400370207109994e-01,3.128093622656399203e-02,5.902002327583464637e-03,-7.838710307380800657e-01,1.230143623861283064e+00,-2.617954204062704071e-01,2.029152321720560703e+00
3.835747020732214185e-01,8.204400370207109994e-01,3.128093622656399203e-02,5.902002327583464637e-03,-7.838710307380800657e-01,1.230143623861283064e+00,-2.617954204062704071e-01,2.031434276611630008e+00
3.835747020732214185e-01,8.204400370207109994e-01,3.128093622656399203e-02,5.902002327583464637e-03,-7.838710307380800657e-01,1.230143623861283064e+00,-2.617954204062704071e-01,2.032004765334397334e+00
3.835747020732214185e-01,8.204400370207109994e-01,3.128093622656399203e-02,5.902002327583464637e-03,-7.838710307380800657e-01,1.230143623861283064e+00,-2.617954204062704071e-01,2.033703553975526823e+00
3.835747020732214185e-01,8.204400370207109994e-01,3.128093622656399203e-02,5.902002327583464637e-03,-7.838710307380800657e-01,1.230143623861283064e+00,-2.617954204062704071e-01,2.034844531421061919e+00
3.835747020732214185e-01,8.204400370207109994e-01,3.128093622656399203e-02,5.902002327583464637e-03,-7.838710307380800657e-01,1.230143623861283064e+00,-2.617954204062704071e-01,2.036555997589363898e+00
3.835747020732214185e-01,8.204400370207109994e-01,3.128093622656399203e-02,5.902002327583464637e-03,-7.838710307380800657e-01,1.230143623861283064e+00,-2.617954204062704071e-01,2.038267463757666320e+00
3.835747020732214185e-01,8.204400370207109994e-01,3.128093622656399203e-02,5.902002327583464637e-03,-7.838710307380800657e-01,1.230143623861283064e+00,-2.617954204062704071e-01,2.038837952480433646e+00
3.835747020732214185e-01,8.204400370207109994e-01,3.128093622656399203e-02,5.902002327583464637e-03,-7.838710307380800657e-01,1.230143623861283064e+00,-2.617954204062704071e-01,2.041119907371502951e+00
3.835747020732214185e-01,8.204400370207109994e-01,3.128093622656399203e-02,5.902002327583464637e-03,-7.838710307380800657e-01,1.230143623861283064e+00,-2.617954204062704071e-01,2.042260884817038047e+00
3.835747020732214185e-01,8.204400370207109994e-01,3.128093622656399203e-02,5.902002327583464637e-03,-7.838710307380800657e-01,1.230143623861283064e+00,-2.617954204062704071e-01,2.043959673458167536e+00
3.835747020732214185e-01,8.204400370207109994e-01,3.128093622656399203e-02,5.902002327583464637e-03,-7.838710307380800657e-01,1.230143623861283064e+00,-2.617954204062704071e-01,2.044530162180934862e+00
3.835747020732214185e-01,8.204400370207109994e-01,3.128093622656399203e-02,5.902002327583464637e-03,-7.838710307380800657e-01,1.230143623861283064e+00,-2.617954204062704071e-01,2.046812117072004167e+00
3.835747020732214185e-01,8.204400370207109994e-01,3.128093622656399203e-02,5.902002327583464637e-03,-7.838710307380800657e-01,1.230143623861283064e+00,-2.617954204062704071e-01,2.047382605794771937e+00
3.835747020732214185e-01,8.204400370207109994e-01,3.128093622656399203e-02,5.902002327583464637e-03,-7.838710307380800657e-01,1.230143623861283064e+00,-2.617954204062704071e-01,2.049651883158668753e+00
3.835747020732214185e-01,8.204400370207109994e-01,3.128093622656399203e-02,5.902002327583464637e-03,-7.838710307380800657e-01,1.230143623861283064e+00,-2.617954204062704071e-01,2.050235049408608567e+00
3.835747020732214185e-01,8.204400370207109994e-01,3.128093622656399203e-02,5.902002327583464637e-03,-7.838710307380800657e-01,1.230143623861283064e+00,-2.617954204062704071e-01,2.052504326772505383e+00
3.835747020732214185e-01,8.204400370207109994e-01,3.128093622656399203e-02,5.902002327583464637e-03,-7.838710307380800657e-01,1.230143623861283064e+00,-2.617954204062704071e-01,2.053074815495273153e+00
3.835747020732214185e-01,8.204400370207109994e-01,3.128093622656399203e-02,5.902002327583464637e-03,-7.838710307380800657e-01,1.230143623861283064e+00,-2.617954204062704071e-01,2.054786281663575132e+00
3.835747020732214185e-01,8.204400370207109994e-01,3.128093622656399203e-02,5.902002327583464637e-03,-7.838710307380800657e-01,1.230143623861283064e+00,-2.617954204062704071e-01,2.055927259109109784e+00
3.835747020732214185e-01,8.204400370207109994e-01,3.128093622656399203e-02,5.902002327583464637e-03,-7.838710307380800657e-01,1.230143623861283064e+00,-2.617954204062704071e-01,2.057626047750239273e+00
3.835747020732214185e-01,8.204400370207109994e-01,3.128093622656399203e-02,5.902002327583464637e-03,-7.838710307380800657e-01,1.230143623861283064e+00,-2.617954204062704071e-01,2.059908002641309022e+00
3.835747020732214185e-01,8.204400370207109994e-01,3.128093622656399203e-02,5.902002327583464637e-03,-7.838710307380800657e-01,1.230143623861283064e+00,-2.617954204062704071e-01,2.062189957532378770e+00
3.835747020732214185e-01,8.204400370207109994e-01,3.128093622656399203e-02,5.902002327583464637e-03,-7.838710307380800657e-01,1.230143623861283064e+00,-2.617954204062704071e-01,2.063330934977913422e+00
3.835747020732214185e-01,8.204400370207109994e-01,3.128093622656399203e-02,5.902002327583464637e-03,-7.838710307380800657e-01,1.230143623861283064e+00,-2.617954204062704071e-01,2.065042401146215401e+00
3.835747020732214185e-01,8.204400370207109994e-01,3.128093622656399203e-02,5.902002327583464637e-03,-7.838710307380800657e-01,1.230143623861283064e+00,-2.617954204062704071e-01,2.065612889868982727e+00
3.835747020732214185e-01,8.204400370207109994e-01,3.128093622656399203e-02,5.902002327583464637e-03,-7.838710307380800657e-01,1.230143623861283064e+00,-2.617954204062704071e-01,2.067311678510112660e+00
3.835747020732214185e-01,8.204400370207109994e-01,3.128093622656399203e-02,5.902002327583464637e-03,-7.838710307380800657e-01,1.230143623861283064e+00,-2.617954204062704071e-01,2.068452655955647312e+00
3.835747020732214185e-01,8.204400370207109994e-01,3.128093622656399203e-02,5.902002327583464637e-03,-7.838710307380800657e-01,1.230143623861283064e+00,-2.617954204062704071e-01,2.070164122123949291e+00
3.835747020732214185e-01,8.204400370207109994e-01,3.128093622656399203e-02,5.902002327583464637e-03,-7.838710307380800657e-01,1.230143623861283064e+00,-2.617954204062704071e-01,2.070734610846716617e+00
3.835747020732214185e-01,8.204400370207109994e-01,3.128093622656399203e-02,5.902002327583464637e-03,-7.838710307380800657e-01,1.230143623861283064e+00,-2.617954204062704071e-01,2.073016565737786365e+00
3.835747020732214185e-01,8.204400370207109994e-01,3.128093622656399203e-02,5.902002327583464637e-03,-7.838710307380800657e-01,1.230143623861283064e+00,-2.617954204062704071e-01,2.073587054460553691e+00
3.835747020732214185e-01,8.204400370207109994e-01,3.128093622656399203e-02,5.902002327583464637e-03,-7.838710307380800657e-01,1.230143623861283064e+00,-2.617954204062704071e-01,2.074728031906088344e+00
3.835747020732214185e-01,8.204400370207109994e-01,3.128093622656399203e-02,5.902002327583464637e-03,-7.838710307380800657e-01,1.230143623861283064e+00,-2.617954204062704071e-01,2.077009986797158092e+00
3.835747020732214185e-01,8.204400370207109994e-01,3.128093622656399203e-02,5.902002327583464637e-03,-7.838710307380800657e-01,1.230143623861283064e+00,-2.617954204062704071e-01,2.077567797992752929e+00
3.835747020732214185e-01,8.204400370207109994e-01,3.128093622656399203e-02,5.902002327583464637e-03,-7.838710307380800657e-01,1.230143623861283064e+00,-2.617954204062704071e-01,2.079849752883822234e+00
3.835747020732214185e-01,8.204400370207109994e-01,3.128093622656399203e-02,5.902002327583464637e-03,-7.838710307380800657e-01,1.230143623861283064e+00,-2.617954204062704071e-01,2.080990730329357330e+00
3.835747020732214185e-01,8.204400370207109994e-01,3.128093622656399203e-02,5.902002327583464637e-03,-7.838710307380800657e-01,1.230143623861283064e+00,-2.617954204062704071e-01,2.082702196497659308e+00
3.835747020732214185e-01,8.204400370207109994e-01,3.128093622656399203e-02,5.902002327583464637e-03,-7.838710307380800657e-01,1.230143623861283064e+00,-2.617954204062704071e-01,2.083843173943193960e+00
3.835747020732214185e-01,8.204400370207109994e-01,3.128093622656399203e-02,5.902002327583464637e-03,-7.838710307380800657e-01,1.230143623861283064e+00,-2.617954204062704071e-01,2.085554640111496383e+00
3.835747020732214185e-01,8.204400370207109994e-01,3.128093622656399203e-02,5.902002327583464637e-03,-7.838710307380800657e-01,1.230143623861283064e+00,-2.617954204062704071e-01,2.086682940029858546e+00
3.835747020732214185e-01,8.204400370207109994e-01,3.128093622656399203e-02,5.902002327583464637e-03,-7.838710307380800657e-01,1.230143623861283064e+00,-2.617954204062704071e-01,2.088394406198160524e+00
3.835747020732214185e-01,8.204400370207109994e-01,3.128093622656399203e-02,5.902002327583464637e-03,-7.838710307380800657e-01,1.230143623861283064e+00,-2.617954204062704071e-01,2.088964894920927851e+00
3.835747020732214185e-01,8.204400370207109994e-01,3.128093622656399203e-02,5.902002327583464637e-03,-7.838710307380800657e-01,1.230143623861283064e+00,-2.617954204062704071e-01,2.090676361089230273e+00
3.835747020732214185e-01,8.204400370207109994e-01,3.128093622656399203e-02,5.902002327583464637e-03,-7.838710307380800657e-01,1.230143623861283064e+00,-2.617954204062704071e-01,2.091246849811997599e+00
3.835747020732214185e-01,8.204400370207109994e-01,3.128093622656399203e-02,5.902002327583464637e-03,-7.838710307380800657e-01,1.230143623861283064e+00,-2.617954204062704071e-01,2.092958315980299577e+00
3.835747020732214185e-01,8.204400370207109994e-01,3.128093622656399203e-02,5.902002327583464637e-03,-7.838710307380800657e-01,1.230143623861283064e+00,-2.617954204062704071e-01,2.093528804703066903e+00
3.835747020732214185e-01,8.204400370207109994e-01,3.128093622656399203e-02,5.902002327583464637e-03,-7.838710307380800657e-01,1.230143623861283064e+00,-2.617954204062704071e-01,2.094669782148602000e+00
3.835747020732214185e-01,8.204400370207109994e-01,3.128093622656399203e-02,5.902002327583464637e-03,-7.838710307380800657e-01,1.230143623861283064e+00,-2.617954204062704071e-01,2.096381248316903978e+00
3.835747020732214185e-01,8.204400370207109994e-01,3.128093622656399203e-02,5.902002327583464637e-03,-7.838710307380800657e-01,1.230143623861283064e+00,-2.617954204062704071e-01,2.096951737039671304e+00
3.835747020732214185e-01,8.204400370207109994e-01,3.128093622656399203e-02,5.902002327583464637e-03,-7.838710307380800657e-01,1.230143623861283064e+00,-2.617954204062704071e-01,2.099221014403568120e+00
3.835747020732214185e-01,8.204400370207109994e-01,3.128093622656399203e-02,5.902002327583464637e-03,-7.838710307380800657e-01,1.230143623861283064e+00,-2.617954204062704071e-01,2.099791503126335890e+00
3.835747020732214185e-01,8.204400370207109994e-01,3.128093622656399203e-02,5.902002327583464637e-03,-7.838710307380800657e-01,1.230143623861283064e+00,-2.617954204062704071e-01,2.102643946740172520e+00
3.835747020732214185e-01,8.204400370207109994e-01,3.128093622656399203e-02,5.902002327583464637e-03,-7.838710307380800657e-01,1.230143623861283064e+00,-2.617954204062704071e-01,2.103214435462939846e+00
3.835747020732214185e-01,8.204400370207109994e-01,3.128093622656399203e-02,5.902002327583464637e-03,-7.838710307380800657e-01,1.230143623861283064e+00,-2.617954204062704071e-01,2.104925901631242269e+00
3.835747020732214185e-01,8.204400370207109994e-01,3.128093622656399203e-02,5.902002327583464637e-03,-7.838710307380800657e-01,1.230143623861283064e+00,-2.617954204062704071e-01,2.105496390354009595e+00
3.835747020732214185e-01,8.204400370207109994e-01,3.128093622656399203e-02,5.902002327583464637e-03,-7.838710307380800657e-01,1.230143623861283064e+00,-2.617954204062704071e-01,2.107207856522311573e+00
3.835747020732214185e-01,8.204400370207109994e-01,3.128093622656399203e-02,5.902002327583464637e-03,-7.838710307380800657e-01,1.230143623861283064e+00,-2.617954204062704071e-01,2.107778345245078899e+00
3.835747020732214185e-01,8.204400370207109994e-01,3.128093622656399203e-02,5.902002327583464637e-03,-7.838710307380800657e-01,1.230143623861283064e+00,-2.617954204062704071e-01,2.109477133886208833e+00
3.835747020732214185e-01,8.204400370207109994e-01,3.128093622656399203e-02,5.902002327583464637e-03,-7.838710307380800657e-01,1.230143623861283064e+00,-2.617954204062704071e-01,2.110047622608976159e+00
3.835747020732214185e-01,8.204400370207109994e-01,3.128093622656399203e-02,5.902002327583464637e-03,-7.838710307380800657e-01,1.230143623861283064e+00,-2.617954204062704071e-01,2.112329577500045463e+00
3.835747020732214185e-01,8.204400370207109994e-01,3.128093622656399203e-02,5.902002327583464637e-03,-7.838710307380800657e-01,1.230143623861283064e+00,-2.617954204062704071e-01,2.112900066222812789e+00
3.835747020732214185e-01,8.204400370207109994e-01,3.128093622656399203e-02,5.902002327583464637e-03,-7.838710307380800657e-01,1.230143623861283064e+00,-2.617954204062704071e-01,2.114611532391115212e+00
3.835747020732214185e-01,8.204400370207109994e-01,3.128093622656399203e-02,5.902002327583464637e-03,-7.838710307380800657e-01,1.230143623861283064e+00,-2.617954204062704071e-01,2.115182021113882538e+00
3.835747020732214185e-01,8.204400370207109994e-01,3.128093622656399203e-02,5.902002327583464637e-03,-7.838710307380800657e-01,1.230143623861283064e+00,-2.617954204062704071e-01,2.116310321032244701e+00
3.835747020732214185e-01,8.204400370207109994e-01,3.128093622656399203e-02,5.902002327583464637e-03,-7.838710307380800657e-01,1.230143623861283064e+00,-2.617954204062704071e-01,2.116880809755012027e+00
3.835747020732214185e-01,8.204400370207109994e-01,3.128093622656399203e-02,5.902002327583464637e-03,-7.838710307380800657e-01,1.230143623861283064e+00,-2.617954204062704071e-01,2.119162764646081776e+00
3.835747020732214185e-01,8.204400370207109994e-01,3.128093622656399203e-02,5.902002327583464637e-03,-7.838710307380800657e-01,1.230143623861283064e+00,-2.617954204062704071e-01,2.119733253368849102e+00
3.835747020732214185e-01,8.204400370207109994e-01,3.128093622656399203e-02,5.902002327583464637e-03,-7.838710307380800657e-01,1.230143623861283064e+00,-2.617954204062704071e-01,2.121444719537151080e+00
3.835747020732214185e-01,8.204400370207109994e-01,3.128093622656399203e-02,5.902002327583464637e-03,-7.838710307380800657e-01,1.230143623861283064e+00,-2.617954204062704071e-01,2.122585696982686176e+00
3.835747020732214185e-01,8.204400370207109994e-01,3.128093622656399203e-02,5.902002327583464637e-03,-7.838710307380800657e-01,1.230143623861283064e+00,-2.617954204062704071e-01,2.123156185705453503e+00
3.835747020732214185e-01,8.204400370207109994e-01,3.128093622656399203e-02,5.902002327583464637e-03,-7.838710307380800657e-01,1.230143623861283064e+00,-2.617954204062704071e-01,2.125425463069350318e+00
3.835747020732214185e-01,8.204400370207109994e-01,3.128093622656399203e-02,5.902002327583464637e-03,-7.838710307380800657e-01,1.230143623861283064e+00,-2.617954204062704071e-01,2.125995951792117644e+00
3.835747020732214185e-01,8.204400370207109994e-01,3.128093622656399203e-02,5.902002327583464637e-03,-7.838710307380800657e-01,1.230143623861283064e+00,-2.617954204062704071e-01,2.128277906683187393e+00
3.835747020732214185e-01,8.204400370207109994e-01,3.128093622656399203e-02,5.902002327583464637e-03,-7.838710307380800657e-01,1.230143623861283064e+00,-2.617954204062704071e-01,2.128848395405954719e+00
3.835747020732214185e-01,8.204400370207109994e-01,3.128093622656399203e-02,5.902002327583464637e-03,-7.838710307380800657e-01,1.230143623861283064e+00,-2.617954204062704071e-01,2.131117672769851534e+00
3.835747020732214185e-01,8.204400370207109994e-01,3.128093622656399203e-02,5.902002327583464637e-03,-7.838710307380800657e-01,1.230143623861283064e+00,-2.617954204062704071e-01,2.131688161492618860e+00
3.835747020732214185e-01,8.204400370207109994e-01,3.128093622656399203e-02,5.902002327583464637e-03,-7.838710307380800657e-01,1.230143623861283064e+00,-2.617954204062704071e-01,2.133982793910861098e+00
3.835747020732214185e-01,8.204400370207109994e-01,3.128093622656399203e-02,5.902002327583464637e-03,-7.838710307380800657e-01,1.230143623861283064e+00,-2.617954204062704071e-01,2.134553282633628424e+00
3.835747020732214185e-01,8.204400370207109994e-01,3.128093622656399203e-02,5.902002327583464637e-03,-7.838710307380800657e-01,1.230143623861283064e+00,-2.617954204062704071e-01,2.136822559997525239e+00
3.835747020732214185e-01,8.204400370207109994e-01,3.128093622656399203e-02,5.902002327583464637e-03,-7.838710307380800657e-01,1.230143623861283064e+00,-2.617954204062704071e-01,2.137393048720293010e+00
3.835747020732214185e-01,8.204400370207109994e-01,3.128093622656399203e-02,5.902002327583464637e-03,-7.838710307380800657e-01,1.230143623861283064e+00,-2.617954204062704071e-01,2.140245492334129640e+00
3.835747020732214185e-01,8.204400370207109994e-01,3.128093622656399203e-02,5.902002327583464637e-03,-7.838710307380800657e-01,1.230143623861283064e+00,-2.617954204062704071e-01,2.140815981056896966e+00
3.835747020732214185e-01,8.204400370207109994e-01,3.128093622656399203e-02,5.902002327583464637e-03,-7.838710307380800657e-01,1.230143623861283064e+00,-2.617954204062704071e-01,2.143097935947966715e+00
3.835747020732214185e-01,8.204400370207109994e-01,3.128093622656399203e-02,5.902002327583464637e-03,-7.838710307380800657e-01,1.230143623861283064e+00,-2.617954204062704071e-01,2.143668424670734041e+00
3.835747020732214185e-01,8.204400370207109994e-01,3.128093622656399203e-02,5.919996237118779758e-03,-7.838710307380800657e-01,1.230143623861283064e+00,-2.617954204062704071e-01,2.145950379561803789e+00
3.835747020732214185e-01,8.204400370207109994e-01,3.128093622656399203e-02,5.902002327583464637e-03,-7.838710307380800657e-01,1.230143623861283064e+00,-2.617954204062704071e-01,2.146508190757398182e+00
3.835747020732214185e-01,8.204400370207109994e-01,3.128093622656399203e-02,5.902002327583464637e-03,-7.838710307380800657e-01,1.230143623861283064e+00,-2.617954204062704071e-01,2.148790145648467931e+00
3.835747020732214185e-01,8.204400370207109994e-01,3.128093622656399203e-02,5.902002327583464637e-03,-7.838710307380800657e-01,1.230143623861283064e+00,-2.617954204062704071e-01,2.149360634371235257e+00
3.835747020732214185e-01,8.204400370207109994e-01,3.128093622656399203e-02,5.902002327583464637e-03,-7.838710307380800657e-01,1.230143623861283064e+00,-2.617954204062704071e-01,2.151072100539537679e+00
3.835747020732214185e-01,8.204400370207109994e-01,3.128093622656399203e-02,5.902002327583464637e-03,-7.838710307380800657e-01,1.230143623861283064e+00,-2.617954204062704071e-01,2.152213077985072331e+00
3.835747020732214185e-01,8.204400370207109994e-01,3.128093622656399203e-02,5.902002327583464637e-03,-7.838710307380800657e-01,1.230143623861283064e+00,-2.617954204062704071e-01,2.153924544153374310e+00
3.835747020732214185e-01,8.204400370207109994e-01,3.128093622656399203e-02,5.902002327583464637e-03,-7.838710307380800657e-01,1.230143623861283064e+00,-2.617954204062704071e-01,2.154495032876141636e+00
3.835747020732214185e-01,8.204400370207109994e-01,3.128093622656399203e-02,5.902002327583464637e-03,-7.838710307380800657e-01,1.230143623861283064e+00,-2.617954204062704071e-01,2.157334798962806222e+00
3.835747020732214185e-01,8.204400370207109994e-01,3.128093622656399203e-02,5.902002327583464637e-03,-7.838710307380800657e-01,1.230143623861283064e+00,-2.617954204062704071e-01,2.157905287685573548e+00
3.835747020732214185e-01,8.204400370207109994e-01,3.128093622656399203e-02,5.902002327583464637e-03,-7.838710307380800657e-01,1.230143623861283064e+00,-2.617954204062704071e-01,2.160187242576643296e+00
3.835747020732214185e-01,8.204400370207109994e-01,3.128093622656399203e-02,5.902002327583464637e-03,-7.838710307380800657e-01,1.230143623861283064e+00,-2.617954204062704071e-01,2.160757731299410622e+00
3.835747020732214185e-01,8.204400370207109994e-01,3.128093622656399203e-02,5.902002327583464637e-03,-7.838710307380800657e-01,1.230143623861283064e+00,-2.617954204062704071e-01,2.163039686190479927e+00
3.835747020732214185e-01,8.204400370207109994e-01,3.128093622656399203e-02,5.902002327583464637e-03,-7.838710307380800657e-01,1.230143623861283064e+00,-2.617954204062704071e-01,2.164167986108842090e+00
3.835747020732214185e-01,8.204400370207109994e-01,3.128093622656399203e-02,5.902002327583464637e-03,-7.838710307380800657e-01,1.230143623861283064e+00,-2.617954204062704071e-01,2.166462618527084327e+00
3.835747020732214185e-01,8.204400370207109994e-01,3.128093622656399203e-02,5.902002327583464637e-03,-7.838710307380800657e-01,1.230143623861283064e+00,-2.617954204062704071e-01,2.167590918445446491e+00
3.835747020732214185e-01,8.204400370207109994e-01,3.128093622656399203e-02,5.902002327583464637e-03,-7.838710307380800657e-01,1.230143623861283064e+00,-2.617954204062704071e-01,2.168161407168213817e+00
3.835747020732214185e-01,8.204400370207109994e-01,3.128093622656399203e-02,5.902002327583464637e-03,-7.838710307380800657e-01,1.230143623861283064e+00,-2.617954204062704071e-01,2.170443362059283565e+00
3.835747020732214185e-01,8.204400370207109994e-01,3.128093622656399203e-02,5.902002327583464637e-03,-7.838710307380800657e-01,1.230143623861283064e+00,-2.617954204062704071e-01,2.171013850782050891e+00
3.835747020732214185e-01,8.204400370207109994e-01,3.128093622656399203e-02,5.902002327583464637e-03,-7.838710307380800657e-01,1.230143623861283064e+00,-2.617954204062704071e-01,2.172712639423180381e+00
3.835747020732214185e-01,8.204400370207109994e-01,3.128093622656399203e-02,5.902002327583464637e-03,-7.838710307380800657e-01,1.230143623861283064e+00,-2.617954204062704071e-01,2.173283128145947707e+00
3.835747020732214185e-01,8.204400370207109994e-01,3.128093622656399203e-02,5.902002327583464637e-03,-7.838710307380800657e-01,1.230143623861283064e+00,-2.617954204062704071e-01,2.175577760564189944e+00
3.835747020732214185e-01,8.204400370207109994e-01,3.128093622656399203e-02,5.902002327583464637e-03,-7.838710307380800657e-01,1.230143623861283064e+00,-2.617954204062704071e-01,2.176148249286957270e+00
3.835747020732214185e-01,8.204400370207109994e-01,3.128093622656399203e-02,5.902002327583464637e-03,-7.838710307380800657e-01,1.230143623861283064e+00,-2.617954204062704071e-01,2.178417526650854086e+00
3.835747020732214185e-01,8.204400370207109994e-01,3.128093622656399203e-02,5.902002327583464637e-03,-7.838710307380800657e-01,1.230143623861283064e+00,-2.617954204062704071e-01,2.178988015373621856e+00
3.835747020732214185e-01,8.204400370207109994e-01,3.128093622656399203e-02,5.902002327583464637e-03,-7.838710307380800657e-01,1.230143623861283064e+00,-2.617954204062704071e-01,2.180128992819156508e+00
3.835747020732214185e-01,8.204400370207109994e-01,3.128093622656399203e-02,5.902002327583464637e-03,-7.838710307380800657e-01,1.230143623861283064e+00,-2.617954204062704071e-01,2.181840458987458486e+00
3.835747020732214185e-01,8.204400370207109994e-01,3.128093622656399203e-02,5.902002327583464637e-03,-7.838710307380800657e-01,1.230143623861283064e+00,-2.617954204062704071e-01,2.182398270183053324e+00
3.835747020732214185e-01,8.204400370207109994e-01,3.128093622656399203e-02,5.902002327583464637e-03,-7.838710307380800657e-01,1.230143623861283064e+00,-2.617954204062704071e-01,2.184692902601295561e+00
3.835747020732214185e-01,8.204400370207109994e-01,3.128093622656399203e-02,5.902002327583464637e-03,-7.838710307380800657e-01,1.230143623861283064e+00,-2.617954204062704071e-01,2.185250713796890398e+00
3.835747020732214185e-01,8.204400370207109994e-01,3.128093622656399203e-02,5.902002327583464637e-03,-7.838710307380800657e-01,1.230143623861283064e+00,-2.617954204062704071e-01,2.187532668687959703e+00
3.835747020732214185e-01,8.204400370207109994e-01,3.128093622656399203e-02,5.902002327583464637e-03,-7.838710307380800657e-01,1.230143623861283064e+00,-2.617954204062704071e-01,2.188103157410727029e+00
3.835747020732214185e-01,8.204400370207109994e-01,3.128093622656399203e-02,5.902002327583464637e-03,-7.838710307380800657e-01,1.230143623861283064e+00,-2.617954204062704071e-01,2.190955601024564103e+00
3.835747020732214185e-01,8.204400370207109994e-01,3.128093622656399203e-02,5.902002327583464637e-03,-7.838710307380800657e-01,1.230143623861283064e+00,-2.617954204062704071e-01,2.191526089747331429e+00
3.835747020732214185e-01,8.204400370207109994e-01,3.128093622656399203e-02,5.902002327583464637e-03,-7.838710307380800657e-01,1.230143623861283064e+00,-2.617954204062704071e-01,2.193237555915633852e+00
3.835747020732214185e-01,8.204400370207109994e-01,3.128093622656399203e-02,5.902002327583464637e-03,-7.838710307380800657e-01,1.230143623861283064e+00,-2.617954204062704071e-01,2.194378533361168504e+00
3.835747020732214185e-01,8.204400370207109994e-01,3.128093622656399203e-02,5.902002327583464637e-03,-7.838710307380800657e-01,1.230143623861283064e+00,-2.617954204062704071e-01,2.195519510806703156e+00
3.835747020732214185e-01,8.204400370207109994e-01,3.128093622656399203e-02,5.902002327583464637e-03,-7.838710307380800657e-01,1.230143623861283064e+00,-2.617954204062704071e-01,2.197801465697772905e+00
3.835747020732214185e-01,8.204400370207109994e-01,3.128093622656399203e-02,5.902002327583464637e-03,-7.838710307380800657e-01,1.230143623861283064e+00,-2.617954204062704071e-01,2.198929765616135068e+00
3.835747020732214185e-01,8.204400370207109994e-01,3.128093622656399203e-02,5.902002327583464637e-03,-7.838710307380800657e-01,1.230143623861283064e+00,-2.617954204062704071e-01,2.201211720507204372e+00
3.835747020732214185e-01,8.204400370207109994e-01,3.128093622656399203e-02,5.902002327583464637e-03,-7.838710307380800657e-01,1.230143623861283064e+00,-2.617954204062704071e-01,2.203480997871101632e+00
3.835747020732214185e-01,8.204400370207109994e-01,3.128093622656399203e-02,5.902002327583464637e-03,-7.838710307380800657e-01,1.230143623861283064e+00,-2.617954204062704071e-01,2.204051486593868958e+00
3.835747020732214185e-01,8.204400370207109994e-01,3.128093622656399203e-02,5.902002327583464637e-03,-7.838710307380800657e-01,1.230143623861283064e+00,-2.617954204062704071e-01,2.206333441484938263e+00
3.835747020732214185e-01,8.204400370207109994e-01,3.128093622656399203e-02,5.902002327583464637e-03,-7.838710307380800657e-01,1.230143623861283064e+00,-2.617954204062704071e-01,2.206903930207705589e+00
3.835747020732214185e-01,8.204400370207109994e-01,3.128093622656399203e-02,5.902002327583464637e-03,-7.838710307380800657e-01,1.230143623861283064e+00,-2.617954204062704071e-01,2.209185885098775337e+00
3.835747020732214185e-01,8.204400370207109994e-01,3.128093622656399203e-02,5.902002327583464637e-03,-7.838710307380800657e-01,1.230143623861283064e+00,-2.617954204062704071e-01,2.209756373821542663e+00
3.835747020732214185e-01,8.204400370207109994e-01,3.128093622656399203e-02,5.902002327583464637e-03,-7.838710307380800657e-01,1.230143623861283064e+00,-2.617954204062704071e-01,2.211467839989845086e+00
3.835747020732214185e-01,8.204400370207109994e-01,3.128093622656399203e-02,5.902002327583464637e-03,-7.838710307380800657e-01,1.230143623861283064e+00,-2.617954204062704071e-01,2.212596139908207249e+00
3.835747020732214185e-01,8.204400370207109994e-01,3.128093622656399203e-02,5.902002327583464637e-03,-7.838710307380800657e-01,1.230143623861283064e+00,-2.617954204062704071e-01,2.214307606076509227e+00
3.835747020732214185e-01,8.204400370207109994e-01,3.128093622656399203e-02,5.902002327583464637e-03,-7.838710307380800657e-01,1.230143623861283064e+00,-2.617954204062704071e-01,2.214878094799276553e+00
3.835747020732214185e-01,8.204400370207109994e-01,3.128093622656399203e-02,5.902002327583464637e-03,-7.838710307380800657e-01,1.230143623861283064e+00,-2.617954204062704071e-01,2.217160049690346302e+00
3.835747020732214185e-01,8.204400370207109994e-01,3.128093622656399203e-02,5.902002327583464637e-03,-7.838710307380800657e-01,1.230143623861283064e+00,-2.617954204062704071e-01,2.218301027135880954e+00
3.835747020732214185e-01,8.204400370207109994e-01,3.128093622656399203e-02,5.902002327583464637e-03,-7.838710307380800657e-01,1.230143623861283064e+00,-2.617954204062704071e-01,2.218871515858648280e+00
3.835747020732214185e-01,8.204400370207109994e-01,3.128093622656399203e-02,5.902002327583464637e-03,-7.838710307380800657e-01,1.230143623861283064e+00,-2.617954204062704071e-01,2.220582982026950258e+00
3.835747020732214185e-01,8.204400370207109994e-01,3.128093622656399203e-02,5.902002327583464637e-03,-7.838710307380800657e-01,1.230143623861283064e+00,-2.617954204062704071e-01,2.221140793222545096e+00
3.835747020732214185e-01,8.204400370207109994e-01,3.128093622656399203e-02,5.902002327583464637e-03,-7.838710307380800657e-01,1.230143623861283064e+00,-2.617954204062704071e-01,2.222852259390847518e+00
3.835747020732214185e-01,8.204400370207109994e-01,3.128093622656399203e-02,5.902002327583464637e-03,-7.838710307380800657e-01,1.230143623861283064e+00,-2.617954204062704071e-01,2.223993236836382170e+00
3.835747020732214185e-01,8.204400370207109994e-01,3.128093622656399203e-02,5.902002327583464637e-03,-7.838710307380800657e-01,1.230143623861283064e+00,-2.617954204062704071e-01,2.226275191727451919e+00
3.835747020732214185e-01,8.204400370207109994e-01,3.128093622656399203e-02,5.902002327583464637e-03,-7.838710307380800657e-01,1.230143623861283064e+00,-2.617954204062704071e-01,2.226845680450219245e+00
3.835747020732214185e-01,8.204400370207109994e-01,3.128093622656399203e-02,5.902002327583464637e-03,-7.838710307380800657e-01,1.230143623861283064e+00,-2.617954204062704071e-01,2.228557146618521223e+00
3.835747020732214185e-01,8.204400370207109994e-01,3.128093622656399203e-02,5.902002327583464637e-03,-7.838710307380800657e-01,1.230143623861283064e+00,-2.617954204062704071e-01,2.229127635341288549e+00
3.835747020732214185e-01,8.204400370207109994e-01,3.128093622656399203e-02,5.902002327583464637e-03,-7.838710307380800657e-01,1.230143623861283064e+00,-2.617954204062704071e-01,2.231396912705185809e+00
3.835747020732214185e-01,8.204400370207109994e-01,3.128093622656399203e-02,5.902002327583464637e-03,-7.838710307380800657e-01,1.230143623861283064e+00,-2.617954204062704071e-01,2.231967401427953135e+00
3.835747020732214185e-01,8.204400370207109994e-01,3.128093622656399203e-02,5.902002327583464637e-03,-7.838710307380800657e-01,1.230143623861283064e+00,-2.617954204062704071e-01,2.234249356319022439e+00
3.835747020732214185e-01,8.204400370207109994e-01,3.128093622656399203e-02,5.902002327583464637e-03,-7.838710307380800657e-01,1.230143623861283064e+00,-2.617954204062704071e-01,2.235390333764557536e+00
3.835747020732214185e-01,8.204400370207109994e-01,3.128093622656399203e-02,5.902002327583464637e-03,-7.838710307380800657e-01,1.230143623861283064e+00,-2.617954204062704071e-01,2.237101799932859514e+00
3.835747020732214185e-01,8.204400370207109994e-01,3.128093622656399203e-02,5.902002327583464637e-03,-7.838710307380800657e-01,1.230143623861283064e+00,-2.617954204062704071e-01,2.237672288655626840e+00
3.835747020732214185e-01,8.204400370207109994e-01,3.128093622656399203e-02,5.902002327583464637e-03,-7.838710307380800657e-01,1.230143623861283064e+00,-2.617954204062704071e-01,2.239383754823928818e+00
3.835747020732214185e-01,8.204400370207109994e-01,3.128093622656399203e-02,5.902002327583464637e-03,-7.838710307380800657e-01,1.230143623861283064e+00,-2.617954204062704071e-01,2.239941566019523655e+00
3.835747020732214185e-01,8.204400370207109994e-01,3.128093622656399203e-02,5.902002327583464637e-03,-7.838710307380800657e-01,1.230143623861283064e+00,-2.617954204062704071e-01,2.241653032187826078e+00
3.835747020732214185e-01,8.204400370207109994e-01,3.128093622656399203e-02,5.902002327583464637e-03,-7.838710307380800657e-01,1.230143623861283064e+00,-2.617954204062704071e-01,2.243364498356128056e+00
3.835747020732214185e-01,8.204400370207109994e-01,3.128093622656399203e-02,5.902002327583464637e-03,-7.838710307380800657e-01,1.230143623861283064e+00,-2.617954204062704071e-01,2.245646453247197805e+00
3.835747020732214185e-01,8.204400370207109994e-01,3.128093622656399203e-02,5.902002327583464637e-03,-7.838710307380800657e-01,1.230143623861283064e+00,-2.617954204062704071e-01,2.246787430692732457e+00
3.835747020732214185e-01,8.204400370207109994e-01,3.128093622656399203e-02,5.902002327583464637e-03,-7.838710307380800657e-01,1.230143623861283064e+00,-2.617954204062704071e-01,2.248498896861034435e+00
3.835747020732214185e-01,8.204400370207109994e-01,3.128093622656399203e-02,5.902002327583464637e-03,-7.838710307380800657e-01,1.230143623861283064e+00,-2.617954204062704071e-01,2.249069385583802205e+00
3.835747020732214185e-01,8.204400370207109994e-01,3.128093622656399203e-02,5.902002327583464637e-03,-7.838710307380800657e-01,1.230143623861283064e+00,-2.617954204062704071e-01,2.251338662947699021e+00
3.835747020732214185e-01,8.204400370207109994e-01,3.128093622656399203e-02,5.902002327583464637e-03,-7.838710307380800657e-01,1.230143623861283064e+00,-2.617954204062704071e-01,2.251909151670466347e+00
3.835747020732214185e-01,8.204400370207109994e-01,3.128093622656399203e-02,5.902002327583464637e-03,-7.838710307380800657e-01,1.230143623861283064e+00,-2.617954204062704071e-01,2.253620617838768325e+00
3.835747020732214185e-01,8.204400370207109994e-01,3.128093622656399203e-02,5.902002327583464637e-03,-7.838710307380800657e-01,1.230143623861283064e+00,-2.617954204062704071e-01,2.254191106561536095e+00
3.835747020732214185e-01,8.204400370207109994e-01,3.128093622656399203e-02,5.902002327583464637e-03,-7.838710307380800657e-01,1.230143623861283064e+00,-2.617954204062704071e-01,2.257043550175372726e+00
3.835747020732214185e-01,8.204400370207109994e-01,3.128093622656399203e-02,5.902002327583464637e-03,-7.838710307380800657e-01,1.230143623861283064e+00,-2.617954204062704071e-01,2.257614038898140052e+00
3.835747020732214185e-01,8.204400370207109994e-01,3.128093622656399203e-02,5.902002327583464637e-03,-7.838710307380800657e-01,1.230143623861283064e+00,-2.617954204062704071e-01,2.259895993789209800e+00
3.835747020732214185e-01,8.204400370207109994e-01,3.128093622656399203e-02,5.902002327583464637e-03,-7.838710307380800657e-01,1.230143623861283064e+00,-2.617954204062704071e-01,2.260453804984804638e+00
3.835747020732214185e-01,8.204400370207109994e-01,3.128093622656399203e-02,5.902002327583464637e-03,-7.838710307380800657e-01,1.230143623861283064e+00,-2.617954204062704071e-01,2.262165271153106616e+00
3.835747020732214185e-01,8.204400370207109994e-01,3.128093622656399203e-02,5.902002327583464637e-03,-7.838710307380800657e-01,1.230143623861283064e+00,-2.617954204062704071e-01,2.262735759875873942e+00
3.835747020732214185e-01,8.204400370207109994e-01,3.128093622656399203e-02,5.902002327583464637e-03,-7.838710307380800657e-01,1.230143623861283064e+00,-2.617954204062704071e-01,2.265017714766943691e+00
3.835747020732214185e-01,8.204400370207109994e-01,3.128093622656399203e-02,5.902002327583464637e-03,-7.838710307380800657e-01,1.230143623861283064e+00,-2.617954204062704071e-01,2.265588203489711017e+00
3.835747020732214185e-01,8.204400370207109994e-01,3.128093622656399203e-02,5.902002327583464637e-03,-7.838710307380800657e-01,1.230143623861283064e+00,-2.617954204062704071e-01,2.267299669658012995e+00
3.835747020732214185e-01,8.204400370207109994e-01,3.128093622656399203e-02,5.902002327583464637e-03,-7.838710307380800657e-01,1.230143623861283064e+00,-2.617954204062704071e-01,2.267870158380780765e+00
3.835747020732214185e-01,8.204400370207109994e-01,3.128093622656399203e-02,5.902002327583464637e-03,-7.838710307380800657e-01,1.230143623861283064e+00,-2.617954204062704071e-01,2.270152113271850070e+00
3.835747020732214185e-01,8.204400370207109994e-01,3.128093622656399203e-02,5.902002327583464637e-03,-7.838710307380800657e-01,1.230143623861283064e+00,-2.617954204062704071e-01,2.270722601994617396e+00
3.835747020732214185e-01,8.204400370207109994e-01,3.128093622656399203e-02,5.902002327583464637e-03,-7.838710307380800657e-01,1.230143623861283064e+00,-2.617954204062704071e-01,2.272991879358514655e+00
3.835747020732214185e-01,8.204400370207109994e-01,3.128093622656399203e-02,5.902002327583464637e-03,-7.838710307380800657e-01,1.230143623861283064e+00,-2.617954204062704071e-01,2.273562368081281981e+00
3.835747020732214185e-01,8.204400370207109994e-01,3.128093622656399203e-02,5.902002327583464637e-03,-7.838710307380800657e-01,1.230143623861283064e+00,-2.617954204062704071e-01,2.275273834249583960e+00
3.835747020732214185e-01,8.204400370207109994e-01,3.128093622656399203e-02,5.902002327583464637e-03,-7.838710307380800657e-01,1.230143623861283064e+00,-2.617954204062704071e-01,2.276402134167946123e+00
3.835747020732214185e-01,8.204400370207109994e-01,3.128093622656399203e-02,5.902002327583464637e-03,-7.838710307380800657e-01,1.230143623861283064e+00,-2.617954204062704071e-01,2.278113600336248101e+00
3.835747020732214185e-01,8.204400370207109994e-01,3.128093622656399203e-02,5.902002327583464637e-03,-7.838710307380800657e-01,1.230143623861283064e+00,-2.617954204062704071e-01,2.279837744031723012e+00
3.835747020732214185e-01,8.204400370207109994e-01,3.128093622656399203e-02,5.902002327583464637e-03,-7.838710307380800657e-01,1.230143623861283064e+00,-2.617954204062704071e-01,2.280395555227317850e+00
3.835747020732214185e-01,8.204400370207109994e-01,3.128093622656399203e-02,5.902002327583464637e-03,-7.838710307380800657e-01,1.230143623861283064e+00,-2.617954204062704071e-01,2.282677510118387598e+00
3.835747020732214185e-01,8.204400370207109994e-01,3.128093622656399203e-02,5.902002327583464637e-03,-7.838710307380800657e-01,1.230143623861283064e+00,-2.617954204062704071e-01,2.283247998841154924e+00
3.835747020732214185e-01,8.204400370207109994e-01,3.128093622656399203e-02,5.902002327583464637e-03,-7.838710307380800657e-01,1.230143623861283064e+00,-2.617954204062704071e-01,2.284959465009456903e+00
3.835747020732214185e-01,8.204400370207109994e-01,3.128093622656399203e-02,5.902002327583464637e-03,-7.838710307380800657e-01,1.230143623861283064e+00,-2.617954204062704071e-01,2.286087764927819066e+00
3.835747020732214185e-01,8.204400370207109994e-01,3.128093622656399203e-02,5.902002327583464637e-03,-7.838710307380800657e-01,1.230143623861283064e+00,-2.617954204062704071e-01,2.287799231096121488e+00
3.835747020732214185e-01,8.204400370207109994e-01,3.128093622656399203e-02,5.902002327583464637e-03,-7.838710307380800657e-01,1.230143623861283064e+00,-2.617954204062704071e-01,2.288369719818888814e+00
3.835747020732214185e-01,8.204400370207109994e-01,3.128093622656399203e-02,5.902002327583464637e-03,-7.838710307380800657e-01,1.230143623861283064e+00,-2.617954204062704071e-01,2.290081185987190793e+00
3.835747020732214185e-01,8.204400370207109994e-01,3.128093622656399203e-02,5.902002327583464637e-03,-7.838710307380800657e-01,1.230143623861283064e+00,-2.617954204062704071e-01,2.291222163432725445e+00
3.835747020732214185e-01,8.204400370207109994e-01,3.128093622656399203e-02,5.902002327583464637e-03,-7.838710307380800657e-01,1.230143623861283064e+00,-2.617954204062704071e-01,2.292933629601027867e+00
3.835747020732214185e-01,8.204400370207109994e-01,3.128093622656399203e-02,5.902002327583464637e-03,-7.838710307380800657e-01,1.230143623861283064e+00,-2.617954204062704071e-01,2.294074607046562519e+00
3.835747020732214185e-01,8.204400370207109994e-01,3.128093622656399203e-02,5.902002327583464637e-03,-7.838710307380800657e-01,1.230143623861283064e+00,-2.617954204062704071e-01,2.295786073214864498e+00
3.835747020732214185e-01,8.204400370207109994e-01,3.128093622656399203e-02,5.902002327583464637e-03,-7.838710307380800657e-01,1.230143623861283064e+00,-2.617954204062704071e-01,2.296356561937632268e+00
3.835747020732214185e-01,8.204400370207109994e-01,3.128093622656399203e-02,5.902002327583464637e-03,-7.838710307380800657e-01,1.230143623861283064e+00,-2.617954204062704071e-01,2.298625839301529084e+00
3.835747020732214185e-01,8.204400370207109994e-01,3.128093622656399203e-02,5.902002327583464637e-03,-7.838710307380800657e-01,1.230143623861283064e+00,-2.617954204062704071e-01,2.299196328024296410e+00
3.835747020732214185e-01,8.204400370207109994e-01,3.128093622656399203e-02,5.902002327583464637e-03,-7.838710307380800657e-01,1.230143623861283064e+00,-2.617954204062704071e-01,2.300907794192598388e+00
3.835747020732214185e-01,8.204400370207109994e-01,3.128093622656399203e-02,5.902002327583464637e-03,-7.838710307380800657e-01,1.230143623861283064e+00,-2.617954204062704071e-01,2.302048771638133484e+00
3.835747020732214185e-01,8.204400370207109994e-01,3.128093622656399203e-02,5.902002327583464637e-03,-7.838710307380800657e-01,1.230143623861283064e+00,-2.617954204062704071e-01,2.304330726529202789e+00
3.835747020732214185e-01,8.204400370207109994e-01,3.128093622656399203e-02,5.902002327583464637e-03,-7.838710307380800657e-01,1.230143623861283064e+00,-2.617954204062704071e-01,2.305471703974737885e+00
3.835747020732214185e-01,8.204400370207109994e-01,3.128093622656399203e-02,5.902002327583464637e-03,-7.838710307380800657e-01,1.230143623861283064e+00,-2.617954204062704071e-01,2.306042192697505211e+00
3.835747020732214185e-01,8.204400370207109994e-01,3.128093622656399203e-02,5.902002327583464637e-03,-7.838710307380800657e-01,1.230143623861283064e+00,-2.617954204062704071e-01,2.308311470061402026e+00
3.835747020732214185e-01,8.204400370207109994e-01,3.128093622656399203e-02,5.902002327583464637e-03,-7.838710307380800657e-01,1.230143623861283064e+00,-2.617954204062704071e-01,2.308881958784169353e+00
3.835747020732214185e-01,8.204400370207109994e-01,3.128093622656399203e-02,5.902002327583464637e-03,-7.838710307380800657e-01,1.230143623861283064e+00,-2.617954204062704071e-01,2.310593424952471775e+00
3.835747020732214185e-01,8.204400370207109994e-01,3.128093622656399203e-02,5.902002327583464637e-03,-7.838710307380800657e-01,1.230143623861283064e+00,-2.617954204062704071e-01,2.311734402398006427e+00
3.835747020732214185e-01,8.204400370207109994e-01,3.128093622656399203e-02,5.902002327583464637e-03,-7.838710307380800657e-01,1.230143623861283064e+00,-2.617954204062704071e-01,2.313445868566308405e+00
3.835747020732214185e-01,8.204400370207109994e-01,3.128093622656399203e-02,5.919996237118779758e-03,-7.838710307380800657e-01,1.230143623861283064e+00,-2.617954204062704071e-01,2.314016357289075732e+00
3.835747020732214185e-01,8.204400370207109994e-01,3.128093622656399203e-02,5.902002327583464637e-03,-7.838710307380800657e-01,1.230143623861283064e+00,-2.617954204062704071e-01,2.316298312180145480e+00
3.835747020732214185e-01,8.204400370207109994e-01,3.128093622656399203e-02,5.902002327583464637e-03,-7.838710307380800657e-01,1.230143623861283064e+00,-2.617954204062704071e-01,2.316856123375740317e+00
3.835747020732214185e-01,8.204400370207109994e-01,3.128093622656399203e-02,5.902002327583464637e-03,-7.838710307380800657e-01,1.230143623861283064e+00,-2.617954204062704071e-01,2.318567589544042296e+00
3.835747020732214185e-01,8.204400370207109994e-01,3.128093622656399203e-02,5.902002327583464637e-03,-7.838710307380800657e-01,1.230143623861283064e+00,-2.617954204062704071e-01,2.319708566989576948e+00
3.835747020732214185e-01,8.204400370207109994e-01,3.128093622656399203e-02,5.902002327583464637e-03,-7.838710307380800657e-01,1.230143623861283064e+00,-2.617954204062704071e-01,2.321420033157879370e+00
3.835747020732214185e-01,8.204400370207109994e-01,3.128093622656399203e-02,5.902002327583464637e-03,-7.838710307380800657e-01,1.230143623861283064e+00,-2.617954204062704071e-01,2.322561010603414022e+00
3.835747020732214185e-01,8.204400370207109994e-01,3.128093622656399203e-02,5.902002327583464637e-03,-7.838710307380800657e-01,1.230143623861283064e+00,-2.617954204062704071e-01,2.324842965494483771e+00
3.835747020732214185e-01,8.204400370207109994e-01,3.128093622656399203e-02,5.902002327583464637e-03,-7.838710307380800657e-01,1.230143623861283064e+00,-2.617954204062704071e-01,2.325413454217251097e+00
3.835747020732214185e-01,8.204400370207109994e-01,3.128093622656399203e-02,5.902002327583464637e-03,-7.838710307380800657e-01,1.230143623861283064e+00,-2.617954204062704071e-01,2.327682731581147912e+00
3.835747020732214185e-01,8.204400370207109994e-01,3.128093622656399203e-02,5.902002327583464637e-03,-7.838710307380800657e-01,1.230143623861283064e+00,-2.617954204062704071e-01,2.328253220303915239e+00
3.835747020732214185e-01,8.204400370207109994e-01,3.128093622656399203e-02,5.902002327583464637e-03,-7.838710307380800657e-01,1.230143623861283064e+00,-2.617954204062704071e-01,2.330535175194984987e+00
3.835747020732214185e-01,8.204400370207109994e-01,3.128093622656399203e-02,5.902002327583464637e-03,-7.838710307380800657e-01,1.230143623861283064e+00,-2.617954204062704071e-01,2.331105663917752313e+00
3.835747020732214185e-01,8.204400370207109994e-01,3.128093622656399203e-02,5.902002327583464637e-03,-7.838710307380800657e-01,1.230143623861283064e+00,-2.617954204062704071e-01,2.333387618808821617e+00
3.835747020732214185e-01,8.204400370207109994e-01,3.128093622656399203e-02,5.902002327583464637e-03,-7.838710307380800657e-01,1.230143623861283064e+00,-2.617954204062704071e-01,2.333958107531589388e+00
3.835747020732214185e-01,8.204400370207109994e-01,3.128093622656399203e-02,5.902002327583464637e-03,-7.838710307380800657e-01,1.230143623861283064e+00,-2.617954204062704071e-01,2.335669573699891366e+00
3.835747020732214185e-01,8.204400370207109994e-01,3.128093622656399203e-02,5.902002327583464637e-03,-7.838710307380800657e-01,1.230143623861283064e+00,-2.617954204062704071e-01,2.336240062422658692e+00
3.835747020732214185e-01,8.204400370207109994e-01,3.128093622656399203e-02,5.902002327583464637e-03,-7.838710307380800657e-01,1.230143623861283064e+00,-2.617954204062704071e-01,2.337938851063788182e+00
3.835747020732214185e-01,8.204400370207109994e-01,3.128093622656399203e-02,5.902002327583464637e-03,-7.838710307380800657e-01,1.230143623861283064e+00,-2.617954204062704071e-01,2.338509339786555508e+00
3.835747020732214185e-01,8.204400370207109994e-01,3.128093622656399203e-02,5.902002327583464637e-03,-7.838710307380800657e-01,1.230143623861283064e+00,-2.617954204062704071e-01,2.340791294677625256e+00
3.835747020732214185e-01,8.204400370207109994e-01,3.128093622656399203e-02,5.919996237118779758e-03,-7.838710307380800657e-01,1.230143623861283064e+00,-2.617954204062704071e-01,2.341361783400392582e+00
3.835747020732214185e-01,8.204400370207109994e-01,3.128093622656399203e-02,5.902002327583464637e-03,-7.838710307380800657e-01,1.230143623861283064e+00,-2.617954204062704071e-01,2.344214227014229657e+00
3.835747020732214185e-01,8.204400370207109994e-01,3.128093622656399203e-02,5.902002327583464637e-03,-7.838710307380800657e-01,1.230143623861283064e+00,-2.617954204062704071e-01,2.344784715736996983e+00
3.835747020732214185e-01,8.204400370207109994e-01,3.128093622656399203e-02,5.902002327583464637e-03,-7.838710307380800657e-01,1.230143623861283064e+00,-2.617954204062704071e-01,2.347066670628066731e+00
3.835747020732214185e-01,8.204400370207109994e-01,3.128093622656399203e-02,5.902002327583464637e-03,-7.838710307380800657e-01,1.230143623861283064e+00,-2.617954204062704071e-01,2.347637159350834057e+00
3.835747020732214185e-01,8.204400370207109994e-01,3.128093622656399203e-02,5.902002327583464637e-03,-7.838710307380800657e-01,1.230143623861283064e+00,-2.617954204062704071e-01,2.349335947991963547e+00
3.835747020732214185e-01,8.204400370207109994e-01,3.128093622656399203e-02,5.902002327583464637e-03,-7.838710307380800657e-01,1.230143623861283064e+00,-2.617954204062704071e-01,2.349906436714730873e+00
3.835747020732214185e-01,8.204400370207109994e-01,3.128093622656399203e-02,5.902002327583464637e-03,-7.838710307380800657e-01,1.230143623861283064e+00,-2.617954204062704071e-01,2.351047414160265525e+00
3.835747020732214185e-01,8.204400370207109994e-01,3.128093622656399203e-02,5.902002327583464637e-03,-7.838710307380800657e-01,1.230143623861283064e+00,-2.617954204062704071e-01,2.352758880328567948e+00
3.835747020732214185e-01,8.204400370207109994e-01,3.128093622656399203e-02,5.902002327583464637e-03,-7.838710307380800657e-01,1.230143623861283064e+00,-2.617954204062704071e-01,2.353329369051335274e+00
3.835747020732214185e-01,8.204400370207109994e-01,3.128093622656399203e-02,5.902002327583464637e-03,-7.838710307380800657e-01,1.230143623861283064e+00,-2.617954204062704071e-01,2.355611323942404578e+00
3.835747020732214185e-01,8.204400370207109994e-01,3.128093622656399203e-02,5.902002327583464637e-03,-7.838710307380800657e-01,1.230143623861283064e+00,-2.617954204062704071e-01,2.356181812665171904e+00
3.835747020732214185e-01,8.204400370207109994e-01,3.128093622656399203e-02,5.902002327583464637e-03,-7.838710307380800657e-01,1.230143623861283064e+00,-2.617954204062704071e-01,2.358451090029069164e+00
3.835747020732214185e-01,8.204400370207109994e-01,3.128093622656399203e-02,5.902002327583464637e-03,-7.838710307380800657e-01,1.230143623861283064e+00,-2.617954204062704071e-01,2.359021578751836490e+00
3.835747020732214185e-01,8.204400370207109994e-01,3.128093622656399203e-02,5.902002327583464637e-03,-7.838710307380800657e-01,1.230143623861283064e+00,-2.617954204062704071e-01,2.360733044920138468e+00
3.835747020732214185e-01,8.204400370207109994e-01,3.128093622656399203e-02,5.902002327583464637e-03,-7.838710307380800657e-01,1.230143623861283064e+00,-2.617954204062704071e-01,2.361303533642905794e+00
3.835747020732214185e-01,8.204400370207109994e-01,3.128093622656399203e-02,5.902002327583464637e-03,-7.838710307380800657e-01,1.230143623861283064e+00,-2.617954204062704071e-01,2.363585488533975543e+00
3.835747020732214185e-01,8.204400370207109994e-01,3.128093622656399203e-02,5.902002327583464637e-03,-7.838710307380800657e-01,1.230143623861283064e+00,-2.617954204062704071e-01,2.365854765897872358e+00
3.835747020732214185e-01,8.204400370207109994e-01,3.128093622656399203e-02,5.902002327583464637e-03,-7.838710307380800657e-01,1.230143623861283064e+00,-2.617954204062704071e-01,2.366425254620639684e+00
3.835747020732214185e-01,8.204400370207109994e-01,3.128093622656399203e-02,5.902002327583464637e-03,-7.838710307380800657e-01,1.230143623861283064e+00,-2.617954204062704071e-01,2.368707209511709433e+00
3.835747020732214185e-01,8.204400370207109994e-01,3.128093622656399203e-02,5.902002327583464637e-03,-7.838710307380800657e-01,1.230143623861283064e+00,-2.617954204062704071e-01,2.369277698234476759e+00
3.835747020732214185e-01,8.204400370207109994e-01,3.128093622656399203e-02,5.902002327583464637e-03,-7.838710307380800657e-01,1.230143623861283064e+00,-2.617954204062704071e-01,2.371559653125546507e+00
3.835747020732214185e-01,8.204400370207109994e-01,3.128093622656399203e-02,5.902002327583464637e-03,-7.838710307380800657e-01,1.230143623861283064e+00,-2.617954204062704071e-01,2.372130141848313833e+00
3.835747020732214185e-01,8.204400370207109994e-01,3.128093622656399203e-02,5.902002327583464637e-03,-7.838710307380800657e-01,1.230143623861283064e+00,-2.617954204062704071e-01,2.373841608016615812e+00
3.835747020732214185e-01,8.204400370207109994e-01,3.128093622656399203e-02,5.902002327583464637e-03,-7.838710307380800657e-01,1.230143623861283064e+00,-2.617954204062704071e-01,2.374969907934977975e+00
3.835747020732214185e-01,8.204400370207109994e-01,3.128093622656399203e-02,5.902002327583464637e-03,-7.838710307380800657e-01,1.230143623861283064e+00,-2.617954204062704071e-01,2.376681374103280397e+00
3.835747020732214185e-01,8.204400370207109994e-01,3.128093622656399203e-02,5.902002327583464637e-03,-7.838710307380800657e-01,1.230143623861283064e+00,-2.617954204062704071e-01,2.377251862826047724e+00
3.835747020732214185e-01,8.204400370207109994e-01,3.128093622656399203e-02,5.902002327583464637e-03,-7.838710307380800657e-01,1.230143623861283064e+00,-2.617954204062704071e-01,2.378963328994349702e+00
3.835747020732214185e-01,8.204400370207109994e-01,3.128093622656399203e-02,5.902002327583464637e-03,-7.838710307380800657e-01,1.230143623861283064e+00,-2.617954204062704071e-01,2.379533817717117028e+00
3.835747020732214185e-01,8.204400370207109994e-01,3.128093622656399203e-02,5.902002327583464637e-03,-7.838710307380800657e-01,1.230143623861283064e+00,-2.617954204062704071e-01,2.381815772608186776e+00
3.835747020732214185e-01,8.204400370207109994e-01,3.128093622656399203e-02,5.902002327583464637e-03,-7.838710307380800657e-01,1.230143623861283064e+00,-2.617954204062704071e-01,2.382386261330954103e+00
3.835747020732214185e-01,8.204400370207109994e-01,3.128093622656399203e-02,5.902002327583464637e-03,-7.838710307380800657e-01,1.230143623861283064e+00,-2.617954204062704071e-01,2.384668216222023851e+00
3.835747020732214185e-01,8.204400370207109994e-01,3.128093622656399203e-02,5.902002327583464637e-03,-7.838710307380800657e-01,1.230143623861283064e+00,-2.617954204062704071e-01,2.385226027417618244e+00
3.835747020732214185e-01,8.204400370207109994e-01,3.128093622656399203e-02,5.902002327583464637e-03,-7.838710307380800657e-01,1.230143623861283064e+00,-2.617954204062704071e-01,2.386937493585920667e+00
3.835747020732214185e-01,8.204400370207109994e-01,3.128093622656399203e-02,5.902002327583464637e-03,-7.838710307380800657e-01,1.230143623861283064e+00,-2.617954204062704071e-01,2.387507982308687993e+00
3.835747020732214185e-01,8.204400370207109994e-01,3.128093622656399203e-02,5.902002327583464637e-03,-7.838710307380800657e-01,1.230143623861283064e+00,-2.617954204062704071e-01,2.389219448476989971e+00
3.835747020732214185e-01,8.204400370207109994e-01,3.128093622656399203e-02,5.902002327583464637e-03,-7.838710307380800657e-01,1.230143623861283064e+00,-2.617954204062704071e-01,2.389789937199757297e+00
3.835747020732214185e-01,8.204400370207109994e-01,3.128093622656399203e-02,5.902002327583464637e-03,-7.838710307380800657e-01,1.230143623861283064e+00,-2.617954204062704071e-01,2.391488725840887231e+00
3.835747020732214185e-01,8.204400370207109994e-01,3.128093622656399203e-02,5.902002327583464637e-03,-7.838710307380800657e-01,1.230143623861283064e+00,-2.617954204062704071e-01,2.392059214563654557e+00
3.835747020732214185e-01,8.204400370207109994e-01,3.128093622656399203e-02,5.902002327583464637e-03,-7.838710307380800657e-01,1.230143623861283064e+00,-2.617954204062704071e-01,2.394353846981896794e+00
3.835747020732214185e-01,8.204400370207109994e-01,3.128093622656399203e-02,5.902002327583464637e-03,-7.838710307380800657e-01,1.230143623861283064e+00,-2.617954204062704071e-01,2.395482146900258957e+00
3.835747020732214185e-01,8.204400370207109994e-01,3.128093622656399203e-02,5.902002327583464637e-03,-7.838710307380800657e-01,1.230143623861283064e+00,-2.617954204062704071e-01,2.397193613068560936e+00
3.835747020732214185e-01,8.204400370207109994e-01,3.128093622656399203e-02,5.902002327583464637e-03,-7.838710307380800657e-01,1.230143623861283064e+00,-2.617954204062704071e-01,2.398334590514095588e+00
3.835747020732214185e-01,8.204400370207109994e-01,3.128093622656399203e-02,5.902002327583464637e-03,-7.838710307380800657e-01,1.230143623861283064e+00,-2.617954204062704071e-01,2.400046056682398010e+00
3.835747020732214185e-01,8.204400370207109994e-01,3.128093622656399203e-02,5.902002327583464637e-03,-7.838710307380800657e-01,1.230143623861283064e+00,-2.617954204062704071e-01,2.400616545405165336e+00
3.835747020732214185e-01,8.204400370207109994e-01,3.128093622656399203e-02,5.902002327583464637e-03,-7.838710307380800657e-01,1.230143623861283064e+00,-2.617954204062704071e-01,2.402315334046294826e+00
3.835747020732214185e-01,8.204400370207109994e-01,3.128093622656399203e-02,5.902002327583464637e-03,-7.838710307380800657e-01,1.230143623861283064e+00,-2.617954204062704071e-01,2.403468989019002411e+00
3.835747020732214185e-01,8.204400370207109994e-01,3.128093622656399203e-02,5.902002327583464637e-03,-7.838710307380800657e-01,1.230143623861283064e+00,-2.617954204062704071e-01,2.405167777660131900e+00
3.835747020732214185e-01,8.204400370207109994e-01,3.128093622656399203e-02,5.902002327583464637e-03,-7.838710307380800657e-01,1.230143623861283064e+00,-2.617954204062704071e-01,2.405738266382899226e+00
3.835747020732214185e-01,8.204400370207109994e-01,3.128093622656399203e-02,5.902002327583464637e-03,-7.838710307380800657e-01,1.230143623861283064e+00,-2.617954204062704071e-01,2.408020221273968531e+00
3.835747020732214185e-01,8.204400370207109994e-01,3.128093622656399203e-02,5.902002327583464637e-03,-7.838710307380800657e-01,1.230143623861283064e+00,-2.617954204062704071e-01,2.409161198719503627e+00
3.835747020732214185e-01,8.204400370207109994e-01,3.128093622656399203e-02,5.902002327583464637e-03,-7.838710307380800657e-01,1.230143623861283064e+00,-2.617954204062704071e-01,2.410859987360633117e+00
3.835747020732214185e-01,8.204400370207109994e-01,3.128093622656399203e-02,5.902002327583464637e-03,-7.838710307380800657e-01,1.230143623861283064e+00,-2.617954204062704071e-01,2.411430476083400443e+00
3.835747020732214185e-01,8.204400370207109994e-01,3.128093622656399203e-02,5.902002327583464637e-03,-7.838710307380800657e-01,1.230143623861283064e+00,-2.617954204062704071e-01,2.413712430974469747e+00
3.835747020732214185e-01,8.204400370207109994e-01,3.128093622656399203e-02,5.902002327583464637e-03,-7.838710307380800657e-01,1.230143623861283064e+00,-2.617954204062704071e-01,2.414295597224410006e+00
3.835747020732214185e-01,8.204400370207109994e-01,3.128093622656399203e-02,5.902002327583464637e-03,-7.838710307380800657e-01,1.230143623861283064e+00,-2.617954204062704071e-01,2.416564874588306822e+00
3.835747020732214185e-01,8.204400370207109994e-01,3.128093622656399203e-02,5.902002327583464637e-03,-7.838710307380800657e-01,1.230143623861283064e+00,-2.617954204062704071e-01,2.417135363311074148e+00
3.835747020732214185e-01,8.204400370207109994e-01,3.128093622656399203e-02,5.902002327583464637e-03,-7.838710307380800657e-01,1.230143623861283064e+00,-2.617954204062704071e-01,2.418846829479376570e+00
3.835747020732214185e-01,8.204400370207109994e-01,3.128093622656399203e-02,5.902002327583464637e-03,-7.838710307380800657e-01,1.230143623861283064e+00,-2.617954204062704071e-01,2.419417318202143896e+00
3.835747020732214185e-01,8.204400370207109994e-01,3.128093622656399203e-02,5.902002327583464637e-03,-7.838710307380800657e-01,1.230143623861283064e+00,-2.617954204062704071e-01,2.421686595566040712e+00
3.835747020732214185e-01,8.204400370207109994e-01,3.128093622656399203e-02,5.902002327583464637e-03,-7.838710307380800657e-01,1.230143623861283064e+00,-2.617954204062704071e-01,2.422257084288808038e+00
3.835747020732214185e-01,8.204400370207109994e-01,3.128093622656399203e-02,5.902002327583464637e-03,-7.838710307380800657e-01,1.230143623861283064e+00,-2.617954204062704071e-01,2.423398061734343134e+00
3.835747020732214185e-01,8.204400370207109994e-01,3.128093622656399203e-02,5.902002327583464637e-03,-7.838710307380800657e-01,1.230143623861283064e+00,-2.617954204062704071e-01,2.425109527902645112e+00
3.835747020732214185e-01,8.204400370207109994e-01,3.128093622656399203e-02,5.902002327583464637e-03,-7.838710307380800657e-01,1.230143623861283064e+00,-2.617954204062704071e-01,2.426250505348179765e+00
3.835747020732214185e-01,8.204400370207109994e-01,3.128093622656399203e-02,5.902002327583464637e-03,-7.838710307380800657e-01,1.230143623861283064e+00,-2.617954204062704071e-01,2.427961971516482187e+00
3.835747020732214185e-01,8.204400370207109994e-01,3.128093622656399203e-02,5.902002327583464637e-03,-7.838710307380800657e-01,1.230143623861283064e+00,-2.617954204062704071e-01,2.428532460239249513e+00
3.835747020732214185e-01,8.204400370207109994e-01,3.128093622656399203e-02,5.902002327583464637e-03,-7.838710307380800657e-01,1.230143623861283064e+00,-2.617954204062704071e-01,2.430814415130318817e+00
3.835747020732214185e-01,8.204400370207109994e-01,3.128093622656399203e-02,5.902002327583464637e-03,-7.838710307380800657e-01,1.230143623861283064e+00,-2.617954204062704071e-01,2.431384903853086143e+00
3.835747020732214185e-01,8.204400370207109994e-01,3.128093622656399203e-02,5.902002327583464637e-03,-7.838710307380800657e-01,1.230143623861283064e+00,-2.617954204062704071e-01,2.433083692494216077e+00
3.835747020732214185e-01,8.204400370207109994e-01,3.128093622656399203e-02,5.902002327583464637e-03,-7.838710307380800657e-01,1.230143623861283064e+00,-2.617954204062704071e-01,2.433654181216983403e+00
3.835747020732214185e-01,8.204400370207109994e-01,3.128093622656399203e-02,5.902002327583464637e-03,-7.838710307380800657e-01,1.230143623861283064e+00,-2.617954204062704071e-01,2.435365647385285381e+00
3.835747020732214185e-01,8.204400370207109994e-01,3.128093622656399203e-02,5.902002327583464637e-03,-7.838710307380800657e-01,1.230143623861283064e+00,-2.617954204062704071e-01,2.436506624830820034e+00
3.835747020732214185e-01,8.204400370207109994e-01,3.128093622656399203e-02,5.902002327583464637e-03,-7.838710307380800657e-01,1.230143623861283064e+00,-2.617954204062704071e-01,2.438218090999122456e+00
3.835747020732214185e-01,8.204400370207109994e-01,3.128093622656399203e-02,5.902002327583464637e-03,-7.838710307380800657e-01,1.230143623861283064e+00,-2.617954204062704071e-01,2.438788579721889782e+00
3.835747020732214185e-01,8.204400370207109994e-01,3.128093622656399203e-02,5.902002327583464637e-03,-7.838710307380800657e-01,1.230143623861283064e+00,-2.617954204062704071e-01,2.440500045890191760e+00
3.835747020732214185e-01,8.204400370207109994e-01,3.128093622656399203e-02,5.919996237118779758e-03,-7.838710307380800657e-01,1.230143623861283064e+00,-2.617954204062704071e-01,2.442198834531321694e+00
3.835747020732214185e-01,8.204400370207109994e-01,3.128093622656399203e-02,5.919996237118779758e-03,-7.838710307380800657e-01,1.230143623861283064e+00,-2.617954204062704071e-01,2.443339811976856346e+00
3.835747020732214185e-01,8.204400370207109994e-01,3.128093622656399203e-02,5.902002327583464637e-03,-7.838710307380800657e-01,1.230143623861283064e+00,-2.617954204062704071e-01,2.445051278145158324e+00
3.835747020732214185e-01,8.204400370207109994e-01,3.128093622656399203e-02,5.902002327583464637e-03,-7.838710307380800657e-01,1.230143623861283064e+00,-2.617954204062704071e-01,2.445621766867925651e+00
3.835747020732214185e-01,8.204400370207109994e-01,3.128093622656399203e-02,5.902002327583464637e-03,-7.838710307380800657e-01,1.230143623861283064e+00,-2.617954204062704071e-01,2.447903721758995399e+00
3.835747020732214185e-01,8.204400370207109994e-01,3.128093622656399203e-02,5.902002327583464637e-03,-7.838710307380800657e-01,1.230143623861283064e+00,-2.617954204062704071e-01,2.448474210481762725e+00
3.835747020732214185e-01,8.204400370207109994e-01,3.128093622656399203e-02,5.919996237118779758e-03,-7.838710307380800657e-01,1.230143623861283064e+00,-2.617954204062704071e-01,2.450743487845659541e+00
3.835747020732214185e-01,8.204400370207109994e-01,3.128093622656399203e-02,5.902002327583464637e-03,-7.838710307380800657e-01,1.230143623861283064e+00,-2.617954204062704071e-01,2.451313976568426867e+00
3.835747020732214185e-01,8.204400370207109994e-01,3.128093622656399203e-02,5.902002327583464637e-03,-7.838710307380800657e-01,1.230143623861283064e+00,-2.617954204062704071e-01,2.453025442736729289e+00
3.835747020732214185e-01,8.204400370207109994e-01,3.128093622656399203e-02,5.902002327583464637e-03,-7.838710307380800657e-01,1.230143623861283064e+00,-2.617954204062704071e-01,2.453595931459496615e+00
3.835747020732214185e-01,8.204400370207109994e-01,3.128093622656399203e-02,5.902002327583464637e-03,-7.838710307380800657e-01,1.230143623861283064e+00,-2.617954204062704071e-01,2.455877886350566364e+00
3.835747020732214185e-01,8.204400370207109994e-01,3.128093622656399203e-02,5.902002327583464637e-03,-7.838710307380800657e-01,1.230143623861283064e+00,-2.617954204062704071e-01,2.456448375073333690e+00
3.835747020732214185e-01,8.204400370207109994e-01,3.128093622656399203e-02,5.902002327583464637e-03,-7.838710307380800657e-01,1.230143623861283064e+00,-2.617954204062704071e-01,2.458159841241635668e+00
3.835747020732214185e-01,8.204400370207109994e-01,3.128093622656399203e-02,5.902002327583464637e-03,-7.838710307380800657e-01,1.230143623861283064e+00,-2.617954204062704071e-01,2.458730329964402994e+00
3.835747020732214185e-01,8.204400370207109994e-01,3.128093622656399203e-02,5.902002327583464637e-03,-7.838710307380800657e-01,1.230143623861283064e+00,-2.617954204062704071e-01,2.461012284855472743e+00
3.835747020732214185e-01,8.204400370207109994e-01,3.128093622656399203e-02,5.902002327583464637e-03,-7.838710307380800657e-01,1.230143623861283064e+00,-2.617954204062704071e-01,2.461570096051067580e+00
3.835747020732214185e-01,8.204400370207109994e-01,3.128093622656399203e-02,5.902002327583464637e-03,-7.838710307380800657e-01,1.230143623861283064e+00,-2.617954204062704071e-01,2.462711073496602232e+00
3.835747020732214185e-01,8.204400370207109994e-01,3.128093622656399203e-02,5.919996237118779758e-03,-7.838710307380800657e-01,1.230143623861283064e+00,-2.617954204062704071e-01,2.464993028387671536e+00
3.835747020732214185e-01,8.204400370207109994e-01,3.128093622656399203e-02,5.902002327583464637e-03,-7.838710307380800657e-01,1.230143623861283064e+00,-2.617954204062704071e-01,2.465563517110439307e+00
3.835747020732214185e-01,8.204400370207109994e-01,3.128093622656399203e-02,5.902002327583464637e-03,-7.838710307380800657e-01,1.230143623861283064e+00,-2.617954204062704071e-01,2.467274983278741285e+00
3.835747020732214185e-01,8.204400370207109994e-01,3.128093622656399203e-02,5.902002327583464637e-03,-7.838710307380800657e-01,1.230143623861283064e+00,-2.617954204062704071e-01,2.467845472001508611e+00
3.835747020732214185e-01,8.204400370207109994e-01,3.128093622656399203e-02,5.902002327583464637e-03,-7.838710307380800657e-01,1.230143623861283064e+00,-2.617954204062704071e-01,2.470127426892578359e+00
3.835747020732214185e-01,8.204400370207109994e-01,3.128093622656399203e-02,5.902002327583464637e-03,-7.838710307380800657e-01,1.230143623861283064e+00,-2.617954204062704071e-01,2.470685238088173197e+00
3.835747020732214185e-01,8.204400370207109994e-01,3.128093622656399203e-02,5.902002327583464637e-03,-7.838710307380800657e-01,1.230143623861283064e+00,-2.617954204062704071e-01,2.472967192979242501e+00
3.835747020732214185e-01,8.204400370207109994e-01,3.128093622656399203e-02,5.902002327583464637e-03,-7.838710307380800657e-01,1.230143623861283064e+00,-2.617954204062704071e-01,2.473537681702009827e+00
3.835747020732214185e-01,8.204400370207109994e-01,3.128093622656399203e-02,5.919996237118779758e-03,-7.838710307380800657e-01,1.230143623861283064e+00,-2.617954204062704071e-01,2.475249147870312250e+00
3.835747020732214185e-01,8.204400370207109994e-01,3.128093622656399203e-02,5.902002327583464637e-03,-7.838710307380800657e-01,1.230143623861283064e+00,-2.617954204062704071e-01,2.475819636593079576e+00
3.835747020732214185e-01,8.204400370207109994e-01,3.128093622656399203e-02,5.902002327583464637e-03,-7.838710307380800657e-01,1.230143623861283064e+00,-2.617954204062704071e-01,2.478101591484148880e+00
3.835747020732214185e-01,8.204400370207109994e-01,3.128093622656399203e-02,5.902002327583464637e-03,-7.838710307380800657e-01,1.230143623861283064e+00,-2.617954204062704071e-01,2.479242568929683976e+00
3.835747020732214185e-01,8.204400370207109994e-01,3.128093622656399203e-02,5.902002327583464637e-03,-7.838710307380800657e-01,1.230143623861283064e+00,-2.617954204062704071e-01,2.479800380125278814e+00
3.835747020732214185e-01,8.204400370207109994e-01,3.128093622656399203e-02,5.902002327583464637e-03,-7.838710307380800657e-01,1.230143623861283064e+00,-2.617954204062704071e-01,2.481511846293580792e+00
3.835747020732214185e-01,8.204400370207109994e-01,3.128093622656399203e-02,5.902002327583464637e-03,-7.838710307380800657e-01,1.230143623861283064e+00,-2.617954204062704071e-01,2.482082335016348118e+00
3.835747020732214185e-01,8.204400370207109994e-01,3.128093622656399203e-02,5.902002327583464637e-03,-7.838710307380800657e-01,1.230143623861283064e+00,-2.617954204062704071e-01,2.483793801184650096e+00
3.835747020732214185e-01,8.204400370207109994e-01,3.128093622656399203e-02,5.902002327583464637e-03,-7.838710307380800657e-01,1.230143623861283064e+00,-2.617954204062704071e-01,2.484364289907417866e+00
3.835747020732214185e-01,8.204400370207109994e-01,3.128093622656399203e-02,5.902002327583464637e-03,-7.838710307380800657e-01,1.230143623861283064e+00,-2.617954204062704071e-01,2.486075756075719845e+00
3.835747020732214185e-01,8.204400370207109994e-01,3.128093622656399203e-02,5.902002327583464637e-03,-7.838710307380800657e-01,1.230143623861283064e+00,-2.617954204062704071e-01,2.486646244798487171e+00
3.835747020732214185e-01,8.204400370207109994e-01,3.128093622656399203e-02,5.902002327583464637e-03,-7.838710307380800657e-01,1.230143623861283064e+00,-2.617954204062704071e-01,2.488357710966789593e+00
3.835747020732214185e-01,8.204400370207109994e-01,3.128093622656399203e-02,5.902002327583464637e-03,-7.838710307380800657e-01,1.230143623861283064e+00,-2.617954204062704071e-01,2.488928199689556919e+00
3.835747020732214185e-01,8.204400370207109994e-01,3.128093622656399203e-02,5.902002327583464637e-03,-7.838710307380800657e-01,1.230143623861283064e+00,-2.617954204062704071e-01,2.491767965776221061e+00
3.835747020732214185e-01,8.204400370207109994e-01,3.128093622656399203e-02,5.902002327583464637e-03,-7.838710307380800657e-01,1.230143623861283064e+00,-2.617954204062704071e-01,2.492338454498988387e+00
3.835747020732214185e-01,8.204400370207109994e-01,3.128093622656399203e-02,5.902002327583464637e-03,-7.838710307380800657e-01,1.230143623861283064e+00,-2.617954204062704071e-01,2.494049920667290809e+00
3.835747020732214185e-01,8.204400370207109994e-01,3.128093622656399203e-02,5.902002327583464637e-03,-7.838710307380800657e-01,1.230143623861283064e+00,-2.617954204062704071e-01,2.494620409390058136e+00
3.835747020732214185e-01,8.204400370207109994e-01,3.128093622656399203e-02,5.902002327583464637e-03,-7.838710307380800657e-01,1.230143623861283064e+00,-2.617954204062704071e-01,2.496902364281127440e+00
3.835747020732214185e-01,8.204400370207109994e-01,3.128093622656399203e-02,5.902002327583464637e-03,-7.838710307380800657e-01,1.230143623861283064e+00,-2.617954204062704071e-01,2.497472853003895210e+00
3.835747020732214185e-01,8.204400370207109994e-01,3.128093622656399203e-02,5.902002327583464637e-03,-7.838710307380800657e-01,1.230143623861283064e+00,-2.617954204062704071e-01,2.499754807894964515e+00
3.835747020732214185e-01,8.204400370207109994e-01,3.128093622656399203e-02,5.902002327583464637e-03,-7.838710307380800657e-01,1.230143623861283064e+00,-2.617954204062704071e-01,2.500883107813326678e+00
3.835747020732214185e-01,8.204400370207109994e-01,3.128093622656399203e-02,5.902002327583464637e-03,-7.838710307380800657e-01,1.230143623861283064e+00,-2.617954204062704071e-01,2.503165062704396426e+00
3.835747020732214185e-01,8.204400370207109994e-01,3.128093622656399203e-02,5.902002327583464637e-03,-7.838710307380800657e-01,1.230143623861283064e+00,-2.617954204062704071e-01,2.503735551427163752e+00
3.835747020732214185e-01,8.204400370207109994e-01,3.128093622656399203e-02,5.902002327583464637e-03,-7.838710307380800657e-01,1.230143623861283064e+00,-2.617954204062704071e-01,2.505447017595465731e+00
3.835747020732214185e-01,8.204400370207109994e-01,3.128093622656399203e-02,5.902002327583464637e-03,-7.838710307380800657e-01,1.230143623861283064e+00,-2.617954204062704071e-01,2.506017506318233057e+00
3.835747020732214185e-01,8.204400370207109994e-01,3.128093622656399203e-02,5.902002327583464637e-03,-7.838710307380800657e-01,1.230143623861283064e+00,-2.617954204062704071e-01,2.508299461209302805e+00
3.835747020732214185e-01,8.204400370207109994e-01,3.128093622656399203e-02,5.902002327583464637e-03,-7.838710307380800657e-01,1.230143623861283064e+00,-2.617954204062704071e-01,2.508869949932070131e+00
3.835747020732214185e-01,8.204400370207109994e-01,3.128093622656399203e-02,5.902002327583464637e-03,-7.838710307380800657e-01,1.230143623861283064e+00,-2.617954204062704071e-01,2.510581416100372110e+00
3.835747020732214185e-01,8.204400370207109994e-01,3.128093622656399203e-02,5.902002327583464637e-03,-7.838710307380800657e-01,1.230143623861283064e+00,-2.617954204062704071e-01,2.511151904823139880e+00
3.835747020732214185e-01,8.204400370207109994e-01,3.128093622656399203e-02,5.902002327583464637e-03,-7.838710307380800657e-01,1.230143623861283064e+00,-2.617954204062704071e-01,2.512863370991441858e+00
3.835747020732214185e-01,8.204400370207109994e-01,3.128093622656399203e-02,5.902002327583464637e-03,-7.838710307380800657e-01,1.230143623861283064e+00,-2.617954204062704071e-01,2.513421182187036695e+00
3.835747020732214185e-01,8.204400370207109994e-01,3.128093622656399203e-02,5.902002327583464637e-03,-7.838710307380800657e-01,1.230143623861283064e+00,-2.617954204062704071e-01,2.515703137078106000e+00
3.835747020732214185e-01,8.204400370207109994e-01,3.128093622656399203e-02,5.902002327583464637e-03,-7.838710307380800657e-01,1.230143623861283064e+00,-2.617954204062704071e-01,2.516273625800873770e+00
3.835747020732214185e-01,8.204400370207109994e-01,3.128093622656399203e-02,5.902002327583464637e-03,-7.838710307380800657e-01,1.230143623861283064e+00,-2.617954204062704071e-01,2.517985091969175748e+00
3.835747020732214185e-01,8.204400370207109994e-01,3.128093622656399203e-02,5.902002327583464637e-03,-7.838710307380800657e-01,1.230143623861283064e+00,-2.617954204062704071e-01,2.518555580691943074e+00
3.835747020732214185e-01,8.204400370207109994e-01,3.128093622656399203e-02,5.902002327583464637e-03,-7.838710307380800657e-01,1.230143623861283064e+00,-2.617954204062704071e-01,2.520824858055839890e+00
3.835747020732214185e-01,8.204400370207109994e-01,3.128093622656399203e-02,5.902002327583464637e-03,-7.838710307380800657e-01,1.230143623861283064e+00,-2.617954204062704071e-01,2.521965835501374986e+00
3.835747020732214185e-01,8.204400370207109994e-01,3.128093622656399203e-02,5.902002327583464637e-03,-7.838710307380800657e-01,1.230143623861283064e+00,-2.617954204062704071e-01,2.523677301669676964e+00
3.835747020732214185e-01,8.204400370207109994e-01,3.128093622656399203e-02,5.902002327583464637e-03,-7.838710307380800657e-01,1.230143623861283064e+00,-2.617954204062704071e-01,2.524818279115211617e+00
3.835747020732214185e-01,8.204400370207109994e-01,3.128093622656399203e-02,5.902002327583464637e-03,-7.838710307380800657e-01,1.230143623861283064e+00,-2.617954204062704071e-01,2.526529745283514039e+00
3.835747020732214185e-01,8.204400370207109994e-01,3.128093622656399203e-02,5.902002327583464637e-03,-7.838710307380800657e-01,1.230143623861283064e+00,-2.617954204062704071e-01,2.527658045201876202e+00
3.835747020732214185e-01,8.204400370207109994e-01,3.128093622656399203e-02,5.902002327583464637e-03,-7.838710307380800657e-01,1.230143623861283064e+00,-2.617954204062704071e-01,2.529369511370178181e+00
3.835747020732214185e-01,8.204400370207109994e-01,3.128093622656399203e-02,5.902002327583464637e-03,-7.838710307380800657e-01,1.230143623861283064e+00,-2.617954204062704071e-01,2.531080977538480603e+00
3.835747020732214185e-01,8.204400370207109994e-01,3.128093622656399203e-02,5.902002327583464637e-03,-7.838710307380800657e-01,1.230143623861283064e+00,-2.617954204062704071e-01,2.531651466261247929e+00
3.835747020732214185e-01,8.204400370207109994e-01,3.128093622656399203e-02,5.902002327583464637e-03,-7.838710307380800657e-01,1.230143623861283064e+00,-2.617954204062704071e-01,2.533933421152317234e+00
3.835747020732214185e-01,8.204400370207109994e-01,3.128093622656399203e-02,5.902002327583464637e-03,-7.838710307380800657e-01,1.230143623861283064e+00,-2.617954204062704071e-01,2.535074398597852330e+00
3.835747020732214185e-01,8.204400370207109994e-01,3.128093622656399203e-02,5.902002327583464637e-03,-7.838710307380800657e-01,1.230143623861283064e+00,-2.617954204062704071e-01,2.536773187238981819e+00
3.835747020732214185e-01,8.204400370207109994e-01,3.128093622656399203e-02,5.919996237118779758e-03,-7.838710307380800657e-01,1.230143623861283064e+00,-2.617954204062704071e-01,2.539055142130051124e+00
3.835747020732214185e-01,8.204400370207109994e-01,3.128093622656399203e-02,5.902002327583464637e-03,-7.838710307380800657e-01,1.230143623861283064e+00,-2.617954204062704071e-01,2.539625630852818450e+00
3.835747020732214185e-01,8.204400370207109994e-01,3.128093622656399203e-02,5.902002327583464637e-03,-7.838710307380800657e-01,1.230143623861283064e+00,-2.617954204062704071e-01,2.541337097021120872e+00
3.835747020732214185e-01,8.204400370207109994e-01,3.128093622656399203e-02,5.902002327583464637e-03,-7.838710307380800657e-01,1.230143623861283064e+00,-2.617954204062704071e-01,2.541907585743888198e+00
3.835747020732214185e-01,8.204400370207109994e-01,3.128093622656399203e-02,5.902002327583464637e-03,-7.838710307380800657e-01,1.230143623861283064e+00,-2.617954204062704071e-01,2.543619051912190177e+00
3.835747020732214185e-01,8.204400370207109994e-01,3.128093622656399203e-02,5.902002327583464637e-03,-7.838710307380800657e-01,1.230143623861283064e+00,-2.617954204062704071e-01,2.544189540634957503e+00
3.835747020732214185e-01,8.204400370207109994e-01,3.128093622656399203e-02,5.902002327583464637e-03,-7.838710307380800657e-01,1.230143623861283064e+00,-2.617954204062704071e-01,2.547599795444389414e+00
3.835747020732214185e-01,8.204400370207109994e-01,3.128093622656399203e-02,5.902002327583464637e-03,-7.838710307380800657e-01,1.230143623861283064e+00,-2.617954204062704071e-01,2.548170284167156741e+00
3.835747020732214185e-01,8.204400370207109994e-01,3.128093622656399203e-02,5.902002327583464637e-03,-7.838710307380800657e-01,1.230143623861283064e+00,-2.617954204062704071e-01,2.550452239058226489e+00
3.835747020732214185e-01,8.204400370207109994e-01,3.128093622656399203e-02,5.902002327583464637e-03,-7.838710307380800657e-01,1.230143623861283064e+00,-2.617954204062704071e-01,2.551022727780993815e+00
3.835747020732214185e-01,8.204400370207109994e-01,3.128093622656399203e-02,5.902002327583464637e-03,-7.838710307380800657e-01,1.230143623861283064e+00,-2.617954204062704071e-01,2.552734193949295793e+00
3.835747020732214185e-01,8.204400370207109994e-01,3.128093622656399203e-02,5.902002327583464637e-03,-7.838710307380800657e-01,1.230143623861283064e+00,-2.617954204062704071e-01,2.553304682672063119e+00
3.835747020732214185e-01,8.204400370207109994e-01,3.128093622656399203e-02,5.902002327583464637e-03,-7.838710307380800657e-01,1.230143623861283064e+00,-2.617954204062704071e-01,2.555573960035960379e+00
3.835747020732214185e-01,8.204400370207109994e-01,3.128093622656399203e-02,5.902002327583464637e-03,-7.838710307380800657e-01,1.230143623861283064e+00,-2.617954204062704071e-01,2.556144448758727705e+00
3.835747020732214185e-01,8.204400370207109994e-01,3.128093622656399203e-02,5.902002327583464637e-03,-7.838710307380800657e-01,1.230143623861283064e+00,-2.617954204062704071e-01,2.557285426204262357e+00
3.835747020732214185e-01,8.204400370207109994e-01,3.128093622656399203e-02,5.902002327583464637e-03,-7.838710307380800657e-01,1.230143623861283064e+00,-2.617954204062704071e-01,2.559567381095332106e+00
3.835747020732214185e-01,8.204400370207109994e-01,3.128093622656399203e-02,5.902002327583464637e-03,-7.838710307380800657e-01,1.230143623861283064e+00,-2.617954204062704071e-01,2.560137869818099432e+00
3.835747020732214185e-01,8.204400370207109994e-01,3.128093622656399203e-02,5.902002327583464637e-03,-7.838710307380800657e-01,1.230143623861283064e+00,-2.617954204062704071e-01,2.561849335986401410e+00
3.835747020732214185e-01,8.204400370207109994e-01,3.128093622656399203e-02,5.902002327583464637e-03,-7.838710307380800657e-01,1.230143623861283064e+00,-2.617954204062704071e-01,2.562419824709168736e+00
3.835747020732214185e-01,8.204400370207109994e-01,3.128093622656399203e-02,5.902002327583464637e-03,-7.838710307380800657e-01,1.230143623861283064e+00,-2.617954204062704071e-01,2.564701779600238485e+00
3.835747020732214185e-01,8.204400370207109994e-01,3.128093622656399203e-02,5.902002327583464637e-03,-7.838710307380800657e-01,1.230143623861283064e+00,-2.617954204062704071e-01,2.565830079518600648e+00
3.835747020732214185e-01,8.204400370207109994e-01,3.128093622656399203e-02,5.902002327583464637e-03,-7.838710307380800657e-01,1.230143623861283064e+00,-2.617954204062704071e-01,2.568112034409669953e+00
3.835747020732214185e-01,8.204400370207109994e-01,3.128093622656399203e-02,5.902002327583464637e-03,-7.838710307380800657e-01,1.230143623861283064e+00,-2.617954204062704071e-01,2.568682523132437723e+00
3.835747020732214185e-01,8.204400370207109994e-01,3.128093622656399203e-02,5.902002327583464637e-03,-7.838710307380800657e-01,1.230143623861283064e+00,-2.617954204062704071e-01,2.570393989300739701e+00
3.835747020732214185e-01,8.204400370207109994e-01,3.128093622656399203e-02,5.902002327583464637e-03,-7.838710307380800657e-01,1.230143623861283064e+00,-2.617954204062704071e-01,2.570964478023507027e+00
3.835747020732214185e-01,8.204400370207109994e-01,3.128093622656399203e-02,5.902002327583464637e-03,-7.838710307380800657e-01,1.230143623861283064e+00,-2.617954204062704071e-01,2.573246432914576776e+00
3.835747020732214185e-01,8.204400370207109994e-01,3.128093622656399203e-02,5.902002327583464637e-03,-7.838710307380800657e-01,1.230143623861283064e+00,-2.617954204062704071e-01,2.573816921637344102e+00
3.835747020732214185e-01,8.204400370207109994e-01,3.128093622656399203e-02,5.902002327583464637e-03,-7.838710307380800657e-01,1.230143623861283064e+00,-2.617954204062704071e-01,2.576086199001240917e+00
3.835747020732214185e-01,8.204400370207109994e-01,3.128093622656399203e-02,5.902002327583464637e-03,-7.838710307380800657e-01,1.230143623861283064e+00,-2.617954204062704071e-01,2.577227176446775569e+00
3.835747020732214185e-01,8.204400370207109994e-01,3.128093622656399203e-02,5.902002327583464637e-03,-7.838710307380800657e-01,1.230143623861283064e+00,-2.617954204062704071e-01,2.579509131337845318e+00
3.835747020732214185e-01,8.204400370207109994e-01,3.128093622656399203e-02,5.902002327583464637e-03,-7.838710307380800657e-01,1.230143623861283064e+00,-2.617954204062704071e-01,2.580079620060612644e+00
3.835747020732214185e-01,8.204400370207109994e-01,3.128093622656399203e-02,5.902002327583464637e-03,-7.838710307380800657e-01,1.230143623861283064e+00,-2.617954204062704071e-01,2.581791086228914622e+00
3.835747020732214185e-01,8.204400370207109994e-01,3.128093622656399203e-02,5.902002327583464637e-03,-7.838710307380800657e-01,1.230143623861283064e+00,-2.617954204062704071e-01,2.582932063674449719e+00
3.835747020732214185e-01,8.204400370207109994e-01,3.128093622656399203e-02,5.902002327583464637e-03,-7.838710307380800657e-01,1.230143623861283064e+00,-2.617954204062704071e-01,2.584643529842751697e+00
3.835747020732214185e-01,8.204400370207109994e-01,3.128093622656399203e-02,5.902002327583464637e-03,-7.838710307380800657e-01,1.230143623861283064e+00,-2.617954204062704071e-01,2.585214018565519023e+00
3.835747020732214185e-01,8.204400370207109994e-01,3.128093622656399203e-02,5.902002327583464637e-03,-7.838710307380800657e-01,1.230143623861283064e+00,-2.617954204062704071e-01,2.588053784652183609e+00
3.835747020732214185e-01,8.204400370207109994e-01,3.128093622656399203e-02,5.902002327583464637e-03,-7.838710307380800657e-01,1.230143623861283064e+00,-2.617954204062704071e-01,2.588624273374950935e+00
3.835747020732214185e-01,8.204400370207109994e-01,3.128093622656399203e-02,5.902002327583464637e-03,-7.838710307380800657e-01,1.230143623861283064e+00,-2.617954204062704071e-01,2.590906228266020239e+00
3.835747020732214185e-01,8.204400370207109994e-01,3.128093622656399203e-02,5.902002327583464637e-03,-7.838710307380800657e-01,1.230143623861283064e+00,-2.617954204062704071e-01,2.591476716988788009e+00
3.835747020732214185e-01,8.204400370207109994e-01,3.128093622656399203e-02,5.902002327583464637e-03,-7.838710307380800657e-01,1.230143623861283064e+00,-2.617954204062704071e-01,2.593758671879857314e+00
3.835747020732214185e-01,8.204400370207109994e-01,3.128093622656399203e-02,5.902002327583464637e-03,-7.838710307380800657e-01,1.230143623861283064e+00,-2.617954204062704071e-01,2.594316483075452151e+00
3.835747020732214185e-01,8.204400370207109994e-01,3.128093622656399203e-02,5.902002327583464637e-03,-7.838710307380800657e-01,1.230143623861283064e+00,-2.617954204062704071e-01,2.596598437966521455e+00
3.835747020732214185e-01,8.204400370207109994e-01,3.128093622656399203e-02,5.902002327583464637e-03,-7.838710307380800657e-01,1.230143623861283064e+00,-2.617954204062704071e-01,2.597168926689289226e+00
3.835747020732214185e-01,8.204400370207109994e-01,3.128093622656399203e-02,5.902002327583464637e-03,-7.838710307380800657e-01,1.230143623861283064e+00,-2.617954204062704071e-01,2.599450881580358530e+00
3.835747020732214185e-01,8.204400370207109994e-01,3.128093622656399203e-02,5.902002327583464637e-03,-7.838710307380800657e-01,1.230143623861283064e+00,-2.617954204062704071e-01,2.600021370303125856e+00
3.835747020732214185e-01,8.204400370207109994e-01,3.128093622656399203e-02,5.902002327583464637e-03,-7.838710307380800657e-01,1.230143623861283064e+00,-2.617954204062704071e-01,2.601732836471428278e+00
3.835747020732214185e-01,8.204400370207109994e-01,3.128093622656399203e-02,5.902002327583464637e-03,-7.838710307380800657e-01,1.230143623861283064e+00,-2.617954204062704071e-01,2.602303325194195605e+00
3.835747020732214185e-01,8.204400370207109994e-01,3.128093622656399203e-02,5.902002327583464637e-03,-7.838710307380800657e-01,1.230143623861283064e+00,-2.617954204062704071e-01,2.603431625112557768e+00
3.835747020732214185e-01,8.204400370207109994e-01,3.128093622656399203e-02,5.902002327583464637e-03,-7.838710307380800657e-01,1.230143623861283064e+00,-2.617954204062704071e-01,2.605713580003627072e+00
3.835747020732214185e-01,8.204400370207109994e-01,3.128093622656399203e-02,5.902002327583464637e-03,-7.838710307380800657e-01,1.230143623861283064e+00,-2.617954204062704071e-01,2.606284068726394842e+00
3.835747020732214185e-01,8.204400370207109994e-01,3.128093622656399203e-02,5.902002327583464637e-03,-7.838710307380800657e-01,1.230143623861283064e+00,-2.617954204062704071e-01,2.608566023617464147e+00
3.835747020732214185e-01,8.204400370207109994e-01,3.128093622656399203e-02,5.902002327583464637e-03,-7.838710307380800657e-01,1.230143623861283064e+00,-2.617954204062704071e-01,2.609136512340231473e+00
3.835747020732214185e-01,8.204400370207109994e-01,3.128093622656399203e-02,5.902002327583464637e-03,-7.838710307380800657e-01,1.230143623861283064e+00,-2.617954204062704071e-01,2.610847978508533895e+00
3.835747020732214185e-01,8.204400370207109994e-01,3.128093622656399203e-02,5.902002327583464637e-03,-7.838710307380800657e-01,1.230143623861283064e+00,-2.617954204062704071e-01,2.611988955954068548e+00
3.835747020732214185e-01,8.204400370207109994e-01,3.128093622656399203e-02,5.902002327583464637e-03,-7.838710307380800657e-01,1.230143623861283064e+00,-2.617954204062704071e-01,2.613700422122370526e+00
3.835747020732214185e-01,8.204400370207109994e-01,3.128093622656399203e-02,5.902002327583464637e-03,-7.838710307380800657e-01,1.230143623861283064e+00,-2.617954204062704071e-01,2.614258233317965363e+00
3.835747020732214185e-01,8.204400370207109994e-01,3.128093622656399203e-02,5.902002327583464637e-03,-7.838710307380800657e-01,1.230143623861283064e+00,-2.617954204062704071e-01,2.615969699486267785e+00
3.835747020732214185e-01,8.204400370207109994e-01,3.128093622656399203e-02,5.902002327583464637e-03,-7.838710307380800657e-01,1.230143623861283064e+00,-2.617954204062704071e-01,2.616540188209035112e+00
3.835747020732214185e-01,8.204400370207109994e-01,3.128093622656399203e-02,5.902002327583464637e-03,-7.838710307380800657e-01,1.230143623861283064e+00,-2.617954204062704071e-01,2.618822143100104416e+00
3.835747020732214185e-01,8.204400370207109994e-01,3.128093622656399203e-02,5.902002327583464637e-03,-7.838710307380800657e-01,1.230143623861283064e+00,-2.617954204062704071e-01,2.619392631822871742e+00
3.835747020732214185e-01,8.204400370207109994e-01,3.128093622656399203e-02,5.902002327583464637e-03,-7.838710307380800657e-01,1.230143623861283064e+00,-2.617954204062704071e-01,2.621674586713941491e+00
3.835747020732214185e-01,8.204400370207109994e-01,3.128093622656399203e-02,5.902002327583464637e-03,-7.838710307380800657e-01,1.230143623861283064e+00,-2.617954204062704071e-01,2.622245075436708817e+00
3.835747020732214185e-01,8.204400370207109994e-01,3.128093622656399203e-02,5.902002327583464637e-03,-7.838710307380800657e-01,1.230143623861283064e+00,-2.617954204062704071e-01,2.624514352800605632e+00
3.835747020732214185e-01,8.204400370207109994e-01,3.128093622656399203e-02,5.902002327583464637e-03,-7.838710307380800657e-01,1.230143623861283064e+00,-2.617954204062704071e-01,2.625084841523373402e+00
3.835747020732214185e-01,8.204400370207109994e-01,3.128093622656399203e-02,5.902002327583464637e-03,-7.838710307380800657e-01,1.230143623861283064e+00,-2.617954204062704071e-01,2.627366796414442707e+00
3.835747020732214185e-01,8.204400370207109994e-01,3.128093622656399203e-02,5.902002327583464637e-03,-7.838710307380800657e-01,1.230143623861283064e+00,-2.617954204062704071e-01,2.627937285137210033e+00
3.835747020732214185e-01,8.204400370207109994e-01,3.128093622656399203e-02,5.902002327583464637e-03,-7.838710307380800657e-01,1.230143623861283064e+00,-2.617954204062704071e-01,2.630219240028279781e+00
3.835747020732214185e-01,8.204400370207109994e-01,3.128093622656399203e-02,5.902002327583464637e-03,-7.838710307380800657e-01,1.230143623861283064e+00,-2.617954204062704071e-01,2.630789728751047107e+00
3.835747020732214185e-01,8.204400370207109994e-01,3.128093622656399203e-02,5.902002327583464637e-03,-7.838710307380800657e-01,1.230143623861283064e+00,-2.617954204062704071e-01,2.633642172364884182e+00
3.835747020732214185e-01,8.204400370207109994e-01,3.128093622656399203e-02,5.902002327583464637e-03,-7.838710307380800657e-01,1.230143623861283064e+00,-2.617954204062704071e-01,2.634212661087651508e+00
3.835747020732214185e-01,8.204400370207109994e-01,3.128093622656399203e-02,5.902002327583464637e-03,-7.838710307380800657e-01,1.230143623861283064e+00,-2.617954204062704071e-01,2.635911449728780998e+00
3.835747020732214185e-01,8.204400370207109994e-01,3.128093622656399203e-02,5.902002327583464637e-03,-7.838710307380800657e-01,1.230143623861283064e+00,-2.617954204062704071e-01,2.637052427174315650e+00
3.835747020732214185e-01,8.204400370207109994e-01,3.128093622656399203e-02,5.902002327583464637e-03,-7.838710307380800657e-01,1.230143623861283064e+00,-2.617954204062704071e-01,2.639334382065385398e+00
3.835747020732214185e-01,8.204400370207109994e-01,3.128093622656399203e-02,5.902002327583464637e-03,-7.838710307380800657e-01,1.230143623861283064e+00,-2.617954204062704071e-01,2.639892193260980235e+00
3.835747020732214185e-01,8.204400370207109994e-01,3.128093622656399203e-02,5.902002327583464637e-03,-7.838710307380800657e-01,1.230143623861283064e+00,-2.617954204062704071e-01,2.642174148152049540e+00
3.835747020732214185e-01,8.204400370207109994e-01,3.128093622656399203e-02,5.902002327583464637e-03,-7.838710307380800657e-01,1.230143623861283064e+00,-2.617954204062704071e-01,2.642757314401989799e+00
3.835747020732214185e-01,8.204400370207109994e-01,3.128093622656399203e-02,5.902002327583464637e-03,-7.838710307380800657e-01,1.230143623861283064e+00,-2.617954204062704071e-01,2.645026591765886614e+00
3.835747020732214185e-01,8.204400370207109994e-01,3.128093622656399203e-02,5.902002327583464637e-03,-7.838710307380800657e-01,1.230143623861283064e+00,-2.617954204062704071e-01,2.645597080488653940e+00
3.835747020732214185e-01,8.204400370207109994e-01,3.128093622656399203e-02,5.902002327583464637e-03,-7.838710307380800657e-01,1.230143623861283064e+00,-2.617954204062704071e-01,2.647308546656955919e+00
3.835747020732214185e-01,8.204400370207109994e-01,3.128093622656399203e-02,5.902002327583464637e-03,-7.838710307380800657e-01,1.230143623861283064e+00,-2.617954204062704071e-01,2.647879035379723689e+00
3.835747020732214185e-01,8.204400370207109994e-01,3.128093622656399203e-02,5.902002327583464637e-03,-7.838710307380800657e-01,1.230143623861283064e+00,-2.617954204062704071e-01,2.650148312743620505e+00
3.835747020732214185e-01,8.204400370207109994e-01,3.128093622656399203e-02,5.902002327583464637e-03,-7.838710307380800657e-01,1.230143623861283064e+00,-2.617954204062704071e-01,2.650718801466387831e+00
3.835747020732214185e-01,8.204400370207109994e-01,3.128093622656399203e-02,5.902002327583464637e-03,-7.838710307380800657e-01,1.230143623861283064e+00,-2.617954204062704071e-01,2.652430267634689809e+00
3.835747020732214185e-01,8.204400370207109994e-01,3.128093622656399203e-02,5.902002327583464637e-03,-7.838710307380800657e-01,1.230143623861283064e+00,-2.617954204062704071e-01,2.653000756357457135e+00
3.835747020732214185e-01,8.204400370207109994e-01,3.128093622656399203e-02,5.902002327583464637e-03,-7.838710307380800657e-01,1.230143623861283064e+00,-2.617954204062704071e-01,2.655282711248526883e+00
3.835747020732214185e-01,8.204400370207109994e-01,3.128093622656399203e-02,5.902002327583464637e-03,-7.838710307380800657e-01,1.230143623861283064e+00,-2.617954204062704071e-01,2.655853199971294210e+00
3.835747020732214185e-01,8.204400370207109994e-01,3.128093622656399203e-02,5.902002327583464637e-03,-7.838710307380800657e-01,1.230143623861283064e+00,-2.617954204062704071e-01,2.657564666139596632e+00
3.835747020732214185e-01,8.204400370207109994e-01,3.128093622656399203e-02,5.902002327583464637e-03,-7.838710307380800657e-01,1.230143623861283064e+00,-2.617954204062704071e-01,2.658135154862363958e+00
3.835747020732214185e-01,8.204400370207109994e-01,3.128093622656399203e-02,5.902002327583464637e-03,-7.838710307380800657e-01,1.230143623861283064e+00,-2.617954204062704071e-01,2.660417109753433262e+00
3.835747020732214185e-01,8.204400370207109994e-01,3.128093622656399203e-02,5.902002327583464637e-03,-7.838710307380800657e-01,1.230143623861283064e+00,-2.617954204062704071e-01,2.660987598476200588e+00
3.835747020732214185e-01,8.204400370207109994e-01,3.128093622656399203e-02,5.902002327583464637e-03,-7.838710307380800657e-01,1.230143623861283064e+00,-2.617954204062704071e-01,2.662699064644503011e+00
3.835747020732214185e-01,8.204400370207109994e-01,3.128093622656399203e-02,5.902002327583464637e-03,-7.838710307380800657e-01,1.230143623861283064e+00,-2.617954204062704071e-01,2.663840042090037663e+00
3.835747020732214185e-01,8.204400370207109994e-01,3.128093622656399203e-02,5.902002327583464637e-03,-7.838710307380800657e-01,1.230143623861283064e+00,-2.617954204062704071e-01,2.665551508258340085e+00
3.835747020732214185e-01,8.204400370207109994e-01,3.128093622656399203e-02,5.902002327583464637e-03,-7.838710307380800657e-01,1.230143623861283064e+00,-2.617954204062704071e-01,2.666109319453934479e+00
3.835747020732214185e-01,8.204400370207109994e-01,3.128093622656399203e-02,5.902002327583464637e-03,-7.838710307380800657e-01,1.230143623861283064e+00,-2.617954204062704071e-01,2.668391274345004227e+00
3.835747020732214185e-01,8.204400370207109994e-01,3.128093622656399203e-02,5.902002327583464637e-03,-7.838710307380800657e-01,1.230143623861283064e+00,-2.617954204062704071e-01,2.668961763067771553e+00
3.835747020732214185e-01,8.204400370207109994e-01,3.128093622656399203e-02,5.902002327583464637e-03,-7.838710307380800657e-01,1.230143623861283064e+00,-2.617954204062704071e-01,2.670673229236073531e+00
3.835747020732214185e-01,8.204400370207109994e-01,3.128093622656399203e-02,5.902002327583464637e-03,-7.838710307380800657e-01,1.230143623861283064e+00,-2.617954204062704071e-01,2.671231040431668369e+00
3.835747020732214185e-01,8.204400370207109994e-01,3.128093622656399203e-02,5.902002327583464637e-03,-7.838710307380800657e-01,1.230143623861283064e+00,-2.617954204062704071e-01,2.673525672849910606e+00
3.835747020732214185e-01,8.204400370207109994e-01,3.128093622656399203e-02,5.902002327583464637e-03,-7.838710307380800657e-01,1.230143623861283064e+00,-2.617954204062704071e-01,2.674096161572677932e+00
3.835747020732214185e-01,8.204400370207109994e-01,3.128093622656399203e-02,5.902002327583464637e-03,-7.838710307380800657e-01,1.230143623861283064e+00,-2.617954204062704071e-01,2.676935927659342518e+00
3.835747020732214185e-01,8.204400370207109994e-01,3.128093622656399203e-02,5.902002327583464637e-03,-7.838710307380800657e-01,1.230143623861283064e+00,-2.617954204062704071e-01,2.678076905104877170e+00
3.835747020732214185e-01,8.204400370207109994e-01,3.128093622656399203e-02,5.902002327583464637e-03,-7.838710307380800657e-01,1.230143623861283064e+00,-2.617954204062704071e-01,2.679788371273179148e+00
3.835747020732214185e-01,8.204400370207109994e-01,3.128093622656399203e-02,5.902002327583464637e-03,-7.838710307380800657e-01,1.230143623861283064e+00,-2.617954204062704071e-01,2.680916671191541312e+00
3.835747020732214185e-01,8.204400370207109994e-01,3.128093622656399203e-02,5.902002327583464637e-03,-7.838710307380800657e-01,1.230143623861283064e+00,-2.617954204062704071e-01,2.683198626082611060e+00
3.835747020732214185e-01,8.204400370207109994e-01,3.128093622656399203e-02,5.902002327583464637e-03,-7.838710307380800657e-01,1.230143623861283064e+00,-2.617954204062704071e-01,2.683769114805378386e+00
3.835747020732214185e-01,8.204400370207109994e-01,3.128093622656399203e-02,5.902002327583464637e-03,-7.838710307380800657e-01,1.230143623861283064e+00,-2.617954204062704071e-01,2.686051069696448135e+00
3.835747020732214185e-01,8.204400370207109994e-01,3.128093622656399203e-02,5.919996237118779758e-03,-7.838710307380800657e-01,1.230143623861283064e+00,-2.617954204062704071e-01,2.686621558419215461e+00
3.835747020732214185e-01,8.204400370207109994e-01,3.128093622656399203e-02,5.902002327583464637e-03,-7.838710307380800657e-01,1.230143623861283064e+00,-2.617954204062704071e-01,2.688903513310284765e+00
3.835747020732214185e-01,8.204400370207109994e-01,3.128093622656399203e-02,5.902002327583464637e-03,-7.838710307380800657e-01,1.230143623861283064e+00,-2.617954204062704071e-01,2.689474002033052091e+00
3.835747020732214185e-01,8.204400370207109994e-01,3.128093622656399203e-02,5.902002327583464637e-03,-7.838710307380800657e-01,1.230143623861283064e+00,-2.617954204062704071e-01,2.691743279396949351e+00
3.835747020732214185e-01,8.204400370207109994e-01,3.128093622656399203e-02,5.902002327583464637e-03,-7.838710307380800657e-01,1.230143623861283064e+00,-2.617954204062704071e-01,2.692313768119716677e+00
3.835747020732214185e-01,8.204400370207109994e-01,3.128093622656399203e-02,5.902002327583464637e-03,-7.838710307380800657e-01,1.230143623861283064e+00,-2.617954204062704071e-01,2.695166211733553752e+00
3.835747020732214185e-01,8.204400370207109994e-01,3.128093622656399203e-02,5.902002327583464637e-03,-7.838710307380800657e-01,1.230143623861283064e+00,-2.617954204062704071e-01,2.695736700456321078e+00
3.835747020732214185e-01,8.204400370207109994e-01,3.128093622656399203e-02,5.902002327583464637e-03,-7.838710307380800657e-01,1.230143623861283064e+00,-2.617954204062704071e-01,2.697448166624623056e+00
3.835747020732214185e-01,8.204400370207109994e-01,3.128093622656399203e-02,5.902002327583464637e-03,-7.838710307380800657e-01,1.230143623861283064e+00,-2.617954204062704071e-01,2.698018655347390382e+00
3.835747020732214185e-01,8.204400370207109994e-01,3.128093622656399203e-02,5.902002327583464637e-03,-7.838710307380800657e-01,1.230143623861283064e+00,-2.617954204062704071e-01,2.700287932711287642e+00
3.835747020732214185e-01,8.204400370207109994e-01,3.128093622656399203e-02,5.902002327583464637e-03,-7.838710307380800657e-01,1.230143623861283064e+00,-2.617954204062704071e-01,2.700858421434054968e+00
3.835747020732214185e-01,8.204400370207109994e-01,3.128093622656399203e-02,5.902002327583464637e-03,-7.838710307380800657e-01,1.230143623861283064e+00,-2.617954204062704071e-01,2.702569887602356946e+00
3.835747020732214185e-01,8.204400370207109994e-01,3.128093622656399203e-02,5.902002327583464637e-03,-7.838710307380800657e-01,1.230143623861283064e+00,-2.617954204062704071e-01,2.703710865047891598e+00
3.835747020732214185e-01,8.204400370207109994e-01,3.128093622656399203e-02,5.902002327583464637e-03,-7.838710307380800657e-01,1.230143623861283064e+00,-2.617954204062704071e-01,2.705422331216194021e+00
3.835747020732214185e-01,8.204400370207109994e-01,3.128093622656399203e-02,5.902002327583464637e-03,-7.838710307380800657e-01,1.230143623861283064e+00,-2.617954204062704071e-01,2.706563308661728673e+00
3.835747020732214185e-01,8.204400370207109994e-01,3.128093622656399203e-02,5.902002327583464637e-03,-7.838710307380800657e-01,1.230143623861283064e+00,-2.617954204062704071e-01,2.708845263552798421e+00
3.835747020732214185e-01,8.204400370207109994e-01,3.128093622656399203e-02,5.902002327583464637e-03,-7.838710307380800657e-01,1.230143623861283064e+00,-2.617954204062704071e-01,2.709403074748392815e+00
3.835747020732214185e-01,8.204400370207109994e-01,3.128093622656399203e-02,5.902002327583464637e-03,-7.838710307380800657e-01,1.230143623861283064e+00,-2.617954204062704071e-01,2.711685029639462563e+00
3.835747020732214185e-01,8.204400370207109994e-01,3.128093622656399203e-02,5.902002327583464637e-03,-7.838710307380800657e-01,1.230143623861283064e+00,-2.617954204062704071e-01,2.712255518362229889e+00
3.835747020732214185e-01,8.204400370207109994e-01,3.128093622656399203e-02,5.902002327583464637e-03,-7.838710307380800657e-01,1.230143623861283064e+00,-2.617954204062704071e-01,2.714537473253299638e+00
3.835747020732214185e-01,8.204400370207109994e-01,3.128093622656399203e-02,5.902002327583464637e-03,-7.838710307380800657e-01,1.230143623861283064e+00,-2.617954204062704071e-01,2.715107961976066964e+00
3.835747020732214185e-01,8.204400370207109994e-01,3.128093622656399203e-02,5.902002327583464637e-03,-7.838710307380800657e-01,1.230143623861283064e+00,-2.617954204062704071e-01,2.717389916867136268e+00
3.835747020732214185e-01,8.204400370207109994e-01,3.128093622656399203e-02,5.902002327583464637e-03,-7.838710307380800657e-01,1.230143623861283064e+00,-2.617954204062704071e-01,2.717960405589904038e+00
3.835747020732214185e-01,8.204400370207109994e-01,3.128093622656399203e-02,5.919996237118779758e-03,-7.838710307380800657e-01,1.230143623861283064e+00,-2.617954204062704071e-01,2.720800171676568180e+00
3.835747020732214185e-01,8.204400370207109994e-01,3.128093622656399203e-02,5.902002327583464637e-03,-7.838710307380800657e-01,1.230143623861283064e+00,-2.617954204062704071e-01,2.721370660399335506e+00
3.835747020732214185e-01,8.204400370207109994e-01,3.128093622656399203e-02,5.902002327583464637e-03,-7.838710307380800657e-01,1.230143623861283064e+00,-2.617954204062704071e-01,2.723082126567637928e+00
3.835747020732214185e-01,8.204400370207109994e-01,3.128093622656399203e-02,5.902002327583464637e-03,-7.838710307380800657e-01,1.230143623861283064e+00,-2.617954204062704071e-01,2.723652615290405254e+00
3.835747020732214185e-01,8.204400370207109994e-01,3.128093622656399203e-02,5.902002327583464637e-03,-7.838710307380800657e-01,1.230143623861283064e+00,-2.617954204062704071e-01,2.725934570181474559e+00
3.835747020732214185e-01,8.204400370207109994e-01,3.128093622656399203e-02,5.902002327583464637e-03,-7.838710307380800657e-01,1.230143623861283064e+00,-2.617954204062704071e-01,2.726505058904241885e+00
3.835747020732214185e-01,8.204400370207109994e-01,3.128093622656399203e-02,5.902002327583464637e-03,-7.838710307380800657e-01,1.230143623861283064e+00,-2.617954204062704071e-01,2.728203847545371374e+00
3.835747020732214185e-01,8.204400370207109994e-01,3.128093622656399203e-02,5.902002327583464637e-03,-7.838710307380800657e-01,1.230143623861283064e+00,-2.617954204062704071e-01,2.728774336268139145e+00
3.835747020732214185e-01,8.204400370207109994e-01,3.128093622656399203e-02,5.902002327583464637e-03,-7.838710307380800657e-01,1.230143623861283064e+00,-2.617954204062704071e-01,2.730485802436441123e+00
3.835747020732214185e-01,8.204400370207109994e-01,3.128093622656399203e-02,5.919996237118779758e-03,-7.838710307380800657e-01,1.230143623861283064e+00,-2.617954204062704071e-01,2.731056291159208449e+00
3.835747020732214185e-01,8.204400370207109994e-01,3.128093622656399203e-02,5.902002327583464637e-03,-7.838710307380800657e-01,1.230143623861283064e+00,-2.617954204062704071e-01,2.733338246050278197e+00
3.835747020732214185e-01,8.204400370207109994e-01,3.128093622656399203e-02,5.902002327583464637e-03,-7.838710307380800657e-01,1.230143623861283064e+00,-2.617954204062704071e-01,2.733908734773045524e+00
3.835747020732214185e-01,8.204400370207109994e-01,3.128093622656399203e-02,5.902002327583464637e-03,-7.838710307380800657e-01,1.230143623861283064e+00,-2.617954204062704071e-01,2.735620200941347502e+00
3.835747020732214185e-01,8.204400370207109994e-01,3.128093622656399203e-02,5.902002327583464637e-03,-7.838710307380800657e-01,1.230143623861283064e+00,-2.617954204062704071e-01,2.736761178386882598e+00
3.835747020732214185e-01,8.204400370207109994e-01,3.128093622656399203e-02,5.902002327583464637e-03,-7.838710307380800657e-01,1.230143623861283064e+00,-2.617954204062704071e-01,2.739030455750779414e+00
3.835747020732214185e-01,8.204400370207109994e-01,3.128093622656399203e-02,5.902002327583464637e-03,-7.838710307380800657e-01,1.230143623861283064e+00,-2.617954204062704071e-01,2.739600944473546740e+00
3.835747020732214185e-01,8.204400370207109994e-01,3.128093622656399203e-02,5.902002327583464637e-03,-7.838710307380800657e-01,1.230143623861283064e+00,-2.617954204062704071e-01,2.741882899364616488e+00
3.835747020732214185e-01,8.204400370207109994e-01,3.128093622656399203e-02,5.902002327583464637e-03,-7.838710307380800657e-01,1.230143623861283064e+00,-2.617954204062704071e-01,2.742453388087383814e+00
3.835747020732214185e-01,8.204400370207109994e-01,3.128093622656399203e-02,5.902002327583464637e-03,-7.838710307380800657e-01,1.230143623861283064e+00,-2.617954204062704071e-01,2.744164854255685793e+00
3.835747020732214185e-01,8.204400370207109994e-01,3.128093622656399203e-02,5.902002327583464637e-03,-7.838710307380800657e-01,1.230143623861283064e+00,-2.617954204062704071e-01,2.744735342978453119e+00
3.835747020732214185e-01,8.204400370207109994e-01,3.128093622656399203e-02,5.902002327583464637e-03,-7.838710307380800657e-01,1.230143623861283064e+00,-2.617954204062704071e-01,2.747587786592290193e+00
3.835747020732214185e-01,8.204400370207109994e-01,3.128093622656399203e-02,5.902002327583464637e-03,-7.838710307380800657e-01,1.230143623861283064e+00,-2.617954204062704071e-01,2.748158275315057519e+00
3.835747020732214185e-01,8.204400370207109994e-01,3.128093622656399203e-02,5.902002327583464637e-03,-7.838710307380800657e-01,1.230143623861283064e+00,-2.617954204062704071e-01,2.750427552678954335e+00
3.835747020732214185e-01,8.204400370207109994e-01,3.128093622656399203e-02,5.902002327583464637e-03,-7.838710307380800657e-01,1.230143623861283064e+00,-2.617954204062704071e-01,2.750998041401721661e+00
3.835747020732214185e-01,8.204400370207109994e-01,3.128093622656399203e-02,5.902002327583464637e-03,-7.838710307380800657e-01,1.230143623861283064e+00,-2.617954204062704071e-01,2.752709507570024083e+00
3.835747020732214185e-01,8.204400370207109994e-01,3.128093622656399203e-02,5.902002327583464637e-03,-7.838710307380800657e-01,1.230143623861283064e+00,-2.617954204062704071e-01,2.753279996292791409e+00
3.835747020732214185e-01,8.204400370207109994e-01,3.128093622656399203e-02,5.902002327583464637e-03,-7.838710307380800657e-01,1.230143623861283064e+00,-2.617954204062704071e-01,2.755549273656688225e+00
3.835747020732214185e-01,8.204400370207109994e-01,3.128093622656399203e-02,5.902002327583464637e-03,-7.838710307380800657e-01,1.230143623861283064e+00,-2.617954204062704071e-01,2.756132439906628484e+00
3.835747020732214185e-01,8.204400370207109994e-01,3.128093622656399203e-02,5.902002327583464637e-03,-7.838710307380800657e-01,1.230143623861283064e+00,-2.617954204062704071e-01,2.758401717270525300e+00
3.835747020732214185e-01,8.204400370207109994e-01,3.128093622656399203e-02,5.902002327583464637e-03,-7.838710307380800657e-01,1.230143623861283064e+00,-2.617954204062704071e-01,2.759542694716059952e+00
3.835747020732214185e-01,8.204400370207109994e-01,3.128093622656399203e-02,5.902002327583464637e-03,-7.838710307380800657e-01,1.230143623861283064e+00,-2.617954204062704071e-01,2.761254160884362374e+00
3.835747020732214185e-01,8.204400370207109994e-01,3.128093622656399203e-02,5.902002327583464637e-03,-7.838710307380800657e-01,1.230143623861283064e+00,-2.617954204062704071e-01,2.761824649607129700e+00
3.835747020732214185e-01,8.204400370207109994e-01,3.128093622656399203e-02,5.902002327583464637e-03,-7.838710307380800657e-01,1.230143623861283064e+00,-2.617954204062704071e-01,2.764093926971026516e+00
3.835747020732214185e-01,8.204400370207109994e-01,3.128093622656399203e-02,5.902002327583464637e-03,-7.838710307380800657e-01,1.230143623861283064e+00,-2.617954204062704071e-01,2.764664415693793842e+00
3.835747020732214185e-01,8.204400370207109994e-01,3.128093622656399203e-02,5.902002327583464637e-03,-7.838710307380800657e-01,1.230143623861283064e+00,-2.617954204062704071e-01,2.766946370584863590e+00
3.835747020732214185e-01,8.204400370207109994e-01,3.128093622656399203e-02,5.902002327583464637e-03,-7.838710307380800657e-01,1.230143623861283064e+00,-2.617954204062704071e-01,2.768100025557570731e+00
3.835747020732214185e-01,8.204400370207109994e-01,3.128093622656399203e-02,5.902002327583464637e-03,-7.838710307380800657e-01,1.230143623861283064e+00,-2.617954204062704071e-01,2.769798814198700221e+00
3.835747020732214185e-01,8.204400370207109994e-01,3.128093622656399203e-02,5.902002327583464637e-03,-7.838710307380800657e-01,1.230143623861283064e+00,-2.617954204062704071e-01,2.770369302921467991e+00
3.835747020732214185e-01,8.204400370207109994e-01,3.128093622656399203e-02,5.902002327583464637e-03,-7.838710307380800657e-01,1.230143623861283064e+00,-2.617954204062704071e-01,2.772651257812537295e+00
3.835747020732214185e-01,8.204400370207109994e-01,3.128093622656399203e-02,5.902002327583464637e-03,-7.838710307380800657e-01,1.230143623861283064e+00,-2.617954204062704071e-01,2.773792235258071948e+00
3.835747020732214185e-01,8.204400370207109994e-01,3.128093622656399203e-02,5.902002327583464637e-03,-7.838710307380800657e-01,1.230143623861283064e+00,-2.617954204062704071e-01,2.775491023899201881e+00
3.835747020732214185e-01,8.204400370207109994e-01,3.128093622656399203e-02,5.902002327583464637e-03,-7.838710307380800657e-01,1.230143623861283064e+00,-2.617954204062704071e-01,2.776061512621969207e+00
3.835747020732214185e-01,8.204400370207109994e-01,3.128093622656399203e-02,5.902002327583464637e-03,-7.838710307380800657e-01,1.230143623861283064e+00,-2.617954204062704071e-01,2.778343467513038512e+00
3.835747020732214185e-01,8.204400370207109994e-01,3.128093622656399203e-02,5.902002327583464637e-03,-7.838710307380800657e-01,1.230143623861283064e+00,-2.617954204062704071e-01,2.778913956235805838e+00
3.835747020732214185e-01,8.204400370207109994e-01,3.128093622656399203e-02,5.902002327583464637e-03,-7.838710307380800657e-01,1.230143623861283064e+00,-2.617954204062704071e-01,2.780625422404108260e+00
3.835747020732214185e-01,8.204400370207109994e-01,3.128093622656399203e-02,5.902002327583464637e-03,-7.838710307380800657e-01,1.230143623861283064e+00,-2.617954204062704071e-01,2.781195911126875586e+00
3.835747020732214185e-01,8.204400370207109994e-01,3.128093622656399203e-02,5.902002327583464637e-03,-7.838710307380800657e-01,1.230143623861283064e+00,-2.617954204062704071e-01,2.782907377295177564e+00
3.835747020732214185e-01,8.204400370207109994e-01,3.128093622656399203e-02,5.902002327583464637e-03,-7.838710307380800657e-01,1.230143623861283064e+00,-2.617954204062704071e-01,2.783477866017944891e+00
3.835747020732214185e-01,8.204400370207109994e-01,3.128093622656399203e-02,5.902002327583464637e-03,-7.838710307380800657e-01,1.230143623861283064e+00,-2.617954204062704071e-01,2.785176654659074824e+00
3.835747020732214185e-01,8.204400370207109994e-01,3.128093622656399203e-02,5.902002327583464637e-03,-7.838710307380800657e-01,1.230143623861283064e+00,-2.617954204062704071e-01,2.785747143381842150e+00
3.835747020732214185e-01,8.204400370207109994e-01,3.128093622656399203e-02,5.902002327583464637e-03,-7.838710307380800657e-01,1.230143623861283064e+00,-2.617954204062704071e-01,2.788029098272911455e+00
3.835747020732214185e-01,8.204400370207109994e-01,3.128093622656399203e-02,5.902002327583464637e-03,-7.838710307380800657e-01,1.230143623861283064e+00,-2.617954204062704071e-01,2.788599586995678781e+00
3.835747020732214185e-01,8.204400370207109994e-01,3.128093622656399203e-02,5.902002327583464637e-03,-7.838710307380800657e-01,1.230143623861283064e+00,-2.617954204062704071e-01,2.790881541886748529e+00
3.835747020732214185e-01,8.204400370207109994e-01,3.128093622656399203e-02,5.902002327583464637e-03,-7.838710307380800657e-01,1.230143623861283064e+00,-2.617954204062704071e-01,2.791452030609515855e+00
3.835747020732214185e-01,8.204400370207109994e-01,3.128093622656399203e-02,5.902002327583464637e-03,-7.838710307380800657e-01,1.230143623861283064e+00,-2.617954204062704071e-01,2.794291796696180441e+00
3.835747020732214185e-01,8.204400370207109994e-01,3.128093622656399203e-02,5.902002327583464637e-03,-7.838710307380800657e-01,1.230143623861283064e+00,-2.617954204062704071e-01,2.794862285418947767e+00
3.835747020732214185e-01,8.204400370207109994e-01,3.128093622656399203e-02,5.902002327583464637e-03,-7.838710307380800657e-01,1.230143623861283064e+00,-2.617954204062704071e-01,2.797144240310017071e+00
3.835747020732214185e-01,8.204400370207109994e-01,3.128093622656399203e-02,5.902002327583464637e-03,-7.838710307380800657e-01,1.230143623861283064e+00,-2.617954204062704071e-01,2.798285217755552168e+00
3.835747020732214185e-01,8.204400370207109994e-01,3.128093622656399203e-02,5.902002327583464637e-03,-7.838710307380800657e-01,1.230143623861283064e+00,-2.617954204062704071e-01,2.799996683923854146e+00
3.835747020732214185e-01,8.204400370207109994e-01,3.128093622656399203e-02,5.902002327583464637e-03,-7.838710307380800657e-01,1.230143623861283064e+00,-2.617954204062704071e-01,2.801137661369388798e+00
3.835747020732214185e-01,8.204400370207109994e-01,3.128093622656399203e-02,5.902002327583464637e-03,-7.838710307380800657e-01,1.230143623861283064e+00,-2.617954204062704071e-01,2.803419616260458547e+00
3.835747020732214185e-01,8.204400370207109994e-01,3.128093622656399203e-02,5.902002327583464637e-03,-7.838710307380800657e-01,1.230143623861283064e+00,-2.617954204062704071e-01,2.803990104983225873e+00
3.835747020732214185e-01,8.204400370207109994e-01,3.128093622656399203e-02,5.902002327583464637e-03,-7.838710307380800657e-01,1.230143623861283064e+00,-2.617954204062704071e-01,2.806259382347122688e+00
3.835747020732214185e-01,8.204400370207109994e-01,3.128093622656399203e-02,5.902002327583464637e-03,-7.838710307380800657e-01,1.230143623861283064e+00,-2.617954204062704071e-01,2.806829871069890014e+00
3.835747020732214185e-01,8.204400370207109994e-01,3.128093622656399203e-02,5.919996237118779758e-03,-7.838710307380800657e-01,1.230143623861283064e+00,-2.617954204062704071e-01,2.808541337238192437e+00
3.835747020732214185e-01,8.204400370207109994e-01,3.128093622656399203e-02,5.902002327583464637e-03,-7.838710307380800657e-01,1.230143623861283064e+00,-2.617954204062704071e-01,2.809682314683727089e+00
3.835747020732214185e-01,8.204400370207109994e-01,3.128093622656399203e-02,5.902002327583464637e-03,-7.838710307380800657e-01,1.230143623861283064e+00,-2.617954204062704071e-01,2.811393780852029067e+00
3.835747020732214185e-01,8.204400370207109994e-01,3.128093622656399203e-02,5.902002327583464637e-03,-7.838710307380800657e-01,1.230143623861283064e+00,-2.617954204062704071e-01,2.811964269574796838e+00
3.835747020732214185e-01,8.204400370207109994e-01,3.128093622656399203e-02,5.902002327583464637e-03,-7.838710307380800657e-01,1.230143623861283064e+00,-2.617954204062704071e-01,2.814233546938693653e+00
3.835747020732214185e-01,8.204400370207109994e-01,3.128093622656399203e-02,5.919996237118779758e-03,-7.838710307380800657e-01,1.230143623861283064e+00,-2.617954204062704071e-01,2.814804035661460979e+00
3.835747020732214185e-01,8.204400370207109994e-01,3.128093622656399203e-02,5.902002327583464637e-03,-7.838710307380800657e-01,1.230143623861283064e+00,-2.617954204062704071e-01,2.816515501829762957e+00
3.835747020732214185e-01,8.204400370207109994e-01,3.128093622656399203e-02,5.902002327583464637e-03,-7.838710307380800657e-01,1.230143623861283064e+00,-2.617954204062704071e-01,2.817085990552530728e+00
3.835747020732214185e-01,8.204400370207109994e-01,3.128093622656399203e-02,5.919996237118779758e-03,-7.838710307380800657e-01,1.230143623861283064e+00,-2.617954204062704071e-01,2.819367945443600032e+00
3.835747020732214185e-01,8.204400370207109994e-01,3.128093622656399203e-02,5.902002327583464637e-03,-7.838710307380800657e-01,1.230143623861283064e+00,-2.617954204062704071e-01,2.819938434166367358e+00
3.835747020732214185e-01,8.204400370207109994e-01,3.128093622656399203e-02,5.902002327583464637e-03,-7.838710307380800657e-01,1.230143623861283064e+00,-2.617954204062704071e-01,2.822220389057437107e+00
3.835747020732214185e-01,8.204400370207109994e-01,3.128093622656399203e-02,5.902002327583464637e-03,-7.838710307380800657e-01,1.230143623861283064e+00,-2.617954204062704071e-01,2.822790877780204433e+00
3.835747020732214185e-01,8.204400370207109994e-01,3.128093622656399203e-02,5.902002327583464637e-03,-7.838710307380800657e-01,1.230143623861283064e+00,-2.617954204062704071e-01,2.825072832671273737e+00
3.835747020732214185e-01,8.204400370207109994e-01,3.128093622656399203e-02,5.902002327583464637e-03,-7.838710307380800657e-01,1.230143623861283064e+00,-2.617954204062704071e-01,2.825643321394041507e+00
3.835747020732214185e-01,8.204400370207109994e-01,3.128093622656399203e-02,5.902002327583464637e-03,-7.838710307380800657e-01,1.230143623861283064e+00,-2.617954204062704071e-01,2.827342110035170997e+00
3.835747020732214185e-01,8.204400370207109994e-01,3.128093622656399203e-02,5.902002327583464637e-03,-7.838710307380800657e-01,1.230143623861283064e+00,-2.617954204062704071e-01,2.827912598757938323e+00
3.835747020732214185e-01,8.204400370207109994e-01,3.128093622656399203e-02,5.902002327583464637e-03,-7.838710307380800657e-01,1.230143623861283064e+00,-2.617954204062704071e-01,2.830194553649007627e+00
3.835747020732214185e-01,8.204400370207109994e-01,3.128093622656399203e-02,5.902002327583464637e-03,-7.838710307380800657e-01,1.230143623861283064e+00,-2.617954204062704071e-01,2.831335531094542723e+00
3.835747020732214185e-01,8.204400370207109994e-01,3.128093622656399203e-02,5.902002327583464637e-03,-7.838710307380800657e-01,1.230143623861283064e+00,-2.617954204062704071e-01,2.833046997262844702e+00
3.835747020732214185e-01,8.204400370207109994e-01,3.128093622656399203e-02,5.902002327583464637e-03,-7.838710307380800657e-01,1.230143623861283064e+00,-2.617954204062704071e-01,2.834187974708379354e+00
3.835747020732214185e-01,8.204400370207109994e-01,3.128093622656399203e-02,5.902002327583464637e-03,-7.838710307380800657e-01,1.230143623861283064e+00,-2.617954204062704071e-01,2.835886763349509287e+00
3.835747020732214185e-01,8.204400370207109994e-01,3.128093622656399203e-02,5.919996237118779758e-03,-7.838710307380800657e-01,1.230143623861283064e+00,-2.617954204062704071e-01,2.836457252072276614e+00
3.835747020732214185e-01,8.204400370207109994e-01,3.128093622656399203e-02,5.902002327583464637e-03,-7.838710307380800657e-01,1.230143623861283064e+00,-2.617954204062704071e-01,2.838739206963345918e+00
3.835747020732214185e-01,8.204400370207109994e-01,3.128093622656399203e-02,5.902002327583464637e-03,-7.838710307380800657e-01,1.230143623861283064e+00,-2.617954204062704071e-01,2.839309695686113244e+00
3.835747020732214185e-01,8.204400370207109994e-01,3.128093622656399203e-02,5.902002327583464637e-03,-7.838710307380800657e-01,1.230143623861283064e+00,-2.617954204062704071e-01,2.841591650577182993e+00
3.835747020732214185e-01,8.204400370207109994e-01,3.128093622656399203e-02,5.902002327583464637e-03,-7.838710307380800657e-01,1.230143623861283064e+00,-2.617954204062704071e-01,2.842732628022717645e+00
3.835747020732214185e-01,8.204400370207109994e-01,3.128093622656399203e-02,5.902002327583464637e-03,-7.838710307380800657e-01,1.230143623861283064e+00,-2.617954204062704071e-01,2.844431416663847134e+00
3.835747020732214185e-01,8.204400370207109994e-01,3.128093622656399203e-02,5.902002327583464637e-03,-7.838710307380800657e-01,1.230143623861283064e+00,-2.617954204062704071e-01,2.846142882832149557e+00
3.835747020732214185e-01,8.204400370207109994e-01,3.128093622656399203e-02,5.902002327583464637e-03,-7.838710307380800657e-01,1.230143623861283064e+00,-2.617954204062704071e-01,2.846713371554916883e+00
3.835747020732214185e-01,8.204400370207109994e-01,3.128093622656399203e-02,5.902002327583464637e-03,-7.838710307380800657e-01,1.230143623861283064e+00,-2.617954204062704071e-01,2.848995326445986187e+00
3.835747020732214185e-01,8.204400370207109994e-01,3.128093622656399203e-02,5.902002327583464637e-03,-7.838710307380800657e-01,1.230143623861283064e+00,-2.617954204062704071e-01,2.849565815168753957e+00
3.835747020732214185e-01,8.204400370207109994e-01,3.128093622656399203e-02,5.902002327583464637e-03,-7.838710307380800657e-01,1.230143623861283064e+00,-2.617954204062704071e-01,2.854117047423720077e+00
3.835747020732214185e-01,8.204400370207109994e-01,3.128093622656399203e-02,5.902002327583464637e-03,-7.838710307380800657e-01,1.230143623861283064e+00,-2.617954204062704071e-01,2.854687536146487847e+00
3.835747020732214185e-01,8.204400370207109994e-01,3.128093622656399203e-02,5.902002327583464637e-03,-7.838710307380800657e-01,1.230143623861283064e+00,-2.617954204062704071e-01,2.856399002314789826e+00
3.835747020732214185e-01,8.204400370207109994e-01,3.128093622656399203e-02,5.902002327583464637e-03,-7.838710307380800657e-01,1.230143623861283064e+00,-2.617954204062704071e-01,2.856969491037557152e+00
3.835747020732214185e-01,8.204400370207109994e-01,3.128093622656399203e-02,5.902002327583464637e-03,-7.838710307380800657e-01,1.230143623861283064e+00,-2.617954204062704071e-01,2.858110468483091804e+00
3.835747020732214185e-01,8.204400370207109994e-01,3.128093622656399203e-02,5.902002327583464637e-03,-7.838710307380800657e-01,1.230143623861283064e+00,-2.617954204062704071e-01,2.860392423374161552e+00
3.835747020732214185e-01,8.204400370207109994e-01,3.128093622656399203e-02,5.902002327583464637e-03,-7.838710307380800657e-01,1.230143623861283064e+00,-2.617954204062704071e-01,2.861533400819696205e+00
3.835747020732214185e-01,8.204400370207109994e-01,3.128093622656399203e-02,5.902002327583464637e-03,-7.838710307380800657e-01,1.230143623861283064e+00,-2.617954204062704071e-01,2.863802678183593020e+00
3.835747020732214185e-01,8.204400370207109994e-01,3.128093622656399203e-02,5.902002327583464637e-03,-7.838710307380800657e-01,1.230143623861283064e+00,-2.617954204062704071e-01,2.864373166906360790e+00
3.835747020732214185e-01,8.204400370207109994e-01,3.128093622656399203e-02,5.902002327583464637e-03,-7.838710307380800657e-01,1.230143623861283064e+00,-2.617954204062704071e-01,2.866084633074662769e+00
3.835747020732214185e-01,8.204400370207109994e-01,3.128093622656399203e-02,5.902002327583464637e-03,-7.838710307380800657e-01,1.230143623861283064e+00,-2.617954204062704071e-01,2.866655121797430095e+00
3.835747020732214185e-01,8.204400370207109994e-01,3.128093622656399203e-02,5.902002327583464637e-03,-7.838710307380800657e-01,1.230143623861283064e+00,-2.617954204062704071e-01,2.868937076688499843e+00
3.835747020732214185e-01,8.204400370207109994e-01,3.128093622656399203e-02,5.902002327583464637e-03,-7.838710307380800657e-01,1.230143623861283064e+00,-2.617954204062704071e-01,2.869507565411267169e+00
3.835747020732214185e-01,8.204400370207109994e-01,3.128093622656399203e-02,5.902002327583464637e-03,-7.838710307380800657e-01,1.230143623861283064e+00,-2.617954204062704071e-01,2.871789520302336474e+00
3.835747020732214185e-01,8.204400370207109994e-01,3.128093622656399203e-02,5.902002327583464637e-03,-7.838710307380800657e-01,1.230143623861283064e+00,-2.617954204062704071e-01,2.872930497747871570e+00
3.835747020732214185e-01,8.204400370207109994e-01,3.128093622656399203e-02,5.902002327583464637e-03,-7.838710307380800657e-01,1.230143623861283064e+00,-2.617954204062704071e-01,2.874629286389001059e+00
3.835747020732214185e-01,8.204400370207109994e-01,3.128093622656399203e-02,5.902002327583464637e-03,-7.838710307380800657e-01,1.230143623861283064e+00,-2.617954204062704071e-01,2.875199775111768385e+00
3.835747020732214185e-01,8.204400370207109994e-01,3.128093622656399203e-02,5.902002327583464637e-03,-7.838710307380800657e-01,1.230143623861283064e+00,-2.617954204062704071e-01,2.877481730002837690e+00
3.835747020732214185e-01,8.204400370207109994e-01,3.128093622656399203e-02,5.902002327583464637e-03,-7.838710307380800657e-01,1.230143623861283064e+00,-2.617954204062704071e-01,2.878052218725605460e+00
3.835747020732214185e-01,8.204400370207109994e-01,3.128093622656399203e-02,5.902002327583464637e-03,-7.838710307380800657e-01,1.230143623861283064e+00,-2.617954204062704071e-01,2.879751007366734949e+00
3.835747020732214185e-01,8.204400370207109994e-01,3.128093622656399203e-02,5.902002327583464637e-03,-7.838710307380800657e-01,1.230143623861283064e+00,-2.617954204062704071e-01,2.880334173616674764e+00
3.835747020732214185e-01,8.204400370207109994e-01,3.128093622656399203e-02,5.902002327583464637e-03,-7.838710307380800657e-01,1.230143623861283064e+00,-2.617954204062704071e-01,2.882045639784977187e+00
3.835747020732214185e-01,8.204400370207109994e-01,3.128093622656399203e-02,5.902002327583464637e-03,-7.838710307380800657e-01,1.230143623861283064e+00,-2.617954204062704071e-01,2.882603450980571580e+00
3.835747020732214185e-01,8.204400370207109994e-01,3.128093622656399203e-02,5.902002327583464637e-03,-7.838710307380800657e-01,1.230143623861283064e+00,-2.617954204062704071e-01,2.884314917148874002e+00
3.835747020732214185e-01,8.204400370207109994e-01,3.128093622656399203e-02,5.902002327583464637e-03,-7.838710307380800657e-01,1.230143623861283064e+00,-2.617954204062704071e-01,2.884885405871641328e+00
3.835747020732214185e-01,8.204400370207109994e-01,3.128093622656399203e-02,5.902002327583464637e-03,-7.838710307380800657e-01,1.230143623861283064e+00,-2.617954204062704071e-01,2.887167360762711077e+00
3.835747020732214185e-01,8.204400370207109994e-01,3.128093622656399203e-02,5.902002327583464637e-03,-7.838710307380800657e-01,1.230143623861283064e+00,-2.617954204062704071e-01,2.888295660681073240e+00
3.835747020732214185e-01,8.204400370207109994e-01,3.128093622656399203e-02,5.902002327583464637e-03,-7.838710307380800657e-01,1.230143623861283064e+00,-2.617954204062704071e-01,2.890007126849375219e+00
3.835747020732214185e-01,8.204400370207109994e-01,3.128093622656399203e-02,5.902002327583464637e-03,-7.838710307380800657e-01,1.230143623861283064e+00,-2.617954204062704071e-01,2.890577615572142545e+00
3.835747020732214185e-01,8.204400370207109994e-01,3.128093622656399203e-02,5.902002327583464637e-03,-7.838710307380800657e-01,1.230143623861283064e+00,-2.617954204062704071e-01,2.892859570463212293e+00
3.835747020732214185e-01,8.204400370207109994e-01,3.128093622656399203e-02,5.902002327583464637e-03,-7.838710307380800657e-01,1.230143623861283064e+00,-2.617954204062704071e-01,2.893430059185979619e+00
3.835747020732214185e-01,8.204400370207109994e-01,3.128093622656399203e-02,5.902002327583464637e-03,-7.838710307380800657e-01,1.230143623861283064e+00,-2.617954204062704071e-01,2.895712014077048924e+00
3.835747020732214185e-01,8.204400370207109994e-01,3.128093622656399203e-02,5.902002327583464637e-03,-7.838710307380800657e-01,1.230143623861283064e+00,-2.617954204062704071e-01,2.896282502799816250e+00
3.835747020732214185e-01,8.204400370207109994e-01,3.128093622656399203e-02,5.902002327583464637e-03,-7.838710307380800657e-01,1.230143623861283064e+00,-2.617954204062704071e-01,2.897993968968118672e+00
3.835747020732214185e-01,8.204400370207109994e-01,3.128093622656399203e-02,5.902002327583464637e-03,-7.838710307380800657e-01,1.230143623861283064e+00,-2.617954204062704071e-01,2.898564457690885998e+00
3.835747020732214185e-01,8.204400370207109994e-01,3.128093622656399203e-02,5.902002327583464637e-03,-7.838710307380800657e-01,1.230143623861283064e+00,-2.617954204062704071e-01,2.900833735054782814e+00
3.835747020732214185e-01,8.204400370207109994e-01,3.128093622656399203e-02,5.902002327583464637e-03,-7.838710307380800657e-01,1.230143623861283064e+00,-2.617954204062704071e-01,2.901987390027490399e+00
3.835747020732214185e-01,8.204400370207109994e-01,3.128093622656399203e-02,5.902002327583464637e-03,-7.838710307380800657e-01,1.230143623861283064e+00,-2.617954204062704071e-01,2.903686178668619888e+00
3.835747020732214185e-01,8.204400370207109994e-01,3.128093622656399203e-02,5.902002327583464637e-03,-7.838710307380800657e-01,1.230143623861283064e+00,-2.617954204062704071e-01,2.904256667391387214e+00
3.835747020732214185e-01,8.204400370207109994e-01,3.128093622656399203e-02,5.902002327583464637e-03,-7.838710307380800657e-01,1.230143623861283064e+00,-2.617954204062704071e-01,2.906538622282456963e+00
3.835747020732214185e-01,8.204400370207109994e-01,3.128093622656399203e-02,5.902002327583464637e-03,-7.838710307380800657e-01,1.230143623861283064e+00,-2.617954204062704071e-01,2.907109111005224289e+00
3.835747020732214185e-01,8.204400370207109994e-01,3.128093622656399203e-02,5.902002327583464637e-03,-7.838710307380800657e-01,1.230143623861283064e+00,-2.617954204062704071e-01,2.908820577173526267e+00
3.835747020732214185e-01,8.204400370207109994e-01,3.128093622656399203e-02,5.902002327583464637e-03,-7.838710307380800657e-01,1.230143623861283064e+00,-2.617954204062704071e-01,2.909948877091888431e+00
3.835747020732214185e-01,8.204400370207109994e-01,3.128093622656399203e-02,5.902002327583464637e-03,-7.838710307380800657e-01,1.230143623861283064e+00,-2.617954204062704071e-01,2.911660343260190853e+00
3.835747020732214185e-01,8.204400370207109994e-01,3.128093622656399203e-02,5.902002327583464637e-03,-7.838710307380800657e-01,1.230143623861283064e+00,-2.617954204062704071e-01,2.912230831982958179e+00
3.835747020732214185e-01,8.204400370207109994e-01,3.128093622656399203e-02,5.902002327583464637e-03,-7.838710307380800657e-01,1.230143623861283064e+00,-2.617954204062704071e-01,2.914512786874027483e+00
3.835747020732214185e-01,8.204400370207109994e-01,3.128093622656399203e-02,5.902002327583464637e-03,-7.838710307380800657e-01,1.230143623861283064e+00,-2.617954204062704071e-01,2.915653764319562580e+00
3.835747020732214185e-01,8.204400370207109994e-01,3.128093622656399203e-02,5.902002327583464637e-03,-7.838710307380800657e-01,1.230143623861283064e+00,-2.617954204062704071e-01,2.917935719210631884e+00
3.835747020732214185e-01,8.204400370207109994e-01,3.128093622656399203e-02,5.902002327583464637e-03,-7.838710307380800657e-01,1.230143623861283064e+00,-2.617954204062704071e-01,2.919064019128994047e+00
3.835747020732214185e-01,8.204400370207109994e-01,3.128093622656399203e-02,5.902002327583464637e-03,-7.838710307380800657e-01,1.230143623861283064e+00,-2.617954204062704071e-01,2.921345974020063796e+00
3.835747020732214185e-01,8.204400370207109994e-01,3.128093622656399203e-02,5.902002327583464637e-03,-7.838710307380800657e-01,1.230143623861283064e+00,-2.617954204062704071e-01,2.921916462742831122e+00
3.835747020732214185e-01,8.204400370207109994e-01,3.128093622656399203e-02,5.902002327583464637e-03,-7.838710307380800657e-01,1.230143623861283064e+00,-2.617954204062704071e-01,2.923627928911133100e+00
3.835747020732214185e-01,8.204400370207109994e-01,3.128093622656399203e-02,5.902002327583464637e-03,-7.838710307380800657e-01,1.230143623861283064e+00,-2.617954204062704071e-01,2.924768906356668197e+00
3.835747020732214185e-01,8.204400370207109994e-01,3.128093622656399203e-02,5.902002327583464637e-03,-7.838710307380800657e-01,1.230143623861283064e+00,-2.617954204062704071e-01,2.926480372524970175e+00
3.835747020732214185e-01,8.204400370207109994e-01,3.128093622656399203e-02,5.902002327583464637e-03,-7.838710307380800657e-01,1.230143623861283064e+00,-2.617954204062704071e-01,2.927050861247737501e+00
3.835747020732214185e-01,8.204400370207109994e-01,3.128093622656399203e-02,5.902002327583464637e-03,-7.838710307380800657e-01,1.230143623861283064e+00,-2.617954204062704071e-01,2.929320138611634317e+00
3.835747020732214185e-01,8.204400370207109994e-01,3.128093622656399203e-02,5.902002327583464637e-03,-7.838710307380800657e-01,1.230143623861283064e+00,-2.617954204062704071e-01,2.929890627334402087e+00
3.835747020732214185e-01,8.204400370207109994e-01,3.128093622656399203e-02,5.902002327583464637e-03,-7.838710307380800657e-01,1.230143623861283064e+00,-2.617954204062704071e-01,2.931602093502704065e+00
3.835747020732214185e-01,8.204400370207109994e-01,3.128093622656399203e-02,5.902002327583464637e-03,-7.838710307380800657e-01,1.230143623861283064e+00,-2.617954204062704071e-01,2.932743070948238717e+00
3.835747020732214185e-01,8.204400370207109994e-01,3.128093622656399203e-02,5.902002327583464637e-03,-7.838710307380800657e-01,1.230143623861283064e+00,-2.617954204062704071e-01,2.934454537116541140e+00
3.835747020732214185e-01,8.204400370207109994e-01,3.128093622656399203e-02,5.902002327583464637e-03,-7.838710307380800657e-01,1.230143623861283064e+00,-2.617954204062704071e-01,2.935025025839308466e+00
3.835747020732214185e-01,8.204400370207109994e-01,3.128093622656399203e-02,5.902002327583464637e-03,-7.838710307380800657e-01,1.230143623861283064e+00,-2.617954204062704071e-01,2.937306980730377770e+00
3.835747020732214185e-01,8.204400370207109994e-01,3.128093622656399203e-02,5.902002327583464637e-03,-7.838710307380800657e-01,1.230143623861283064e+00,-2.617954204062704071e-01,2.938447958175912866e+00
3.835747020732214185e-01,8.204400370207109994e-01,3.128093622656399203e-02,5.902002327583464637e-03,-7.838710307380800657e-01,1.230143623861283064e+00,-2.617954204062704071e-01,2.940146746817042356e+00
3.835747020732214185e-01,8.204400370207109994e-01,3.128093622656399203e-02,5.902002327583464637e-03,-7.838710307380800657e-01,1.230143623861283064e+00,-2.617954204062704071e-01,2.940717235539809682e+00
3.835747020732214185e-01,8.204400370207109994e-01,3.128093622656399203e-02,5.902002327583464637e-03,-7.838710307380800657e-01,1.230143623861283064e+00,-2.617954204062704071e-01,2.942999190430878986e+00
3.835747020732214185e-01,8.204400370207109994e-01,3.128093622656399203e-02,5.902002327583464637e-03,-7.838710307380800657e-01,1.230143623861283064e+00,-2.617954204062704071e-01,2.943569679153646756e+00
3.835747020732214185e-01,8.204400370207109994e-01,3.128093622656399203e-02,5.902002327583464637e-03,-7.838710307380800657e-01,1.230143623861283064e+00,-2.617954204062704071e-01,2.945851634044716061e+00
3.835747020732214185e-01,8.204400370207109994e-01,3.128093622656399203e-02,5.902002327583464637e-03,-7.838710307380800657e-01,1.230143623861283064e+00,-2.617954204062704071e-01,2.946992611490250713e+00
3.835747020732214185e-01,8.204400370207109994e-01,3.128093622656399203e-02,5.919996237118779758e-03,-7.838710307380800657e-01,1.230143623861283064e+00,-2.617954204062704071e-01,2.948691400131380647e+00
3.835747020732214185e-01,8.204400370207109994e-01,3.128093622656399203e-02,5.902002327583464637e-03,-7.838710307380800657e-01,1.230143623861283064e+00,-2.617954204062704071e-01,2.949261888854147973e+00
3.835747020732214185e-01,8.204400370207109994e-01,3.128093622656399203e-02,5.902002327583464637e-03,-7.838710307380800657e-01,1.230143623861283064e+00,-2.617954204062704071e-01,2.951543843745217277e+00
3.835747020732214185e-01,8.204400370207109994e-01,3.128093622656399203e-02,5.902002327583464637e-03,-7.838710307380800657e-01,1.230143623861283064e+00,-2.617954204062704071e-01,2.952114332467984603e+00
3.835747020732214185e-01,8.204400370207109994e-01,3.128093622656399203e-02,5.902002327583464637e-03,-7.838710307380800657e-01,1.230143623861283064e+00,-2.617954204062704071e-01,2.954396287359054352e+00
3.835747020732214185e-01,8.204400370207109994e-01,3.128093622656399203e-02,5.902002327583464637e-03,-7.838710307380800657e-01,1.230143623861283064e+00,-2.617954204062704071e-01,2.954966776081821678e+00
3.835747020732214185e-01,8.204400370207109994e-01,3.128093622656399203e-02,5.902002327583464637e-03,-7.838710307380800657e-01,1.230143623861283064e+00,-2.617954204062704071e-01,2.956665564722951167e+00
3.835747020732214185e-01,8.204400370207109994e-01,3.128093622656399203e-02,5.902002327583464637e-03,-7.838710307380800657e-01,1.230143623861283064e+00,-2.617954204062704071e-01,2.957236053445718493e+00
3.835747020732214185e-01,8.204400370207109994e-01,3.128093622656399203e-02,5.902002327583464637e-03,-7.838710307380800657e-01,1.230143623861283064e+00,-2.617954204062704071e-01,2.959518008336788242e+00
3.835747020732214185e-01,8.204400370207109994e-01,3.128093622656399203e-02,5.902002327583464637e-03,-7.838710307380800657e-01,1.230143623861283064e+00,-2.617954204062704071e-01,2.960088497059555568e+00
3.835747020732214185e-01,8.204400370207109994e-01,3.128093622656399203e-02,5.902002327583464637e-03,-7.838710307380800657e-01,1.230143623861283064e+00,-2.617954204062704071e-01,2.961799963227857546e+00
3.835747020732214185e-01,8.204400370207109994e-01,3.128093622656399203e-02,5.902002327583464637e-03,-7.838710307380800657e-01,1.230143623861283064e+00,-2.617954204062704071e-01,2.962370451950625316e+00
3.835747020732214185e-01,8.204400370207109994e-01,3.128093622656399203e-02,5.902002327583464637e-03,-7.838710307380800657e-01,1.230143623861283064e+00,-2.617954204062704071e-01,2.965222895564461947e+00
3.835747020732214185e-01,8.204400370207109994e-01,3.128093622656399203e-02,5.902002327583464637e-03,-7.838710307380800657e-01,1.230143623861283064e+00,-2.617954204062704071e-01,2.965793384287229273e+00
3.835747020732214185e-01,8.204400370207109994e-01,3.128093622656399203e-02,5.902002327583464637e-03,-7.838710307380800657e-01,1.230143623861283064e+00,-2.617954204062704071e-01,2.967492172928359206e+00
3.835747020732214185e-01,8.204400370207109994e-01,3.128093622656399203e-02,5.902002327583464637e-03,-7.838710307380800657e-01,1.230143623861283064e+00,-2.617954204062704071e-01,2.968062661651126533e+00
3.835747020732214185e-01,8.204400370207109994e-01,3.128093622656399203e-02,5.902002327583464637e-03,-7.838710307380800657e-01,1.230143623861283064e+00,-2.617954204062704071e-01,2.970344616542195837e+00
3.835747020732214185e-01,8.204400370207109994e-01,3.128093622656399203e-02,5.902002327583464637e-03,-7.838710307380800657e-01,1.230143623861283064e+00,-2.617954204062704071e-01,2.970915105264963163e+00
3.835747020732214185e-01,8.204400370207109994e-01,3.128093622656399203e-02,5.902002327583464637e-03,-7.838710307380800657e-01,1.230143623861283064e+00,-2.617954204062704071e-01,2.972626571433265585e+00
3.835747020732214185e-01,8.204400370207109994e-01,3.128093622656399203e-02,5.902002327583464637e-03,-7.838710307380800657e-01,1.230143623861283064e+00,-2.617954204062704071e-01,2.973197060156032911e+00
3.835747020732214185e-01,8.204400370207109994e-01,3.128093622656399203e-02,5.902002327583464637e-03,-7.838710307380800657e-01,1.230143623861283064e+00,-2.617954204062704071e-01,2.975479015047102216e+00
3.835747020732214185e-01,8.204400370207109994e-01,3.128093622656399203e-02,5.902002327583464637e-03,-7.838710307380800657e-01,1.230143623861283064e+00,-2.617954204062704071e-01,2.976049503769869986e+00
3.835747020732214185e-01,8.204400370207109994e-01,3.128093622656399203e-02,5.902002327583464637e-03,-7.838710307380800657e-01,1.230143623861283064e+00,-2.617954204062704071e-01,2.978318781133766802e+00
3.835747020732214185e-01,8.204400370207109994e-01,3.128093622656399203e-02,5.919996237118779758e-03,-7.838710307380800657e-01,1.230143623861283064e+00,-2.617954204062704071e-01,2.978889269856534128e+00
3.835747020732214185e-01,8.204400370207109994e-01,3.128093622656399203e-02,5.902002327583464637e-03,-7.838710307380800657e-01,1.230143623861283064e+00,-2.617954204062704071e-01,2.981741713470371202e+00
3.835747020732214185e-01,8.204400370207109994e-01,3.128093622656399203e-02,5.902002327583464637e-03,-7.838710307380800657e-01,1.230143623861283064e+00,-2.617954204062704071e-01,2.982312202193138528e+00
3.835747020732214185e-01,8.204400370207109994e-01,3.128093622656399203e-02,5.902002327583464637e-03,-7.838710307380800657e-01,1.230143623861283064e+00,-2.617954204062704071e-01,2.984023668361440507e+00
3.835747020732214185e-01,8.204400370207109994e-01,3.128093622656399203e-02,5.902002327583464637e-03,-7.838710307380800657e-01,1.230143623861283064e+00,-2.617954204062704071e-01,2.984594157084207833e+00
3.835747020732214185e-01,8.204400370207109994e-01,3.128093622656399203e-02,5.902002327583464637e-03,-7.838710307380800657e-01,1.230143623861283064e+00,-2.617954204062704071e-01,2.986876111975277581e+00
3.835747020732214185e-01,8.204400370207109994e-01,3.128093622656399203e-02,5.902002327583464637e-03,-7.838710307380800657e-01,1.230143623861283064e+00,-2.617954204062704071e-01,2.988017089420812233e+00
3.835747020732214185e-01,8.204400370207109994e-01,3.128093622656399203e-02,5.902002327583464637e-03,-7.838710307380800657e-01,1.230143623861283064e+00,-2.617954204062704071e-01,2.989715878061941723e+00
3.835747020732214185e-01,8.204400370207109994e-01,3.128093622656399203e-02,5.902002327583464637e-03,-7.838710307380800657e-01,1.230143623861283064e+00,-2.617954204062704071e-01,2.990856855507476819e+00
3.835747020732214185e-01,8.204400370207109994e-01,3.128093622656399203e-02,5.902002327583464637e-03,-7.838710307380800657e-01,1.230143623861283064e+00,-2.617954204062704071e-01,2.993138810398546124e+00
3.835747020732214185e-01,8.204400370207109994e-01,3.128093622656399203e-02,5.902002327583464637e-03,-7.838710307380800657e-01,1.230143623861283064e+00,-2.617954204062704071e-01,2.993709299121313450e+00
3.835747020732214185e-01,8.204400370207109994e-01,3.128093622656399203e-02,5.902002327583464637e-03,-7.838710307380800657e-01,1.230143623861283064e+00,-2.617954204062704071e-01,2.995420765289615872e+00
3.835747020732214185e-01,8.204400370207109994e-01,3.128093622656399203e-02,5.902002327583464637e-03,-7.838710307380800657e-01,1.230143623861283064e+00,-2.617954204062704071e-01,2.996561742735150524e+00
3.835747020732214185e-01,8.204400370207109994e-01,3.128093622656399203e-02,5.902002327583464637e-03,-7.838710307380800657e-01,1.230143623861283064e+00,-2.617954204062704071e-01,2.998273208903452502e+00
3.835747020732214185e-01,8.204400370207109994e-01,3.128093622656399203e-02,5.902002327583464637e-03,-7.838710307380800657e-01,1.230143623861283064e+00,-2.617954204062704071e-01,2.999401508821814666e+00
3.835747020732214185e-01,8.204400370207109994e-01,3.128093622656399203e-02,5.902002327583464637e-03,-7.838710307380800657e-01,1.230143623861283064e+00,-2.617954204062704071e-01,3.001683463712884414e+00
3.835747020732214185e-01,8.204400370207109994e-01,3.128093622656399203e-02,5.902002327583464637e-03,-7.838710307380800657e-01,1.230143623861283064e+00,-2.617954204062704071e-01,3.002253952435651740e+00
3.835747020732214185e-01,8.204400370207109994e-01,3.128093622656399203e-02,5.902002327583464637e-03,-7.838710307380800657e-01,1.230143623861283064e+00,-2.617954204062704071e-01,3.003965418603954163e+00
3.835747020732214185e-01,8.204400370207109994e-01,3.128093622656399203e-02,5.902002327583464637e-03,-7.838710307380800657e-01,1.230143623861283064e+00,-2.617954204062704071e-01,3.004535907326721489e+00
3.835747020732214185e-01,8.204400370207109994e-01,3.128093622656399203e-02,5.902002327583464637e-03,-7.838710307380800657e-01,1.230143623861283064e+00,-2.617954204062704071e-01,3.006817862217790793e+00
3.835747020732214185e-01,8.204400370207109994e-01,3.128093622656399203e-02,5.902002327583464637e-03,-7.838710307380800657e-01,1.230143623861283064e+00,-2.617954204062704071e-01,3.007388350940558119e+00
3.835747020732214185e-01,8.204400370207109994e-01,3.128093622656399203e-02,5.902002327583464637e-03,-7.838710307380800657e-01,1.230143623861283064e+00,-2.617954204062704071e-01,3.009657628304455379e+00
3.835747020732214185e-01,8.204400370207109994e-01,3.128093622656399203e-02,5.902002327583464637e-03,-7.838710307380800657e-01,1.230143623861283064e+00,-2.617954204062704071e-01,3.010228117027222705e+00
3.835747020732214185e-01,8.204400370207109994e-01,3.128093622656399203e-02,5.919996237118779758e-03,-7.838710307380800657e-01,1.230143623861283064e+00,-2.617954204062704071e-01,3.011939583195524683e+00
3.835747020732214185e-01,8.204400370207109994e-01,3.128093622656399203e-02,5.902002327583464637e-03,-7.838710307380800657e-01,1.230143623861283064e+00,-2.617954204062704071e-01,3.013067883113886847e+00
3.835747020732214185e-01,8.204400370207109994e-01,3.128093622656399203e-02,5.902002327583464637e-03,-7.838710307380800657e-01,1.230143623861283064e+00,-2.617954204062704071e-01,3.015349838004956595e+00
3.835747020732214185e-01,8.204400370207109994e-01,3.128093622656399203e-02,5.902002327583464637e-03,-7.838710307380800657e-01,1.230143623861283064e+00,-2.617954204062704071e-01,3.015920326727723921e+00
3.835747020732214185e-01,8.204400370207109994e-01,3.128093622656399203e-02,5.902002327583464637e-03,-7.838710307380800657e-01,1.230143623861283064e+00,-2.617954204062704071e-01,3.018202281618793226e+00
3.835747020732214185e-01,8.204400370207109994e-01,3.128093622656399203e-02,5.902002327583464637e-03,-7.838710307380800657e-01,1.230143623861283064e+00,-2.617954204062704071e-01,3.018772770341560996e+00
3.835747020732214185e-01,8.204400370207109994e-01,3.128093622656399203e-02,5.902002327583464637e-03,-7.838710307380800657e-01,1.230143623861283064e+00,-2.617954204062704071e-01,3.021054725232630300e+00
3.835747020732214185e-01,8.204400370207109994e-01,3.128093622656399203e-02,5.902002327583464637e-03,-7.838710307380800657e-01,1.230143623861283064e+00,-2.617954204062704071e-01,3.021625213955397626e+00
3.835747020732214185e-01,8.204400370207109994e-01,3.128093622656399203e-02,5.902002327583464637e-03,-7.838710307380800657e-01,1.230143623861283064e+00,-2.617954204062704071e-01,3.023894491319294886e+00
3.835747020732214185e-01,8.204400370207109994e-01,3.128093622656399203e-02,5.902002327583464637e-03,-7.838710307380800657e-01,1.230143623861283064e+00,-2.617954204062704071e-01,3.024464980042062212e+00
3.835747020732214185e-01,8.204400370207109994e-01,3.128093622656399203e-02,5.902002327583464637e-03,-7.838710307380800657e-01,1.230143623861283064e+00,-2.617954204062704071e-01,3.026746934933131516e+00
3.835747020732214185e-01,8.204400370207109994e-01,3.128093622656399203e-02,5.902002327583464637e-03,-7.838710307380800657e-01,1.230143623861283064e+00,-2.617954204062704071e-01,3.027317423655898843e+00
3.835747020732214185e-01,8.204400370207109994e-01,3.128093622656399203e-02,5.902002327583464637e-03,-7.838710307380800657e-01,1.230143623861283064e+00,-2.617954204062704071e-01,3.029028889824201265e+00
3.835747020732214185e-01,8.204400370207109994e-01,3.128093622656399203e-02,5.902002327583464637e-03,-7.838710307380800657e-01,1.230143623861283064e+00,-2.617954204062704071e-01,3.030169867269735917e+00
3.835747020732214185e-01,8.204400370207109994e-01,3.128093622656399203e-02,5.902002327583464637e-03,-7.838710307380800657e-01,1.230143623861283064e+00,-2.617954204062704071e-01,3.031881333438037895e+00
3.835747020732214185e-01,8.204400370207109994e-01,3.128093622656399203e-02,5.902002327583464637e-03,-7.838710307380800657e-01,1.230143623861283064e+00,-2.617954204062704071e-01,3.032451822160805666e+00
3.835747020732214185e-01,8.204400370207109994e-01,3.128093622656399203e-02,5.902002327583464637e-03,-7.838710307380800657e-01,1.230143623861283064e+00,-2.617954204062704071e-01,3.035291588247469807e+00
3.835747020732214185e-01,8.204400370207109994e-01,3.128093622656399203e-02,5.902002327583464637e-03,-7.838710307380800657e-01,1.230143623861283064e+00,-2.617954204062704071e-01,3.035862076970237133e+00
3.835747020732214185e-01,8.204400370207109994e-01,3.128093622656399203e-02,5.902002327583464637e-03,-7.838710307380800657e-01,1.230143623861283064e+00,-2.617954204062704071e-01,3.038144031861306882e+00
3.835747020732214185e-01,8.204400370207109994e-01,3.128093622656399203e-02,5.902002327583464637e-03,-7.838710307380800657e-01,1.230143623861283064e+00,-2.617954204062704071e-01,3.038714520584074208e+00
3.835747020732214185e-01,8.204400370207109994e-01,3.128093622656399203e-02,5.902002327583464637e-03,-7.838710307380800657e-01,1.230143623861283064e+00,-2.617954204062704071e-01,3.039855498029608860e+00
3.835747020732214185e-01,8.204400370207109994e-01,3.128093622656399203e-02,5.902002327583464637e-03,-7.838710307380800657e-01,1.230143623861283064e+00,-2.617954204062704071e-01,3.042137452920678609e+00
3.835747020732214185e-01,8.204400370207109994e-01,3.128093622656399203e-02,5.902002327583464637e-03,-7.838710307380800657e-01,1.230143623861283064e+00,-2.617954204062704071e-01,3.042707941643445935e+00
3.835747020732214185e-01,8.204400370207109994e-01,3.128093622656399203e-02,5.902002327583464637e-03,-7.838710307380800657e-01,1.230143623861283064e+00,-2.617954204062704071e-01,3.044406730284575424e+00
3.835747020732214185e-01,8.204400370207109994e-01,3.128093622656399203e-02,5.902002327583464637e-03,-7.838710307380800657e-01,1.230143623861283064e+00,-2.617954204062704071e-01,3.044977219007342750e+00
3.835747020732214185e-01,8.204400370207109994e-01,3.128093622656399203e-02,5.902002327583464637e-03,-7.838710307380800657e-01,1.230143623861283064e+00,-2.617954204062704071e-01,3.047259173898412499e+00
3.835747020732214185e-01,8.204400370207109994e-01,3.128093622656399203e-02,5.902002327583464637e-03,-7.838710307380800657e-01,1.230143623861283064e+00,-2.617954204062704071e-01,3.047829662621179825e+00
3.835747020732214185e-01,8.204400370207109994e-01,3.128093622656399203e-02,5.902002327583464637e-03,-7.838710307380800657e-01,1.230143623861283064e+00,-2.617954204062704071e-01,3.049541128789481803e+00
3.835747020732214185e-01,8.204400370207109994e-01,3.128093622656399203e-02,5.902002327583464637e-03,-7.838710307380800657e-01,1.230143623861283064e+00,-2.617954204062704071e-01,3.050111617512249129e+00
3.835747020732214185e-01,8.204400370207109994e-01,3.128093622656399203e-02,5.902002327583464637e-03,-7.838710307380800657e-01,1.230143623861283064e+00,-2.617954204062704071e-01,3.052380894876146389e+00
3.835747020732214185e-01,8.204400370207109994e-01,3.128093622656399203e-02,5.902002327583464637e-03,-7.838710307380800657e-01,1.230143623861283064e+00,-2.617954204062704071e-01,3.052951383598913715e+00
3.835747020732214185e-01,8.204400370207109994e-01,3.128093622656399203e-02,5.902002327583464637e-03,-7.838710307380800657e-01,1.230143623861283064e+00,-2.617954204062704071e-01,3.054662849767215693e+00
3.835747020732214185e-01,8.204400370207109994e-01,3.128093622656399203e-02,5.902002327583464637e-03,-7.838710307380800657e-01,1.230143623861283064e+00,-2.617954204062704071e-01,3.055803827212750345e+00
3.835747020732214185e-01,8.204400370207109994e-01,3.128093622656399203e-02,5.902002327583464637e-03,-7.838710307380800657e-01,1.230143623861283064e+00,-2.617954204062704071e-01,3.057515293381052768e+00
3.835747020732214185e-01,8.204400370207109994e-01,3.128093622656399203e-02,5.902002327583464637e-03,-7.838710307380800657e-01,1.230143623861283064e+00,-2.617954204062704071e-01,3.058085782103820094e+00
3.835747020732214185e-01,8.204400370207109994e-01,3.128093622656399203e-02,5.902002327583464637e-03,-7.838710307380800657e-01,1.230143623861283064e+00,-2.617954204062704071e-01,3.060367736994889842e+00
3.835747020732214185e-01,8.204400370207109994e-01,3.128093622656399203e-02,5.902002327583464637e-03,-7.838710307380800657e-01,1.230143623861283064e+00,-2.617954204062704071e-01,3.060938225717657168e+00
3.835747020732214185e-01,8.204400370207109994e-01,3.128093622656399203e-02,5.902002327583464637e-03,-7.838710307380800657e-01,1.230143623861283064e+00,-2.617954204062704071e-01,3.062637014358786658e+00
3.835747020732214185e-01,8.204400370207109994e-01,3.128093622656399203e-02,5.902002327583464637e-03,-7.838710307380800657e-01,1.230143623861283064e+00,-2.617954204062704071e-01,3.063220180608726473e+00
3.835747020732214185e-01,8.204400370207109994e-01,3.128093622656399203e-02,5.902002327583464637e-03,-7.838710307380800657e-01,1.230143623861283064e+00,-2.617954204062704071e-01,3.065489457972623288e+00
3.835747020732214185e-01,8.204400370207109994e-01,3.128093622656399203e-02,5.902002327583464637e-03,-7.838710307380800657e-01,1.230143623861283064e+00,-2.617954204062704071e-01,3.066059946695391059e+00
3.835747020732214185e-01,8.204400370207109994e-01,3.128093622656399203e-02,5.902002327583464637e-03,-7.838710307380800657e-01,1.230143623861283064e+00,-2.617954204062704071e-01,3.068341901586460363e+00
3.835747020732214185e-01,8.204400370207109994e-01,3.128093622656399203e-02,5.902002327583464637e-03,-7.838710307380800657e-01,1.230143623861283064e+00,-2.617954204062704071e-01,3.068912390309227689e+00
3.835747020732214185e-01,8.204400370207109994e-01,3.128093622656399203e-02,5.902002327583464637e-03,-7.838710307380800657e-01,1.230143623861283064e+00,-2.617954204062704071e-01,3.070623856477530111e+00
3.835747020732214185e-01,8.204400370207109994e-01,3.128093622656399203e-02,5.902002327583464637e-03,-7.838710307380800657e-01,1.230143623861283064e+00,-2.617954204062704071e-01,3.071194345200297438e+00
3.835747020732214185e-01,8.204400370207109994e-01,3.128093622656399203e-02,5.902002327583464637e-03,-7.838710307380800657e-01,1.230143623861283064e+00,-2.617954204062704071e-01,3.072893133841426927e+00
3.835747020732214185e-01,8.204400370207109994e-01,3.128093622656399203e-02,5.902002327583464637e-03,-7.838710307380800657e-01,1.230143623861283064e+00,-2.617954204062704071e-01,3.074034111286961579e+00
3.835747020732214185e-01,8.204400370207109994e-01,3.128093622656399203e-02,5.902002327583464637e-03,-7.838710307380800657e-01,1.230143623861283064e+00,-2.617954204062704071e-01,3.075745577455264002e+00
3.835747020732214185e-01,8.204400370207109994e-01,3.128093622656399203e-02,5.902002327583464637e-03,-7.838710307380800657e-01,1.230143623861283064e+00,-2.617954204062704071e-01,3.076886554900798654e+00
3.835747020732214185e-01,8.204400370207109994e-01,3.128093622656399203e-02,5.902002327583464637e-03,-7.838710307380800657e-01,1.230143623861283064e+00,-2.617954204062704071e-01,3.079168509791868402e+00
3.835747020732214185e-01,8.204400370207109994e-01,3.128093622656399203e-02,5.902002327583464637e-03,-7.838710307380800657e-01,1.230143623861283064e+00,-2.617954204062704071e-01,3.079738998514635728e+00
3.835747020732214185e-01,8.204400370207109994e-01,3.128093622656399203e-02,5.902002327583464637e-03,-7.838710307380800657e-01,1.230143623861283064e+00,-2.617954204062704071e-01,3.082578764601299870e+00
3.835747020732214185e-01,8.204400370207109994e-01,3.128093622656399203e-02,5.902002327583464637e-03,-7.838710307380800657e-01,1.230143623861283064e+00,-2.617954204062704071e-01,3.083149253324067196e+00
3.835747020732214185e-01,8.204400370207109994e-01,3.128093622656399203e-02,5.902002327583464637e-03,-7.838710307380800657e-01,1.230143623861283064e+00,-2.617954204062704071e-01,3.084860719492369618e+00
3.835747020732214185e-01,8.204400370207109994e-01,3.128093622656399203e-02,5.902002327583464637e-03,-7.838710307380800657e-01,1.230143623861283064e+00,-2.617954204062704071e-01,3.085431208215136945e+00
3.835747020732214185e-01,8.204400370207109994e-01,3.128093622656399203e-02,5.902002327583464637e-03,-7.838710307380800657e-01,1.230143623861283064e+00,-2.617954204062704071e-01,3.087713163106206249e+00
3.835747020732214185e-01,8.204400370207109994e-01,3.128093622656399203e-02,5.902002327583464637e-03,-7.838710307380800657e-01,1.230143623861283064e+00,-2.617954204062704071e-01,3.088283651828973575e+00
3.835747020732214185e-01,8.204400370207109994e-01,3.128093622656399203e-02,5.902002327583464637e-03,-7.838710307380800657e-01,1.230143623861283064e+00,-2.617954204062704071e-01,3.089995117997275997e+00
3.835747020732214185e-01,8.204400370207109994e-01,3.128093622656399203e-02,5.902002327583464637e-03,-7.838710307380800657e-01,1.230143623861283064e+00,-2.617954204062704071e-01,3.090565606720043323e+00
3.835747020732214185e-01,8.204400370207109994e-01,3.128093622656399203e-02,5.902002327583464637e-03,-7.838710307380800657e-01,1.230143623861283064e+00,-2.617954204062704071e-01,3.092834884083940139e+00
3.835747020732214185e-01,8.204400370207109994e-01,3.128093622656399203e-02,5.902002327583464637e-03,-7.838710307380800657e-01,1.230143623861283064e+00,-2.617954204062704071e-01,3.093405372806707465e+00
3.835747020732214185e-01,8.204400370207109994e-01,3.128093622656399203e-02,5.902002327583464637e-03,-7.838710307380800657e-01,1.230143623861283064e+00,-2.617954204062704071e-01,3.095687327697777214e+00
3.835747020732214185e-01,8.204400370207109994e-01,3.128093622656399203e-02,5.902002327583464637e-03,-7.838710307380800657e-01,1.230143623861283064e+00,-2.617954204062704071e-01,3.096257816420544540e+00
3.835747020732214185e-01,8.204400370207109994e-01,3.128093622656399203e-02,5.902002327583464637e-03,-7.838710307380800657e-01,1.230143623861283064e+00,-2.617954204062704071e-01,3.097969282588846962e+00
3.835747020732214185e-01,8.204400370207109994e-01,3.128093622656399203e-02,5.902002327583464637e-03,-7.838710307380800657e-01,1.230143623861283064e+00,-2.617954204062704071e-01,3.098539771311614288e+00
3.835747020732214185e-01,8.204400370207109994e-01,3.128093622656399203e-02,5.902002327583464637e-03,-7.838710307380800657e-01,1.230143623861283064e+00,-2.617954204062704071e-01,3.100821726202683593e+00
3.835747020732214185e-01,8.204400370207109994e-01,3.128093622656399203e-02,5.902002327583464637e-03,-7.838710307380800657e-01,1.230143623861283064e+00,-2.617954204062704071e-01,3.101392214925450919e+00
3.835747020732214185e-01,8.204400370207109994e-01,3.128093622656399203e-02,5.902002327583464637e-03,-7.838710307380800657e-01,1.230143623861283064e+00,-2.617954204062704071e-01,3.103091003566580408e+00
3.835747020732214185e-01,8.204400370207109994e-01,3.128093622656399203e-02,5.902002327583464637e-03,-7.838710307380800657e-01,1.230143623861283064e+00,-2.617954204062704071e-01,3.103661492289348178e+00
3.835747020732214185e-01,8.204400370207109994e-01,3.128093622656399203e-02,5.902002327583464637e-03,-7.838710307380800657e-01,1.230143623861283064e+00,-2.617954204062704071e-01,3.106513935903184809e+00
3.835747020732214185e-01,8.204400370207109994e-01,3.128093622656399203e-02,5.902002327583464637e-03,-7.838710307380800657e-01,1.230143623861283064e+00,-2.617954204062704071e-01,3.107084424625952135e+00
3.835747020732214185e-01,8.204400370207109994e-01,3.128093622656399203e-02,5.902002327583464637e-03,-7.838710307380800657e-01,1.230143623861283064e+00,-2.617954204062704071e-01,3.109366379517021883e+00
3.835747020732214185e-01,8.204400370207109994e-01,3.128093622656399203e-02,5.902002327583464637e-03,-7.838710307380800657e-01,1.230143623861283064e+00,-2.617954204062704071e-01,3.110507356962556536e+00
3.835747020732214185e-01,8.204400370207109994e-01,3.128093622656399203e-02,5.902002327583464637e-03,-7.838710307380800657e-01,1.230143623861283064e+00,-2.617954204062704071e-01,3.112206145603686025e+00
3.835747020732214185e-01,8.204400370207109994e-01,3.128093622656399203e-02,5.902002327583464637e-03,-7.838710307380800657e-01,1.230143623861283064e+00,-2.617954204062704071e-01,3.113347123049221121e+00
3.835747020732214185e-01,8.204400370207109994e-01,3.128093622656399203e-02,5.902002327583464637e-03,-7.838710307380800657e-01,1.230143623861283064e+00,-2.617954204062704071e-01,3.115058589217523100e+00
3.835747020732214185e-01,8.204400370207109994e-01,3.128093622656399203e-02,5.902002327583464637e-03,-7.838710307380800657e-01,1.230143623861283064e+00,-2.617954204062704071e-01,3.116199566663057752e+00
3.835747020732214185e-01,8.204400370207109994e-01,3.128093622656399203e-02,5.902002327583464637e-03,-7.838710307380800657e-01,1.230143623861283064e+00,-2.617954204062704071e-01,3.118468844026955011e+00
3.835747020732214185e-01,8.204400370207109994e-01,3.128093622656399203e-02,5.902002327583464637e-03,-7.838710307380800657e-01,1.230143623861283064e+00,-2.617954204062704071e-01,3.119039332749722337e+00
3.835747020732214185e-01,8.204400370207109994e-01,3.128093622656399203e-02,5.902002327583464637e-03,-7.838710307380800657e-01,1.230143623861283064e+00,-2.617954204062704071e-01,3.121321287640791642e+00
3.835747020732214185e-01,8.204400370207109994e-01,3.128093622656399203e-02,5.902002327583464637e-03,-7.838710307380800657e-01,1.230143623861283064e+00,-2.617954204062704071e-01,3.121891776363558968e+00
3.835747020732214185e-01,8.204400370207109994e-01,3.128093622656399203e-02,5.902002327583464637e-03,-7.838710307380800657e-01,1.230143623861283064e+00,-2.617954204062704071e-01,3.123603242531861390e+00
3.835747020732214185e-01,8.204400370207109994e-01,3.128093622656399203e-02,5.902002327583464637e-03,-7.838710307380800657e-01,1.230143623861283064e+00,-2.617954204062704071e-01,3.124173731254628716e+00
3.835747020732214185e-01,8.204400370207109994e-01,3.128093622656399203e-02,5.902002327583464637e-03,-7.838710307380800657e-01,1.230143623861283064e+00,-2.617954204062704071e-01,3.125885197422930695e+00
3.835747020732214185e-01,8.204400370207109994e-01,3.128093622656399203e-02,5.902002327583464637e-03,-7.838710307380800657e-01,1.230143623861283064e+00,-2.617954204062704071e-01,3.127026174868465791e+00
3.835747020732214185e-01,8.204400370207109994e-01,3.128093622656399203e-02,5.919996237118779758e-03,-7.838710307380800657e-01,1.230143623861283064e+00,-2.617954204062704071e-01,3.128737641036767769e+00
3.835747020732214185e-01,8.204400370207109994e-01,3.128093622656399203e-02,5.902002327583464637e-03,-7.838710307380800657e-01,1.230143623861283064e+00,-2.617954204062704071e-01,3.129295452232362607e+00
3.835747020732214185e-01,8.204400370207109994e-01,3.128093622656399203e-02,5.902002327583464637e-03,-7.838710307380800657e-01,1.230143623861283064e+00,-2.617954204062704071e-01,3.131590084650604844e+00
3.835747020732214185e-01,8.204400370207109994e-01,3.128093622656399203e-02,5.902002327583464637e-03,-7.838710307380800657e-01,1.230143623861283064e+00,-2.617954204062704071e-01,3.132718384568967007e+00
3.835747020732214185e-01,8.204400370207109994e-01,3.128093622656399203e-02,5.902002327583464637e-03,-7.838710307380800657e-01,1.230143623861283064e+00,-2.617954204062704071e-01,3.134429850737268985e+00
3.835747020732214185e-01,8.204400370207109994e-01,3.128093622656399203e-02,5.902002327583464637e-03,-7.838710307380800657e-01,1.230143623861283064e+00,-2.617954204062704071e-01,3.135000339460036312e+00
3.835747020732214185e-01,8.204400370207109994e-01,3.128093622656399203e-02,5.902002327583464637e-03,-7.838710307380800657e-01,1.230143623861283064e+00,-2.617954204062704071e-01,3.137282294351106060e+00
3.835747020732214185e-01,8.204400370207109994e-01,3.128093622656399203e-02,5.902002327583464637e-03,-7.838710307380800657e-01,1.230143623861283064e+00,-2.617954204062704071e-01,3.137852783073873386e+00
3.835747020732214185e-01,8.204400370207109994e-01,3.128093622656399203e-02,5.902002327583464637e-03,-7.838710307380800657e-01,1.230143623861283064e+00,-2.617954204062704071e-01,3.139551571715002876e+00
3.835747020732214185e-01,8.204400370207109994e-01,3.128093622656399203e-02,5.902002327583464637e-03,-7.838710307380800657e-01,1.230143623861283064e+00,-2.617954204062704071e-01,3.140705226687710461e+00
3.835747020732214185e-01,8.204400370207109994e-01,3.128093622656399203e-02,5.902002327583464637e-03,-7.838710307380800657e-01,1.230143623861283064e+00,-2.617954204062704071e-01,3.142974504051607276e+00
3.835747020732214185e-01,8.204400370207109994e-01,3.128093622656399203e-02,5.902002327583464637e-03,-7.838710307380800657e-01,1.230143623861283064e+00,-2.617954204062704071e-01,3.143544992774374602e+00
3.835747020732214185e-01,8.204400370207109994e-01,3.128093622656399203e-02,5.902002327583464637e-03,-7.838710307380800657e-01,1.230143623861283064e+00,-2.617954204062704071e-01,3.145826947665444351e+00
3.835747020732214185e-01,8.204400370207109994e-01,3.128093622656399203e-02,5.902002327583464637e-03,-7.838710307380800657e-01,1.230143623861283064e+00,-2.617954204062704071e-01,3.146397436388211677e+00
3.835747020732214185e-01,8.204400370207109994e-01,3.128093622656399203e-02,5.902002327583464637e-03,-7.838710307380800657e-01,1.230143623861283064e+00,-2.617954204062704071e-01,3.148108902556513655e+00
3.835747020732214185e-01,8.204400370207109994e-01,3.128093622656399203e-02,5.902002327583464637e-03,-7.838710307380800657e-01,1.230143623861283064e+00,-2.617954204062704071e-01,3.148666713752108492e+00
3.835747020732214185e-01,8.204400370207109994e-01,3.128093622656399203e-02,5.902002327583464637e-03,-7.838710307380800657e-01,1.230143623861283064e+00,-2.617954204062704071e-01,3.150961346170350730e+00
3.835747020732214185e-01,8.204400370207109994e-01,3.128093622656399203e-02,5.902002327583464637e-03,-7.838710307380800657e-01,1.230143623861283064e+00,-2.617954204062704071e-01,3.151531834893118056e+00
3.835747020732214185e-01,8.204400370207109994e-01,3.128093622656399203e-02,5.902002327583464637e-03,-7.838710307380800657e-01,1.230143623861283064e+00,-2.617954204062704071e-01,3.153230623534247545e+00
3.835747020732214185e-01,8.204400370207109994e-01,3.128093622656399203e-02,5.902002327583464637e-03,-7.838710307380800657e-01,1.230143623861283064e+00,-2.617954204062704071e-01,3.154371600979782642e+00
3.835747020732214185e-01,8.204400370207109994e-01,3.128093622656399203e-02,5.902002327583464637e-03,-7.838710307380800657e-01,1.230143623861283064e+00,-2.617954204062704071e-01,3.156653555870851946e+00
3.835747020732214185e-01,8.204400370207109994e-01,3.128093622656399203e-02,5.902002327583464637e-03,-7.838710307380800657e-01,1.230143623861283064e+00,-2.617954204062704071e-01,3.157224044593619272e+00
3.835747020732214185e-01,8.204400370207109994e-01,3.128093622656399203e-02,5.902002327583464637e-03,-7.838710307380800657e-01,1.230143623861283064e+00,-2.617954204062704071e-01,3.159493321957516088e+00
3.835747020732214185e-01,8.204400370207109994e-01,3.128093622656399203e-02,5.902002327583464637e-03,-7.838710307380800657e-01,1.230143623861283064e+00,-2.617954204062704071e-01,3.160063810680283858e+00
3.835747020732214185e-01,8.204400370207109994e-01,3.128093622656399203e-02,5.902002327583464637e-03,-7.838710307380800657e-01,1.230143623861283064e+00,-2.617954204062704071e-01,3.161787954375758325e+00
3.835747020732214185e-01,8.204400370207109994e-01,3.128093622656399203e-02,5.902002327583464637e-03,-7.838710307380800657e-01,1.230143623861283064e+00,-2.617954204062704071e-01,3.164057231739655585e+00
3.835747020732214185e-01,8.204400370207109994e-01,3.128093622656399203e-02,5.902002327583464637e-03,-7.838710307380800657e-01,1.230143623861283064e+00,-2.617954204062704071e-01,3.165198209185190237e+00
3.835747020732214185e-01,8.204400370207109994e-01,3.128093622656399203e-02,5.902002327583464637e-03,-7.838710307380800657e-01,1.230143623861283064e+00,-2.617954204062704071e-01,3.166909675353492215e+00
3.835747020732214185e-01,8.204400370207109994e-01,3.128093622656399203e-02,5.902002327583464637e-03,-7.838710307380800657e-01,1.230143623861283064e+00,-2.617954204062704071e-01,3.167480164076259541e+00
3.835747020732214185e-01,8.204400370207109994e-01,3.128093622656399203e-02,5.902002327583464637e-03,-7.838710307380800657e-01,1.230143623861283064e+00,-2.617954204062704071e-01,3.169749441440156801e+00
3.835747020732214185e-01,8.204400370207109994e-01,3.128093622656399203e-02,5.902002327583464637e-03,-7.838710307380800657e-01,1.230143623861283064e+00,-2.617954204062704071e-01,3.170319930162924127e+00
3.835747020732214185e-01,8.204400370207109994e-01,3.128093622656399203e-02,5.902002327583464637e-03,-7.838710307380800657e-01,1.230143623861283064e+00,-2.617954204062704071e-01,3.172601885053993431e+00
3.835747020732214185e-01,8.204400370207109994e-01,3.128093622656399203e-02,5.902002327583464637e-03,-7.838710307380800657e-01,1.230143623861283064e+00,-2.617954204062704071e-01,3.173172373776761201e+00
3.835747020732214185e-01,8.204400370207109994e-01,3.128093622656399203e-02,5.902002327583464637e-03,-7.838710307380800657e-01,1.230143623861283064e+00,-2.617954204062704071e-01,3.174883839945063180e+00
3.835747020732214185e-01,8.204400370207109994e-01,3.128093622656399203e-02,5.902002327583464637e-03,-7.838710307380800657e-01,1.230143623861283064e+00,-2.617954204062704071e-01,3.175454328667830506e+00
3.835747020732214185e-01,8.204400370207109994e-01,3.128093622656399203e-02,5.902002327583464637e-03,-7.838710307380800657e-01,1.230143623861283064e+00,-2.617954204062704071e-01,3.177153117308959995e+00
3.835747020732214185e-01,8.204400370207109994e-01,3.128093622656399203e-02,5.902002327583464637e-03,-7.838710307380800657e-01,1.230143623861283064e+00,-2.617954204062704071e-01,3.177723606031727321e+00
3.835747020732214185e-01,8.204400370207109994e-01,3.128093622656399203e-02,5.902002327583464637e-03,-7.838710307380800657e-01,1.230143623861283064e+00,-2.617954204062704071e-01,3.179435072200029744e+00
3.835747020732214185e-01,8.204400370207109994e-01,3.128093622656399203e-02,5.902002327583464637e-03,-7.838710307380800657e-01,1.230143623861283064e+00,-2.617954204062704071e-01,3.180576049645564396e+00
3.835747020732214185e-01,8.204400370207109994e-01,3.128093622656399203e-02,5.902002327583464637e-03,-7.838710307380800657e-01,1.230143623861283064e+00,-2.617954204062704071e-01,3.182858004536634144e+00
3.835747020732214185e-01,8.204400370207109994e-01,3.128093622656399203e-02,5.902002327583464637e-03,-7.838710307380800657e-01,1.230143623861283064e+00,-2.617954204062704071e-01,3.183998981982168797e+00
3.835747020732214185e-01,8.204400370207109994e-01,3.128093622656399203e-02,5.902002327583464637e-03,-7.838710307380800657e-01,1.230143623861283064e+00,-2.617954204062704071e-01,3.184569470704936123e+00
3.835747020732214185e-01,8.204400370207109994e-01,3.128093622656399203e-02,5.902002327583464637e-03,-7.838710307380800657e-01,1.230143623861283064e+00,-2.617954204062704071e-01,3.187421914318773197e+00
3.835747020732214185e-01,8.204400370207109994e-01,3.128093622656399203e-02,5.902002327583464637e-03,-7.838710307380800657e-01,1.230143623861283064e+00,-2.617954204062704071e-01,3.187979725514368035e+00
3.835747020732214185e-01,8.204400370207109994e-01,3.128093622656399203e-02,5.902002327583464637e-03,-7.838710307380800657e-01,1.230143623861283064e+00,-2.617954204062704071e-01,3.190261680405437339e+00
3.835747020732214185e-01,8.204400370207109994e-01,3.128093622656399203e-02,5.902002327583464637e-03,-7.838710307380800657e-01,1.230143623861283064e+00,-2.617954204062704071e-01,3.190832169128204665e+00
3.835747020732214185e-01,8.204400370207109994e-01,3.128093622656399203e-02,5.902002327583464637e-03,-7.838710307380800657e-01,1.230143623861283064e+00,-2.617954204062704071e-01,3.193114124019274414e+00
3.835747020732214185e-01,8.204400370207109994e-01,3.128093622656399203e-02,5.902002327583464637e-03,-7.838710307380800657e-01,1.230143623861283064e+00,-2.617954204062704071e-01,3.193684612742041740e+00
3.835747020732214185e-01,8.204400370207109994e-01,3.128093622656399203e-02,5.902002327583464637e-03,-7.838710307380800657e-01,1.230143623861283064e+00,-2.617954204062704071e-01,3.195396078910343718e+00
3.835747020732214185e-01,8.204400370207109994e-01,3.128093622656399203e-02,5.902002327583464637e-03,-7.838710307380800657e-01,1.230143623861283064e+00,-2.617954204062704071e-01,3.196524378828705881e+00
3.835747020732214185e-01,8.204400370207109994e-01,3.128093622656399203e-02,5.902002327583464637e-03,-7.838710307380800657e-01,1.230143623861283064e+00,-2.617954204062704071e-01,3.198806333719775630e+00
3.835747020732214185e-01,8.204400370207109994e-01,3.128093622656399203e-02,5.902002327583464637e-03,-7.838710307380800657e-01,1.230143623861283064e+00,-2.617954204062704071e-01,3.199376822442542956e+00
3.835747020732214185e-01,8.204400370207109994e-01,3.128093622656399203e-02,5.902002327583464637e-03,-7.838710307380800657e-01,1.230143623861283064e+00,-2.617954204062704071e-01,3.201658777333612704e+00
3.835747020732214185e-01,8.204400370207109994e-01,3.128093622656399203e-02,5.902002327583464637e-03,-7.838710307380800657e-01,1.230143623861283064e+00,-2.617954204062704071e-01,3.202229266056380030e+00
3.835747020732214185e-01,8.204400370207109994e-01,3.128093622656399203e-02,5.902002327583464637e-03,-7.838710307380800657e-01,1.230143623861283064e+00,-2.617954204062704071e-01,3.203940732224682009e+00
3.835747020732214185e-01,8.204400370207109994e-01,3.128093622656399203e-02,5.902002327583464637e-03,-7.838710307380800657e-01,1.230143623861283064e+00,-2.617954204062704071e-01,3.204511220947449335e+00
3.835747020732214185e-01,8.204400370207109994e-01,3.128093622656399203e-02,5.902002327583464637e-03,-7.838710307380800657e-01,1.230143623861283064e+00,-2.617954204062704071e-01,3.206780498311346594e+00
3.835747020732214185e-01,8.204400370207109994e-01,3.128093622656399203e-02,5.902002327583464637e-03,-7.838710307380800657e-01,1.230143623861283064e+00,-2.617954204062704071e-01,3.207350987034113921e+00
3.835747020732214185e-01,8.204400370207109994e-01,3.128093622656399203e-02,5.902002327583464637e-03,-7.838710307380800657e-01,1.230143623861283064e+00,-2.617954204062704071e-01,3.209632941925183225e+00
3.835747020732214185e-01,8.204400370207109994e-01,3.128093622656399203e-02,5.902002327583464637e-03,-7.838710307380800657e-01,1.230143623861283064e+00,-2.617954204062704071e-01,3.210203430647950551e+00
3.835747020732214185e-01,8.204400370207109994e-01,3.128093622656399203e-02,5.902002327583464637e-03,-7.838710307380800657e-01,1.230143623861283064e+00,-2.617954204062704071e-01,3.211914896816252973e+00
3.835747020732214185e-01,8.204400370207109994e-01,3.128093622656399203e-02,5.902002327583464637e-03,-7.838710307380800657e-01,1.230143623861283064e+00,-2.617954204062704071e-01,3.212485385539020299e+00
3.835747020732214185e-01,8.204400370207109994e-01,3.128093622656399203e-02,5.902002327583464637e-03,-7.838710307380800657e-01,1.230143623861283064e+00,-2.617954204062704071e-01,3.214767340430089604e+00
3.835747020732214185e-01,8.204400370207109994e-01,3.128093622656399203e-02,5.902002327583464637e-03,-7.838710307380800657e-01,1.230143623861283064e+00,-2.617954204062704071e-01,3.215337829152857374e+00
3.835747020732214185e-01,8.204400370207109994e-01,3.128093622656399203e-02,5.902002327583464637e-03,-7.838710307380800657e-01,1.230143623861283064e+00,-2.617954204062704071e-01,3.217607106516754190e+00
3.835747020732214185e-01,8.204400370207109994e-01,3.128093622656399203e-02,5.902002327583464637e-03,-7.838710307380800657e-01,1.230143623861283064e+00,-2.617954204062704071e-01,3.218177595239521516e+00
3.835747020732214185e-01,8.204400370207109994e-01,3.128093622656399203e-02,5.902002327583464637e-03,-7.838710307380800657e-01,1.230143623861283064e+00,-2.617954204062704071e-01,3.220459550130591264e+00
3.835747020732214185e-01,8.204400370207109994e-01,3.128093622656399203e-02,5.902002327583464637e-03,-7.838710307380800657e-01,1.230143623861283064e+00,-2.617954204062704071e-01,3.221030038853358590e+00
3.835747020732214185e-01,8.204400370207109994e-01,3.128093622656399203e-02,5.919996237118779758e-03,-7.838710307380800657e-01,1.230143623861283064e+00,-2.617954204062704071e-01,3.223311993744427895e+00
3.835747020732214185e-01,8.204400370207109994e-01,3.128093622656399203e-02,5.902002327583464637e-03,-7.838710307380800657e-01,1.230143623861283064e+00,-2.617954204062704071e-01,3.223882482467195221e+00
3.835747020732214185e-01,8.204400370207109994e-01,3.128093622656399203e-02,5.902002327583464637e-03,-7.838710307380800657e-01,1.230143623861283064e+00,-2.617954204062704071e-01,3.225593948635497643e+00
3.835747020732214185e-01,8.204400370207109994e-01,3.128093622656399203e-02,5.902002327583464637e-03,-7.838710307380800657e-01,1.230143623861283064e+00,-2.617954204062704071e-01,3.226151759831092480e+00
3.835747020732214185e-01,8.204400370207109994e-01,3.128093622656399203e-02,5.919996237118779758e-03,-7.838710307380800657e-01,1.230143623861283064e+00,-2.617954204062704071e-01,3.228433714722161785e+00
3.835747020732214185e-01,8.204400370207109994e-01,3.128093622656399203e-02,5.902002327583464637e-03,-7.838710307380800657e-01,1.230143623861283064e+00,-2.617954204062704071e-01,3.229574692167696881e+00
3.835747020732214185e-01,8.204400370207109994e-01,3.128093622656399203e-02,5.902002327583464637e-03,-7.838710307380800657e-01,1.230143623861283064e+00,-2.617954204062704071e-01,3.231286158335998859e+00
3.835747020732214185e-01,8.204400370207109994e-01,3.128093622656399203e-02,5.902002327583464637e-03,-7.838710307380800657e-01,1.230143623861283064e+00,-2.617954204062704071e-01,3.232427135781533512e+00
3.835747020732214185e-01,8.204400370207109994e-01,3.128093622656399203e-02,5.902002327583464637e-03,-7.838710307380800657e-01,1.230143623861283064e+00,-2.617954204062704071e-01,3.234138601949835934e+00
3.835747020732214185e-01,8.204400370207109994e-01,3.128093622656399203e-02,5.902002327583464637e-03,-7.838710307380800657e-01,1.230143623861283064e+00,-2.617954204062704071e-01,3.234709090672603260e+00
3.835747020732214185e-01,8.204400370207109994e-01,3.128093622656399203e-02,5.902002327583464637e-03,-7.838710307380800657e-01,1.230143623861283064e+00,-2.617954204062704071e-01,3.236978368036500076e+00
3.835747020732214185e-01,8.204400370207109994e-01,3.128093622656399203e-02,5.902002327583464637e-03,-7.838710307380800657e-01,1.230143623861283064e+00,-2.617954204062704071e-01,3.237548856759267402e+00
3.835747020732214185e-01,8.204400370207109994e-01,3.128093622656399203e-02,5.902002327583464637e-03,-7.838710307380800657e-01,1.230143623861283064e+00,-2.617954204062704071e-01,3.239260322927569824e+00
3.835747020732214185e-01,8.204400370207109994e-01,3.128093622656399203e-02,5.902002327583464637e-03,-7.838710307380800657e-01,1.230143623861283064e+00,-2.617954204062704071e-01,3.239830811650337150e+00
3.835747020732214185e-01,8.204400370207109994e-01,3.128093622656399203e-02,5.902002327583464637e-03,-7.838710307380800657e-01,1.230143623861283064e+00,-2.617954204062704071e-01,3.241542277818639128e+00
3.835747020732214185e-01,8.204400370207109994e-01,3.128093622656399203e-02,5.902002327583464637e-03,-7.838710307380800657e-01,1.230143623861283064e+00,-2.617954204062704071e-01,3.242112766541406454e+00
3.835747020732214185e-01,8.204400370207109994e-01,3.128093622656399203e-02,5.902002327583464637e-03,-7.838710307380800657e-01,1.230143623861283064e+00,-2.617954204062704071e-01,3.244394721432476203e+00
3.835747020732214185e-01,8.204400370207109994e-01,3.128093622656399203e-02,5.902002327583464637e-03,-7.838710307380800657e-01,1.230143623861283064e+00,-2.617954204062704071e-01,3.244965210155243529e+00
3.835747020732214185e-01,8.204400370207109994e-01,3.128093622656399203e-02,5.902002327583464637e-03,-7.838710307380800657e-01,1.230143623861283064e+00,-2.617954204062704071e-01,3.246663998796373019e+00
3.835747020732214185e-01,8.204400370207109994e-01,3.128093622656399203e-02,5.902002327583464637e-03,-7.838710307380800657e-01,1.230143623861283064e+00,-2.617954204062704071e-01,3.247234487519140345e+00
3.835747020732214185e-01,8.204400370207109994e-01,3.128093622656399203e-02,5.902002327583464637e-03,-7.838710307380800657e-01,1.230143623861283064e+00,-2.617954204062704071e-01,3.249516442410210093e+00
3.835747020732214185e-01,8.204400370207109994e-01,3.128093622656399203e-02,5.902002327583464637e-03,-7.838710307380800657e-01,1.230143623861283064e+00,-2.617954204062704071e-01,3.250086931132977419e+00
3.835747020732214185e-01,8.204400370207109994e-01,3.128093622656399203e-02,5.902002327583464637e-03,-7.838710307380800657e-01,1.230143623861283064e+00,-2.617954204062704071e-01,3.251798397301279397e+00
3.835747020732214185e-01,8.204400370207109994e-01,3.128093622656399203e-02,5.902002327583464637e-03,-7.838710307380800657e-01,1.230143623861283064e+00,-2.617954204062704071e-01,3.252926697219641561e+00
3.835747020732214185e-01,8.204400370207109994e-01,3.128093622656399203e-02,5.902002327583464637e-03,-7.838710307380800657e-01,1.230143623861283064e+00,-2.617954204062704071e-01,3.255221329637883798e+00
3.835747020732214185e-01,8.204400370207109994e-01,3.128093622656399203e-02,5.902002327583464637e-03,-7.838710307380800657e-01,1.230143623861283064e+00,-2.617954204062704071e-01,3.255779140833478635e+00
3.835747020732214185e-01,8.204400370207109994e-01,3.128093622656399203e-02,5.902002327583464637e-03,-7.838710307380800657e-01,1.230143623861283064e+00,-2.617954204062704071e-01,3.258061095724548384e+00
3.835747020732214185e-01,8.204400370207109994e-01,3.128093622656399203e-02,5.902002327583464637e-03,-7.838710307380800657e-01,1.230143623861283064e+00,-2.617954204062704071e-01,3.258631584447315710e+00
3.835747020732214185e-01,8.204400370207109994e-01,3.128093622656399203e-02,5.902002327583464637e-03,-7.838710307380800657e-01,1.230143623861283064e+00,-2.617954204062704071e-01,3.260343050615617688e+00
3.835747020732214185e-01,8.204400370207109994e-01,3.128093622656399203e-02,5.902002327583464637e-03,-7.838710307380800657e-01,1.230143623861283064e+00,-2.617954204062704071e-01,3.260913539338385014e+00
3.835747020732214185e-01,8.204400370207109994e-01,3.128093622656399203e-02,5.902002327583464637e-03,-7.838710307380800657e-01,1.230143623861283064e+00,-2.617954204062704071e-01,3.263182816702282274e+00
3.835747020732214185e-01,8.204400370207109994e-01,3.128093622656399203e-02,5.902002327583464637e-03,-7.838710307380800657e-01,1.230143623861283064e+00,-2.617954204062704071e-01,3.263753305425049600e+00
3.835747020732214185e-01,8.204400370207109994e-01,3.128093622656399203e-02,5.919996237118779758e-03,-7.838710307380800657e-01,1.230143623861283064e+00,-2.617954204062704071e-01,3.264894282870584252e+00
3.835747020732214185e-01,8.204400370207109994e-01,3.128093622656399203e-02,5.902002327583464637e-03,-7.838710307380800657e-01,1.230143623861283064e+00,-2.617954204062704071e-01,3.266605749038886231e+00
3.835747020732214185e-01,8.204400370207109994e-01,3.128093622656399203e-02,5.902002327583464637e-03,-7.838710307380800657e-01,1.230143623861283064e+00,-2.617954204062704071e-01,3.267176237761654001e+00
3.835747020732214185e-01,8.204400370207109994e-01,3.128093622656399203e-02,5.902002327583464637e-03,-7.838710307380800657e-01,1.230143623861283064e+00,-2.617954204062704071e-01,3.268887703929955979e+00
3.835747020732214185e-01,8.204400370207109994e-01,3.128093622656399203e-02,5.902002327583464637e-03,-7.838710307380800657e-01,1.230143623861283064e+00,-2.617954204062704071e-01,3.269458192652723305e+00
3.835747020732214185e-01,8.204400370207109994e-01,3.128093622656399203e-02,5.902002327583464637e-03,-7.838710307380800657e-01,1.230143623861283064e+00,-2.617954204062704071e-01,3.271727470016620121e+00
3.835747020732214185e-01,8.204400370207109994e-01,3.128093622656399203e-02,5.902002327583464637e-03,-7.838710307380800657e-01,1.230143623861283064e+00,-2.617954204062704071e-01,3.272297958739387447e+00
3.835747020732214185e-01,8.204400370207109994e-01,3.128093622656399203e-02,5.902002327583464637e-03,-7.838710307380800657e-01,1.230143623861283064e+00,-2.617954204062704071e-01,3.274579913630457195e+00
3.835747020732214185e-01,8.204400370207109994e-01,3.128093622656399203e-02,5.902002327583464637e-03,-7.838710307380800657e-01,1.230143623861283064e+00,-2.617954204062704071e-01,3.275150402353224521e+00
3.835747020732214185e-01,8.204400370207109994e-01,3.128093622656399203e-02,5.919996237118779758e-03,-7.838710307380800657e-01,1.230143623861283064e+00,-2.617954204062704071e-01,3.276861868521526944e+00
3.835747020732214185e-01,8.204400370207109994e-01,3.128093622656399203e-02,5.902002327583464637e-03,-7.838710307380800657e-01,1.230143623861283064e+00,-2.617954204062704071e-01,3.278002845967061596e+00
3.835747020732214185e-01,8.204400370207109994e-01,3.128093622656399203e-02,5.902002327583464637e-03,-7.838710307380800657e-01,1.230143623861283064e+00,-2.617954204062704071e-01,3.280284800858130900e+00
3.835747020732214185e-01,8.204400370207109994e-01,3.128093622656399203e-02,5.902002327583464637e-03,-7.838710307380800657e-01,1.230143623861283064e+00,-2.617954204062704071e-01,3.280855289580898670e+00
3.835747020732214185e-01,8.204400370207109994e-01,3.128093622656399203e-02,5.902002327583464637e-03,-7.838710307380800657e-01,1.230143623861283064e+00,-2.617954204062704071e-01,3.282554078222028160e+00
3.835747020732214185e-01,8.204400370207109994e-01,3.128093622656399203e-02,5.902002327583464637e-03,-7.838710307380800657e-01,1.230143623861283064e+00,-2.617954204062704071e-01,3.283695055667562812e+00
3.835747020732214185e-01,8.204400370207109994e-01,3.128093622656399203e-02,5.902002327583464637e-03,-7.838710307380800657e-01,1.230143623861283064e+00,-2.617954204062704071e-01,3.285406521835864790e+00
3.835747020732214185e-01,8.204400370207109994e-01,3.128093622656399203e-02,5.902002327583464637e-03,-7.838710307380800657e-01,1.230143623861283064e+00,-2.617954204062704071e-01,3.285977010558632561e+00
3.835747020732214185e-01,8.204400370207109994e-01,3.128093622656399203e-02,5.902002327583464637e-03,-7.838710307380800657e-01,1.230143623861283064e+00,-2.617954204062704071e-01,3.288258965449701865e+00
3.835747020732214185e-01,8.204400370207109994e-01,3.128093622656399203e-02,5.902002327583464637e-03,-7.838710307380800657e-01,1.230143623861283064e+00,-2.617954204062704071e-01,3.289970431618003843e+00
3.835747020732214185e-01,8.204400370207109994e-01,3.128093622656399203e-02,5.902002327583464637e-03,-7.838710307380800657e-01,1.230143623861283064e+00,-2.617954204062704071e-01,3.291111409063538940e+00
3.835747020732214185e-01,8.204400370207109994e-01,3.128093622656399203e-02,5.902002327583464637e-03,-7.838710307380800657e-01,1.230143623861283064e+00,-2.617954204062704071e-01,3.292810197704668429e+00
3.835747020732214185e-01,8.204400370207109994e-01,3.128093622656399203e-02,5.902002327583464637e-03,-7.838710307380800657e-01,1.230143623861283064e+00,-2.617954204062704071e-01,3.293380686427435755e+00
3.835747020732214185e-01,8.204400370207109994e-01,3.128093622656399203e-02,5.902002327583464637e-03,-7.838710307380800657e-01,1.230143623861283064e+00,-2.617954204062704071e-01,3.295092152595737733e+00
3.835747020732214185e-01,8.204400370207109994e-01,3.128093622656399203e-02,5.902002327583464637e-03,-7.838710307380800657e-01,1.230143623861283064e+00,-2.617954204062704071e-01,3.296233130041272830e+00
3.835747020732214185e-01,8.204400370207109994e-01,3.128093622656399203e-02,5.902002327583464637e-03,-7.838710307380800657e-01,1.230143623861283064e+00,-2.617954204062704071e-01,3.297944596209574808e+00
3.835747020732214185e-01,8.204400370207109994e-01,3.128093622656399203e-02,5.902002327583464637e-03,-7.838710307380800657e-01,1.230143623861283064e+00,-2.617954204062704071e-01,3.298515084932342134e+00
3.835747020732214185e-01,8.204400370207109994e-01,3.128093622656399203e-02,5.902002327583464637e-03,-7.838710307380800657e-01,1.230143623861283064e+00,-2.617954204062704071e-01,3.301367528546179209e+00
3.835747020732214185e-01,8.204400370207109994e-01,3.128093622656399203e-02,5.902002327583464637e-03,-7.838710307380800657e-01,1.230143623861283064e+00,-2.617954204062704071e-01,3.301938017268946535e+00
3.835747020732214185e-01,8.204400370207109994e-01,3.128093622656399203e-02,5.902002327583464637e-03,-7.838710307380800657e-01,1.230143623861283064e+00,-2.617954204062704071e-01,3.303636805910076024e+00
3.835747020732214185e-01,8.204400370207109994e-01,3.128093622656399203e-02,5.902002327583464637e-03,-7.838710307380800657e-01,1.230143623861283064e+00,-2.617954204062704071e-01,3.304777783355611120e+00
3.835747020732214185e-01,8.204400370207109994e-01,3.128093622656399203e-02,5.902002327583464637e-03,-7.838710307380800657e-01,1.230143623861283064e+00,-2.617954204062704071e-01,3.307059738246680425e+00
3.835747020732214185e-01,8.204400370207109994e-01,3.128093622656399203e-02,5.902002327583464637e-03,-7.838710307380800657e-01,1.230143623861283064e+00,-2.617954204062704071e-01,3.307630226969447751e+00
3.835747020732214185e-01,8.204400370207109994e-01,3.128093622656399203e-02,5.902002327583464637e-03,-7.838710307380800657e-01,1.230143623861283064e+00,-2.617954204062704071e-01,3.309912181860517499e+00
3.835747020732214185e-01,8.204400370207109994e-01,3.128093622656399203e-02,5.902002327583464637e-03,-7.838710307380800657e-01,1.230143623861283064e+00,-2.617954204062704071e-01,3.310482670583284825e+00
3.835747020732214185e-01,8.204400370207109994e-01,3.128093622656399203e-02,5.902002327583464637e-03,-7.838710307380800657e-01,1.230143623861283064e+00,-2.617954204062704071e-01,3.312194136751586804e+00
3.835747020732214185e-01,8.204400370207109994e-01,3.128093622656399203e-02,5.902002327583464637e-03,-7.838710307380800657e-01,1.230143623861283064e+00,-2.617954204062704071e-01,3.313335114197121900e+00
3.835747020732214185e-01,8.204400370207109994e-01,3.128093622656399203e-02,5.902002327583464637e-03,-7.838710307380800657e-01,1.230143623861283064e+00,-2.617954204062704071e-01,3.315033902838251390e+00
3.835747020732214185e-01,8.204400370207109994e-01,3.128093622656399203e-02,5.902002327583464637e-03,-7.838710307380800657e-01,1.230143623861283064e+00,-2.617954204062704071e-01,3.316174880283786042e+00
3.835747020732214185e-01,8.204400370207109994e-01,3.128093622656399203e-02,5.902002327583464637e-03,-7.838710307380800657e-01,1.230143623861283064e+00,-2.617954204062704071e-01,3.317886346452088020e+00
3.835747020732214185e-01,8.204400370207109994e-01,3.128093622656399203e-02,5.902002327583464637e-03,-7.838710307380800657e-01,1.230143623861283064e+00,-2.617954204062704071e-01,3.319027323897623116e+00
3.835747020732214185e-01,8.204400370207109994e-01,3.128093622656399203e-02,5.919996237118779758e-03,-7.838710307380800657e-01,1.230143623861283064e+00,-2.617954204062704071e-01,3.321309278788692421e+00
3.835747020732214185e-01,8.204400370207109994e-01,3.128093622656399203e-02,5.902002327583464637e-03,-7.838710307380800657e-01,1.230143623861283064e+00,-2.617954204062704071e-01,3.321867089984287258e+00
3.835747020732214185e-01,8.204400370207109994e-01,3.128093622656399203e-02,5.902002327583464637e-03,-7.838710307380800657e-01,1.230143623861283064e+00,-2.617954204062704071e-01,3.324149044875357006e+00
3.835747020732214185e-01,8.204400370207109994e-01,3.128093622656399203e-02,5.902002327583464637e-03,-7.838710307380800657e-01,1.230143623861283064e+00,-2.617954204062704071e-01,3.324719533598124332e+00
3.835747020732214185e-01,8.204400370207109994e-01,3.128093622656399203e-02,5.919996237118779758e-03,-7.838710307380800657e-01,1.230143623861283064e+00,-2.617954204062704071e-01,3.326430999766426311e+00
3.835747020732214185e-01,8.204400370207109994e-01,3.128093622656399203e-02,5.902002327583464637e-03,-7.838710307380800657e-01,1.230143623861283064e+00,-2.617954204062704071e-01,3.327001488489193637e+00
3.835747020732214185e-01,8.204400370207109994e-01,3.128093622656399203e-02,5.902002327583464637e-03,-7.838710307380800657e-01,1.230143623861283064e+00,-2.617954204062704071e-01,3.328142465934728733e+00
3.835747020732214185e-01,8.204400370207109994e-01,3.128093622656399203e-02,5.902002327583464637e-03,-7.838710307380800657e-01,1.230143623861283064e+00,-2.617954204062704071e-01,3.329853932103030711e+00
3.835747020732214185e-01,8.204400370207109994e-01,3.128093622656399203e-02,5.902002327583464637e-03,-7.838710307380800657e-01,1.230143623861283064e+00,-2.617954204062704071e-01,3.330411743298625549e+00
3.835747020732214185e-01,8.204400370207109994e-01,3.128093622656399203e-02,5.902002327583464637e-03,-7.838710307380800657e-01,1.230143623861283064e+00,-2.617954204062704071e-01,3.332123209466927527e+00
3.835747020732214185e-01,8.204400370207109994e-01,3.128093622656399203e-02,5.902002327583464637e-03,-7.838710307380800657e-01,1.230143623861283064e+00,-2.617954204062704071e-01,3.333264186912462623e+00
3.835747020732214185e-01,8.204400370207109994e-01,3.128093622656399203e-02,5.902002327583464637e-03,-7.838710307380800657e-01,1.230143623861283064e+00,-2.617954204062704071e-01,3.334975653080764602e+00
3.835747020732214185e-01,8.204400370207109994e-01,3.128093622656399203e-02,5.902002327583464637e-03,-7.838710307380800657e-01,1.230143623861283064e+00,-2.617954204062704071e-01,3.335546141803531928e+00
3.835747020732214185e-01,8.204400370207109994e-01,3.128093622656399203e-02,5.902002327583464637e-03,-7.838710307380800657e-01,1.230143623861283064e+00,-2.617954204062704071e-01,3.337828096694601676e+00
3.835747020732214185e-01,8.204400370207109994e-01,3.128093622656399203e-02,5.902002327583464637e-03,-7.838710307380800657e-01,1.230143623861283064e+00,-2.617954204062704071e-01,3.338398585417369002e+00
3.835747020732214185e-01,8.204400370207109994e-01,3.128093622656399203e-02,5.902002327583464637e-03,-7.838710307380800657e-01,1.230143623861283064e+00,-2.617954204062704071e-01,3.340110051585670981e+00
3.835747020732214185e-01,8.204400370207109994e-01,3.128093622656399203e-02,5.902002327583464637e-03,-7.838710307380800657e-01,1.230143623861283064e+00,-2.617954204062704071e-01,3.340680540308438307e+00
3.835747020732214185e-01,8.204400370207109994e-01,3.128093622656399203e-02,5.902002327583464637e-03,-7.838710307380800657e-01,1.230143623861283064e+00,-2.617954204062704071e-01,3.343520306395102892e+00
3.835747020732214185e-01,8.204400370207109994e-01,3.128093622656399203e-02,5.902002327583464637e-03,-7.838710307380800657e-01,1.230143623861283064e+00,-2.617954204062704071e-01,3.344090795117870218e+00
3.835747020732214185e-01,8.204400370207109994e-01,3.128093622656399203e-02,5.902002327583464637e-03,-7.838710307380800657e-01,1.230143623861283064e+00,-2.617954204062704071e-01,3.346372750008939523e+00
3.835747020732214185e-01,8.204400370207109994e-01,3.128093622656399203e-02,5.902002327583464637e-03,-7.838710307380800657e-01,1.230143623861283064e+00,-2.617954204062704071e-01,3.347513727454474619e+00
3.835747020732214185e-01,8.204400370207109994e-01,3.128093622656399203e-02,5.902002327583464637e-03,-7.838710307380800657e-01,1.230143623861283064e+00,-2.617954204062704071e-01,3.348084216177241945e+00
3.835747020732214185e-01,8.204400370207109994e-01,3.128093622656399203e-02,5.902002327583464637e-03,-7.838710307380800657e-01,1.230143623861283064e+00,-2.617954204062704071e-01,3.350353493541138761e+00
3.835747020732214185e-01,8.204400370207109994e-01,3.128093622656399203e-02,5.902002327583464637e-03,-7.838710307380800657e-01,1.230143623861283064e+00,-2.617954204062704071e-01,3.350923982263906087e+00
3.835747020732214185e-01,8.204400370207109994e-01,3.128093622656399203e-02,5.902002327583464637e-03,-7.838710307380800657e-01,1.230143623861283064e+00,-2.617954204062704071e-01,3.353205937154975835e+00
3.835747020732214185e-01,8.204400370207109994e-01,3.128093622656399203e-02,5.902002327583464637e-03,-7.838710307380800657e-01,1.230143623861283064e+00,-2.617954204062704071e-01,3.353776425877743161e+00
3.835747020732214185e-01,8.204400370207109994e-01,3.128093622656399203e-02,5.902002327583464637e-03,-7.838710307380800657e-01,1.230143623861283064e+00,-2.617954204062704071e-01,3.355487892046045140e+00
3.835747020732214185e-01,8.204400370207109994e-01,3.128093622656399203e-02,5.902002327583464637e-03,-7.838710307380800657e-01,1.230143623861283064e+00,-2.617954204062704071e-01,3.356045703241639977e+00
3.835747020732214185e-01,8.204400370207109994e-01,3.128093622656399203e-02,5.902002327583464637e-03,-7.838710307380800657e-01,1.230143623861283064e+00,-2.617954204062704071e-01,3.358327658132709725e+00
3.835747020732214185e-01,8.204400370207109994e-01,3.128093622656399203e-02,5.902002327583464637e-03,-7.838710307380800657e-01,1.230143623861283064e+00,-2.617954204062704071e-01,3.360039124301011704e+00
3.835747020732214185e-01,8.204400370207109994e-01,3.128093622656399203e-02,5.902002327583464637e-03,-7.838710307380800657e-01,1.230143623861283064e+00,-2.617954204062704071e-01,3.360609613023779030e+00
3.835747020732214185e-01,8.204400370207109994e-01,3.128093622656399203e-02,5.902002327583464637e-03,-7.838710307380800657e-01,1.230143623861283064e+00,-2.617954204062704071e-01,3.362321079192081452e+00
3.835747020732214185e-01,8.204400370207109994e-01,3.128093622656399203e-02,5.902002327583464637e-03,-7.838710307380800657e-01,1.230143623861283064e+00,-2.617954204062704071e-01,3.363462056637616104e+00
3.835747020732214185e-01,8.204400370207109994e-01,3.128093622656399203e-02,5.902002327583464637e-03,-7.838710307380800657e-01,1.230143623861283064e+00,-2.617954204062704071e-01,3.365744011528685853e+00
3.835747020732214185e-01,8.204400370207109994e-01,3.128093622656399203e-02,5.902002327583464637e-03,-7.838710307380800657e-01,1.230143623861283064e+00,-2.617954204062704071e-01,3.366314500251453179e+00
3.835747020732214185e-01,8.204400370207109994e-01,3.128093622656399203e-02,5.902002327583464637e-03,-7.838710307380800657e-01,1.230143623861283064e+00,-2.617954204062704071e-01,3.368013288892582668e+00
3.835747020732214185e-01,8.204400370207109994e-01,3.128093622656399203e-02,5.902002327583464637e-03,-7.838710307380800657e-01,1.230143623861283064e+00,-2.617954204062704071e-01,3.369154266338117321e+00
3.835747020732214185e-01,8.204400370207109994e-01,3.128093622656399203e-02,5.902002327583464637e-03,-7.838710307380800657e-01,1.230143623861283064e+00,-2.617954204062704071e-01,3.371436221229187069e+00
3.835747020732214185e-01,8.204400370207109994e-01,3.128093622656399203e-02,5.902002327583464637e-03,-7.838710307380800657e-01,1.230143623861283064e+00,-2.617954204062704071e-01,3.372577198674721721e+00
3.835747020732214185e-01,8.204400370207109994e-01,3.128093622656399203e-02,5.902002327583464637e-03,-7.838710307380800657e-01,1.230143623861283064e+00,-2.617954204062704071e-01,3.373147687397489047e+00
3.835747020732214185e-01,8.204400370207109994e-01,3.128093622656399203e-02,5.902002327583464637e-03,-7.838710307380800657e-01,1.230143623861283064e+00,-2.617954204062704071e-01,3.375429642288558796e+00
3.835747020732214185e-01,8.204400370207109994e-01,3.128093622656399203e-02,5.902002327583464637e-03,-7.838710307380800657e-01,1.230143623861283064e+00,-2.617954204062704071e-01,3.375987453484153633e+00
3.835747020732214185e-01,8.204400370207109994e-01,3.128093622656399203e-02,5.902002327583464637e-03,-7.838710307380800657e-01,1.230143623861283064e+00,-2.617954204062704071e-01,3.377698919652455611e+00
3.835747020732214185e-01,8.204400370207109994e-01,3.128093622656399203e-02,5.902002327583464637e-03,-7.838710307380800657e-01,1.230143623861283064e+00,-2.617954204062704071e-01,3.378839897097990264e+00
3.835747020732214185e-01,8.204400370207109994e-01,3.128093622656399203e-02,5.902002327583464637e-03,-7.838710307380800657e-01,1.230143623861283064e+00,-2.617954204062704071e-01,3.380551363266292686e+00
3.835747020732214185e-01,8.204400370207109994e-01,3.128093622656399203e-02,5.902002327583464637e-03,-7.838710307380800657e-01,1.230143623861283064e+00,-2.617954204062704071e-01,3.381121851989060012e+00
3.835747020732214185e-01,8.204400370207109994e-01,3.128093622656399203e-02,5.902002327583464637e-03,-7.838710307380800657e-01,1.230143623861283064e+00,-2.617954204062704071e-01,3.383403806880129316e+00
3.835747020732214185e-01,8.204400370207109994e-01,3.128093622656399203e-02,5.902002327583464637e-03,-7.838710307380800657e-01,1.230143623861283064e+00,-2.617954204062704071e-01,3.383974295602896643e+00
3.835747020732214185e-01,8.204400370207109994e-01,3.128093622656399203e-02,5.902002327583464637e-03,-7.838710307380800657e-01,1.230143623861283064e+00,-2.617954204062704071e-01,3.385685761771199065e+00
3.835747020732214185e-01,8.204400370207109994e-01,3.128093622656399203e-02,5.902002327583464637e-03,-7.838710307380800657e-01,1.230143623861283064e+00,-2.617954204062704071e-01,3.386243572966793902e+00
3.835747020732214185e-01,8.204400370207109994e-01,3.128093622656399203e-02,5.902002327583464637e-03,-7.838710307380800657e-01,1.230143623861283064e+00,-2.617954204062704071e-01,3.388525527857863207e+00
3.835747020732214185e-01,8.204400370207109994e-01,3.128093622656399203e-02,5.902002327583464637e-03,-7.838710307380800657e-01,1.230143623861283064e+00,-2.617954204062704071e-01,3.389096016580630533e+00
3.835747020732214185e-01,8.204400370207109994e-01,3.128093622656399203e-02,5.902002327583464637e-03,-7.838710307380800657e-01,1.230143623861283064e+00,-2.617954204062704071e-01,3.390820160276105444e+00
3.835747020732214185e-01,8.204400370207109994e-01,3.128093622656399203e-02,5.902002327583464637e-03,-7.838710307380800657e-01,1.230143623861283064e+00,-2.617954204062704071e-01,3.391948460194467607e+00
3.835747020732214185e-01,8.204400370207109994e-01,3.128093622656399203e-02,5.902002327583464637e-03,-7.838710307380800657e-01,1.230143623861283064e+00,-2.617954204062704071e-01,3.393659926362770030e+00
3.835747020732214185e-01,8.204400370207109994e-01,3.128093622656399203e-02,5.919996237118779758e-03,-7.838710307380800657e-01,1.230143623861283064e+00,-2.617954204062704071e-01,3.394230415085537356e+00
3.835747020732214185e-01,8.204400370207109994e-01,3.128093622656399203e-02,5.902002327583464637e-03,-7.838710307380800657e-01,1.230143623861283064e+00,-2.617954204062704071e-01,3.396512369976606660e+00
3.835747020732214185e-01,8.204400370207109994e-01,3.128093622656399203e-02,5.902002327583464637e-03,-7.838710307380800657e-01,1.230143623861283064e+00,-2.617954204062704071e-01,3.397082858699373986e+00
3.835747020732214185e-01,8.204400370207109994e-01,3.128093622656399203e-02,5.902002327583464637e-03,-7.838710307380800657e-01,1.230143623861283064e+00,-2.617954204062704071e-01,3.398781647340503920e+00
3.835747020732214185e-01,8.204400370207109994e-01,3.128093622656399203e-02,5.902002327583464637e-03,-7.838710307380800657e-01,1.230143623861283064e+00,-2.617954204062704071e-01,3.399352136063271246e+00
3.835747020732214185e-01,8.204400370207109994e-01,3.128093622656399203e-02,5.902002327583464637e-03,-7.838710307380800657e-01,1.230143623861283064e+00,-2.617954204062704071e-01,3.402204579677107876e+00
3.835747020732214185e-01,8.204400370207109994e-01,3.128093622656399203e-02,5.902002327583464637e-03,-7.838710307380800657e-01,1.230143623861283064e+00,-2.617954204062704071e-01,3.402775068399875202e+00
3.835747020732214185e-01,8.204400370207109994e-01,3.128093622656399203e-02,5.902002327583464637e-03,-7.838710307380800657e-01,1.230143623861283064e+00,-2.617954204062704071e-01,3.405057023290944951e+00
3.835747020732214185e-01,8.204400370207109994e-01,3.128093622656399203e-02,5.902002327583464637e-03,-7.838710307380800657e-01,1.230143623861283064e+00,-2.617954204062704071e-01,3.405627512013712277e+00
3.835747020732214185e-01,8.204400370207109994e-01,3.128093622656399203e-02,5.902002327583464637e-03,-7.838710307380800657e-01,1.230143623861283064e+00,-2.617954204062704071e-01,3.407326300654841766e+00
3.835747020732214185e-01,8.204400370207109994e-01,3.128093622656399203e-02,5.902002327583464637e-03,-7.838710307380800657e-01,1.230143623861283064e+00,-2.617954204062704071e-01,3.408467278100376863e+00
3.835747020732214185e-01,8.204400370207109994e-01,3.128093622656399203e-02,5.902002327583464637e-03,-7.838710307380800657e-01,1.230143623861283064e+00,-2.617954204062704071e-01,3.410178744268678841e+00
3.835747020732214185e-01,8.204400370207109994e-01,3.128093622656399203e-02,5.902002327583464637e-03,-7.838710307380800657e-01,1.230143623861283064e+00,-2.617954204062704071e-01,3.410749232991446167e+00
3.835747020732214185e-01,8.204400370207109994e-01,3.128093622656399203e-02,5.902002327583464637e-03,-7.838710307380800657e-01,1.230143623861283064e+00,-2.617954204062704071e-01,3.412460699159748589e+00
3.835747020732214185e-01,8.204400370207109994e-01,3.128093622656399203e-02,5.902002327583464637e-03,-7.838710307380800657e-01,1.230143623861283064e+00,-2.617954204062704071e-01,3.413031187882515916e+00
3.835747020732214185e-01,8.204400370207109994e-01,3.128093622656399203e-02,5.902002327583464637e-03,-7.838710307380800657e-01,1.230143623861283064e+00,-2.617954204062704071e-01,3.415313142773585220e+00
3.835747020732214185e-01,8.204400370207109994e-01,3.128093622656399203e-02,5.902002327583464637e-03,-7.838710307380800657e-01,1.230143623861283064e+00,-2.617954204062704071e-01,3.415883631496352546e+00
3.835747020732214185e-01,8.204400370207109994e-01,3.128093622656399203e-02,5.902002327583464637e-03,-7.838710307380800657e-01,1.230143623861283064e+00,-2.617954204062704071e-01,3.417582420137482480e+00
3.835747020732214185e-01,8.204400370207109994e-01,3.128093622656399203e-02,5.902002327583464637e-03,-7.838710307380800657e-01,1.230143623861283064e+00,-2.617954204062704071e-01,3.418723397583017132e+00
3.835747020732214185e-01,8.204400370207109994e-01,3.128093622656399203e-02,5.902002327583464637e-03,-7.838710307380800657e-01,1.230143623861283064e+00,-2.617954204062704071e-01,3.420434863751319110e+00
3.835747020732214185e-01,8.204400370207109994e-01,3.128093622656399203e-02,5.902002327583464637e-03,-7.838710307380800657e-01,1.230143623861283064e+00,-2.617954204062704071e-01,3.421005352474086436e+00
3.835747020732214185e-01,8.204400370207109994e-01,3.128093622656399203e-02,5.902002327583464637e-03,-7.838710307380800657e-01,1.230143623861283064e+00,-2.617954204062704071e-01,3.422716818642388859e+00
3.835747020732214185e-01,8.204400370207109994e-01,3.128093622656399203e-02,5.902002327583464637e-03,-7.838710307380800657e-01,1.230143623861283064e+00,-2.617954204062704071e-01,3.423287307365156185e+00
3.835747020732214185e-01,8.204400370207109994e-01,3.128093622656399203e-02,5.902002327583464637e-03,-7.838710307380800657e-01,1.230143623861283064e+00,-2.617954204062704071e-01,3.425569262256225489e+00
3.835747020732214185e-01,8.204400370207109994e-01,3.128093622656399203e-02,5.902002327583464637e-03,-7.838710307380800657e-01,1.230143623861283064e+00,-2.617954204062704071e-01,3.426127073451820326e+00
3.835747020732214185e-01,8.204400370207109994e-01,3.128093622656399203e-02,5.902002327583464637e-03,-7.838710307380800657e-01,1.230143623861283064e+00,-2.617954204062704071e-01,3.427838539620122749e+00
3.835747020732214185e-01,8.204400370207109994e-01,3.128093622656399203e-02,5.902002327583464637e-03,-7.838710307380800657e-01,1.230143623861283064e+00,-2.617954204062704071e-01,3.428409028342890075e+00
3.835747020732214185e-01,8.204400370207109994e-01,3.128093622656399203e-02,5.902002327583464637e-03,-7.838710307380800657e-01,1.230143623861283064e+00,-2.617954204062704071e-01,3.430690983233959379e+00
3.835747020732214185e-01,8.204400370207109994e-01,3.128093622656399203e-02,5.902002327583464637e-03,-7.838710307380800657e-01,1.230143623861283064e+00,-2.617954204062704071e-01,3.431831960679494475e+00
3.835747020732214185e-01,8.204400370207109994e-01,3.128093622656399203e-02,5.902002327583464637e-03,-7.838710307380800657e-01,1.230143623861283064e+00,-2.617954204062704071e-01,3.432972938125029128e+00
3.835747020732214185e-01,8.204400370207109994e-01,3.128093622656399203e-02,5.902002327583464637e-03,-7.838710307380800657e-01,1.230143623861283064e+00,-2.617954204062704071e-01,3.435254893016098432e+00
3.835747020732214185e-01,8.204400370207109994e-01,3.128093622656399203e-02,5.902002327583464637e-03,-7.838710307380800657e-01,1.230143623861283064e+00,-2.617954204062704071e-01,3.435812704211693269e+00
3.835747020732214185e-01,8.204400370207109994e-01,3.128093622656399203e-02,5.902002327583464637e-03,-7.838710307380800657e-01,1.230143623861283064e+00,-2.617954204062704071e-01,3.437524170379995692e+00
3.835747020732214185e-01,8.204400370207109994e-01,3.128093622656399203e-02,5.902002327583464637e-03,-7.838710307380800657e-01,1.230143623861283064e+00,-2.617954204062704071e-01,3.438094659102763018e+00
3.835747020732214185e-01,8.204400370207109994e-01,3.128093622656399203e-02,5.902002327583464637e-03,-7.838710307380800657e-01,1.230143623861283064e+00,-2.617954204062704071e-01,3.440376613993832322e+00
3.835747020732214185e-01,8.204400370207109994e-01,3.128093622656399203e-02,5.902002327583464637e-03,-7.838710307380800657e-01,1.230143623861283064e+00,-2.617954204062704071e-01,3.440947102716600092e+00
3.835747020732214185e-01,8.204400370207109994e-01,3.128093622656399203e-02,5.902002327583464637e-03,-7.838710307380800657e-01,1.230143623861283064e+00,-2.617954204062704071e-01,3.443799546330436723e+00
3.835747020732214185e-01,8.204400370207109994e-01,3.128093622656399203e-02,5.902002327583464637e-03,-7.838710307380800657e-01,1.230143623861283064e+00,-2.617954204062704071e-01,3.444370035053204049e+00
3.835747020732214185e-01,8.204400370207109994e-01,3.128093622656399203e-02,5.902002327583464637e-03,-7.838710307380800657e-01,1.230143623861283064e+00,-2.617954204062704071e-01,3.446639312417101308e+00
3.835747020732214185e-01,8.204400370207109994e-01,3.128093622656399203e-02,5.902002327583464637e-03,-7.838710307380800657e-01,1.230143623861283064e+00,-2.617954204062704071e-01,3.447209801139868635e+00
3.835747020732214185e-01,8.204400370207109994e-01,3.128093622656399203e-02,5.902002327583464637e-03,-7.838710307380800657e-01,1.230143623861283064e+00,-2.617954204062704071e-01,3.448921267308170613e+00
3.835747020732214185e-01,8.204400370207109994e-01,3.128093622656399203e-02,5.902002327583464637e-03,-7.838710307380800657e-01,1.230143623861283064e+00,-2.617954204062704071e-01,3.450049567226532776e+00
3.835747020732214185e-01,8.204400370207109994e-01,3.128093622656399203e-02,5.902002327583464637e-03,-7.838710307380800657e-01,1.230143623861283064e+00,-2.617954204062704071e-01,3.452344199644775014e+00
3.835747020732214185e-01,8.204400370207109994e-01,3.128093622656399203e-02,5.902002327583464637e-03,-7.838710307380800657e-01,1.230143623861283064e+00,-2.617954204062704071e-01,3.452914688367542340e+00
3.835747020732214185e-01,8.204400370207109994e-01,3.128093622656399203e-02,5.902002327583464637e-03,-7.838710307380800657e-01,1.230143623861283064e+00,-2.617954204062704071e-01,3.454613477008671829e+00
3.835747020732214185e-01,8.204400370207109994e-01,3.128093622656399203e-02,5.902002327583464637e-03,-7.838710307380800657e-01,1.230143623861283064e+00,-2.617954204062704071e-01,3.455183965731439599e+00
3.835747020732214185e-01,8.204400370207109994e-01,3.128093622656399203e-02,5.902002327583464637e-03,-7.838710307380800657e-01,1.230143623861283064e+00,-2.617954204062704071e-01,3.458036409345276230e+00
3.835747020732214185e-01,8.204400370207109994e-01,3.128093622656399203e-02,5.902002327583464637e-03,-7.838710307380800657e-01,1.230143623861283064e+00,-2.617954204062704071e-01,3.458606898068043556e+00
3.835747020732214185e-01,8.204400370207109994e-01,3.128093622656399203e-02,5.902002327583464637e-03,-7.838710307380800657e-01,1.230143623861283064e+00,-2.617954204062704071e-01,3.460318364236345978e+00
3.835747020732214185e-01,8.204400370207109994e-01,3.128093622656399203e-02,5.902002327583464637e-03,-7.838710307380800657e-01,1.230143623861283064e+00,-2.617954204062704071e-01,3.460888852959113304e+00
3.835747020732214185e-01,8.204400370207109994e-01,3.128093622656399203e-02,5.902002327583464637e-03,-7.838710307380800657e-01,1.230143623861283064e+00,-2.617954204062704071e-01,3.462029830404647956e+00
3.835747020732214185e-01,8.204400370207109994e-01,3.128093622656399203e-02,5.902002327583464637e-03,-7.838710307380800657e-01,1.230143623861283064e+00,-2.617954204062704071e-01,3.464311785295717705e+00
3.835747020732214185e-01,8.204400370207109994e-01,3.128093622656399203e-02,5.902002327583464637e-03,-7.838710307380800657e-01,1.230143623861283064e+00,-2.617954204062704071e-01,3.464882274018485031e+00
3.835747020732214185e-01,8.204400370207109994e-01,3.128093622656399203e-02,5.902002327583464637e-03,-7.838710307380800657e-01,1.230143623861283064e+00,-2.617954204062704071e-01,3.467151551382381847e+00
3.835747020732214185e-01,8.204400370207109994e-01,3.128093622656399203e-02,5.902002327583464637e-03,-7.838710307380800657e-01,1.230143623861283064e+00,-2.617954204062704071e-01,3.468292528827916499e+00
3.835747020732214185e-01,8.204400370207109994e-01,3.128093622656399203e-02,5.902002327583464637e-03,-7.838710307380800657e-01,1.230143623861283064e+00,-2.617954204062704071e-01,3.470003994996218921e+00
3.835747020732214185e-01,8.204400370207109994e-01,3.128093622656399203e-02,5.902002327583464637e-03,-7.838710307380800657e-01,1.230143623861283064e+00,-2.617954204062704071e-01,3.470574483718986247e+00
3.835747020732214185e-01,8.204400370207109994e-01,3.128093622656399203e-02,5.902002327583464637e-03,-7.838710307380800657e-01,1.230143623861283064e+00,-2.617954204062704071e-01,3.472285949887288226e+00
3.835747020732214185e-01,8.204400370207109994e-01,3.128093622656399203e-02,5.902002327583464637e-03,-7.838710307380800657e-01,1.230143623861283064e+00,-2.617954204062704071e-01,3.472856438610055552e+00
3.835747020732214185e-01,8.204400370207109994e-01,3.128093622656399203e-02,5.902002327583464637e-03,-7.838710307380800657e-01,1.230143623861283064e+00,-2.617954204062704071e-01,3.475138393501125300e+00
3.835747020732214185e-01,8.204400370207109994e-01,3.128093622656399203e-02,5.902002327583464637e-03,-7.838710307380800657e-01,1.230143623861283064e+00,-2.617954204062704071e-01,3.476279370946659952e+00
3.835747020732214185e-01,8.204400370207109994e-01,3.128093622656399203e-02,5.902002327583464637e-03,-7.838710307380800657e-01,1.230143623861283064e+00,-2.617954204062704071e-01,3.477978159587789442e+00
3.835747020732214185e-01,8.204400370207109994e-01,3.128093622656399203e-02,5.902002327583464637e-03,-7.838710307380800657e-01,1.230143623861283064e+00,-2.617954204062704071e-01,3.478548648310557212e+00
3.835747020732214185e-01,8.204400370207109994e-01,3.128093622656399203e-02,5.902002327583464637e-03,-7.838710307380800657e-01,1.230143623861283064e+00,-2.617954204062704071e-01,3.480830603201626516e+00
3.835747020732214185e-01,8.204400370207109994e-01,3.128093622656399203e-02,5.902002327583464637e-03,-7.838710307380800657e-01,1.230143623861283064e+00,-2.617954204062704071e-01,3.481401091924393842e+00
3.835747020732214185e-01,8.204400370207109994e-01,3.128093622656399203e-02,5.902002327583464637e-03,-7.838710307380800657e-01,1.230143623861283064e+00,-2.617954204062704071e-01,3.484253535538230917e+00
3.835747020732214185e-01,8.204400370207109994e-01,3.128093622656399203e-02,5.902002327583464637e-03,-7.838710307380800657e-01,1.230143623861283064e+00,-2.617954204062704071e-01,3.484824024260998243e+00
3.835747020732214185e-01,8.204400370207109994e-01,3.128093622656399203e-02,5.902002327583464637e-03,-7.838710307380800657e-01,1.230143623861283064e+00,-2.617954204062704071e-01,3.486522812902127733e+00
3.835747020732214185e-01,8.204400370207109994e-01,3.128093622656399203e-02,5.902002327583464637e-03,-7.838710307380800657e-01,1.230143623861283064e+00,-2.617954204062704071e-01,3.487663790347662829e+00
3.835747020732214185e-01,8.204400370207109994e-01,3.128093622656399203e-02,5.919996237118779758e-03,-7.838710307380800657e-01,1.230143623861283064e+00,-2.617954204062704071e-01,3.489375256515964807e+00
3.835747020732214185e-01,8.204400370207109994e-01,3.128093622656399203e-02,5.902002327583464637e-03,-7.838710307380800657e-01,1.230143623861283064e+00,-2.617954204062704071e-01,3.489945745238732133e+00
3.835747020732214185e-01,8.204400370207109994e-01,3.128093622656399203e-02,5.902002327583464637e-03,-7.838710307380800657e-01,1.230143623861283064e+00,-2.617954204062704071e-01,3.492215022602628949e+00
3.835747020732214185e-01,8.204400370207109994e-01,3.128093622656399203e-02,5.902002327583464637e-03,-7.838710307380800657e-01,1.230143623861283064e+00,-2.617954204062704071e-01,3.493356000048164045e+00
3.835747020732214185e-01,8.204400370207109994e-01,3.128093622656399203e-02,5.902002327583464637e-03,-7.838710307380800657e-01,1.230143623861283064e+00,-2.617954204062704071e-01,3.495067466216466023e+00
3.835747020732214185e-01,8.204400370207109994e-01,3.128093622656399203e-02,5.902002327583464637e-03,-7.838710307380800657e-01,1.230143623861283064e+00,-2.617954204062704071e-01,3.495637954939233349e+00
3.835747020732214185e-01,8.204400370207109994e-01,3.128093622656399203e-02,5.902002327583464637e-03,-7.838710307380800657e-01,1.230143623861283064e+00,-2.617954204062704071e-01,3.497919909830303098e+00
3.835747020732214185e-01,8.204400370207109994e-01,3.128093622656399203e-02,5.902002327583464637e-03,-7.838710307380800657e-01,1.230143623861283064e+00,-2.617954204062704071e-01,3.498490398553070424e+00
3.835747020732214185e-01,8.204400370207109994e-01,3.128093622656399203e-02,5.902002327583464637e-03,-7.838710307380800657e-01,1.230143623861283064e+00,-2.617954204062704071e-01,3.501330164639734566e+00
3.835747020732214185e-01,8.204400370207109994e-01,3.128093622656399203e-02,5.902002327583464637e-03,-7.838710307380800657e-01,1.230143623861283064e+00,-2.617954204062704071e-01,3.501900653362501892e+00
3.835747020732214185e-01,8.204400370207109994e-01,3.128093622656399203e-02,5.902002327583464637e-03,-7.838710307380800657e-01,1.230143623861283064e+00,-2.617954204062704071e-01,3.504182608253571640e+00
3.835747020732214185e-01,8.204400370207109994e-01,3.128093622656399203e-02,5.902002327583464637e-03,-7.838710307380800657e-01,1.230143623861283064e+00,-2.617954204062704071e-01,3.505323585699106292e+00
3.835747020732214185e-01,8.204400370207109994e-01,3.128093622656399203e-02,5.902002327583464637e-03,-7.838710307380800657e-01,1.230143623861283064e+00,-2.617954204062704071e-01,3.507035051867408715e+00
3.835747020732214185e-01,8.204400370207109994e-01,3.128093622656399203e-02,5.902002327583464637e-03,-7.838710307380800657e-01,1.230143623861283064e+00,-2.617954204062704071e-01,3.507605540590176041e+00
3.835747020732214185e-01,8.204400370207109994e-01,3.128093622656399203e-02,5.902002327583464637e-03,-7.838710307380800657e-01,1.230143623861283064e+00,-2.617954204062704071e-01,3.509887495481245345e+00
3.835747020732214185e-01,8.204400370207109994e-01,3.128093622656399203e-02,5.902002327583464637e-03,-7.838710307380800657e-01,1.230143623861283064e+00,-2.617954204062704071e-01,3.510457984204012671e+00
3.835747020732214185e-01,8.204400370207109994e-01,3.128093622656399203e-02,5.902002327583464637e-03,-7.838710307380800657e-01,1.230143623861283064e+00,-2.617954204062704071e-01,3.512727261567909931e+00
3.835747020732214185e-01,8.204400370207109994e-01,3.128093622656399203e-02,5.902002327583464637e-03,-7.838710307380800657e-01,1.230143623861283064e+00,-2.617954204062704071e-01,3.513297750290677257e+00
3.835747020732214185e-01,8.204400370207109994e-01,3.128093622656399203e-02,5.902002327583464637e-03,-7.838710307380800657e-01,1.230143623861283064e+00,-2.617954204062704071e-01,3.515009216458979235e+00
3.835747020732214185e-01,8.204400370207109994e-01,3.128093622656399203e-02,5.902002327583464637e-03,-7.838710307380800657e-01,1.230143623861283064e+00,-2.617954204062704071e-01,3.516150193904514332e+00
3.835747020732214185e-01,8.204400370207109994e-01,3.128093622656399203e-02,5.902002327583464637e-03,-7.838710307380800657e-01,1.230143623861283064e+00,-2.617954204062704071e-01,3.517861660072816310e+00
3.835747020732214185e-01,8.204400370207109994e-01,3.128093622656399203e-02,5.902002327583464637e-03,-7.838710307380800657e-01,1.230143623861283064e+00,-2.617954204062704071e-01,3.518432148795583636e+00
3.835747020732214185e-01,8.204400370207109994e-01,3.128093622656399203e-02,5.902002327583464637e-03,-7.838710307380800657e-01,1.230143623861283064e+00,-2.617954204062704071e-01,3.520714103686653385e+00
3.835747020732214185e-01,8.204400370207109994e-01,3.128093622656399203e-02,5.902002327583464637e-03,-7.838710307380800657e-01,1.230143623861283064e+00,-2.617954204062704071e-01,3.521271914882248222e+00
3.835747020732214185e-01,8.204400370207109994e-01,3.128093622656399203e-02,5.902002327583464637e-03,-7.838710307380800657e-01,1.230143623861283064e+00,-2.617954204062704071e-01,3.523553869773317526e+00
3.835747020732214185e-01,8.204400370207109994e-01,3.128093622656399203e-02,5.902002327583464637e-03,-7.838710307380800657e-01,1.230143623861283064e+00,-2.617954204062704071e-01,3.524124358496084852e+00
3.835747020732214185e-01,8.204400370207109994e-01,3.128093622656399203e-02,5.902002327583464637e-03,-7.838710307380800657e-01,1.230143623861283064e+00,-2.617954204062704071e-01,3.525835824664387275e+00
3.835747020732214185e-01,8.204400370207109994e-01,3.128093622656399203e-02,5.902002327583464637e-03,-7.838710307380800657e-01,1.230143623861283064e+00,-2.617954204062704071e-01,3.526406313387154601e+00
3.835747020732214185e-01,8.204400370207109994e-01,3.128093622656399203e-02,5.902002327583464637e-03,-7.838710307380800657e-01,1.230143623861283064e+00,-2.617954204062704071e-01,3.528688268278223905e+00
3.835747020732214185e-01,8.204400370207109994e-01,3.128093622656399203e-02,5.902002327583464637e-03,-7.838710307380800657e-01,1.230143623861283064e+00,-2.617954204062704071e-01,3.529258757000991231e+00
3.835747020732214185e-01,8.204400370207109994e-01,3.128093622656399203e-02,5.902002327583464637e-03,-7.838710307380800657e-01,1.230143623861283064e+00,-2.617954204062704071e-01,3.530957545642121165e+00
3.835747020732214185e-01,8.204400370207109994e-01,3.128093622656399203e-02,5.902002327583464637e-03,-7.838710307380800657e-01,1.230143623861283064e+00,-2.617954204062704071e-01,3.531528034364888491e+00
3.835747020732214185e-01,8.204400370207109994e-01,3.128093622656399203e-02,5.902002327583464637e-03,-7.838710307380800657e-01,1.230143623861283064e+00,-2.617954204062704071e-01,3.533809989255957795e+00
3.835747020732214185e-01,8.204400370207109994e-01,3.128093622656399203e-02,5.902002327583464637e-03,-7.838710307380800657e-01,1.230143623861283064e+00,-2.617954204062704071e-01,3.534380477978725121e+00
3.835747020732214185e-01,8.204400370207109994e-01,3.128093622656399203e-02,5.902002327583464637e-03,-7.838710307380800657e-01,1.230143623861283064e+00,-2.617954204062704071e-01,3.536662432869794870e+00
3.835747020732214185e-01,8.204400370207109994e-01,3.128093622656399203e-02,5.902002327583464637e-03,-7.838710307380800657e-01,1.230143623861283064e+00,-2.617954204062704071e-01,3.537232921592562196e+00
3.835747020732214185e-01,8.204400370207109994e-01,3.128093622656399203e-02,5.902002327583464637e-03,-7.838710307380800657e-01,1.230143623861283064e+00,-2.617954204062704071e-01,3.538931710233691685e+00
3.835747020732214185e-01,8.204400370207109994e-01,3.128093622656399203e-02,5.902002327583464637e-03,-7.838710307380800657e-01,1.230143623861283064e+00,-2.617954204062704071e-01,3.539502198956459011e+00
3.835747020732214185e-01,8.204400370207109994e-01,3.128093622656399203e-02,5.902002327583464637e-03,-7.838710307380800657e-01,1.230143623861283064e+00,-2.617954204062704071e-01,3.541784153847528760e+00
3.835747020732214185e-01,8.204400370207109994e-01,3.128093622656399203e-02,5.902002327583464637e-03,-7.838710307380800657e-01,1.230143623861283064e+00,-2.617954204062704071e-01,3.542354642570296086e+00
3.835747020732214185e-01,8.204400370207109994e-01,3.128093622656399203e-02,5.902002327583464637e-03,-7.838710307380800657e-01,1.230143623861283064e+00,-2.617954204062704071e-01,3.544066108738598508e+00
3.835747020732214185e-01,8.204400370207109994e-01,3.128093622656399203e-02,5.902002327583464637e-03,-7.838710307380800657e-01,1.230143623861283064e+00,-2.617954204062704071e-01,3.544636597461365835e+00
3.835747020732214185e-01,8.204400370207109994e-01,3.128093622656399203e-02,5.902002327583464637e-03,-7.838710307380800657e-01,1.230143623861283064e+00,-2.617954204062704071e-01,3.546918552352435139e+00
3.835747020732214185e-01,8.204400370207109994e-01,3.128093622656399203e-02,5.902002327583464637e-03,-7.838710307380800657e-01,1.230143623861283064e+00,-2.617954204062704071e-01,3.547489041075202465e+00
3.835747020732214185e-01,8.204400370207109994e-01,3.128093622656399203e-02,5.902002327583464637e-03,-7.838710307380800657e-01,1.230143623861283064e+00,-2.617954204062704071e-01,3.549770995966272213e+00
3.835747020732214185e-01,8.204400370207109994e-01,3.128093622656399203e-02,5.902002327583464637e-03,-7.838710307380800657e-01,1.230143623861283064e+00,-2.617954204062704071e-01,3.550341484689039540e+00
3.835747020732214185e-01,8.204400370207109994e-01,3.128093622656399203e-02,5.902002327583464637e-03,-7.838710307380800657e-01,1.230143623861283064e+00,-2.617954204062704071e-01,3.552040273330169029e+00
3.835747020732214185e-01,8.204400370207109994e-01,3.128093622656399203e-02,5.902002327583464637e-03,-7.838710307380800657e-01,1.230143623861283064e+00,-2.617954204062704071e-01,3.553181250775703681e+00
3.835747020732214185e-01,8.204400370207109994e-01,3.128093622656399203e-02,5.902002327583464637e-03,-7.838710307380800657e-01,1.230143623861283064e+00,-2.617954204062704071e-01,3.554892716944006104e+00
3.835747020732214185e-01,8.204400370207109994e-01,3.128093622656399203e-02,5.902002327583464637e-03,-7.838710307380800657e-01,1.230143623861283064e+00,-2.617954204062704071e-01,3.556033694389540756e+00
3.835747020732214185e-01,8.204400370207109994e-01,3.128093622656399203e-02,5.902002327583464637e-03,-7.838710307380800657e-01,1.230143623861283064e+00,-2.617954204062704071e-01,3.557174671835075408e+00
3.835747020732214185e-01,8.204400370207109994e-01,3.128093622656399203e-02,5.902002327583464637e-03,-7.838710307380800657e-01,1.230143623861283064e+00,-2.617954204062704071e-01,3.558886138003377830e+00
3.835747020732214185e-01,8.204400370207109994e-01,3.128093622656399203e-02,5.902002327583464637e-03,-7.838710307380800657e-01,1.230143623861283064e+00,-2.617954204062704071e-01,3.559456626726145156e+00
3.835747020732214185e-01,8.204400370207109994e-01,3.128093622656399203e-02,5.902002327583464637e-03,-7.838710307380800657e-01,1.230143623861283064e+00,-2.617954204062704071e-01,3.561168092894447135e+00
3.835747020732214185e-01,8.204400370207109994e-01,3.128093622656399203e-02,5.902002327583464637e-03,-7.838710307380800657e-01,1.230143623861283064e+00,-2.617954204062704071e-01,3.562296392812809298e+00
3.835747020732214185e-01,8.204400370207109994e-01,3.128093622656399203e-02,5.902002327583464637e-03,-7.838710307380800657e-01,1.230143623861283064e+00,-2.617954204062704071e-01,3.564007858981111720e+00
3.835747020732214185e-01,8.204400370207109994e-01,3.128093622656399203e-02,5.902002327583464637e-03,-7.838710307380800657e-01,1.230143623861283064e+00,-2.617954204062704071e-01,3.565719325149413699e+00
3.835747020732214185e-01,8.204400370207109994e-01,3.128093622656399203e-02,5.902002327583464637e-03,-7.838710307380800657e-01,1.230143623861283064e+00,-2.617954204062704071e-01,3.566860302594948351e+00
3.835747020732214185e-01,8.204400370207109994e-01,3.128093622656399203e-02,5.902002327583464637e-03,-7.838710307380800657e-01,1.230143623861283064e+00,-2.617954204062704071e-01,3.568571768763250773e+00
3.835747020732214185e-01,8.204400370207109994e-01,3.128093622656399203e-02,5.902002327583464637e-03,-7.838710307380800657e-01,1.230143623861283064e+00,-2.617954204062704071e-01,3.569712746208785425e+00
3.835747020732214185e-01,8.204400370207109994e-01,3.128093622656399203e-02,5.902002327583464637e-03,-7.838710307380800657e-01,1.230143623861283064e+00,-2.617954204062704071e-01,3.571982023572682241e+00
3.835747020732214185e-01,8.204400370207109994e-01,3.128093622656399203e-02,5.902002327583464637e-03,-7.838710307380800657e-01,1.230143623861283064e+00,-2.617954204062704071e-01,3.572552512295450011e+00
3.835747020732214185e-01,8.204400370207109994e-01,3.128093622656399203e-02,5.902002327583464637e-03,-7.838710307380800657e-01,1.230143623861283064e+00,-2.617954204062704071e-01,3.574834467186519316e+00
3.835747020732214185e-01,8.204400370207109994e-01,3.128093622656399203e-02,5.902002327583464637e-03,-7.838710307380800657e-01,1.230143623861283064e+00,-2.617954204062704071e-01,3.575975444632053968e+00
3.835747020732214185e-01,8.204400370207109994e-01,3.128093622656399203e-02,5.902002327583464637e-03,-7.838710307380800657e-01,1.230143623861283064e+00,-2.617954204062704071e-01,3.577686910800356390e+00
3.835747020732214185e-01,8.204400370207109994e-01,3.128093622656399203e-02,5.902002327583464637e-03,-7.838710307380800657e-01,1.230143623861283064e+00,-2.617954204062704071e-01,3.578827888245891042e+00
3.835747020732214185e-01,8.204400370207109994e-01,3.128093622656399203e-02,5.902002327583464637e-03,-7.838710307380800657e-01,1.230143623861283064e+00,-2.617954204062704071e-01,3.580526676887020532e+00
3.835747020732214185e-01,8.204400370207109994e-01,3.128093622656399203e-02,5.902002327583464637e-03,-7.838710307380800657e-01,1.230143623861283064e+00,-2.617954204062704071e-01,3.581097165609787858e+00
3.835747020732214185e-01,8.204400370207109994e-01,3.128093622656399203e-02,5.902002327583464637e-03,-7.838710307380800657e-01,1.230143623861283064e+00,-2.617954204062704071e-01,3.583379120500857606e+00
3.835747020732214185e-01,8.204400370207109994e-01,3.128093622656399203e-02,5.902002327583464637e-03,-7.838710307380800657e-01,1.230143623861283064e+00,-2.617954204062704071e-01,3.583949609223624932e+00
3.835747020732214185e-01,8.204400370207109994e-01,3.128093622656399203e-02,5.902002327583464637e-03,-7.838710307380800657e-01,1.230143623861283064e+00,-2.617954204062704071e-01,3.585661075391926911e+00
3.835747020732214185e-01,8.204400370207109994e-01,3.128093622656399203e-02,5.902002327583464637e-03,-7.838710307380800657e-01,1.230143623861283064e+00,-2.617954204062704071e-01,3.586231564114694681e+00
3.835747020732214185e-01,8.204400370207109994e-01,3.128093622656399203e-02,5.902002327583464637e-03,-7.838710307380800657e-01,1.230143623861283064e+00,-2.617954204062704071e-01,3.589084007728531311e+00
3.835747020732214185e-01,8.204400370207109994e-01,3.128093622656399203e-02,5.902002327583464637e-03,-7.838710307380800657e-01,1.230143623861283064e+00,-2.617954204062704071e-01,3.589641818924126149e+00
3.835747020732214185e-01,8.204400370207109994e-01,3.128093622656399203e-02,5.902002327583464637e-03,-7.838710307380800657e-01,1.230143623861283064e+00,-2.617954204062704071e-01,3.591923773815195897e+00
3.835747020732214185e-01,8.204400370207109994e-01,3.128093622656399203e-02,5.902002327583464637e-03,-7.838710307380800657e-01,1.230143623861283064e+00,-2.617954204062704071e-01,3.592494262537963223e+00
3.835747020732214185e-01,8.204400370207109994e-01,3.128093622656399203e-02,5.902002327583464637e-03,-7.838710307380800657e-01,1.230143623861283064e+00,-2.617954204062704071e-01,3.594776217429032528e+00
3.835747020732214185e-01,8.204400370207109994e-01,3.128093622656399203e-02,5.902002327583464637e-03,-7.838710307380800657e-01,1.230143623861283064e+00,-2.617954204062704071e-01,3.596475006070162461e+00
3.835747020732214185e-01,8.204400370207109994e-01,3.128093622656399203e-02,5.902002327583464637e-03,-7.838710307380800657e-01,1.230143623861283064e+00,-2.617954204062704071e-01,3.597045494792929787e+00
3.835747020732214185e-01,8.204400370207109994e-01,3.128093622656399203e-02,5.902002327583464637e-03,-7.838710307380800657e-01,1.230143623861283064e+00,-2.617954204062704071e-01,3.598756960961231766e+00
3.835747020732214185e-01,8.204400370207109994e-01,3.128093622656399203e-02,5.902002327583464637e-03,-7.838710307380800657e-01,1.230143623861283064e+00,-2.617954204062704071e-01,3.599327449683999092e+00
3.835747020732214185e-01,8.204400370207109994e-01,3.128093622656399203e-02,5.902002327583464637e-03,-7.838710307380800657e-01,1.230143623861283064e+00,-2.617954204062704071e-01,3.601038915852301514e+00
3.835747020732214185e-01,8.204400370207109994e-01,3.128093622656399203e-02,5.902002327583464637e-03,-7.838710307380800657e-01,1.230143623861283064e+00,-2.617954204062704071e-01,3.602750382020603492e+00
3.835747020732214185e-01,8.204400370207109994e-01,3.128093622656399203e-02,5.902002327583464637e-03,-7.838710307380800657e-01,1.230143623861283064e+00,-2.617954204062704071e-01,3.603320870743370818e+00
3.835747020732214185e-01,8.204400370207109994e-01,3.128093622656399203e-02,5.902002327583464637e-03,-7.838710307380800657e-01,1.230143623861283064e+00,-2.617954204062704071e-01,3.605590148107268078e+00
3.835747020732214185e-01,8.204400370207109994e-01,3.128093622656399203e-02,5.902002327583464637e-03,-7.838710307380800657e-01,1.230143623861283064e+00,-2.617954204062704071e-01,3.606160636830035404e+00
3.835747020732214185e-01,8.204400370207109994e-01,3.128093622656399203e-02,5.902002327583464637e-03,-7.838710307380800657e-01,1.230143623861283064e+00,-2.617954204062704071e-01,3.608442591721104709e+00
3.835747020732214185e-01,8.204400370207109994e-01,3.128093622656399203e-02,5.902002327583464637e-03,-7.838710307380800657e-01,1.230143623861283064e+00,-2.617954204062704071e-01,3.609583569166639361e+00
3.835747020732214185e-01,8.204400370207109994e-01,3.128093622656399203e-02,5.902002327583464637e-03,-7.838710307380800657e-01,1.230143623861283064e+00,-2.617954204062704071e-01,3.611865524057709109e+00
3.835747020732214185e-01,8.204400370207109994e-01,3.128093622656399203e-02,5.902002327583464637e-03,-7.838710307380800657e-01,1.230143623861283064e+00,-2.617954204062704071e-01,3.612436012780476435e+00
3.835747020732214185e-01,8.204400370207109994e-01,3.128093622656399203e-02,5.902002327583464637e-03,-7.838710307380800657e-01,1.230143623861283064e+00,-2.617954204062704071e-01,3.614717967671546184e+00
3.835747020732214185e-01,8.204400370207109994e-01,3.128093622656399203e-02,5.902002327583464637e-03,-7.838710307380800657e-01,1.230143623861283064e+00,-2.617954204062704071e-01,3.615275778867141021e+00
3.835747020732214185e-01,8.204400370207109994e-01,3.128093622656399203e-02,5.902002327583464637e-03,-7.838710307380800657e-01,1.230143623861283064e+00,-2.617954204062704071e-01,3.616987245035442999e+00
3.835747020732214185e-01,8.204400370207109994e-01,3.128093622656399203e-02,5.902002327583464637e-03,-7.838710307380800657e-01,1.230143623861283064e+00,-2.617954204062704071e-01,3.617557733758210325e+00
3.835747020732214185e-01,8.204400370207109994e-01,3.128093622656399203e-02,5.902002327583464637e-03,-7.838710307380800657e-01,1.230143623861283064e+00,-2.617954204062704071e-01,3.620410177372047400e+00
3.835747020732214185e-01,8.204400370207109994e-01,3.128093622656399203e-02,5.902002327583464637e-03,-7.838710307380800657e-01,1.230143623861283064e+00,-2.617954204062704071e-01,3.620980666094814726e+00
3.835747020732214185e-01,8.204400370207109994e-01,3.128093622656399203e-02,5.902002327583464637e-03,-7.838710307380800657e-01,1.230143623861283064e+00,-2.617954204062704071e-01,3.622692132263116704e+00
3.835747020732214185e-01,8.204400370207109994e-01,3.128093622656399203e-02,5.902002327583464637e-03,-7.838710307380800657e-01,1.230143623861283064e+00,-2.617954204062704071e-01,3.623833109708651801e+00
3.835747020732214185e-01,8.204400370207109994e-01,3.128093622656399203e-02,5.902002327583464637e-03,-7.838710307380800657e-01,1.230143623861283064e+00,-2.617954204062704071e-01,3.625544575876953779e+00
3.835747020732214185e-01,8.204400370207109994e-01,3.128093622656399203e-02,5.902002327583464637e-03,-7.838710307380800657e-01,1.230143623861283064e+00,-2.617954204062704071e-01,3.626115064599721105e+00
3.835747020732214185e-01,8.204400370207109994e-01,3.128093622656399203e-02,5.902002327583464637e-03,-7.838710307380800657e-01,1.230143623861283064e+00,-2.617954204062704071e-01,3.628397019490790854e+00
3.835747020732214185e-01,8.204400370207109994e-01,3.128093622656399203e-02,5.902002327583464637e-03,-7.838710307380800657e-01,1.230143623861283064e+00,-2.617954204062704071e-01,3.628967508213558180e+00
3.835747020732214185e-01,8.204400370207109994e-01,3.128093622656399203e-02,5.902002327583464637e-03,-7.838710307380800657e-01,1.230143623861283064e+00,-2.617954204062704071e-01,3.631236785577454995e+00
3.835747020732214185e-01,8.204400370207109994e-01,3.128093622656399203e-02,5.902002327583464637e-03,-7.838710307380800657e-01,1.230143623861283064e+00,-2.617954204062704071e-01,3.632948251745757418e+00
3.835747020732214185e-01,8.204400370207109994e-01,3.128093622656399203e-02,5.902002327583464637e-03,-7.838710307380800657e-01,1.230143623861283064e+00,-2.617954204062704071e-01,3.634659717914059396e+00
3.835747020732214185e-01,8.204400370207109994e-01,3.128093622656399203e-02,5.902002327583464637e-03,-7.838710307380800657e-01,1.230143623861283064e+00,-2.617954204062704071e-01,3.635800695359594048e+00
3.835747020732214185e-01,8.204400370207109994e-01,3.128093622656399203e-02,5.902002327583464637e-03,-7.838710307380800657e-01,1.230143623861283064e+00,-2.617954204062704071e-01,3.637499484000723537e+00
3.835747020732214185e-01,8.204400370207109994e-01,3.128093622656399203e-02,5.902002327583464637e-03,-7.838710307380800657e-01,1.230143623861283064e+00,-2.617954204062704071e-01,3.638082650250663796e+00
3.835747020732214185e-01,8.204400370207109994e-01,3.128093622656399203e-02,5.902002327583464637e-03,-7.838710307380800657e-01,1.230143623861283064e+00,-2.617954204062704071e-01,3.639794116418965775e+00
3.835747020732214185e-01,8.204400370207109994e-01,3.128093622656399203e-02,5.902002327583464637e-03,-7.838710307380800657e-01,1.230143623861283064e+00,-2.617954204062704071e-01,3.640351927614560612e+00
3.835747020732214185e-01,8.204400370207109994e-01,3.128093622656399203e-02,5.902002327583464637e-03,-7.838710307380800657e-01,1.230143623861283064e+00,-2.617954204062704071e-01,3.642633882505630361e+00
3.835747020732214185e-01,8.204400370207109994e-01,3.128093622656399203e-02,5.902002327583464637e-03,-7.838710307380800657e-01,1.230143623861283064e+00,-2.617954204062704071e-01,3.643204371228397687e+00
3.835747020732214185e-01,8.204400370207109994e-01,3.128093622656399203e-02,5.902002327583464637e-03,-7.838710307380800657e-01,1.230143623861283064e+00,-2.617954204062704071e-01,3.644915837396699665e+00
3.835747020732214185e-01,8.204400370207109994e-01,3.128093622656399203e-02,5.902002327583464637e-03,-7.838710307380800657e-01,1.230143623861283064e+00,-2.617954204062704071e-01,3.646044137315061828e+00
3.835747020732214185e-01,8.204400370207109994e-01,3.128093622656399203e-02,5.902002327583464637e-03,-7.838710307380800657e-01,1.230143623861283064e+00,-2.617954204062704071e-01,3.648326092206131577e+00
3.835747020732214185e-01,8.204400370207109994e-01,3.128093622656399203e-02,5.902002327583464637e-03,-7.838710307380800657e-01,1.230143623861283064e+00,-2.617954204062704071e-01,3.648896580928898903e+00
3.835747020732214185e-01,8.204400370207109994e-01,3.128093622656399203e-02,5.902002327583464637e-03,-7.838710307380800657e-01,1.230143623861283064e+00,-2.617954204062704071e-01,3.650608047097200881e+00
3.835747020732214185e-01,8.204400370207109994e-01,3.128093622656399203e-02,5.902002327583464637e-03,-7.838710307380800657e-01,1.230143623861283064e+00,-2.617954204062704071e-01,3.651178535819968207e+00
3.835747020732214185e-01,8.204400370207109994e-01,3.128093622656399203e-02,5.902002327583464637e-03,-7.838710307380800657e-01,1.230143623861283064e+00,-2.617954204062704071e-01,3.653460490711037956e+00
3.835747020732214185e-01,8.204400370207109994e-01,3.128093622656399203e-02,5.902002327583464637e-03,-7.838710307380800657e-01,1.230143623861283064e+00,-2.617954204062704071e-01,3.654030979433805282e+00
3.835747020732214185e-01,8.204400370207109994e-01,3.128093622656399203e-02,5.902002327583464637e-03,-7.838710307380800657e-01,1.230143623861283064e+00,-2.617954204062704071e-01,3.656300256797702097e+00
3.835747020732214185e-01,8.204400370207109994e-01,3.128093622656399203e-02,5.902002327583464637e-03,-7.838710307380800657e-01,1.230143623861283064e+00,-2.617954204062704071e-01,3.656870745520469868e+00
3.835747020732214185e-01,8.204400370207109994e-01,3.128093622656399203e-02,5.902002327583464637e-03,-7.838710307380800657e-01,1.230143623861283064e+00,-2.617954204062704071e-01,3.658582211688771846e+00
3.835747020732214185e-01,8.204400370207109994e-01,3.128093622656399203e-02,5.902002327583464637e-03,-7.838710307380800657e-01,1.230143623861283064e+00,-2.617954204062704071e-01,3.659152700411539172e+00
3.835747020732214185e-01,8.204400370207109994e-01,3.128093622656399203e-02,5.902002327583464637e-03,-7.838710307380800657e-01,1.230143623861283064e+00,-2.617954204062704071e-01,3.661434655302608920e+00
3.835747020732214185e-01,8.204400370207109994e-01,3.128093622656399203e-02,5.902002327583464637e-03,-7.838710307380800657e-01,1.230143623861283064e+00,-2.617954204062704071e-01,3.662005144025376246e+00
3.835747020732214185e-01,8.204400370207109994e-01,3.128093622656399203e-02,5.902002327583464637e-03,-7.838710307380800657e-01,1.230143623861283064e+00,-2.617954204062704071e-01,3.664274421389273062e+00
3.835747020732214185e-01,8.204400370207109994e-01,3.128093622656399203e-02,5.902002327583464637e-03,-7.838710307380800657e-01,1.230143623861283064e+00,-2.617954204062704071e-01,3.664844910112040388e+00
3.835747020732214185e-01,8.204400370207109994e-01,3.128093622656399203e-02,5.902002327583464637e-03,-7.838710307380800657e-01,1.230143623861283064e+00,-2.617954204062704071e-01,3.666556376280342811e+00
3.835747020732214185e-01,8.204400370207109994e-01,3.128093622656399203e-02,5.902002327583464637e-03,-7.838710307380800657e-01,1.230143623861283064e+00,-2.617954204062704071e-01,3.667697353725877463e+00
3.835747020732214185e-01,8.204400370207109994e-01,3.128093622656399203e-02,5.902002327583464637e-03,-7.838710307380800657e-01,1.230143623861283064e+00,-2.617954204062704071e-01,3.669408819894179441e+00
3.835747020732214185e-01,8.204400370207109994e-01,3.128093622656399203e-02,5.902002327583464637e-03,-7.838710307380800657e-01,1.230143623861283064e+00,-2.617954204062704071e-01,3.669979308616946767e+00
3.835747020732214185e-01,8.204400370207109994e-01,3.128093622656399203e-02,5.902002327583464637e-03,-7.838710307380800657e-01,1.230143623861283064e+00,-2.617954204062704071e-01,3.672261263508016516e+00
3.835747020732214185e-01,8.204400370207109994e-01,3.128093622656399203e-02,5.902002327583464637e-03,-7.838710307380800657e-01,1.230143623861283064e+00,-2.617954204062704071e-01,3.673402240953551168e+00
3.835747020732214185e-01,8.204400370207109994e-01,3.128093622656399203e-02,5.919996237118779758e-03,-7.838710307380800657e-01,1.230143623861283064e+00,-2.617954204062704071e-01,3.675101029594680657e+00
3.835747020732214185e-01,8.204400370207109994e-01,3.128093622656399203e-02,5.902002327583464637e-03,-7.838710307380800657e-01,1.230143623861283064e+00,-2.617954204062704071e-01,3.675671518317448427e+00
3.835747020732214185e-01,8.204400370207109994e-01,3.128093622656399203e-02,5.902002327583464637e-03,-7.838710307380800657e-01,1.230143623861283064e+00,-2.617954204062704071e-01,3.677953473208517732e+00
3.835747020732214185e-01,8.204400370207109994e-01,3.128093622656399203e-02,5.902002327583464637e-03,-7.838710307380800657e-01,1.230143623861283064e+00,-2.617954204062704071e-01,3.678523961931285058e+00
3.835747020732214185e-01,8.204400370207109994e-01,3.128093622656399203e-02,5.902002327583464637e-03,-7.838710307380800657e-01,1.230143623861283064e+00,-2.617954204062704071e-01,3.680235428099587480e+00
3.835747020732214185e-01,8.204400370207109994e-01,3.128093622656399203e-02,5.902002327583464637e-03,-7.838710307380800657e-01,1.230143623861283064e+00,-2.617954204062704071e-01,3.680805916822354806e+00
3.835747020732214185e-01,8.204400370207109994e-01,3.128093622656399203e-02,5.902002327583464637e-03,-7.838710307380800657e-01,1.230143623861283064e+00,-2.617954204062704071e-01,3.682517382990656785e+00
3.835747020732214185e-01,8.204400370207109994e-01,3.128093622656399203e-02,5.902002327583464637e-03,-7.838710307380800657e-01,1.230143623861283064e+00,-2.617954204062704071e-01,3.683658360436191437e+00
3.835747020732214185e-01,8.204400370207109994e-01,3.128093622656399203e-02,5.902002327583464637e-03,-7.838710307380800657e-01,1.230143623861283064e+00,-2.617954204062704071e-01,3.685357149077321370e+00
3.835747020732214185e-01,8.204400370207109994e-01,3.128093622656399203e-02,5.902002327583464637e-03,-7.838710307380800657e-01,1.230143623861283064e+00,-2.617954204062704071e-01,3.685927637800088696e+00
3.835747020732214185e-01,8.204400370207109994e-01,3.128093622656399203e-02,5.902002327583464637e-03,-7.838710307380800657e-01,1.230143623861283064e+00,-2.617954204062704071e-01,3.688209592691158001e+00
3.835747020732214185e-01,8.204400370207109994e-01,3.128093622656399203e-02,5.902002327583464637e-03,-7.838710307380800657e-01,1.230143623861283064e+00,-2.617954204062704071e-01,3.688780081413925327e+00
3.835747020732214185e-01,8.204400370207109994e-01,3.128093622656399203e-02,5.902002327583464637e-03,-7.838710307380800657e-01,1.230143623861283064e+00,-2.617954204062704071e-01,3.689921058859460423e+00
3.835747020732214185e-01,8.204400370207109994e-01,3.128093622656399203e-02,5.902002327583464637e-03,-7.838710307380800657e-01,1.230143623861283064e+00,-2.617954204062704071e-01,3.691632525027762401e+00
3.835747020732214185e-01,8.204400370207109994e-01,3.128093622656399203e-02,5.902002327583464637e-03,-7.838710307380800657e-01,1.230143623861283064e+00,-2.617954204062704071e-01,3.692773502473297054e+00
3.835747020732214185e-01,8.204400370207109994e-01,3.128093622656399203e-02,5.902002327583464637e-03,-7.838710307380800657e-01,1.230143623861283064e+00,-2.617954204062704071e-01,3.694472291114426987e+00
3.835747020732214185e-01,8.204400370207109994e-01,3.128093622656399203e-02,5.902002327583464637e-03,-7.838710307380800657e-01,1.230143623861283064e+00,-2.617954204062704071e-01,3.695042779837194313e+00
3.835747020732214185e-01,8.204400370207109994e-01,3.128093622656399203e-02,5.902002327583464637e-03,-7.838710307380800657e-01,1.230143623861283064e+00,-2.617954204062704071e-01,3.697324734728263618e+00
3.835747020732214185e-01,8.204400370207109994e-01,3.128093622656399203e-02,5.902002327583464637e-03,-7.838710307380800657e-01,1.230143623861283064e+00,-2.617954204062704071e-01,3.697895223451030944e+00
3.835747020732214185e-01,8.204400370207109994e-01,3.128093622656399203e-02,5.902002327583464637e-03,-7.838710307380800657e-01,1.230143623861283064e+00,-2.617954204062704071e-01,3.699594012092160877e+00
3.835747020732214185e-01,8.204400370207109994e-01,3.128093622656399203e-02,5.902002327583464637e-03,-7.838710307380800657e-01,1.230143623861283064e+00,-2.617954204062704071e-01,3.700164500814928203e+00
3.835747020732214185e-01,8.204400370207109994e-01,3.128093622656399203e-02,5.902002327583464637e-03,-7.838710307380800657e-01,1.230143623861283064e+00,-2.617954204062704071e-01,3.702459133233169997e+00
3.835747020732214185e-01,8.204400370207109994e-01,3.128093622656399203e-02,5.902002327583464637e-03,-7.838710307380800657e-01,1.230143623861283064e+00,-2.617954204062704071e-01,3.703600110678705093e+00
3.835747020732214185e-01,8.204400370207109994e-01,3.128093622656399203e-02,5.902002327583464637e-03,-7.838710307380800657e-01,1.230143623861283064e+00,-2.617954204062704071e-01,3.704728410597067256e+00
3.835747020732214185e-01,8.204400370207109994e-01,3.128093622656399203e-02,5.919996237118779758e-03,-7.838710307380800657e-01,1.230143623861283064e+00,-2.617954204062704071e-01,3.705298899319834582e+00
3.835747020732214185e-01,8.204400370207109994e-01,3.128093622656399203e-02,5.902002327583464637e-03,-7.838710307380800657e-01,1.230143623861283064e+00,-2.617954204062704071e-01,3.707010365488136561e+00
3.835747020732214185e-01,8.204400370207109994e-01,3.128093622656399203e-02,5.902002327583464637e-03,-7.838710307380800657e-01,1.230143623861283064e+00,-2.617954204062704071e-01,3.709292320379206309e+00
3.835747020732214185e-01,8.204400370207109994e-01,3.128093622656399203e-02,5.902002327583464637e-03,-7.838710307380800657e-01,1.230143623861283064e+00,-2.617954204062704071e-01,3.709862809101973635e+00
3.835747020732214185e-01,8.204400370207109994e-01,3.128093622656399203e-02,5.902002327583464637e-03,-7.838710307380800657e-01,1.230143623861283064e+00,-2.617954204062704071e-01,3.712144763993043384e+00
3.835747020732214185e-01,8.204400370207109994e-01,3.128093622656399203e-02,5.902002327583464637e-03,-7.838710307380800657e-01,1.230143623861283064e+00,-2.617954204062704071e-01,3.712715252715810710e+00
3.835747020732214185e-01,8.204400370207109994e-01,3.128093622656399203e-02,5.902002327583464637e-03,-7.838710307380800657e-01,1.230143623861283064e+00,-2.617954204062704071e-01,3.714414041356940199e+00
3.835747020732214185e-01,8.204400370207109994e-01,3.128093622656399203e-02,5.902002327583464637e-03,-7.838710307380800657e-01,1.230143623861283064e+00,-2.617954204062704071e-01,3.715555018802474851e+00
3.835747020732214185e-01,8.204400370207109994e-01,3.128093622656399203e-02,5.902002327583464637e-03,-7.838710307380800657e-01,1.230143623861283064e+00,-2.617954204062704071e-01,3.717836973693544600e+00
3.835747020732214185e-01,8.204400370207109994e-01,3.128093622656399203e-02,5.902002327583464637e-03,-7.838710307380800657e-01,1.230143623861283064e+00,-2.617954204062704071e-01,3.718407462416311926e+00
3.835747020732214185e-01,8.204400370207109994e-01,3.128093622656399203e-02,5.902002327583464637e-03,-7.838710307380800657e-01,1.230143623861283064e+00,-2.617954204062704071e-01,3.720689417307381230e+00
3.835747020732214185e-01,8.204400370207109994e-01,3.128093622656399203e-02,5.902002327583464637e-03,-7.838710307380800657e-01,1.230143623861283064e+00,-2.617954204062704071e-01,3.721259906030148557e+00
3.835747020732214185e-01,8.204400370207109994e-01,3.128093622656399203e-02,5.902002327583464637e-03,-7.838710307380800657e-01,1.230143623861283064e+00,-2.617954204062704071e-01,3.723541860921218305e+00
3.835747020732214185e-01,8.204400370207109994e-01,3.128093622656399203e-02,5.902002327583464637e-03,-7.838710307380800657e-01,1.230143623861283064e+00,-2.617954204062704071e-01,3.724682838366752957e+00
3.835747020732214185e-01,8.204400370207109994e-01,3.128093622656399203e-02,5.902002327583464637e-03,-7.838710307380800657e-01,1.230143623861283064e+00,-2.617954204062704071e-01,3.726381627007882447e+00
3.835747020732214185e-01,8.204400370207109994e-01,3.128093622656399203e-02,5.902002327583464637e-03,-7.838710307380800657e-01,1.230143623861283064e+00,-2.617954204062704071e-01,3.726952115730650217e+00
3.835747020732214185e-01,8.204400370207109994e-01,3.128093622656399203e-02,5.902002327583464637e-03,-7.838710307380800657e-01,1.230143623861283064e+00,-2.617954204062704071e-01,3.729804559344486847e+00
3.835747020732214185e-01,8.204400370207109994e-01,3.128093622656399203e-02,5.902002327583464637e-03,-7.838710307380800657e-01,1.230143623861283064e+00,-2.617954204062704071e-01,3.730375048067254173e+00
3.835747020732214185e-01,8.204400370207109994e-01,3.128093622656399203e-02,5.902002327583464637e-03,-7.838710307380800657e-01,1.230143623861283064e+00,-2.617954204062704071e-01,3.732086514235556596e+00
3.835747020732214185e-01,8.204400370207109994e-01,3.128093622656399203e-02,5.902002327583464637e-03,-7.838710307380800657e-01,1.230143623861283064e+00,-2.617954204062704071e-01,3.733227491681091248e+00
3.835747020732214185e-01,8.204400370207109994e-01,3.128093622656399203e-02,5.902002327583464637e-03,-7.838710307380800657e-01,1.230143623861283064e+00,-2.617954204062704071e-01,3.734926280322220737e+00
3.835747020732214185e-01,8.204400370207109994e-01,3.128093622656399203e-02,5.902002327583464637e-03,-7.838710307380800657e-01,1.230143623861283064e+00,-2.617954204062704071e-01,3.735496769044988064e+00
3.835747020732214185e-01,8.204400370207109994e-01,3.128093622656399203e-02,5.902002327583464637e-03,-7.838710307380800657e-01,1.230143623861283064e+00,-2.617954204062704071e-01,3.737778723936057812e+00
3.835747020732214185e-01,8.204400370207109994e-01,3.128093622656399203e-02,5.902002327583464637e-03,-7.838710307380800657e-01,1.230143623861283064e+00,-2.617954204062704071e-01,3.738349212658825138e+00
3.835747020732214185e-01,8.204400370207109994e-01,3.128093622656399203e-02,5.902002327583464637e-03,-7.838710307380800657e-01,1.230143623861283064e+00,-2.617954204062704071e-01,3.740048001299954628e+00
3.835747020732214185e-01,8.204400370207109994e-01,3.128093622656399203e-02,5.902002327583464637e-03,-7.838710307380800657e-01,1.230143623861283064e+00,-2.617954204062704071e-01,3.740618490022721954e+00
3.835747020732214185e-01,8.204400370207109994e-01,3.128093622656399203e-02,5.902002327583464637e-03,-7.838710307380800657e-01,1.230143623861283064e+00,-2.617954204062704071e-01,3.742900444913791702e+00
3.835747020732214185e-01,8.204400370207109994e-01,3.128093622656399203e-02,5.902002327583464637e-03,-7.838710307380800657e-01,1.230143623861283064e+00,-2.617954204062704071e-01,3.743470933636559028e+00
3.835747020732214185e-01,8.204400370207109994e-01,3.128093622656399203e-02,5.902002327583464637e-03,-7.838710307380800657e-01,1.230143623861283064e+00,-2.617954204062704071e-01,3.745752888527628777e+00
3.835747020732214185e-01,8.204400370207109994e-01,3.128093622656399203e-02,5.902002327583464637e-03,-7.838710307380800657e-01,1.230143623861283064e+00,-2.617954204062704071e-01,3.746323377250396103e+00
3.835747020732214185e-01,8.204400370207109994e-01,3.128093622656399203e-02,5.902002327583464637e-03,-7.838710307380800657e-01,1.230143623861283064e+00,-2.617954204062704071e-01,3.748034843418698081e+00
3.835747020732214185e-01,8.204400370207109994e-01,3.128093622656399203e-02,5.902002327583464637e-03,-7.838710307380800657e-01,1.230143623861283064e+00,-2.617954204062704071e-01,3.748605332141465407e+00
3.835747020732214185e-01,8.204400370207109994e-01,3.128093622656399203e-02,5.902002327583464637e-03,-7.838710307380800657e-01,1.230143623861283064e+00,-2.617954204062704071e-01,3.750874609505362667e+00
3.835747020732214185e-01,8.204400370207109994e-01,3.128093622656399203e-02,5.902002327583464637e-03,-7.838710307380800657e-01,1.230143623861283064e+00,-2.617954204062704071e-01,3.751445098228129993e+00
3.835747020732214185e-01,8.204400370207109994e-01,3.128093622656399203e-02,5.902002327583464637e-03,-7.838710307380800657e-01,1.230143623861283064e+00,-2.617954204062704071e-01,3.753727053119199297e+00
3.835747020732214185e-01,8.204400370207109994e-01,3.128093622656399203e-02,5.902002327583464637e-03,-7.838710307380800657e-01,1.230143623861283064e+00,-2.617954204062704071e-01,3.754297541841966623e+00
3.835747020732214185e-01,8.204400370207109994e-01,3.128093622656399203e-02,5.902002327583464637e-03,-7.838710307380800657e-01,1.230143623861283064e+00,-2.617954204062704071e-01,3.757149985455803698e+00
3.835747020732214185e-01,8.204400370207109994e-01,3.128093622656399203e-02,5.902002327583464637e-03,-7.838710307380800657e-01,1.230143623861283064e+00,-2.617954204062704071e-01,3.757720474178571024e+00
3.835747020732214185e-01,8.204400370207109994e-01,3.128093622656399203e-02,5.902002327583464637e-03,-7.838710307380800657e-01,1.230143623861283064e+00,-2.617954204062704071e-01,3.759989751542467840e+00
3.835747020732214185e-01,8.204400370207109994e-01,3.128093622656399203e-02,5.902002327583464637e-03,-7.838710307380800657e-01,1.230143623861283064e+00,-2.617954204062704071e-01,3.761130728988002936e+00
3.835747020732214185e-01,8.204400370207109994e-01,3.128093622656399203e-02,5.902002327583464637e-03,-7.838710307380800657e-01,1.230143623861283064e+00,-2.617954204062704071e-01,3.762842195156304914e+00
3.835747020732214185e-01,8.204400370207109994e-01,3.128093622656399203e-02,5.902002327583464637e-03,-7.838710307380800657e-01,1.230143623861283064e+00,-2.617954204062704071e-01,3.763412683879072240e+00
3.835747020732214185e-01,8.204400370207109994e-01,3.128093622656399203e-02,5.902002327583464637e-03,-7.838710307380800657e-01,1.230143623861283064e+00,-2.617954204062704071e-01,3.766265127492909315e+00
3.835747020732214185e-01,8.204400370207109994e-01,3.128093622656399203e-02,5.902002327583464637e-03,-7.838710307380800657e-01,1.230143623861283064e+00,-2.617954204062704071e-01,3.766835616215676641e+00
3.835747020732214185e-01,8.204400370207109994e-01,3.128093622656399203e-02,5.902002327583464637e-03,-7.838710307380800657e-01,1.230143623861283064e+00,-2.617954204062704071e-01,3.769104893579573456e+00
3.835747020732214185e-01,8.204400370207109994e-01,3.128093622656399203e-02,5.902002327583464637e-03,-7.838710307380800657e-01,1.230143623861283064e+00,-2.617954204062704071e-01,3.769675382302341227e+00
3.835747020732214185e-01,8.204400370207109994e-01,3.128093622656399203e-02,5.902002327583464637e-03,-7.838710307380800657e-01,1.230143623861283064e+00,-2.617954204062704071e-01,3.771957337193410531e+00
3.835747020732214185e-01,8.204400370207109994e-01,3.128093622656399203e-02,5.902002327583464637e-03,-7.838710307380800657e-01,1.230143623861283064e+00,-2.617954204062704071e-01,3.772527825916177857e+00
3.835747020732214185e-01,8.204400370207109994e-01,3.128093622656399203e-02,5.902002327583464637e-03,-7.838710307380800657e-01,1.230143623861283064e+00,-2.617954204062704071e-01,3.774239292084480279e+00
3.835747020732214185e-01,8.204400370207109994e-01,3.128093622656399203e-02,5.902002327583464637e-03,-7.838710307380800657e-01,1.230143623861283064e+00,-2.617954204062704071e-01,3.775380269530014932e+00
3.835747020732214185e-01,8.204400370207109994e-01,3.128093622656399203e-02,5.902002327583464637e-03,-7.838710307380800657e-01,1.230143623861283064e+00,-2.617954204062704071e-01,3.777091735698316910e+00
3.835747020732214185e-01,8.204400370207109994e-01,3.128093622656399203e-02,5.902002327583464637e-03,-7.838710307380800657e-01,1.230143623861283064e+00,-2.617954204062704071e-01,3.777662224421084236e+00
3.835747020732214185e-01,8.204400370207109994e-01,3.128093622656399203e-02,5.902002327583464637e-03,-7.838710307380800657e-01,1.230143623861283064e+00,-2.617954204062704071e-01,3.779944179312153985e+00
3.835747020732214185e-01,8.204400370207109994e-01,3.128093622656399203e-02,5.902002327583464637e-03,-7.838710307380800657e-01,1.230143623861283064e+00,-2.617954204062704071e-01,3.780501990507748822e+00
3.835747020732214185e-01,8.204400370207109994e-01,3.128093622656399203e-02,5.902002327583464637e-03,-7.838710307380800657e-01,1.230143623861283064e+00,-2.617954204062704071e-01,3.782783945398818126e+00
3.835747020732214185e-01,8.204400370207109994e-01,3.128093622656399203e-02,5.902002327583464637e-03,-7.838710307380800657e-01,1.230143623861283064e+00,-2.617954204062704071e-01,3.783354434121585896e+00
3.835747020732214185e-01,8.204400370207109994e-01,3.128093622656399203e-02,5.902002327583464637e-03,-7.838710307380800657e-01,1.230143623861283064e+00,-2.617954204062704071e-01,3.785636389012655201e+00
3.835747020732214185e-01,8.204400370207109994e-01,3.128093622656399203e-02,5.902002327583464637e-03,-7.838710307380800657e-01,1.230143623861283064e+00,-2.617954204062704071e-01,3.786206877735422527e+00
3.835747020732214185e-01,8.204400370207109994e-01,3.128093622656399203e-02,5.902002327583464637e-03,-7.838710307380800657e-01,1.230143623861283064e+00,-2.617954204062704071e-01,3.787918343903724949e+00
3.835747020732214185e-01,8.204400370207109994e-01,3.128093622656399203e-02,5.902002327583464637e-03,-7.838710307380800657e-01,1.230143623861283064e+00,-2.617954204062704071e-01,3.788488832626492275e+00
3.835747020732214185e-01,8.204400370207109994e-01,3.128093622656399203e-02,5.902002327583464637e-03,-7.838710307380800657e-01,1.230143623861283064e+00,-2.617954204062704071e-01,3.790770787517561580e+00
3.835747020732214185e-01,8.204400370207109994e-01,3.128093622656399203e-02,5.902002327583464637e-03,-7.838710307380800657e-01,1.230143623861283064e+00,-2.617954204062704071e-01,3.791328598713156417e+00
3.835747020732214185e-01,8.204400370207109994e-01,3.128093622656399203e-02,5.902002327583464637e-03,-7.838710307380800657e-01,1.230143623861283064e+00,-2.617954204062704071e-01,3.793610553604226165e+00
3.835747020732214185e-01,8.204400370207109994e-01,3.128093622656399203e-02,5.902002327583464637e-03,-7.838710307380800657e-01,1.230143623861283064e+00,-2.617954204062704071e-01,3.794181042326993492e+00
3.835747020732214185e-01,8.204400370207109994e-01,3.128093622656399203e-02,5.902002327583464637e-03,-7.838710307380800657e-01,1.230143623861283064e+00,-2.617954204062704071e-01,3.795892508495295470e+00
3.835747020732214185e-01,8.204400370207109994e-01,3.128093622656399203e-02,5.902002327583464637e-03,-7.838710307380800657e-01,1.230143623861283064e+00,-2.617954204062704071e-01,3.796462997218062796e+00
3.835747020732214185e-01,8.204400370207109994e-01,3.128093622656399203e-02,5.902002327583464637e-03,-7.838710307380800657e-01,1.230143623861283064e+00,-2.617954204062704071e-01,3.798744952109132544e+00
3.835747020732214185e-01,8.204400370207109994e-01,3.128093622656399203e-02,5.902002327583464637e-03,-7.838710307380800657e-01,1.230143623861283064e+00,-2.617954204062704071e-01,3.799315440831899870e+00
3.835747020732214185e-01,8.204400370207109994e-01,3.128093622656399203e-02,5.902002327583464637e-03,-7.838710307380800657e-01,1.230143623861283064e+00,-2.617954204062704071e-01,3.801584718195796686e+00
3.835747020732214185e-01,8.204400370207109994e-01,3.128093622656399203e-02,5.902002327583464637e-03,-7.838710307380800657e-01,1.230143623861283064e+00,-2.617954204062704071e-01,3.802155206918564456e+00
3.835747020732214185e-01,8.204400370207109994e-01,3.128093622656399203e-02,5.902002327583464637e-03,-7.838710307380800657e-01,1.230143623861283064e+00,-2.617954204062704071e-01,3.803866673086866435e+00
3.835747020732214185e-01,8.204400370207109994e-01,3.128093622656399203e-02,5.902002327583464637e-03,-7.838710307380800657e-01,1.230143623861283064e+00,-2.617954204062704071e-01,3.804437161809633761e+00
3.835747020732214185e-01,8.204400370207109994e-01,3.128093622656399203e-02,5.902002327583464637e-03,-7.838710307380800657e-01,1.230143623861283064e+00,-2.617954204062704071e-01,3.806148627977936183e+00
3.835747020732214185e-01,8.204400370207109994e-01,3.128093622656399203e-02,5.902002327583464637e-03,-7.838710307380800657e-01,1.230143623861283064e+00,-2.617954204062704071e-01,3.806719116700703509e+00
3.835747020732214185e-01,8.204400370207109994e-01,3.128093622656399203e-02,5.902002327583464637e-03,-7.838710307380800657e-01,1.230143623861283064e+00,-2.617954204062704071e-01,3.809571560314540140e+00
3.835747020732214185e-01,8.204400370207109994e-01,3.128093622656399203e-02,5.902002327583464637e-03,-7.838710307380800657e-01,1.230143623861283064e+00,-2.617954204062704071e-01,3.810129371510134977e+00
3.835747020732214185e-01,8.204400370207109994e-01,3.128093622656399203e-02,5.902002327583464637e-03,-7.838710307380800657e-01,1.230143623861283064e+00,-2.617954204062704071e-01,3.812411326401204725e+00
3.835747020732214185e-01,8.204400370207109994e-01,3.128093622656399203e-02,5.902002327583464637e-03,-7.838710307380800657e-01,1.230143623861283064e+00,-2.617954204062704071e-01,3.812981815123972051e+00
3.835747020732214185e-01,8.204400370207109994e-01,3.128093622656399203e-02,5.902002327583464637e-03,-7.838710307380800657e-01,1.230143623861283064e+00,-2.617954204062704071e-01,3.815263770015041356e+00
3.835747020732214185e-01,8.204400370207109994e-01,3.128093622656399203e-02,5.902002327583464637e-03,-7.838710307380800657e-01,1.230143623861283064e+00,-2.617954204062704071e-01,3.816404747460576452e+00
3.835747020732214185e-01,8.204400370207109994e-01,3.128093622656399203e-02,5.902002327583464637e-03,-7.838710307380800657e-01,1.230143623861283064e+00,-2.617954204062704071e-01,3.816975236183343778e+00
3.835747020732214185e-01,8.204400370207109994e-01,3.128093622656399203e-02,5.902002327583464637e-03,-7.838710307380800657e-01,1.230143623861283064e+00,-2.617954204062704071e-01,3.818674024824473268e+00
3.835747020732214185e-01,8.204400370207109994e-01,3.128093622656399203e-02,5.902002327583464637e-03,-7.838710307380800657e-01,1.230143623861283064e+00,-2.617954204062704071e-01,3.819244513547240594e+00
3.835747020732214185e-01,8.204400370207109994e-01,3.128093622656399203e-02,5.902002327583464637e-03,-7.838710307380800657e-01,1.230143623861283064e+00,-2.617954204062704071e-01,3.821526468438310342e+00
3.835747020732214185e-01,8.204400370207109994e-01,3.128093622656399203e-02,5.902002327583464637e-03,-7.838710307380800657e-01,1.230143623861283064e+00,-2.617954204062704071e-01,3.822096957161077668e+00
3.835747020732214185e-01,8.204400370207109994e-01,3.128093622656399203e-02,5.902002327583464637e-03,-7.838710307380800657e-01,1.230143623861283064e+00,-2.617954204062704071e-01,3.824378912052146973e+00
3.835747020732214185e-01,8.204400370207109994e-01,3.128093622656399203e-02,5.919996237118779758e-03,-7.838710307380800657e-01,1.230143623861283064e+00,-2.617954204062704071e-01,3.824949400774914743e+00
3.835747020732214185e-01,8.204400370207109994e-01,3.128093622656399203e-02,5.902002327583464637e-03,-7.838710307380800657e-01,1.230143623861283064e+00,-2.617954204062704071e-01,3.826660866943216721e+00
3.835747020732214185e-01,8.204400370207109994e-01,3.128093622656399203e-02,5.902002327583464637e-03,-7.838710307380800657e-01,1.230143623861283064e+00,-2.617954204062704071e-01,3.827231355665984047e+00
3.835747020732214185e-01,8.204400370207109994e-01,3.128093622656399203e-02,5.902002327583464637e-03,-7.838710307380800657e-01,1.230143623861283064e+00,-2.617954204062704071e-01,3.829500633029880863e+00
3.835747020732214185e-01,8.204400370207109994e-01,3.128093622656399203e-02,5.902002327583464637e-03,-7.838710307380800657e-01,1.230143623861283064e+00,-2.617954204062704071e-01,3.830641610475415959e+00
3.835747020732214185e-01,8.204400370207109994e-01,3.128093622656399203e-02,5.902002327583464637e-03,-7.838710307380800657e-01,1.230143623861283064e+00,-2.617954204062704071e-01,3.832353076643717937e+00
3.835747020732214185e-01,8.204400370207109994e-01,3.128093622656399203e-02,5.902002327583464637e-03,-7.838710307380800657e-01,1.230143623861283064e+00,-2.617954204062704071e-01,3.832923565366485263e+00
3.835747020732214185e-01,8.204400370207109994e-01,3.128093622656399203e-02,5.902002327583464637e-03,-7.838710307380800657e-01,1.230143623861283064e+00,-2.617954204062704071e-01,3.835205520257555012e+00
3.835747020732214185e-01,8.204400370207109994e-01,3.128093622656399203e-02,5.902002327583464637e-03,-7.838710307380800657e-01,1.230143623861283064e+00,-2.617954204062704071e-01,3.835776008980322338e+00
3.835747020732214185e-01,8.204400370207109994e-01,3.128093622656399203e-02,5.902002327583464637e-03,-7.838710307380800657e-01,1.230143623861283064e+00,-2.617954204062704071e-01,3.837487475148624316e+00
3.835747020732214185e-01,8.204400370207109994e-01,3.128093622656399203e-02,5.902002327583464637e-03,-7.838710307380800657e-01,1.230143623861283064e+00,-2.617954204062704071e-01,3.838057963871391642e+00
3.835747020732214185e-01,8.204400370207109994e-01,3.128093622656399203e-02,5.902002327583464637e-03,-7.838710307380800657e-01,1.230143623861283064e+00,-2.617954204062704071e-01,3.840327241235288902e+00
3.835747020732214185e-01,8.204400370207109994e-01,3.128093622656399203e-02,5.902002327583464637e-03,-7.838710307380800657e-01,1.230143623861283064e+00,-2.617954204062704071e-01,3.840897729958056228e+00
3.835747020732214185e-01,8.204400370207109994e-01,3.128093622656399203e-02,5.902002327583464637e-03,-7.838710307380800657e-01,1.230143623861283064e+00,-2.617954204062704071e-01,3.843179684849125533e+00
3.835747020732214185e-01,8.204400370207109994e-01,3.128093622656399203e-02,5.902002327583464637e-03,-7.838710307380800657e-01,1.230143623861283064e+00,-2.617954204062704071e-01,3.843750173571893303e+00
3.835747020732214185e-01,8.204400370207109994e-01,3.128093622656399203e-02,5.902002327583464637e-03,-7.838710307380800657e-01,1.230143623861283064e+00,-2.617954204062704071e-01,3.845448962213022792e+00
3.835747020732214185e-01,8.204400370207109994e-01,3.128093622656399203e-02,5.902002327583464637e-03,-7.838710307380800657e-01,1.230143623861283064e+00,-2.617954204062704071e-01,3.846019450935790118e+00
3.835747020732214185e-01,8.204400370207109994e-01,3.128093622656399203e-02,5.902002327583464637e-03,-7.838710307380800657e-01,1.230143623861283064e+00,-2.617954204062704071e-01,3.847730917104092097e+00
3.835747020732214185e-01,8.204400370207109994e-01,3.128093622656399203e-02,5.902002327583464637e-03,-7.838710307380800657e-01,1.230143623861283064e+00,-2.617954204062704071e-01,3.848871894549626749e+00
3.835747020732214185e-01,8.204400370207109994e-01,3.128093622656399203e-02,5.902002327583464637e-03,-7.838710307380800657e-01,1.230143623861283064e+00,-2.617954204062704071e-01,3.850583360717929171e+00
3.835747020732214185e-01,8.204400370207109994e-01,3.128093622656399203e-02,5.902002327583464637e-03,-7.838710307380800657e-01,1.230143623861283064e+00,-2.617954204062704071e-01,3.851153849440696497e+00
3.835747020732214185e-01,8.204400370207109994e-01,3.128093622656399203e-02,5.902002327583464637e-03,-7.838710307380800657e-01,1.230143623861283064e+00,-2.617954204062704071e-01,3.852852638081825987e+00
3.835747020732214185e-01,8.204400370207109994e-01,3.128093622656399203e-02,5.902002327583464637e-03,-7.838710307380800657e-01,1.230143623861283064e+00,-2.617954204062704071e-01,3.853423126804593313e+00
3.835747020732214185e-01,8.204400370207109994e-01,3.128093622656399203e-02,5.902002327583464637e-03,-7.838710307380800657e-01,1.230143623861283064e+00,-2.617954204062704071e-01,3.855134592972895735e+00
3.835747020732214185e-01,8.204400370207109994e-01,3.128093622656399203e-02,5.902002327583464637e-03,-7.838710307380800657e-01,1.230143623861283064e+00,-2.617954204062704071e-01,3.855705081695663061e+00
3.835747020732214185e-01,8.204400370207109994e-01,3.128093622656399203e-02,5.902002327583464637e-03,-7.838710307380800657e-01,1.230143623861283064e+00,-2.617954204062704071e-01,3.857987036586732366e+00
3.835747020732214185e-01,8.204400370207109994e-01,3.128093622656399203e-02,5.902002327583464637e-03,-7.838710307380800657e-01,1.230143623861283064e+00,-2.617954204062704071e-01,3.858557525309500136e+00
3.835747020732214185e-01,8.204400370207109994e-01,3.128093622656399203e-02,5.902002327583464637e-03,-7.838710307380800657e-01,1.230143623861283064e+00,-2.617954204062704071e-01,3.860839480200569440e+00
3.835747020732214185e-01,8.204400370207109994e-01,3.128093622656399203e-02,5.902002327583464637e-03,-7.838710307380800657e-01,1.230143623861283064e+00,-2.617954204062704071e-01,3.861980457646104092e+00
3.835747020732214185e-01,8.204400370207109994e-01,3.128093622656399203e-02,5.902002327583464637e-03,-7.838710307380800657e-01,1.230143623861283064e+00,-2.617954204062704071e-01,3.863691923814406515e+00
3.835747020732214185e-01,8.204400370207109994e-01,3.128093622656399203e-02,5.902002327583464637e-03,-7.838710307380800657e-01,1.230143623861283064e+00,-2.617954204062704071e-01,3.864249735010001352e+00
3.835747020732214185e-01,8.204400370207109994e-01,3.128093622656399203e-02,5.902002327583464637e-03,-7.838710307380800657e-01,1.230143623861283064e+00,-2.617954204062704071e-01,3.866531689901070656e+00
3.835747020732214185e-01,8.204400370207109994e-01,3.128093622656399203e-02,5.902002327583464637e-03,-7.838710307380800657e-01,1.230143623861283064e+00,-2.617954204062704071e-01,3.867102178623837982e+00
3.835747020732214185e-01,8.204400370207109994e-01,3.128093622656399203e-02,5.902002327583464637e-03,-7.838710307380800657e-01,1.230143623861283064e+00,-2.617954204062704071e-01,3.869384133514907731e+00
3.835747020732214185e-01,8.204400370207109994e-01,3.128093622656399203e-02,5.902002327583464637e-03,-7.838710307380800657e-01,1.230143623861283064e+00,-2.617954204062704071e-01,3.870525110960442383e+00
3.835747020732214185e-01,8.204400370207109994e-01,3.128093622656399203e-02,5.902002327583464637e-03,-7.838710307380800657e-01,1.230143623861283064e+00,-2.617954204062704071e-01,3.872236577128744806e+00
3.835747020732214185e-01,8.204400370207109994e-01,3.128093622656399203e-02,5.902002327583464637e-03,-7.838710307380800657e-01,1.230143623861283064e+00,-2.617954204062704071e-01,3.872807065851512132e+00
3.835747020732214185e-01,8.204400370207109994e-01,3.128093622656399203e-02,5.902002327583464637e-03,-7.838710307380800657e-01,1.230143623861283064e+00,-2.617954204062704071e-01,3.875089020742581436e+00
3.835747020732214185e-01,8.204400370207109994e-01,3.128093622656399203e-02,5.902002327583464637e-03,-7.838710307380800657e-01,1.230143623861283064e+00,-2.617954204062704071e-01,3.876217320660943599e+00
3.835747020732214185e-01,8.204400370207109994e-01,3.128093622656399203e-02,5.902002327583464637e-03,-7.838710307380800657e-01,1.230143623861283064e+00,-2.617954204062704071e-01,3.877928786829246022e+00
3.835747020732214185e-01,8.204400370207109994e-01,3.128093622656399203e-02,5.902002327583464637e-03,-7.838710307380800657e-01,1.230143623861283064e+00,-2.617954204062704071e-01,3.878499275552013348e+00
3.835747020732214185e-01,8.204400370207109994e-01,3.128093622656399203e-02,5.902002327583464637e-03,-7.838710307380800657e-01,1.230143623861283064e+00,-2.617954204062704071e-01,3.880210741720315326e+00
3.835747020732214185e-01,8.204400370207109994e-01,3.128093622656399203e-02,5.902002327583464637e-03,-7.838710307380800657e-01,1.230143623861283064e+00,-2.617954204062704071e-01,3.880781230443082652e+00
3.835747020732214185e-01,8.204400370207109994e-01,3.128093622656399203e-02,5.902002327583464637e-03,-7.838710307380800657e-01,1.230143623861283064e+00,-2.617954204062704071e-01,3.883063185334152401e+00
3.835747020732214185e-01,8.204400370207109994e-01,3.128093622656399203e-02,5.902002327583464637e-03,-7.838710307380800657e-01,1.230143623861283064e+00,-2.617954204062704071e-01,3.883633674056919727e+00
3.835747020732214185e-01,8.204400370207109994e-01,3.128093622656399203e-02,5.902002327583464637e-03,-7.838710307380800657e-01,1.230143623861283064e+00,-2.617954204062704071e-01,3.885345140225221705e+00
3.835747020732214185e-01,8.204400370207109994e-01,3.128093622656399203e-02,5.902002327583464637e-03,-7.838710307380800657e-01,1.230143623861283064e+00,-2.617954204062704071e-01,3.885902951420816542e+00
3.835747020732214185e-01,8.204400370207109994e-01,3.128093622656399203e-02,5.902002327583464637e-03,-7.838710307380800657e-01,1.230143623861283064e+00,-2.617954204062704071e-01,3.888184906311886291e+00
3.835747020732214185e-01,8.204400370207109994e-01,3.128093622656399203e-02,5.902002327583464637e-03,-7.838710307380800657e-01,1.230143623861283064e+00,-2.617954204062704071e-01,3.888755395034653617e+00
3.835747020732214185e-01,8.204400370207109994e-01,3.128093622656399203e-02,5.902002327583464637e-03,-7.838710307380800657e-01,1.230143623861283064e+00,-2.617954204062704071e-01,3.890466861202955595e+00
3.835747020732214185e-01,8.204400370207109994e-01,3.128093622656399203e-02,5.902002327583464637e-03,-7.838710307380800657e-01,1.230143623861283064e+00,-2.617954204062704071e-01,3.891607838648490691e+00
3.835747020732214185e-01,8.204400370207109994e-01,3.128093622656399203e-02,5.902002327583464637e-03,-7.838710307380800657e-01,1.230143623861283064e+00,-2.617954204062704071e-01,3.893889793539559996e+00
3.835747020732214185e-01,8.204400370207109994e-01,3.128093622656399203e-02,5.902002327583464637e-03,-7.838710307380800657e-01,1.230143623861283064e+00,-2.617954204062704071e-01,3.894460282262327322e+00
3.835747020732214185e-01,8.204400370207109994e-01,3.128093622656399203e-02,5.902002327583464637e-03,-7.838710307380800657e-01,1.230143623861283064e+00,-2.617954204062704071e-01,3.896729559626224582e+00
3.835747020732214185e-01,8.204400370207109994e-01,3.128093622656399203e-02,5.902002327583464637e-03,-7.838710307380800657e-01,1.230143623861283064e+00,-2.617954204062704071e-01,3.897300048348991908e+00
3.835747020732214185e-01,8.204400370207109994e-01,3.128093622656399203e-02,5.902002327583464637e-03,-7.838710307380800657e-01,1.230143623861283064e+00,-2.617954204062704071e-01,3.899011514517293886e+00
3.835747020732214185e-01,8.204400370207109994e-01,3.128093622656399203e-02,5.902002327583464637e-03,-7.838710307380800657e-01,1.230143623861283064e+00,-2.617954204062704071e-01,3.899582003240061212e+00
3.835747020732214185e-01,8.204400370207109994e-01,3.128093622656399203e-02,5.902002327583464637e-03,-7.838710307380800657e-01,1.230143623861283064e+00,-2.617954204062704071e-01,3.901293469408363634e+00
3.835747020732214185e-01,8.204400370207109994e-01,3.128093622656399203e-02,5.902002327583464637e-03,-7.838710307380800657e-01,1.230143623861283064e+00,-2.617954204062704071e-01,3.901863958131130961e+00
3.835747020732214185e-01,8.204400370207109994e-01,3.128093622656399203e-02,5.902002327583464637e-03,-7.838710307380800657e-01,1.230143623861283064e+00,-2.617954204062704071e-01,3.903575424299432939e+00
3.835747020732214185e-01,8.204400370207109994e-01,3.128093622656399203e-02,5.902002327583464637e-03,-7.838710307380800657e-01,1.230143623861283064e+00,-2.617954204062704071e-01,3.904703724217795102e+00
3.835747020732214185e-01,8.204400370207109994e-01,3.128093622656399203e-02,5.902002327583464637e-03,-7.838710307380800657e-01,1.230143623861283064e+00,-2.617954204062704071e-01,3.906985679108864851e+00
3.835747020732214185e-01,8.204400370207109994e-01,3.128093622656399203e-02,5.902002327583464637e-03,-7.838710307380800657e-01,1.230143623861283064e+00,-2.617954204062704071e-01,3.907556167831632177e+00
3.835747020732214185e-01,8.204400370207109994e-01,3.128093622656399203e-02,5.902002327583464637e-03,-7.838710307380800657e-01,1.230143623861283064e+00,-2.617954204062704071e-01,3.909267633999934155e+00
3.835747020732214185e-01,8.204400370207109994e-01,3.128093622656399203e-02,5.902002327583464637e-03,-7.838710307380800657e-01,1.230143623861283064e+00,-2.617954204062704071e-01,3.910408611445469251e+00
3.835747020732214185e-01,8.204400370207109994e-01,3.128093622656399203e-02,5.902002327583464637e-03,-7.838710307380800657e-01,1.230143623861283064e+00,-2.617954204062704071e-01,3.912120077613771230e+00
3.835747020732214185e-01,8.204400370207109994e-01,3.128093622656399203e-02,5.902002327583464637e-03,-7.838710307380800657e-01,1.230143623861283064e+00,-2.617954204062704071e-01,3.912677888809366067e+00
3.835747020732214185e-01,8.204400370207109994e-01,3.128093622656399203e-02,5.902002327583464637e-03,-7.838710307380800657e-01,1.230143623861283064e+00,-2.617954204062704071e-01,3.915530332423203141e+00
3.835747020732214185e-01,8.204400370207109994e-01,3.128093622656399203e-02,5.902002327583464637e-03,-7.838710307380800657e-01,1.230143623861283064e+00,-2.617954204062704071e-01,3.916100821145970468e+00
3.835747020732214185e-01,8.204400370207109994e-01,3.128093622656399203e-02,5.902002327583464637e-03,-7.838710307380800657e-01,1.230143623861283064e+00,-2.617954204062704071e-01,3.918382776037039772e+00
3.835747020732214185e-01,8.204400370207109994e-01,3.128093622656399203e-02,5.902002327583464637e-03,-7.838710307380800657e-01,1.230143623861283064e+00,-2.617954204062704071e-01,3.918953264759807542e+00
3.835747020732214185e-01,8.204400370207109994e-01,3.128093622656399203e-02,5.902002327583464637e-03,-7.838710307380800657e-01,1.230143623861283064e+00,-2.617954204062704071e-01,3.920664730928109520e+00
3.835747020732214185e-01,8.204400370207109994e-01,3.128093622656399203e-02,5.902002327583464637e-03,-7.838710307380800657e-01,1.230143623861283064e+00,-2.617954204062704071e-01,3.921222542123704358e+00
3.835747020732214185e-01,8.204400370207109994e-01,3.128093622656399203e-02,5.902002327583464637e-03,-7.838710307380800657e-01,1.230143623861283064e+00,-2.617954204062704071e-01,3.923504497014773662e+00
3.835747020732214185e-01,8.204400370207109994e-01,3.128093622656399203e-02,5.902002327583464637e-03,-7.838710307380800657e-01,1.230143623861283064e+00,-2.617954204062704071e-01,3.924074985737540988e+00
3.835747020732214185e-01,8.204400370207109994e-01,3.128093622656399203e-02,5.902002327583464637e-03,-7.838710307380800657e-01,1.230143623861283064e+00,-2.617954204062704071e-01,3.925786451905843411e+00
3.835747020732214185e-01,8.204400370207109994e-01,3.128093622656399203e-02,5.902002327583464637e-03,-7.838710307380800657e-01,1.230143623861283064e+00,-2.617954204062704071e-01,3.926356940628610737e+00
3.835747020732214185e-01,8.204400370207109994e-01,3.128093622656399203e-02,5.902002327583464637e-03,-7.838710307380800657e-01,1.230143623861283064e+00,-2.617954204062704071e-01,3.928638895519680485e+00
3.835747020732214185e-01,8.204400370207109994e-01,3.128093622656399203e-02,5.902002327583464637e-03,-7.838710307380800657e-01,1.230143623861283064e+00,-2.617954204062704071e-01,3.929767195438042648e+00
3.835747020732214185e-01,8.204400370207109994e-01,3.128093622656399203e-02,5.902002327583464637e-03,-7.838710307380800657e-01,1.230143623861283064e+00,-2.617954204062704071e-01,3.932061827856284442e+00
3.835747020732214185e-01,8.204400370207109994e-01,3.128093622656399203e-02,5.902002327583464637e-03,-7.838710307380800657e-01,1.230143623861283064e+00,-2.617954204062704071e-01,3.932619639051879279e+00
3.835747020732214185e-01,8.204400370207109994e-01,3.128093622656399203e-02,5.902002327583464637e-03,-7.838710307380800657e-01,1.230143623861283064e+00,-2.617954204062704071e-01,3.934331105220181701e+00
3.835747020732214185e-01,8.204400370207109994e-01,3.128093622656399203e-02,5.902002327583464637e-03,-7.838710307380800657e-01,1.230143623861283064e+00,-2.617954204062704071e-01,3.934901593942949027e+00
3.835747020732214185e-01,8.204400370207109994e-01,3.128093622656399203e-02,5.902002327583464637e-03,-7.838710307380800657e-01,1.230143623861283064e+00,-2.617954204062704071e-01,3.937183548834018332e+00
3.835747020732214185e-01,8.204400370207109994e-01,3.128093622656399203e-02,5.902002327583464637e-03,-7.838710307380800657e-01,1.230143623861283064e+00,-2.617954204062704071e-01,3.937754037556786102e+00
3.835747020732214185e-01,8.204400370207109994e-01,3.128093622656399203e-02,5.902002327583464637e-03,-7.838710307380800657e-01,1.230143623861283064e+00,-2.617954204062704071e-01,3.940035992447855406e+00
3.835747020732214185e-01,8.204400370207109994e-01,3.128093622656399203e-02,5.902002327583464637e-03,-7.838710307380800657e-01,1.230143623861283064e+00,-2.617954204062704071e-01,3.940606481170622732e+00
3.835747020732214185e-01,8.204400370207109994e-01,3.128093622656399203e-02,5.902002327583464637e-03,-7.838710307380800657e-01,1.230143623861283064e+00,-2.617954204062704071e-01,3.942888436061692481e+00
3.835747020732214185e-01,8.204400370207109994e-01,3.128093622656399203e-02,5.902002327583464637e-03,-7.838710307380800657e-01,1.230143623861283064e+00,-2.617954204062704071e-01,3.943446247257287318e+00
3.835747020732214185e-01,8.204400370207109994e-01,3.128093622656399203e-02,5.902002327583464637e-03,-7.838710307380800657e-01,1.230143623861283064e+00,-2.617954204062704071e-01,3.945157713425589296e+00
3.835747020732214185e-01,8.204400370207109994e-01,3.128093622656399203e-02,5.902002327583464637e-03,-7.838710307380800657e-01,1.230143623861283064e+00,-2.617954204062704071e-01,3.946298690871123949e+00
3.835747020732214185e-01,8.204400370207109994e-01,3.128093622656399203e-02,5.902002327583464637e-03,-7.838710307380800657e-01,1.230143623861283064e+00,-2.617954204062704071e-01,3.948010157039426371e+00
3.835747020732214185e-01,8.204400370207109994e-01,3.128093622656399203e-02,5.902002327583464637e-03,-7.838710307380800657e-01,1.230143623861283064e+00,-2.617954204062704071e-01,3.948580645762193697e+00
3.835747020732214185e-01,8.204400370207109994e-01,3.128093622656399203e-02,5.902002327583464637e-03,-7.838710307380800657e-01,1.230143623861283064e+00,-2.617954204062704071e-01,3.950862600653263002e+00
3.835747020732214185e-01,8.204400370207109994e-01,3.128093622656399203e-02,5.902002327583464637e-03,-7.838710307380800657e-01,1.230143623861283064e+00,-2.617954204062704071e-01,3.951433089376030772e+00
3.835747020732214185e-01,8.204400370207109994e-01,3.128093622656399203e-02,5.902002327583464637e-03,-7.838710307380800657e-01,1.230143623861283064e+00,-2.617954204062704071e-01,3.953715044267100076e+00
3.835747020732214185e-01,8.204400370207109994e-01,3.128093622656399203e-02,5.902002327583464637e-03,-7.838710307380800657e-01,1.230143623861283064e+00,-2.617954204062704071e-01,3.954843344185462239e+00
3.835747020732214185e-01,8.204400370207109994e-01,3.128093622656399203e-02,5.902002327583464637e-03,-7.838710307380800657e-01,1.230143623861283064e+00,-2.617954204062704071e-01,3.955413832908229566e+00
3.835747020732214185e-01,8.204400370207109994e-01,3.128093622656399203e-02,5.902002327583464637e-03,-7.838710307380800657e-01,1.230143623861283064e+00,-2.617954204062704071e-01,3.957695787799299314e+00
3.835747020732214185e-01,8.204400370207109994e-01,3.128093622656399203e-02,5.902002327583464637e-03,-7.838710307380800657e-01,1.230143623861283064e+00,-2.617954204062704071e-01,3.958266276522066640e+00
3.835747020732214185e-01,8.204400370207109994e-01,3.128093622656399203e-02,5.902002327583464637e-03,-7.838710307380800657e-01,1.230143623861283064e+00,-2.617954204062704071e-01,3.959977742690368618e+00
3.835747020732214185e-01,8.204400370207109994e-01,3.128093622656399203e-02,5.902002327583464637e-03,-7.838710307380800657e-01,1.230143623861283064e+00,-2.617954204062704071e-01,3.960548231413135944e+00
3.835747020732214185e-01,8.204400370207109994e-01,3.128093622656399203e-02,5.902002327583464637e-03,-7.838710307380800657e-01,1.230143623861283064e+00,-2.617954204062704071e-01,3.962259697581438367e+00
3.835747020732214185e-01,8.204400370207109994e-01,3.128093622656399203e-02,5.902002327583464637e-03,-7.838710307380800657e-01,1.230143623861283064e+00,-2.617954204062704071e-01,3.963958486222567856e+00
3.835747020732214185e-01,8.204400370207109994e-01,3.128093622656399203e-02,5.902002327583464637e-03,-7.838710307380800657e-01,1.230143623861283064e+00,-2.617954204062704071e-01,3.964528974945335182e+00
3.835747020732214185e-01,8.204400370207109994e-01,3.128093622656399203e-02,5.902002327583464637e-03,-7.838710307380800657e-01,1.230143623861283064e+00,-2.617954204062704071e-01,3.966240441113637605e+00
3.835747020732214185e-01,8.204400370207109994e-01,3.128093622656399203e-02,5.902002327583464637e-03,-7.838710307380800657e-01,1.230143623861283064e+00,-2.617954204062704071e-01,3.967381418559172257e+00
3.835747020732214185e-01,8.204400370207109994e-01,3.128093622656399203e-02,5.902002327583464637e-03,-7.838710307380800657e-01,1.230143623861283064e+00,-2.617954204062704071e-01,3.969092884727474235e+00
3.835747020732214185e-01,8.204400370207109994e-01,3.128093622656399203e-02,5.902002327583464637e-03,-7.838710307380800657e-01,1.230143623861283064e+00,-2.617954204062704071e-01,3.969663373450241561e+00
3.835747020732214185e-01,8.204400370207109994e-01,3.128093622656399203e-02,5.902002327583464637e-03,-7.838710307380800657e-01,1.230143623861283064e+00,-2.617954204062704071e-01,3.971945328341311310e+00
3.835747020732214185e-01,8.204400370207109994e-01,3.128093622656399203e-02,5.902002327583464637e-03,-7.838710307380800657e-01,1.230143623861283064e+00,-2.617954204062704071e-01,3.972515817064078636e+00
3.835747020732214185e-01,8.204400370207109994e-01,3.128093622656399203e-02,5.919996237118779758e-03,-7.838710307380800657e-01,1.230143623861283064e+00,-2.617954204062704071e-01,3.974785094427975451e+00
3.835747020732214185e-01,8.204400370207109994e-01,3.128093622656399203e-02,5.902002327583464637e-03,-7.838710307380800657e-01,1.230143623861283064e+00,-2.617954204062704071e-01,3.975355583150743222e+00
3.835747020732214185e-01,8.204400370207109994e-01,3.128093622656399203e-02,5.902002327583464637e-03,-7.838710307380800657e-01,1.230143623861283064e+00,-2.617954204062704071e-01,3.977067049319045200e+00
3.835747020732214185e-01,8.204400370207109994e-01,3.128093622656399203e-02,5.902002327583464637e-03,-7.838710307380800657e-01,1.230143623861283064e+00,-2.617954204062704071e-01,3.977637538041812526e+00
3.835747020732214185e-01,8.204400370207109994e-01,3.128093622656399203e-02,5.902002327583464637e-03,-7.838710307380800657e-01,1.230143623861283064e+00,-2.617954204062704071e-01,3.979906815405709342e+00
3.835747020732214185e-01,8.204400370207109994e-01,3.128093622656399203e-02,5.902002327583464637e-03,-7.838710307380800657e-01,1.230143623861283064e+00,-2.617954204062704071e-01,3.981047792851244438e+00
3.835747020732214185e-01,8.204400370207109994e-01,3.128093622656399203e-02,5.902002327583464637e-03,-7.838710307380800657e-01,1.230143623861283064e+00,-2.617954204062704071e-01,3.981618281574011764e+00
3.835747020732214185e-01,8.204400370207109994e-01,3.128093622656399203e-02,5.902002327583464637e-03,-7.838710307380800657e-01,1.230143623861283064e+00,-2.617954204062704071e-01,3.983900236465081068e+00
3.835747020732214185e-01,8.204400370207109994e-01,3.128093622656399203e-02,5.902002327583464637e-03,-7.838710307380800657e-01,1.230143623861283064e+00,-2.617954204062704071e-01,3.984470725187848394e+00
3.835747020732214185e-01,8.204400370207109994e-01,3.128093622656399203e-02,5.902002327583464637e-03,-7.838710307380800657e-01,1.230143623861283064e+00,-2.617954204062704071e-01,3.986182191356150817e+00
3.835747020732214185e-01,8.204400370207109994e-01,3.128093622656399203e-02,5.902002327583464637e-03,-7.838710307380800657e-01,1.230143623861283064e+00,-2.617954204062704071e-01,3.987323168801685469e+00
3.835747020732214185e-01,8.204400370207109994e-01,3.128093622656399203e-02,5.902002327583464637e-03,-7.838710307380800657e-01,1.230143623861283064e+00,-2.617954204062704071e-01,3.989592446165582285e+00
3.835747020732214185e-01,8.204400370207109994e-01,3.128093622656399203e-02,5.902002327583464637e-03,-7.838710307380800657e-01,1.230143623861283064e+00,-2.617954204062704071e-01,3.990162934888350055e+00
3.835747020732214185e-01,8.204400370207109994e-01,3.128093622656399203e-02,5.902002327583464637e-03,-7.838710307380800657e-01,1.230143623861283064e+00,-2.617954204062704071e-01,3.992444889779419359e+00
3.835747020732214185e-01,8.204400370207109994e-01,3.128093622656399203e-02,5.902002327583464637e-03,-7.838710307380800657e-01,1.230143623861283064e+00,-2.617954204062704071e-01,3.993015378502186685e+00
3.835747020732214185e-01,8.204400370207109994e-01,3.128093622656399203e-02,5.902002327583464637e-03,-7.838710307380800657e-01,1.230143623861283064e+00,-2.617954204062704071e-01,3.995297333393256434e+00
3.835747020732214185e-01,8.204400370207109994e-01,3.128093622656399203e-02,5.902002327583464637e-03,-7.838710307380800657e-01,1.230143623861283064e+00,-2.617954204062704071e-01,3.995867822116023760e+00
3.835747020732214185e-01,8.204400370207109994e-01,3.128093622656399203e-02,5.902002327583464637e-03,-7.838710307380800657e-01,1.230143623861283064e+00,-2.617954204062704071e-01,3.998149777007093064e+00
3.835747020732214185e-01,8.204400370207109994e-01,3.128093622656399203e-02,5.902002327583464637e-03,-7.838710307380800657e-01,1.230143623861283064e+00,-2.617954204062704071e-01,3.998707588202687901e+00
3.835747020732214185e-01,8.204400370207109994e-01,3.128093622656399203e-02,5.902002327583464637e-03,-7.838710307380800657e-01,1.230143623861283064e+00,-2.617954204062704071e-01,4.000989543093757206e+00
3.835747020732214185e-01,8.204400370207109994e-01,3.128093622656399203e-02,5.902002327583464637e-03,-7.838710307380800657e-01,1.230143623861283064e+00,-2.617954204062704071e-01,4.002130520539292746e+00
3.835747020732214185e-01,8.204400370207109994e-01,3.128093622656399203e-02,5.902002327583464637e-03,-7.838710307380800657e-01,1.230143623861283064e+00,-2.617954204062704071e-01,4.004982964153128933e+00
3.835747020732214185e-01,8.204400370207109994e-01,3.128093622656399203e-02,5.902002327583464637e-03,-7.838710307380800657e-01,1.230143623861283064e+00,-2.617954204062704071e-01,4.005553452875896703e+00
3.835747020732214185e-01,8.204400370207109994e-01,3.128093622656399203e-02,5.902002327583464637e-03,-7.838710307380800657e-01,1.230143623861283064e+00,-2.617954204062704071e-01,4.006694430321431355e+00
3.835747020732214185e-01,8.204400370207109994e-01,3.128093622656399203e-02,5.902002327583464637e-03,-7.838710307380800657e-01,1.230143623861283064e+00,-2.617954204062704071e-01,4.008963707685328615e+00
3.835747020732214185e-01,8.204400370207109994e-01,3.128093622656399203e-02,5.902002327583464637e-03,-7.838710307380800657e-01,1.230143623861283064e+00,-2.617954204062704071e-01,4.009534196408095497e+00
3.835747020732214185e-01,8.204400370207109994e-01,3.128093622656399203e-02,5.902002327583464637e-03,-7.838710307380800657e-01,1.230143623861283064e+00,-2.617954204062704071e-01,4.011245662576397919e+00
3.835747020732214185e-01,8.204400370207109994e-01,3.128093622656399203e-02,5.902002327583464637e-03,-7.838710307380800657e-01,1.230143623861283064e+00,-2.617954204062704071e-01,4.011816151299165689e+00
3.835747020732214185e-01,8.204400370207109994e-01,3.128093622656399203e-02,5.902002327583464637e-03,-7.838710307380800657e-01,1.230143623861283064e+00,-2.617954204062704071e-01,4.014668594913001876e+00
3.835747020732214185e-01,8.204400370207109994e-01,3.128093622656399203e-02,5.902002327583464637e-03,-7.838710307380800657e-01,1.230143623861283064e+00,-2.617954204062704071e-01,4.015239083635769646e+00
3.835747020732214185e-01,8.204400370207109994e-01,3.128093622656399203e-02,5.902002327583464637e-03,-7.838710307380800657e-01,1.230143623861283064e+00,-2.617954204062704071e-01,4.017508360999666905e+00
3.835747020732214185e-01,8.204400370207109994e-01,3.128093622656399203e-02,5.902002327583464637e-03,-7.838710307380800657e-01,1.230143623861283064e+00,-2.617954204062704071e-01,4.018078849722433787e+00
3.835747020732214185e-01,8.204400370207109994e-01,3.128093622656399203e-02,5.902002327583464637e-03,-7.838710307380800657e-01,1.230143623861283064e+00,-2.617954204062704071e-01,4.020360804613503980e+00
3.835747020732214185e-01,8.204400370207109994e-01,3.128093622656399203e-02,5.902002327583464637e-03,-7.838710307380800657e-01,1.230143623861283064e+00,-2.617954204062704071e-01,4.020931293336270862e+00
3.835747020732214185e-01,8.204400370207109994e-01,3.128093622656399203e-02,5.902002327583464637e-03,-7.838710307380800657e-01,1.230143623861283064e+00,-2.617954204062704071e-01,4.023213248227340166e+00
3.835747020732214185e-01,8.204400370207109994e-01,3.128093622656399203e-02,5.902002327583464637e-03,-7.838710307380800657e-01,1.230143623861283064e+00,-2.617954204062704071e-01,4.023783736950107937e+00
3.835747020732214185e-01,8.204400370207109994e-01,3.128093622656399203e-02,5.902002327583464637e-03,-7.838710307380800657e-01,1.230143623861283064e+00,-2.617954204062704071e-01,4.025495203118410359e+00
3.835747020732214185e-01,8.204400370207109994e-01,3.128093622656399203e-02,5.902002327583464637e-03,-7.838710307380800657e-01,1.230143623861283064e+00,-2.617954204062704071e-01,4.026636180563945011e+00
3.835747020732214185e-01,8.204400370207109994e-01,3.128093622656399203e-02,5.902002327583464637e-03,-7.838710307380800657e-01,1.230143623861283064e+00,-2.617954204062704071e-01,4.028905457927841383e+00
3.835747020732214185e-01,8.204400370207109994e-01,3.128093622656399203e-02,5.902002327583464637e-03,-7.838710307380800657e-01,1.230143623861283064e+00,-2.617954204062704071e-01,4.029475946650609153e+00
3.835747020732214185e-01,8.204400370207109994e-01,3.128093622656399203e-02,5.902002327583464637e-03,-7.838710307380800657e-01,1.230143623861283064e+00,-2.617954204062704071e-01,4.031187412818911575e+00
3.835747020732214185e-01,8.204400370207109994e-01,3.128093622656399203e-02,5.902002327583464637e-03,-7.838710307380800657e-01,1.230143623861283064e+00,-2.617954204062704071e-01,4.032898878987213109e+00
3.835747020732214185e-01,8.204400370207109994e-01,3.128093622656399203e-02,5.902002327583464637e-03,-7.838710307380800657e-01,1.230143623861283064e+00,-2.617954204062704071e-01,4.033469367709980880e+00
3.835747020732214185e-01,8.204400370207109994e-01,3.128093622656399203e-02,5.902002327583464637e-03,-7.838710307380800657e-01,1.230143623861283064e+00,-2.617954204062704071e-01,4.035751322601050184e+00
3.835747020732214185e-01,8.204400370207109994e-01,3.128093622656399203e-02,5.902002327583464637e-03,-7.838710307380800657e-01,1.230143623861283064e+00,-2.617954204062704071e-01,4.036321811323817954e+00
3.835747020732214185e-01,8.204400370207109994e-01,3.128093622656399203e-02,5.902002327583464637e-03,-7.838710307380800657e-01,1.230143623861283064e+00,-2.617954204062704071e-01,4.038603766214887258e+00
3.835747020732214185e-01,8.204400370207109994e-01,3.128093622656399203e-02,5.902002327583464637e-03,-7.838710307380800657e-01,1.230143623861283064e+00,-2.617954204062704071e-01,4.039732066133249866e+00
3.835747020732214185e-01,8.204400370207109994e-01,3.128093622656399203e-02,5.902002327583464637e-03,-7.838710307380800657e-01,1.230143623861283064e+00,-2.617954204062704071e-01,4.040302554856016748e+00
3.835747020732214185e-01,8.204400370207109994e-01,3.128093622656399203e-02,5.902002327583464637e-03,-7.838710307380800657e-01,1.230143623861283064e+00,-2.617954204062704071e-01,4.042584509747086052e+00
3.835747020732214185e-01,8.204400370207109994e-01,3.128093622656399203e-02,5.902002327583464637e-03,-7.838710307380800657e-01,1.230143623861283064e+00,-2.617954204062704071e-01,4.043725487192621593e+00
3.835747020732214185e-01,8.204400370207109994e-01,3.128093622656399203e-02,5.902002327583464637e-03,-7.838710307380800657e-01,1.230143623861283064e+00,-2.617954204062704071e-01,4.044295975915388475e+00
3.835747020732214185e-01,8.204400370207109994e-01,3.128093622656399203e-02,5.902002327583464637e-03,-7.838710307380800657e-01,1.230143623861283064e+00,-2.617954204062704071e-01,4.046577930806457779e+00
3.835747020732214185e-01,8.204400370207109994e-01,3.128093622656399203e-02,5.902002327583464637e-03,-7.838710307380800657e-01,1.230143623861283064e+00,-2.617954204062704071e-01,4.047148419529225549e+00
3.835747020732214185e-01,8.204400370207109994e-01,3.128093622656399203e-02,5.902002327583464637e-03,-7.838710307380800657e-01,1.230143623861283064e+00,-2.617954204062704071e-01,4.049417696893122809e+00
3.835747020732214185e-01,8.204400370207109994e-01,3.128093622656399203e-02,5.902002327583464637e-03,-7.838710307380800657e-01,1.230143623861283064e+00,-2.617954204062704071e-01,4.049988185615889691e+00
3.835747020732214185e-01,8.204400370207109994e-01,3.128093622656399203e-02,5.902002327583464637e-03,-7.838710307380800657e-01,1.230143623861283064e+00,-2.617954204062704071e-01,4.052270140506958995e+00
3.835747020732214185e-01,8.204400370207109994e-01,3.128093622656399203e-02,5.902002327583464637e-03,-7.838710307380800657e-01,1.230143623861283064e+00,-2.617954204062704071e-01,4.052840629229726765e+00
3.835747020732214185e-01,8.204400370207109994e-01,3.128093622656399203e-02,5.902002327583464637e-03,-7.838710307380800657e-01,1.230143623861283064e+00,-2.617954204062704071e-01,4.055693072843563840e+00
3.835747020732214185e-01,8.204400370207109994e-01,3.128093622656399203e-02,5.902002327583464637e-03,-7.838710307380800657e-01,1.230143623861283064e+00,-2.617954204062704071e-01,4.056263561566330722e+00
3.835747020732214185e-01,8.204400370207109994e-01,3.128093622656399203e-02,5.902002327583464637e-03,-7.838710307380800657e-01,1.230143623861283064e+00,-2.617954204062704071e-01,4.058532838930227982e+00
3.835747020732214185e-01,8.204400370207109994e-01,3.128093622656399203e-02,5.902002327583464637e-03,-7.838710307380800657e-01,1.230143623861283064e+00,-2.617954204062704071e-01,4.059103327652995752e+00
3.835747020732214185e-01,8.204400370207109994e-01,3.128093622656399203e-02,5.902002327583464637e-03,-7.838710307380800657e-01,1.230143623861283064e+00,-2.617954204062704071e-01,4.061385282544065056e+00
3.835747020732214185e-01,8.204400370207109994e-01,3.128093622656399203e-02,5.902002327583464637e-03,-7.838710307380800657e-01,1.230143623861283064e+00,-2.617954204062704071e-01,4.061955771266832826e+00
3.835747020732214185e-01,8.204400370207109994e-01,3.128093622656399203e-02,5.902002327583464637e-03,-7.838710307380800657e-01,1.230143623861283064e+00,-2.617954204062704071e-01,4.063667237435134361e+00
3.835747020732214185e-01,8.204400370207109994e-01,3.128093622656399203e-02,5.902002327583464637e-03,-7.838710307380800657e-01,1.230143623861283064e+00,-2.617954204062704071e-01,4.065949192326203665e+00
3.835747020732214185e-01,8.204400370207109994e-01,3.128093622656399203e-02,5.902002327583464637e-03,-7.838710307380800657e-01,1.230143623861283064e+00,-2.617954204062704071e-01,4.066519681048971435e+00
3.835747020732214185e-01,8.204400370207109994e-01,3.128093622656399203e-02,5.902002327583464637e-03,-7.838710307380800657e-01,1.230143623861283064e+00,-2.617954204062704071e-01,4.069359447135635577e+00
3.835747020732214185e-01,8.204400370207109994e-01,3.128093622656399203e-02,5.902002327583464637e-03,-7.838710307380800657e-01,1.230143623861283064e+00,-2.617954204062704071e-01,4.069929935858403347e+00
3.835747020732214185e-01,8.204400370207109994e-01,3.128093622656399203e-02,5.902002327583464637e-03,-7.838710307380800657e-01,1.230143623861283064e+00,-2.617954204062704071e-01,4.071641402026705769e+00
3.835747020732214185e-01,8.204400370207109994e-01,3.128093622656399203e-02,5.902002327583464637e-03,-7.838710307380800657e-01,1.230143623861283064e+00,-2.617954204062704071e-01,4.072211890749472651e+00
3.835747020732214185e-01,8.204400370207109994e-01,3.128093622656399203e-02,5.902002327583464637e-03,-7.838710307380800657e-01,1.230143623861283064e+00,-2.617954204062704071e-01,4.073910679390602141e+00
3.835747020732214185e-01,8.204400370207109994e-01,3.128093622656399203e-02,5.902002327583464637e-03,-7.838710307380800657e-01,1.230143623861283064e+00,-2.617954204062704071e-01,4.074481168113369911e+00
3.835747020732214185e-01,8.204400370207109994e-01,3.128093622656399203e-02,5.902002327583464637e-03,-7.838710307380800657e-01,1.230143623861283064e+00,-2.617954204062704071e-01,4.076763123004439215e+00
3.835747020732214185e-01,8.204400370207109994e-01,3.128093622656399203e-02,5.902002327583464637e-03,-7.838710307380800657e-01,1.230143623861283064e+00,-2.617954204062704071e-01,4.077333611727206986e+00
3.835747020732214185e-01,8.204400370207109994e-01,3.128093622656399203e-02,5.902002327583464637e-03,-7.838710307380800657e-01,1.230143623861283064e+00,-2.617954204062704071e-01,4.079045077895508520e+00
3.835747020732214185e-01,8.204400370207109994e-01,3.128093622656399203e-02,5.902002327583464637e-03,-7.838710307380800657e-01,1.230143623861283064e+00,-2.617954204062704071e-01,4.079615566618276290e+00
3.835747020732214185e-01,8.204400370207109994e-01,3.128093622656399203e-02,5.902002327583464637e-03,-7.838710307380800657e-01,1.230143623861283064e+00,-2.617954204062704071e-01,4.081897521509345594e+00
3.835747020732214185e-01,8.204400370207109994e-01,3.128093622656399203e-02,5.902002327583464637e-03,-7.838710307380800657e-01,1.230143623861283064e+00,-2.617954204062704071e-01,4.082455332704940432e+00
3.835747020732214185e-01,8.204400370207109994e-01,3.128093622656399203e-02,5.902002327583464637e-03,-7.838710307380800657e-01,1.230143623861283064e+00,-2.617954204062704071e-01,4.084166798873242854e+00
3.835747020732214185e-01,8.204400370207109994e-01,3.128093622656399203e-02,5.902002327583464637e-03,-7.838710307380800657e-01,1.230143623861283064e+00,-2.617954204062704071e-01,4.084737287596009736e+00
3.835747020732214185e-01,8.204400370207109994e-01,3.128093622656399203e-02,5.902002327583464637e-03,-7.838710307380800657e-01,1.230143623861283064e+00,-2.617954204062704071e-01,4.086448753764312158e+00
3.835747020732214185e-01,8.204400370207109994e-01,3.128093622656399203e-02,5.902002327583464637e-03,-7.838710307380800657e-01,1.230143623861283064e+00,-2.617954204062704071e-01,4.087019242487079929e+00
3.835747020732214185e-01,8.204400370207109994e-01,3.128093622656399203e-02,5.902002327583464637e-03,-7.838710307380800657e-01,1.230143623861283064e+00,-2.617954204062704071e-01,4.089301197378149233e+00
3.835747020732214185e-01,8.204400370207109994e-01,3.128093622656399203e-02,5.902002327583464637e-03,-7.838710307380800657e-01,1.230143623861283064e+00,-2.617954204062704071e-01,4.089871686100916115e+00
3.835747020732214185e-01,8.204400370207109994e-01,3.128093622656399203e-02,5.902002327583464637e-03,-7.838710307380800657e-01,1.230143623861283064e+00,-2.617954204062704071e-01,4.091583152269218537e+00
3.835747020732214185e-01,8.204400370207109994e-01,3.128093622656399203e-02,5.902002327583464637e-03,-7.838710307380800657e-01,1.230143623861283064e+00,-2.617954204062704071e-01,4.092153640991986308e+00
3.835747020732214185e-01,8.204400370207109994e-01,3.128093622656399203e-02,5.902002327583464637e-03,-7.838710307380800657e-01,1.230143623861283064e+00,-2.617954204062704071e-01,4.093852429633115797e+00
3.835747020732214185e-01,8.204400370207109994e-01,3.128093622656399203e-02,5.902002327583464637e-03,-7.838710307380800657e-01,1.230143623861283064e+00,-2.617954204062704071e-01,4.095563895801418219e+00
3.835747020732214185e-01,8.204400370207109994e-01,3.128093622656399203e-02,5.902002327583464637e-03,-7.838710307380800657e-01,1.230143623861283064e+00,-2.617954204062704071e-01,4.096134384524185101e+00
3.835747020732214185e-01,8.204400370207109994e-01,3.128093622656399203e-02,5.902002327583464637e-03,-7.838710307380800657e-01,1.230143623861283064e+00,-2.617954204062704071e-01,4.097845850692487524e+00
3.835747020732214185e-01,8.204400370207109994e-01,3.128093622656399203e-02,5.902002327583464637e-03,-7.838710307380800657e-01,1.230143623861283064e+00,-2.617954204062704071e-01,4.098416339415254406e+00
3.835747020732214185e-01,8.204400370207109994e-01,3.128093622656399203e-02,5.902002327583464637e-03,-7.838710307380800657e-01,1.230143623861283064e+00,-2.617954204062704071e-01,4.100127805583556828e+00
3.835747020732214185e-01,8.204400370207109994e-01,3.128093622656399203e-02,5.902002327583464637e-03,-7.838710307380800657e-01,1.230143623861283064e+00,-2.617954204062704071e-01,4.101268783029091480e+00
3.835747020732214185e-01,8.204400370207109994e-01,3.128093622656399203e-02,5.902002327583464637e-03,-7.838710307380800657e-01,1.230143623861283064e+00,-2.617954204062704071e-01,4.102980249197393903e+00
3.835747020732214185e-01,8.204400370207109994e-01,3.128093622656399203e-02,5.902002327583464637e-03,-7.838710307380800657e-01,1.230143623861283064e+00,-2.617954204062704071e-01,4.103550737920160785e+00
3.835747020732214185e-01,8.204400370207109994e-01,3.128093622656399203e-02,5.902002327583464637e-03,-7.838710307380800657e-01,1.230143623861283064e+00,-2.617954204062704071e-01,4.106390504006825815e+00
3.835747020732214185e-01,8.204400370207109994e-01,3.128093622656399203e-02,5.902002327583464637e-03,-7.838710307380800657e-01,1.230143623861283064e+00,-2.617954204062704071e-01,4.106960992729592697e+00
3.835747020732214185e-01,8.204400370207109994e-01,3.128093622656399203e-02,5.902002327583464637e-03,-7.838710307380800657e-01,1.230143623861283064e+00,-2.617954204062704071e-01,4.109242947620662889e+00
3.835747020732214185e-01,8.204400370207109994e-01,3.128093622656399203e-02,5.902002327583464637e-03,-7.838710307380800657e-01,1.230143623861283064e+00,-2.617954204062704071e-01,4.109813436343429771e+00
3.835747020732214185e-01,8.204400370207109994e-01,3.128093622656399203e-02,5.902002327583464637e-03,-7.838710307380800657e-01,1.230143623861283064e+00,-2.617954204062704071e-01,4.111524902511732193e+00
3.835747020732214185e-01,8.204400370207109994e-01,3.128093622656399203e-02,5.902002327583464637e-03,-7.838710307380800657e-01,1.230143623861283064e+00,-2.617954204062704071e-01,4.112665879957266846e+00
3.835747020732214185e-01,8.204400370207109994e-01,3.128093622656399203e-02,5.902002327583464637e-03,-7.838710307380800657e-01,1.230143623861283064e+00,-2.617954204062704071e-01,4.114364668598396335e+00
3.835747020732214185e-01,8.204400370207109994e-01,3.128093622656399203e-02,5.902002327583464637e-03,-7.838710307380800657e-01,1.230143623861283064e+00,-2.617954204062704071e-01,4.115518323571103920e+00
3.835747020732214185e-01,8.204400370207109994e-01,3.128093622656399203e-02,5.902002327583464637e-03,-7.838710307380800657e-01,1.230143623861283064e+00,-2.617954204062704071e-01,4.116646623489465640e+00
3.835747020732214185e-01,8.204400370207109994e-01,3.128093622656399203e-02,5.902002327583464637e-03,-7.838710307380800657e-01,1.230143623861283064e+00,-2.617954204062704071e-01,4.118358089657768062e+00
3.835747020732214185e-01,8.204400370207109994e-01,3.128093622656399203e-02,5.902002327583464637e-03,-7.838710307380800657e-01,1.230143623861283064e+00,-2.617954204062704071e-01,4.118928578380535832e+00
3.835747020732214185e-01,8.204400370207109994e-01,3.128093622656399203e-02,5.902002327583464637e-03,-7.838710307380800657e-01,1.230143623861283064e+00,-2.617954204062704071e-01,4.121210533271605136e+00
3.835747020732214185e-01,8.204400370207109994e-01,3.128093622656399203e-02,5.902002327583464637e-03,-7.838710307380800657e-01,1.230143623861283064e+00,-2.617954204062704071e-01,4.121781021994372018e+00
3.835747020732214185e-01,8.204400370207109994e-01,3.128093622656399203e-02,5.902002327583464637e-03,-7.838710307380800657e-01,1.230143623861283064e+00,-2.617954204062704071e-01,4.124062976885442211e+00
3.835747020732214185e-01,8.204400370207109994e-01,3.128093622656399203e-02,5.902002327583464637e-03,-7.838710307380800657e-01,1.230143623861283064e+00,-2.617954204062704071e-01,4.124620788081037048e+00
3.835747020732214185e-01,8.204400370207109994e-01,3.128093622656399203e-02,5.902002327583464637e-03,-7.838710307380800657e-01,1.230143623861283064e+00,-2.617954204062704071e-01,4.126902742972106353e+00
3.835747020732214185e-01,8.204400370207109994e-01,3.128093622656399203e-02,5.902002327583464637e-03,-7.838710307380800657e-01,1.230143623861283064e+00,-2.617954204062704071e-01,4.127473231694873235e+00
3.835747020732214185e-01,8.204400370207109994e-01,3.128093622656399203e-02,5.902002327583464637e-03,-7.838710307380800657e-01,1.230143623861283064e+00,-2.617954204062704071e-01,4.129184697863175657e+00
3.835747020732214185e-01,8.204400370207109994e-01,3.128093622656399203e-02,5.902002327583464637e-03,-7.838710307380800657e-01,1.230143623861283064e+00,-2.617954204062704071e-01,4.130325675308710309e+00
3.835747020732214185e-01,8.204400370207109994e-01,3.128093622656399203e-02,5.902002327583464637e-03,-7.838710307380800657e-01,1.230143623861283064e+00,-2.617954204062704071e-01,4.131466652754244961e+00
3.835747020732214185e-01,8.204400370207109994e-01,3.128093622656399203e-02,5.902002327583464637e-03,-7.838710307380800657e-01,1.230143623861283064e+00,-2.617954204062704071e-01,4.133178118922547384e+00
3.835747020732214185e-01,8.204400370207109994e-01,3.128093622656399203e-02,5.902002327583464637e-03,-7.838710307380800657e-01,1.230143623861283064e+00,-2.617954204062704071e-01,4.133735930118142221e+00
3.835747020732214185e-01,8.204400370207109994e-01,3.128093622656399203e-02,5.902002327583464637e-03,-7.838710307380800657e-01,1.230143623861283064e+00,-2.617954204062704071e-01,4.136017885009211525e+00
3.835747020732214185e-01,8.204400370207109994e-01,3.128093622656399203e-02,5.902002327583464637e-03,-7.838710307380800657e-01,1.230143623861283064e+00,-2.617954204062704071e-01,4.136588373731979296e+00
3.835747020732214185e-01,8.204400370207109994e-01,3.128093622656399203e-02,5.902002327583464637e-03,-7.838710307380800657e-01,1.230143623861283064e+00,-2.617954204062704071e-01,4.138299839900281718e+00
3.835747020732214185e-01,8.204400370207109994e-01,3.128093622656399203e-02,5.902002327583464637e-03,-7.838710307380800657e-01,1.230143623861283064e+00,-2.617954204062704071e-01,4.139440817345816370e+00
3.835747020732214185e-01,8.204400370207109994e-01,3.128093622656399203e-02,5.902002327583464637e-03,-7.838710307380800657e-01,1.230143623861283064e+00,-2.617954204062704071e-01,4.141152283514117904e+00
3.835747020732214185e-01,8.204400370207109994e-01,3.128093622656399203e-02,5.902002327583464637e-03,-7.838710307380800657e-01,1.230143623861283064e+00,-2.617954204062704071e-01,4.141722772236885675e+00
3.835747020732214185e-01,8.204400370207109994e-01,3.128093622656399203e-02,5.902002327583464637e-03,-7.838710307380800657e-01,1.230143623861283064e+00,-2.617954204062704071e-01,4.143992049600782934e+00
3.835747020732214185e-01,8.204400370207109994e-01,3.128093622656399203e-02,5.902002327583464637e-03,-7.838710307380800657e-01,1.230143623861283064e+00,-2.617954204062704071e-01,4.145133027046317586e+00
3.835747020732214185e-01,8.204400370207109994e-01,3.128093622656399203e-02,5.902002327583464637e-03,-7.838710307380800657e-01,1.230143623861283064e+00,-2.617954204062704071e-01,4.146274004491852239e+00
3.835747020732214185e-01,8.204400370207109994e-01,3.128093622656399203e-02,5.902002327583464637e-03,-7.838710307380800657e-01,1.230143623861283064e+00,-2.617954204062704071e-01,4.148555959382921543e+00
3.835747020732214185e-01,8.204400370207109994e-01,3.128093622656399203e-02,5.902002327583464637e-03,-7.838710307380800657e-01,1.230143623861283064e+00,-2.617954204062704071e-01,4.149126448105689313e+00
3.835747020732214185e-01,8.204400370207109994e-01,3.128093622656399203e-02,5.902002327583464637e-03,-7.838710307380800657e-01,1.230143623861283064e+00,-2.617954204062704071e-01,4.151408402996758618e+00
3.835747020732214185e-01,8.204400370207109994e-01,3.128093622656399203e-02,5.902002327583464637e-03,-7.838710307380800657e-01,1.230143623861283064e+00,-2.617954204062704071e-01,4.151978891719526388e+00
3.835747020732214185e-01,8.204400370207109994e-01,3.128093622656399203e-02,5.902002327583464637e-03,-7.838710307380800657e-01,1.230143623861283064e+00,-2.617954204062704071e-01,4.154248169083422759e+00
3.835747020732214185e-01,8.204400370207109994e-01,3.128093622656399203e-02,5.902002327583464637e-03,-7.838710307380800657e-01,1.230143623861283064e+00,-2.617954204062704071e-01,4.154818657806190529e+00
3.835747020732214185e-01,8.204400370207109994e-01,3.128093622656399203e-02,5.902002327583464637e-03,-7.838710307380800657e-01,1.230143623861283064e+00,-2.617954204062704071e-01,4.156530123974492952e+00
3.835747020732214185e-01,8.204400370207109994e-01,3.128093622656399203e-02,5.902002327583464637e-03,-7.838710307380800657e-01,1.230143623861283064e+00,-2.617954204062704071e-01,4.157671101420027604e+00
3.835747020732214185e-01,8.204400370207109994e-01,3.128093622656399203e-02,5.902002327583464637e-03,-7.838710307380800657e-01,1.230143623861283064e+00,-2.617954204062704071e-01,4.159382567588329138e+00
3.835747020732214185e-01,8.204400370207109994e-01,3.128093622656399203e-02,5.902002327583464637e-03,-7.838710307380800657e-01,1.230143623861283064e+00,-2.617954204062704071e-01,4.159953056311096908e+00
3.835747020732214185e-01,8.204400370207109994e-01,3.128093622656399203e-02,5.902002327583464637e-03,-7.838710307380800657e-01,1.230143623861283064e+00,-2.617954204062704071e-01,4.161651844952226398e+00
3.835747020732214185e-01,8.204400370207109994e-01,3.128093622656399203e-02,5.902002327583464637e-03,-7.838710307380800657e-01,1.230143623861283064e+00,-2.617954204062704071e-01,4.163363311120528820e+00
3.835747020732214185e-01,8.204400370207109994e-01,3.128093622656399203e-02,5.902002327583464637e-03,-7.838710307380800657e-01,1.230143623861283064e+00,-2.617954204062704071e-01,4.165074777288830354e+00
3.835747020732214185e-01,8.204400370207109994e-01,3.128093622656399203e-02,5.919996237118779758e-03,-7.838710307380800657e-01,1.230143623861283064e+00,-2.617954204062704071e-01,4.165645266011598125e+00
3.835747020732214185e-01,8.204400370207109994e-01,3.128093622656399203e-02,5.902002327583464637e-03,-7.838710307380800657e-01,1.230143623861283064e+00,-2.617954204062704071e-01,4.167914543375495384e+00
3.835747020732214185e-01,8.204400370207109994e-01,3.128093622656399203e-02,5.902002327583464637e-03,-7.838710307380800657e-01,1.230143623861283064e+00,-2.617954204062704071e-01,4.169068198348202081e+00
3.835747020732214185e-01,8.204400370207109994e-01,3.128093622656399203e-02,5.902002327583464637e-03,-7.838710307380800657e-01,1.230143623861283064e+00,-2.617954204062704071e-01,4.169638687070969851e+00
3.835747020732214185e-01,8.204400370207109994e-01,3.128093622656399203e-02,5.902002327583464637e-03,-7.838710307380800657e-01,1.230143623861283064e+00,-2.617954204062704071e-01,4.171337475712099341e+00
3.835747020732214185e-01,8.204400370207109994e-01,3.128093622656399203e-02,5.919996237118779758e-03,-7.838710307380800657e-01,1.230143623861283064e+00,-2.617954204062704071e-01,4.171907964434867111e+00
3.835747020732214185e-01,8.204400370207109994e-01,3.128093622656399203e-02,5.919996237118779758e-03,-7.838710307380800657e-01,1.230143623861283064e+00,-2.617954204062704071e-01,4.173619430603168645e+00
3.835747020732214185e-01,8.204400370207109994e-01,3.128093622656399203e-02,5.902002327583464637e-03,-7.838710307380800657e-01,1.230143623861283064e+00,-2.617954204062704071e-01,4.174760408048704186e+00
3.835747020732214185e-01,8.204400370207109994e-01,3.128093622656399203e-02,5.902002327583464637e-03,-7.838710307380800657e-01,1.230143623861283064e+00,-2.617954204062704071e-01,4.177029685412600557e+00
3.835747020732214185e-01,8.204400370207109994e-01,3.128093622656399203e-02,5.902002327583464637e-03,-7.838710307380800657e-01,1.230143623861283064e+00,-2.617954204062704071e-01,4.177600174135368327e+00
3.835747020732214185e-01,8.204400370207109994e-01,3.128093622656399203e-02,5.902002327583464637e-03,-7.838710307380800657e-01,1.230143623861283064e+00,-2.617954204062704071e-01,4.178741151580902979e+00
3.835747020732214185e-01,8.204400370207109994e-01,3.128093622656399203e-02,5.902002327583464637e-03,-7.838710307380800657e-01,1.230143623861283064e+00,-2.617954204062704071e-01,4.181023106471972284e+00
3.835747020732214185e-01,8.204400370207109994e-01,3.128093622656399203e-02,5.902002327583464637e-03,-7.838710307380800657e-01,1.230143623861283064e+00,-2.617954204062704071e-01,4.181593595194740054e+00
3.835747020732214185e-01,8.204400370207109994e-01,3.128093622656399203e-02,5.902002327583464637e-03,-7.838710307380800657e-01,1.230143623861283064e+00,-2.617954204062704071e-01,4.183875550085809358e+00
3.835747020732214185e-01,8.204400370207109994e-01,3.128093622656399203e-02,5.902002327583464637e-03,-7.838710307380800657e-01,1.230143623861283064e+00,-2.617954204062704071e-01,4.184446038808577129e+00
3.835747020732214185e-01,8.204400370207109994e-01,3.128093622656399203e-02,5.902002327583464637e-03,-7.838710307380800657e-01,1.230143623861283064e+00,-2.617954204062704071e-01,4.186157504976878663e+00
3.835747020732214185e-01,8.204400370207109994e-01,3.128093622656399203e-02,5.902002327583464637e-03,-7.838710307380800657e-01,1.230143623861283064e+00,-2.617954204062704071e-01,4.187285804895241270e+00
3.835747020732214185e-01,8.204400370207109994e-01,3.128093622656399203e-02,5.902002327583464637e-03,-7.838710307380800657e-01,1.230143623861283064e+00,-2.617954204062704071e-01,4.189580437313483507e+00
3.835747020732214185e-01,8.204400370207109994e-01,3.128093622656399203e-02,5.902002327583464637e-03,-7.838710307380800657e-01,1.230143623861283064e+00,-2.617954204062704071e-01,4.190150926036250389e+00
3.835747020732214185e-01,8.204400370207109994e-01,3.128093622656399203e-02,5.902002327583464637e-03,-7.838710307380800657e-01,1.230143623861283064e+00,-2.617954204062704071e-01,4.191862392204552812e+00
3.835747020732214185e-01,8.204400370207109994e-01,3.128093622656399203e-02,5.902002327583464637e-03,-7.838710307380800657e-01,1.230143623861283064e+00,-2.617954204062704071e-01,4.192990692122914531e+00
3.835747020732214185e-01,8.204400370207109994e-01,3.128093622656399203e-02,5.902002327583464637e-03,-7.838710307380800657e-01,1.230143623861283064e+00,-2.617954204062704071e-01,4.194702158291216954e+00
3.835747020732214185e-01,8.204400370207109994e-01,3.128093622656399203e-02,5.902002327583464637e-03,-7.838710307380800657e-01,1.230143623861283064e+00,-2.617954204062704071e-01,4.195272647013984724e+00
3.835747020732214185e-01,8.204400370207109994e-01,3.128093622656399203e-02,5.902002327583464637e-03,-7.838710307380800657e-01,1.230143623861283064e+00,-2.617954204062704071e-01,4.197554601905054028e+00
3.835747020732214185e-01,8.204400370207109994e-01,3.128093622656399203e-02,5.902002327583464637e-03,-7.838710307380800657e-01,1.230143623861283064e+00,-2.617954204062704071e-01,4.198125090627821798e+00
3.835747020732214185e-01,8.204400370207109994e-01,3.128093622656399203e-02,5.902002327583464637e-03,-7.838710307380800657e-01,1.230143623861283064e+00,-2.617954204062704071e-01,4.200977534241657985e+00
3.835747020732214185e-01,8.204400370207109994e-01,3.128093622656399203e-02,5.902002327583464637e-03,-7.838710307380800657e-01,1.230143623861283064e+00,-2.617954204062704071e-01,4.201548022964425755e+00
3.835747020732214185e-01,8.204400370207109994e-01,3.128093622656399203e-02,5.902002327583464637e-03,-7.838710307380800657e-01,1.230143623861283064e+00,-2.617954204062704071e-01,4.203246811605555244e+00
3.835747020732214185e-01,8.204400370207109994e-01,3.128093622656399203e-02,5.902002327583464637e-03,-7.838710307380800657e-01,1.230143623861283064e+00,-2.617954204062704071e-01,4.203817300328323014e+00
3.835747020732214185e-01,8.204400370207109994e-01,3.128093622656399203e-02,5.902002327583464637e-03,-7.838710307380800657e-01,1.230143623861283064e+00,-2.617954204062704071e-01,4.206099255219392319e+00
3.835747020732214185e-01,8.204400370207109994e-01,3.128093622656399203e-02,5.902002327583464637e-03,-7.838710307380800657e-01,1.230143623861283064e+00,-2.617954204062704071e-01,4.207240232664926971e+00
3.835747020732214185e-01,8.204400370207109994e-01,3.128093622656399203e-02,5.902002327583464637e-03,-7.838710307380800657e-01,1.230143623861283064e+00,-2.617954204062704071e-01,4.208939021306056461e+00
3.835747020732214185e-01,8.204400370207109994e-01,3.128093622656399203e-02,5.902002327583464637e-03,-7.838710307380800657e-01,1.230143623861283064e+00,-2.617954204062704071e-01,4.209522187555996275e+00
3.835747020732214185e-01,8.204400370207109994e-01,3.128093622656399203e-02,5.902002327583464637e-03,-7.838710307380800657e-01,1.230143623861283064e+00,-2.617954204062704071e-01,4.212361953642661305e+00
3.835747020732214185e-01,8.204400370207109994e-01,3.128093622656399203e-02,5.902002327583464637e-03,-7.838710307380800657e-01,1.230143623861283064e+00,-2.617954204062704071e-01,4.212932442365428187e+00
3.835747020732214185e-01,8.204400370207109994e-01,3.128093622656399203e-02,5.902002327583464637e-03,-7.838710307380800657e-01,1.230143623861283064e+00,-2.617954204062704071e-01,4.215214397256497492e+00
3.835747020732214185e-01,8.204400370207109994e-01,3.128093622656399203e-02,5.902002327583464637e-03,-7.838710307380800657e-01,1.230143623861283064e+00,-2.617954204062704071e-01,4.215784885979265262e+00
3.835747020732214185e-01,8.204400370207109994e-01,3.128093622656399203e-02,5.902002327583464637e-03,-7.838710307380800657e-01,1.230143623861283064e+00,-2.617954204062704071e-01,4.217496352147567684e+00
3.835747020732214185e-01,8.204400370207109994e-01,3.128093622656399203e-02,5.902002327583464637e-03,-7.838710307380800657e-01,1.230143623861283064e+00,-2.617954204062704071e-01,4.218624652065929403e+00
3.835747020732214185e-01,8.204400370207109994e-01,3.128093622656399203e-02,5.902002327583464637e-03,-7.838710307380800657e-01,1.230143623861283064e+00,-2.617954204062704071e-01,4.220336118234231826e+00
3.835747020732214185e-01,8.204400370207109994e-01,3.128093622656399203e-02,5.902002327583464637e-03,-7.838710307380800657e-01,1.230143623861283064e+00,-2.617954204062704071e-01,4.220906606956998708e+00
3.835747020732214185e-01,8.204400370207109994e-01,3.128093622656399203e-02,5.902002327583464637e-03,-7.838710307380800657e-01,1.230143623861283064e+00,-2.617954204062704071e-01,4.222618073125301130e+00
3.835747020732214185e-01,8.204400370207109994e-01,3.128093622656399203e-02,5.902002327583464637e-03,-7.838710307380800657e-01,1.230143623861283064e+00,-2.617954204062704071e-01,4.223188561848068900e+00
3.835747020732214185e-01,8.204400370207109994e-01,3.128093622656399203e-02,5.902002327583464637e-03,-7.838710307380800657e-01,1.230143623861283064e+00,-2.617954204062704071e-01,4.224900028016370435e+00
3.835747020732214185e-01,8.204400370207109994e-01,3.128093622656399203e-02,5.902002327583464637e-03,-7.838710307380800657e-01,1.230143623861283064e+00,-2.617954204062704071e-01,4.226041005461905975e+00
3.835747020732214185e-01,8.204400370207109994e-01,3.128093622656399203e-02,5.902002327583464637e-03,-7.838710307380800657e-01,1.230143623861283064e+00,-2.617954204062704071e-01,4.227752471630207509e+00
3.835747020732214185e-01,8.204400370207109994e-01,3.128093622656399203e-02,5.902002327583464637e-03,-7.838710307380800657e-01,1.230143623861283064e+00,-2.617954204062704071e-01,4.228880771548570117e+00
3.835747020732214185e-01,8.204400370207109994e-01,3.128093622656399203e-02,5.902002327583464637e-03,-7.838710307380800657e-01,1.230143623861283064e+00,-2.617954204062704071e-01,4.231162726439639421e+00
3.835747020732214185e-01,8.204400370207109994e-01,3.128093622656399203e-02,5.902002327583464637e-03,-7.838710307380800657e-01,1.230143623861283064e+00,-2.617954204062704071e-01,4.231733215162407191e+00
3.835747020732214185e-01,8.204400370207109994e-01,3.128093622656399203e-02,5.902002327583464637e-03,-7.838710307380800657e-01,1.230143623861283064e+00,-2.617954204062704071e-01,4.234585658776243378e+00
3.835747020732214185e-01,8.204400370207109994e-01,3.128093622656399203e-02,5.902002327583464637e-03,-7.838710307380800657e-01,1.230143623861283064e+00,-2.617954204062704071e-01,4.235143469971838215e+00
3.835747020732214185e-01,8.204400370207109994e-01,3.128093622656399203e-02,5.902002327583464637e-03,-7.838710307380800657e-01,1.230143623861283064e+00,-2.617954204062704071e-01,4.237425424862908407e+00
3.835747020732214185e-01,8.204400370207109994e-01,3.128093622656399203e-02,5.902002327583464637e-03,-7.838710307380800657e-01,1.230143623861283064e+00,-2.617954204062704071e-01,4.237995913585675289e+00
3.835747020732214185e-01,8.204400370207109994e-01,3.128093622656399203e-02,5.902002327583464637e-03,-7.838710307380800657e-01,1.230143623861283064e+00,-2.617954204062704071e-01,4.239707379753977712e+00
3.835747020732214185e-01,8.204400370207109994e-01,3.128093622656399203e-02,5.902002327583464637e-03,-7.838710307380800657e-01,1.230143623861283064e+00,-2.617954204062704071e-01,4.240277868476744594e+00
3.835747020732214185e-01,8.204400370207109994e-01,3.128093622656399203e-02,5.902002327583464637e-03,-7.838710307380800657e-01,1.230143623861283064e+00,-2.617954204062704071e-01,4.242559823367814786e+00
3.835747020732214185e-01,8.204400370207109994e-01,3.128093622656399203e-02,5.902002327583464637e-03,-7.838710307380800657e-01,1.230143623861283064e+00,-2.617954204062704071e-01,4.243130312090581668e+00
3.835747020732214185e-01,8.204400370207109994e-01,3.128093622656399203e-02,5.902002327583464637e-03,-7.838710307380800657e-01,1.230143623861283064e+00,-2.617954204062704071e-01,4.245412266981651861e+00
3.835747020732214185e-01,8.204400370207109994e-01,3.128093622656399203e-02,5.902002327583464637e-03,-7.838710307380800657e-01,1.230143623861283064e+00,-2.617954204062704071e-01,4.246540566900013580e+00
3.835747020732214185e-01,8.204400370207109994e-01,3.128093622656399203e-02,5.902002327583464637e-03,-7.838710307380800657e-01,1.230143623861283064e+00,-2.617954204062704071e-01,4.248252033068316003e+00
3.835747020732214185e-01,8.204400370207109994e-01,3.128093622656399203e-02,5.902002327583464637e-03,-7.838710307380800657e-01,1.230143623861283064e+00,-2.617954204062704071e-01,4.248822521791082885e+00
3.835747020732214185e-01,8.204400370207109994e-01,3.128093622656399203e-02,5.902002327583464637e-03,-7.838710307380800657e-01,1.230143623861283064e+00,-2.617954204062704071e-01,4.251104476682153077e+00
3.835747020732214185e-01,8.204400370207109994e-01,3.128093622656399203e-02,5.902002327583464637e-03,-7.838710307380800657e-01,1.230143623861283064e+00,-2.617954204062704071e-01,4.251674965404919959e+00
3.835747020732214185e-01,8.204400370207109994e-01,3.128093622656399203e-02,5.902002327583464637e-03,-7.838710307380800657e-01,1.230143623861283064e+00,-2.617954204062704071e-01,4.253956920295989264e+00
3.835747020732214185e-01,8.204400370207109994e-01,3.128093622656399203e-02,5.902002327583464637e-03,-7.838710307380800657e-01,1.230143623861283064e+00,-2.617954204062704071e-01,4.254527409018757034e+00
3.835747020732214185e-01,8.204400370207109994e-01,3.128093622656399203e-02,5.902002327583464637e-03,-7.838710307380800657e-01,1.230143623861283064e+00,-2.617954204062704071e-01,4.256809363909826338e+00
3.835747020732214185e-01,8.204400370207109994e-01,3.128093622656399203e-02,5.902002327583464637e-03,-7.838710307380800657e-01,1.230143623861283064e+00,-2.617954204062704071e-01,4.257367175105421175e+00
3.835747020732214185e-01,8.204400370207109994e-01,3.128093622656399203e-02,5.902002327583464637e-03,-7.838710307380800657e-01,1.230143623861283064e+00,-2.617954204062704071e-01,4.259649129996491368e+00
3.835747020732214185e-01,8.204400370207109994e-01,3.128093622656399203e-02,5.902002327583464637e-03,-7.838710307380800657e-01,1.230143623861283064e+00,-2.617954204062704071e-01,4.260790107442026020e+00
3.835747020732214185e-01,8.204400370207109994e-01,3.128093622656399203e-02,5.902002327583464637e-03,-7.838710307380800657e-01,1.230143623861283064e+00,-2.617954204062704071e-01,4.262501573610327554e+00
3.835747020732214185e-01,8.204400370207109994e-01,3.128093622656399203e-02,5.902002327583464637e-03,-7.838710307380800657e-01,1.230143623861283064e+00,-2.617954204062704071e-01,4.263072062333095325e+00
3.835747020732214185e-01,8.204400370207109994e-01,3.128093622656399203e-02,5.902002327583464637e-03,-7.838710307380800657e-01,1.230143623861283064e+00,-2.617954204062704071e-01,4.265924505946932399e+00
3.835747020732214185e-01,8.204400370207109994e-01,3.128093622656399203e-02,5.902002327583464637e-03,-7.838710307380800657e-01,1.230143623861283064e+00,-2.617954204062704071e-01,4.266494994669699281e+00
3.835747020732214185e-01,8.204400370207109994e-01,3.128093622656399203e-02,5.902002327583464637e-03,-7.838710307380800657e-01,1.230143623861283064e+00,-2.617954204062704071e-01,4.268206460838001703e+00
3.835747020732214185e-01,8.204400370207109994e-01,3.128093622656399203e-02,5.902002327583464637e-03,-7.838710307380800657e-01,1.230143623861283064e+00,-2.617954204062704071e-01,4.269334760756364311e+00
3.835747020732214185e-01,8.204400370207109994e-01,3.128093622656399203e-02,5.902002327583464637e-03,-7.838710307380800657e-01,1.230143623861283064e+00,-2.617954204062704071e-01,4.271616715647433615e+00
3.835747020732214185e-01,8.204400370207109994e-01,3.128093622656399203e-02,5.902002327583464637e-03,-7.838710307380800657e-01,1.230143623861283064e+00,-2.617954204062704071e-01,4.272187204370200497e+00
3.835747020732214185e-01,8.204400370207109994e-01,3.128093622656399203e-02,5.902002327583464637e-03,-7.838710307380800657e-01,1.230143623861283064e+00,-2.617954204062704071e-01,4.274469159261270690e+00
3.835747020732214185e-01,8.204400370207109994e-01,3.128093622656399203e-02,5.902002327583464637e-03,-7.838710307380800657e-01,1.230143623861283064e+00,-2.617954204062704071e-01,4.275039647984037572e+00
3.835747020732214185e-01,8.204400370207109994e-01,3.128093622656399203e-02,5.902002327583464637e-03,-7.838710307380800657e-01,1.230143623861283064e+00,-2.617954204062704071e-01,4.277892091597874646e+00
3.835747020732214185e-01,8.204400370207109994e-01,3.128093622656399203e-02,5.902002327583464637e-03,-7.838710307380800657e-01,1.230143623861283064e+00,-2.617954204062704071e-01,4.278462580320642417e+00
3.835747020732214185e-01,8.204400370207109994e-01,3.128093622656399203e-02,5.902002327583464637e-03,-7.838710307380800657e-01,1.230143623861283064e+00,-2.617954204062704071e-01,4.280731857684538788e+00
3.835747020732214185e-01,8.204400370207109994e-01,3.128093622656399203e-02,5.902002327583464637e-03,-7.838710307380800657e-01,1.230143623861283064e+00,-2.617954204062704071e-01,4.281302346407306558e+00
3.835747020732214185e-01,8.204400370207109994e-01,3.128093622656399203e-02,5.902002327583464637e-03,-7.838710307380800657e-01,1.230143623861283064e+00,-2.617954204062704071e-01,4.283584301298375863e+00
3.835747020732214185e-01,8.204400370207109994e-01,3.128093622656399203e-02,5.902002327583464637e-03,-7.838710307380800657e-01,1.230143623861283064e+00,-2.617954204062704071e-01,4.284154790021143633e+00
3.835747020732214185e-01,8.204400370207109994e-01,3.128093622656399203e-02,5.902002327583464637e-03,-7.838710307380800657e-01,1.230143623861283064e+00,-2.617954204062704071e-01,4.286436744912212937e+00
3.835747020732214185e-01,8.204400370207109994e-01,3.128093622656399203e-02,5.902002327583464637e-03,-7.838710307380800657e-01,1.230143623861283064e+00,-2.617954204062704071e-01,4.287007233634980707e+00
3.835747020732214185e-01,8.204400370207109994e-01,3.128093622656399203e-02,5.902002327583464637e-03,-7.838710307380800657e-01,1.230143623861283064e+00,-2.617954204062704071e-01,4.289276510998877079e+00
3.835747020732214185e-01,8.204400370207109994e-01,3.128093622656399203e-02,5.902002327583464637e-03,-7.838710307380800657e-01,1.230143623861283064e+00,-2.617954204062704071e-01,4.289846999721644849e+00
3.835747020732214185e-01,8.204400370207109994e-01,3.128093622656399203e-02,5.902002327583464637e-03,-7.838710307380800657e-01,1.230143623861283064e+00,-2.617954204062704071e-01,4.292128954612714153e+00
3.835747020732214185e-01,8.204400370207109994e-01,3.128093622656399203e-02,5.902002327583464637e-03,-7.838710307380800657e-01,1.230143623861283064e+00,-2.617954204062704071e-01,4.293269932058248806e+00
3.835747020732214185e-01,8.204400370207109994e-01,3.128093622656399203e-02,5.902002327583464637e-03,-7.838710307380800657e-01,1.230143623861283064e+00,-2.617954204062704071e-01,4.294981398226551228e+00
3.835747020732214185e-01,8.204400370207109994e-01,3.128093622656399203e-02,5.902002327583464637e-03,-7.838710307380800657e-01,1.230143623861283064e+00,-2.617954204062704071e-01,4.296122375672085880e+00
3.835747020732214185e-01,8.204400370207109994e-01,3.128093622656399203e-02,5.902002327583464637e-03,-7.838710307380800657e-01,1.230143623861283064e+00,-2.617954204062704071e-01,4.298391653035983140e+00
3.835747020732214185e-01,8.204400370207109994e-01,3.128093622656399203e-02,5.902002327583464637e-03,-7.838710307380800657e-01,1.230143623861283064e+00,-2.617954204062704071e-01,4.298962141758750022e+00
3.835747020732214185e-01,8.204400370207109994e-01,3.128093622656399203e-02,5.902002327583464637e-03,-7.838710307380800657e-01,1.230143623861283064e+00,-2.617954204062704071e-01,4.300673607927052444e+00
3.835747020732214185e-01,8.204400370207109994e-01,3.128093622656399203e-02,5.902002327583464637e-03,-7.838710307380800657e-01,1.230143623861283064e+00,-2.617954204062704071e-01,4.301814585372587096e+00
3.835747020732214185e-01,8.204400370207109994e-01,3.128093622656399203e-02,5.902002327583464637e-03,-7.838710307380800657e-01,1.230143623861283064e+00,-2.617954204062704071e-01,4.303526051540889519e+00
3.835747020732214185e-01,8.204400370207109994e-01,3.128093622656399203e-02,5.902002327583464637e-03,-7.838710307380800657e-01,1.230143623861283064e+00,-2.617954204062704071e-01,4.304667028986424171e+00
3.835747020732214185e-01,8.204400370207109994e-01,3.128093622656399203e-02,5.902002327583464637e-03,-7.838710307380800657e-01,1.230143623861283064e+00,-2.617954204062704071e-01,4.306365817627553660e+00
3.835747020732214185e-01,8.204400370207109994e-01,3.128093622656399203e-02,5.902002327583464637e-03,-7.838710307380800657e-01,1.230143623861283064e+00,-2.617954204062704071e-01,4.306936306350321431e+00
3.835747020732214185e-01,8.204400370207109994e-01,3.128093622656399203e-02,5.902002327583464637e-03,-7.838710307380800657e-01,1.230143623861283064e+00,-2.617954204062704071e-01,4.309218261241390735e+00
3.835747020732214185e-01,8.204400370207109994e-01,3.128093622656399203e-02,5.902002327583464637e-03,-7.838710307380800657e-01,1.230143623861283064e+00,-2.617954204062704071e-01,4.309788749964157617e+00
3.835747020732214185e-01,8.204400370207109994e-01,3.128093622656399203e-02,5.902002327583464637e-03,-7.838710307380800657e-01,1.230143623861283064e+00,-2.617954204062704071e-01,4.311500216132460039e+00
3.835747020732214185e-01,8.204400370207109994e-01,3.128093622656399203e-02,5.902002327583464637e-03,-7.838710307380800657e-01,1.230143623861283064e+00,-2.617954204062704071e-01,4.312058027328054877e+00
3.835747020732214185e-01,8.204400370207109994e-01,3.128093622656399203e-02,5.902002327583464637e-03,-7.838710307380800657e-01,1.230143623861283064e+00,-2.617954204062704071e-01,4.314352659746297114e+00
3.835747020732214185e-01,8.204400370207109994e-01,3.128093622656399203e-02,5.902002327583464637e-03,-7.838710307380800657e-01,1.230143623861283064e+00,-2.617954204062704071e-01,4.314923148469064884e+00
3.835747020732214185e-01,8.204400370207109994e-01,3.128093622656399203e-02,5.902002327583464637e-03,-7.838710307380800657e-01,1.230143623861283064e+00,-2.617954204062704071e-01,4.316621937110194374e+00
3.835747020732214185e-01,8.204400370207109994e-01,3.128093622656399203e-02,5.902002327583464637e-03,-7.838710307380800657e-01,1.230143623861283064e+00,-2.617954204062704071e-01,4.317762914555729026e+00
3.835747020732214185e-01,8.204400370207109994e-01,3.128093622656399203e-02,5.902002327583464637e-03,-7.838710307380800657e-01,1.230143623861283064e+00,-2.617954204062704071e-01,4.319474380724030560e+00
3.835747020732214185e-01,8.204400370207109994e-01,3.128093622656399203e-02,5.902002327583464637e-03,-7.838710307380800657e-01,1.230143623861283064e+00,-2.617954204062704071e-01,4.320044869446798330e+00
3.835747020732214185e-01,8.204400370207109994e-01,3.128093622656399203e-02,5.902002327583464637e-03,-7.838710307380800657e-01,1.230143623861283064e+00,-2.617954204062704071e-01,4.322314146810695590e+00
3.835747020732214185e-01,8.204400370207109994e-01,3.128093622656399203e-02,5.902002327583464637e-03,-7.838710307380800657e-01,1.230143623861283064e+00,-2.617954204062704071e-01,4.323455124256230242e+00
3.835747020732214185e-01,8.204400370207109994e-01,3.128093622656399203e-02,5.902002327583464637e-03,-7.838710307380800657e-01,1.230143623861283064e+00,-2.617954204062704071e-01,4.325166590424532664e+00
3.835747020732214185e-01,8.204400370207109994e-01,3.128093622656399203e-02,5.902002327583464637e-03,-7.838710307380800657e-01,1.230143623861283064e+00,-2.617954204062704071e-01,4.326307567870067317e+00
3.835747020732214185e-01,8.204400370207109994e-01,3.128093622656399203e-02,5.902002327583464637e-03,-7.838710307380800657e-01,1.230143623861283064e+00,-2.617954204062704071e-01,4.328019034038368851e+00
3.835747020732214185e-01,8.204400370207109994e-01,3.128093622656399203e-02,5.902002327583464637e-03,-7.838710307380800657e-01,1.230143623861283064e+00,-2.617954204062704071e-01,4.328589522761136621e+00
3.835747020732214185e-01,8.204400370207109994e-01,3.128093622656399203e-02,5.902002327583464637e-03,-7.838710307380800657e-01,1.230143623861283064e+00,-2.617954204062704071e-01,4.330871477652205925e+00
3.835747020732214185e-01,8.204400370207109994e-01,3.128093622656399203e-02,5.902002327583464637e-03,-7.838710307380800657e-01,1.230143623861283064e+00,-2.617954204062704071e-01,4.331429288847800763e+00
3.835747020732214185e-01,8.204400370207109994e-01,3.128093622656399203e-02,5.902002327583464637e-03,-7.838710307380800657e-01,1.230143623861283064e+00,-2.617954204062704071e-01,4.333140755016103185e+00
3.835747020732214185e-01,8.204400370207109994e-01,3.128093622656399203e-02,5.902002327583464637e-03,-7.838710307380800657e-01,1.230143623861283064e+00,-2.617954204062704071e-01,4.334281732461637837e+00
3.835747020732214185e-01,8.204400370207109994e-01,3.128093622656399203e-02,5.902002327583464637e-03,-7.838710307380800657e-01,1.230143623861283064e+00,-2.617954204062704071e-01,4.336563687352707142e+00
3.835747020732214185e-01,8.204400370207109994e-01,3.128093622656399203e-02,5.902002327583464637e-03,-7.838710307380800657e-01,1.230143623861283064e+00,-2.617954204062704071e-01,4.337134176075474912e+00
3.835747020732214185e-01,8.204400370207109994e-01,3.128093622656399203e-02,5.902002327583464637e-03,-7.838710307380800657e-01,1.230143623861283064e+00,-2.617954204062704071e-01,4.338845642243777334e+00
3.835747020732214185e-01,8.204400370207109994e-01,3.128093622656399203e-02,5.902002327583464637e-03,-7.838710307380800657e-01,1.230143623861283064e+00,-2.617954204062704071e-01,4.339416130966544216e+00
3.835747020732214185e-01,8.204400370207109994e-01,3.128093622656399203e-02,5.902002327583464637e-03,-7.838710307380800657e-01,1.230143623861283064e+00,-2.617954204062704071e-01,4.341685408330441476e+00
3.835747020732214185e-01,8.204400370207109994e-01,3.128093622656399203e-02,5.902002327583464637e-03,-7.838710307380800657e-01,1.230143623861283064e+00,-2.617954204062704071e-01,4.342255897053208358e+00
3.835747020732214185e-01,8.204400370207109994e-01,3.128093622656399203e-02,5.902002327583464637e-03,-7.838710307380800657e-01,1.230143623861283064e+00,-2.617954204062704071e-01,4.344537851944278550e+00
3.835747020732214185e-01,8.204400370207109994e-01,3.128093622656399203e-02,5.902002327583464637e-03,-7.838710307380800657e-01,1.230143623861283064e+00,-2.617954204062704071e-01,4.345108340667045432e+00
3.835747020732214185e-01,8.204400370207109994e-01,3.128093622656399203e-02,5.902002327583464637e-03,-7.838710307380800657e-01,1.230143623861283064e+00,-2.617954204062704071e-01,4.347960784280882507e+00
3.835747020732214185e-01,8.204400370207109994e-01,3.128093622656399203e-02,5.902002327583464637e-03,-7.838710307380800657e-01,1.230143623861283064e+00,-2.617954204062704071e-01,4.348531273003650277e+00
3.835747020732214185e-01,8.204400370207109994e-01,3.128093622656399203e-02,5.902002327583464637e-03,-7.838710307380800657e-01,1.230143623861283064e+00,-2.617954204062704071e-01,4.350242739171951811e+00
3.835747020732214185e-01,8.204400370207109994e-01,3.128093622656399203e-02,5.902002327583464637e-03,-7.838710307380800657e-01,1.230143623861283064e+00,-2.617954204062704071e-01,4.351383716617486463e+00
3.835747020732214185e-01,8.204400370207109994e-01,3.128093622656399203e-02,5.902002327583464637e-03,-7.838710307380800657e-01,1.230143623861283064e+00,-2.617954204062704071e-01,4.353095182785788886e+00
3.835747020732214185e-01,8.204400370207109994e-01,3.128093622656399203e-02,5.902002327583464637e-03,-7.838710307380800657e-01,1.230143623861283064e+00,-2.617954204062704071e-01,4.354223482704151493e+00
3.835747020732214185e-01,8.204400370207109994e-01,3.128093622656399203e-02,5.902002327583464637e-03,-7.838710307380800657e-01,1.230143623861283064e+00,-2.617954204062704071e-01,4.356518115122393731e+00
3.835747020732214185e-01,8.204400370207109994e-01,3.128093622656399203e-02,5.902002327583464637e-03,-7.838710307380800657e-01,1.230143623861283064e+00,-2.617954204062704071e-01,4.357088603845160613e+00
3.835747020732214185e-01,8.204400370207109994e-01,3.128093622656399203e-02,5.902002327583464637e-03,-7.838710307380800657e-01,1.230143623861283064e+00,-2.617954204062704071e-01,4.358787392486290102e+00
3.835747020732214185e-01,8.204400370207109994e-01,3.128093622656399203e-02,5.902002327583464637e-03,-7.838710307380800657e-01,1.230143623861283064e+00,-2.617954204062704071e-01,4.359357881209057872e+00
3.835747020732214185e-01,8.204400370207109994e-01,3.128093622656399203e-02,5.902002327583464637e-03,-7.838710307380800657e-01,1.230143623861283064e+00,-2.617954204062704071e-01,4.361069347377359406e+00
3.835747020732214185e-01,8.204400370207109994e-01,3.128093622656399203e-02,5.902002327583464637e-03,-7.838710307380800657e-01,1.230143623861283064e+00,-2.617954204062704071e-01,4.361639836100127177e+00
3.835747020732214185e-01,8.204400370207109994e-01,3.128093622656399203e-02,5.902002327583464637e-03,-7.838710307380800657e-01,1.230143623861283064e+00,-2.617954204062704071e-01,4.365050090909559088e+00
3.835747020732214185e-01,8.204400370207109994e-01,3.128093622656399203e-02,5.902002327583464637e-03,-7.838710307380800657e-01,1.230143623861283064e+00,-2.617954204062704071e-01,4.365620579632325970e+00
3.835747020732214185e-01,8.204400370207109994e-01,3.128093622656399203e-02,5.902002327583464637e-03,-7.838710307380800657e-01,1.230143623861283064e+00,-2.617954204062704071e-01,4.367332045800628393e+00
3.835747020732214185e-01,8.204400370207109994e-01,3.128093622656399203e-02,5.902002327583464637e-03,-7.838710307380800657e-01,1.230143623861283064e+00,-2.617954204062704071e-01,4.368473023246163045e+00
3.835747020732214185e-01,8.204400370207109994e-01,3.128093622656399203e-02,5.902002327583464637e-03,-7.838710307380800657e-01,1.230143623861283064e+00,-2.617954204062704071e-01,4.370184489414465467e+00
3.835747020732214185e-01,8.204400370207109994e-01,3.128093622656399203e-02,5.902002327583464637e-03,-7.838710307380800657e-01,1.230143623861283064e+00,-2.617954204062704071e-01,4.370754978137232349e+00
3.835747020732214185e-01,8.204400370207109994e-01,3.128093622656399203e-02,5.902002327583464637e-03,-7.838710307380800657e-01,1.230143623861283064e+00,-2.617954204062704071e-01,4.373024255501129609e+00
3.835747020732214185e-01,8.204400370207109994e-01,3.128093622656399203e-02,5.902002327583464637e-03,-7.838710307380800657e-01,1.230143623861283064e+00,-2.617954204062704071e-01,4.374165232946664261e+00
3.835747020732214185e-01,8.204400370207109994e-01,3.128093622656399203e-02,5.902002327583464637e-03,-7.838710307380800657e-01,1.230143623861283064e+00,-2.617954204062704071e-01,4.374735721669432031e+00
3.835747020732214185e-01,8.204400370207109994e-01,3.128093622656399203e-02,5.902002327583464637e-03,-7.838710307380800657e-01,1.230143623861283064e+00,-2.617954204062704071e-01,4.376447187837734454e+00
3.835747020732214185e-01,8.204400370207109994e-01,3.128093622656399203e-02,5.902002327583464637e-03,-7.838710307380800657e-01,1.230143623861283064e+00,-2.617954204062704071e-01,4.378729142728803758e+00
3.835747020732214185e-01,8.204400370207109994e-01,3.128093622656399203e-02,5.902002327583464637e-03,-7.838710307380800657e-01,1.230143623861283064e+00,-2.617954204062704071e-01,4.379299631451570640e+00
3.835747020732214185e-01,8.204400370207109994e-01,3.128093622656399203e-02,5.902002327583464637e-03,-7.838710307380800657e-01,1.230143623861283064e+00,-2.617954204062704071e-01,4.381581586342640833e+00
3.835747020732214185e-01,8.204400370207109994e-01,3.128093622656399203e-02,5.902002327583464637e-03,-7.838710307380800657e-01,1.230143623861283064e+00,-2.617954204062704071e-01,4.382152075065407715e+00
3.835747020732214185e-01,8.204400370207109994e-01,3.128093622656399203e-02,5.902002327583464637e-03,-7.838710307380800657e-01,1.230143623861283064e+00,-2.617954204062704071e-01,4.384421352429304974e+00
3.835747020732214185e-01,8.204400370207109994e-01,3.128093622656399203e-02,5.902002327583464637e-03,-7.838710307380800657e-01,1.230143623861283064e+00,-2.617954204062704071e-01,4.384991841152071856e+00
3.835747020732214185e-01,8.204400370207109994e-01,3.128093622656399203e-02,5.902002327583464637e-03,-7.838710307380800657e-01,1.230143623861283064e+00,-2.617954204062704071e-01,4.386703307320374279e+00
3.835747020732214185e-01,8.204400370207109994e-01,3.128093622656399203e-02,5.902002327583464637e-03,-7.838710307380800657e-01,1.230143623861283064e+00,-2.617954204062704071e-01,4.387273796043142049e+00
3.835747020732214185e-01,8.204400370207109994e-01,3.128093622656399203e-02,5.902002327583464637e-03,-7.838710307380800657e-01,1.230143623861283064e+00,-2.617954204062704071e-01,4.389555750934211353e+00
3.835747020732214185e-01,8.204400370207109994e-01,3.128093622656399203e-02,5.902002327583464637e-03,-7.838710307380800657e-01,1.230143623861283064e+00,-2.617954204062704071e-01,4.390113562129806191e+00
3.835747020732214185e-01,8.204400370207109994e-01,3.128093622656399203e-02,5.902002327583464637e-03,-7.838710307380800657e-01,1.230143623861283064e+00,-2.617954204062704071e-01,4.393536494466410147e+00
3.835747020732214185e-01,8.204400370207109994e-01,3.128093622656399203e-02,5.902002327583464637e-03,-7.838710307380800657e-01,1.230143623861283064e+00,-2.617954204062704071e-01,4.394106983189177917e+00
3.835747020732214185e-01,8.204400370207109994e-01,3.128093622656399203e-02,5.902002327583464637e-03,-7.838710307380800657e-01,1.230143623861283064e+00,-2.617954204062704071e-01,4.396376260553075177e+00
3.835747020732214185e-01,8.204400370207109994e-01,3.128093622656399203e-02,5.902002327583464637e-03,-7.838710307380800657e-01,1.230143623861283064e+00,-2.617954204062704071e-01,4.396959426803014992e+00
3.835747020732214185e-01,8.204400370207109994e-01,3.128093622656399203e-02,5.902002327583464637e-03,-7.838710307380800657e-01,1.230143623861283064e+00,-2.617954204062704071e-01,4.399241381694084296e+00
3.835747020732214185e-01,8.204400370207109994e-01,3.128093622656399203e-02,5.902002327583464637e-03,-7.838710307380800657e-01,1.230143623861283064e+00,-2.617954204062704071e-01,4.400369681612446904e+00
3.835747020732214185e-01,8.204400370207109994e-01,3.128093622656399203e-02,5.919996237118779758e-03,-7.838710307380800657e-01,1.230143623861283064e+00,-2.617954204062704071e-01,4.400940170335213786e+00
3.835747020732214185e-01,8.204400370207109994e-01,3.128093622656399203e-02,5.902002327583464637e-03,-7.838710307380800657e-01,1.230143623861283064e+00,-2.617954204062704071e-01,4.403792613949050860e+00
3.835747020732214185e-01,8.204400370207109994e-01,3.128093622656399203e-02,5.902002327583464637e-03,-7.838710307380800657e-01,1.230143623861283064e+00,-2.617954204062704071e-01,4.404363102671817742e+00
3.835747020732214185e-01,8.204400370207109994e-01,3.128093622656399203e-02,5.902002327583464637e-03,-7.838710307380800657e-01,1.230143623861283064e+00,-2.617954204062704071e-01,4.406645057562887935e+00
3.835747020732214185e-01,8.204400370207109994e-01,3.128093622656399203e-02,5.902002327583464637e-03,-7.838710307380800657e-01,1.230143623861283064e+00,-2.617954204062704071e-01,4.407215546285654817e+00
3.835747020732214185e-01,8.204400370207109994e-01,3.128093622656399203e-02,5.902002327583464637e-03,-7.838710307380800657e-01,1.230143623861283064e+00,-2.617954204062704071e-01,4.410067989899491891e+00
3.835747020732214185e-01,8.204400370207109994e-01,3.128093622656399203e-02,5.902002327583464637e-03,-7.838710307380800657e-01,1.230143623861283064e+00,-2.617954204062704071e-01,4.410625801095086729e+00
3.835747020732214185e-01,8.204400370207109994e-01,3.128093622656399203e-02,5.902002327583464637e-03,-7.838710307380800657e-01,1.230143623861283064e+00,-2.617954204062704071e-01,4.412907755986156033e+00
3.835747020732214185e-01,8.204400370207109994e-01,3.128093622656399203e-02,5.902002327583464637e-03,-7.838710307380800657e-01,1.230143623861283064e+00,-2.617954204062704071e-01,4.413478244708923803e+00
3.835747020732214185e-01,8.204400370207109994e-01,3.128093622656399203e-02,5.902002327583464637e-03,-7.838710307380800657e-01,1.230143623861283064e+00,-2.617954204062704071e-01,4.415760199599993108e+00
3.835747020732214185e-01,8.204400370207109994e-01,3.128093622656399203e-02,5.902002327583464637e-03,-7.838710307380800657e-01,1.230143623861283064e+00,-2.617954204062704071e-01,4.416330688322760878e+00
3.835747020732214185e-01,8.204400370207109994e-01,3.128093622656399203e-02,5.902002327583464637e-03,-7.838710307380800657e-01,1.230143623861283064e+00,-2.617954204062704071e-01,4.418042154491062412e+00
3.835747020732214185e-01,8.204400370207109994e-01,3.128093622656399203e-02,5.902002327583464637e-03,-7.838710307380800657e-01,1.230143623861283064e+00,-2.617954204062704071e-01,4.418612643213830182e+00
3.835747020732214185e-01,8.204400370207109994e-01,3.128093622656399203e-02,5.902002327583464637e-03,-7.838710307380800657e-01,1.230143623861283064e+00,-2.617954204062704071e-01,4.420881920577727442e+00
3.835747020732214185e-01,8.204400370207109994e-01,3.128093622656399203e-02,5.902002327583464637e-03,-7.838710307380800657e-01,1.230143623861283064e+00,-2.617954204062704071e-01,4.422022898023262094e+00
3.835747020732214185e-01,8.204400370207109994e-01,3.128093622656399203e-02,5.902002327583464637e-03,-7.838710307380800657e-01,1.230143623861283064e+00,-2.617954204062704071e-01,4.424304852914331398e+00
3.835747020732214185e-01,8.204400370207109994e-01,3.128093622656399203e-02,5.902002327583464637e-03,-7.838710307380800657e-01,1.230143623861283064e+00,-2.617954204062704071e-01,4.424875341637099169e+00
3.835747020732214185e-01,8.204400370207109994e-01,3.128093622656399203e-02,5.902002327583464637e-03,-7.838710307380800657e-01,1.230143623861283064e+00,-2.617954204062704071e-01,4.426586807805400703e+00
3.835747020732214185e-01,8.204400370207109994e-01,3.128093622656399203e-02,5.902002327583464637e-03,-7.838710307380800657e-01,1.230143623861283064e+00,-2.617954204062704071e-01,4.427157296528168473e+00
3.835747020732214185e-01,8.204400370207109994e-01,3.128093622656399203e-02,5.902002327583464637e-03,-7.838710307380800657e-01,1.230143623861283064e+00,-2.617954204062704071e-01,4.428298273973703125e+00
3.835747020732214185e-01,8.204400370207109994e-01,3.128093622656399203e-02,5.902002327583464637e-03,-7.838710307380800657e-01,1.230143623861283064e+00,-2.617954204062704071e-01,4.431150717587540200e+00
3.835747020732214185e-01,8.204400370207109994e-01,3.128093622656399203e-02,5.902002327583464637e-03,-7.838710307380800657e-01,1.230143623861283064e+00,-2.617954204062704071e-01,4.431708528783135037e+00
3.835747020732214185e-01,8.204400370207109994e-01,3.128093622656399203e-02,5.902002327583464637e-03,-7.838710307380800657e-01,1.230143623861283064e+00,-2.617954204062704071e-01,4.433990483674204341e+00
3.835747020732214185e-01,8.204400370207109994e-01,3.128093622656399203e-02,5.902002327583464637e-03,-7.838710307380800657e-01,1.230143623861283064e+00,-2.617954204062704071e-01,4.434560972396972112e+00
3.835747020732214185e-01,8.204400370207109994e-01,3.128093622656399203e-02,5.902002327583464637e-03,-7.838710307380800657e-01,1.230143623861283064e+00,-2.617954204062704071e-01,4.436842927288041416e+00
3.835747020732214185e-01,8.204400370207109994e-01,3.128093622656399203e-02,5.902002327583464637e-03,-7.838710307380800657e-01,1.230143623861283064e+00,-2.617954204062704071e-01,4.437413416010809186e+00
3.835747020732214185e-01,8.204400370207109994e-01,3.128093622656399203e-02,5.902002327583464637e-03,-7.838710307380800657e-01,1.230143623861283064e+00,-2.617954204062704071e-01,4.439124882179110720e+00
3.835747020732214185e-01,8.204400370207109994e-01,3.128093622656399203e-02,5.902002327583464637e-03,-7.838710307380800657e-01,1.230143623861283064e+00,-2.617954204062704071e-01,4.439695370901878491e+00
3.835747020732214185e-01,8.204400370207109994e-01,3.128093622656399203e-02,5.902002327583464637e-03,-7.838710307380800657e-01,1.230143623861283064e+00,-2.617954204062704071e-01,4.441964648265774862e+00
3.835747020732214185e-01,8.204400370207109994e-01,3.128093622656399203e-02,5.902002327583464637e-03,-7.838710307380800657e-01,1.230143623861283064e+00,-2.617954204062704071e-01,4.442535136988542632e+00
3.835747020732214185e-01,8.204400370207109994e-01,3.128093622656399203e-02,5.902002327583464637e-03,-7.838710307380800657e-01,1.230143623861283064e+00,-2.617954204062704071e-01,4.444246603156845055e+00
3.835747020732214185e-01,8.204400370207109994e-01,3.128093622656399203e-02,5.902002327583464637e-03,-7.838710307380800657e-01,1.230143623861283064e+00,-2.617954204062704071e-01,4.444817091879611937e+00
3.835747020732214185e-01,8.204400370207109994e-01,3.128093622656399203e-02,5.902002327583464637e-03,-7.838710307380800657e-01,1.230143623861283064e+00,-2.617954204062704071e-01,4.445958069325146589e+00
3.835747020732214185e-01,8.204400370207109994e-01,3.128093622656399203e-02,5.902002327583464637e-03,-7.838710307380800657e-01,1.230143623861283064e+00,-2.617954204062704071e-01,4.448240024216216781e+00
3.835747020732214185e-01,8.204400370207109994e-01,3.128093622656399203e-02,5.902002327583464637e-03,-7.838710307380800657e-01,1.230143623861283064e+00,-2.617954204062704071e-01,4.448810512938983663e+00
3.835747020732214185e-01,8.204400370207109994e-01,3.128093622656399203e-02,5.902002327583464637e-03,-7.838710307380800657e-01,1.230143623861283064e+00,-2.617954204062704071e-01,4.450521979107286086e+00
3.835747020732214185e-01,8.204400370207109994e-01,3.128093622656399203e-02,5.902002327583464637e-03,-7.838710307380800657e-01,1.230143623861283064e+00,-2.617954204062704071e-01,4.451650279025648693e+00
3.835747020732214185e-01,8.204400370207109994e-01,3.128093622656399203e-02,5.902002327583464637e-03,-7.838710307380800657e-01,1.230143623861283064e+00,-2.617954204062704071e-01,4.453361745193950227e+00
3.835747020732214185e-01,8.204400370207109994e-01,3.128093622656399203e-02,5.902002327583464637e-03,-7.838710307380800657e-01,1.230143623861283064e+00,-2.617954204062704071e-01,4.453932233916717998e+00
3.835747020732214185e-01,8.204400370207109994e-01,3.128093622656399203e-02,5.902002327583464637e-03,-7.838710307380800657e-01,1.230143623861283064e+00,-2.617954204062704071e-01,4.456784677530555072e+00
3.835747020732214185e-01,8.204400370207109994e-01,3.128093622656399203e-02,5.902002327583464637e-03,-7.838710307380800657e-01,1.230143623861283064e+00,-2.617954204062704071e-01,4.457342488726149909e+00
3.835747020732214185e-01,8.204400370207109994e-01,3.128093622656399203e-02,5.902002327583464637e-03,-7.838710307380800657e-01,1.230143623861283064e+00,-2.617954204062704071e-01,4.458483466171684562e+00
3.835747020732214185e-01,8.204400370207109994e-01,3.128093622656399203e-02,5.902002327583464637e-03,-7.838710307380800657e-01,1.230143623861283064e+00,-2.617954204062704071e-01,4.459624443617219214e+00
3.835747020732214185e-01,8.204400370207109994e-01,3.128093622656399203e-02,5.902002327583464637e-03,-7.838710307380800657e-01,1.230143623861283064e+00,-2.617954204062704071e-01,4.461335909785521636e+00
3.835747020732214185e-01,8.204400370207109994e-01,3.128093622656399203e-02,5.902002327583464637e-03,-7.838710307380800657e-01,1.230143623861283064e+00,-2.617954204062704071e-01,4.461906398508288518e+00
3.835747020732214185e-01,8.204400370207109994e-01,3.128093622656399203e-02,5.902002327583464637e-03,-7.838710307380800657e-01,1.230143623861283064e+00,-2.617954204062704071e-01,4.464188353399357823e+00
3.835747020732214185e-01,8.204400370207109994e-01,3.128093622656399203e-02,5.902002327583464637e-03,-7.838710307380800657e-01,1.230143623861283064e+00,-2.617954204062704071e-01,4.464758842122125593e+00
3.835747020732214185e-01,8.204400370207109994e-01,3.128093622656399203e-02,5.902002327583464637e-03,-7.838710307380800657e-01,1.230143623861283064e+00,-2.617954204062704071e-01,4.467028119486022852e+00
3.835747020732214185e-01,8.204400370207109994e-01,3.128093622656399203e-02,5.902002327583464637e-03,-7.838710307380800657e-01,1.230143623861283064e+00,-2.617954204062704071e-01,4.467598608208789734e+00
3.835747020732214185e-01,8.204400370207109994e-01,3.128093622656399203e-02,5.902002327583464637e-03,-7.838710307380800657e-01,1.230143623861283064e+00,-2.617954204062704071e-01,4.469880563099859039e+00
3.835747020732214185e-01,8.204400370207109994e-01,3.128093622656399203e-02,5.902002327583464637e-03,-7.838710307380800657e-01,1.230143623861283064e+00,-2.617954204062704071e-01,4.470451051822626809e+00
3.835747020732214185e-01,8.204400370207109994e-01,3.128093622656399203e-02,5.902002327583464637e-03,-7.838710307380800657e-01,1.230143623861283064e+00,-2.617954204062704071e-01,4.472733006713696113e+00
3.835747020732214185e-01,8.204400370207109994e-01,3.128093622656399203e-02,5.902002327583464637e-03,-7.838710307380800657e-01,1.230143623861283064e+00,-2.617954204062704071e-01,4.473303495436463884e+00
3.835747020732214185e-01,8.204400370207109994e-01,3.128093622656399203e-02,5.902002327583464637e-03,-7.838710307380800657e-01,1.230143623861283064e+00,-2.617954204062704071e-01,4.474444472881998536e+00
3.835747020732214185e-01,8.204400370207109994e-01,3.128093622656399203e-02,5.902002327583464637e-03,-7.838710307380800657e-01,1.230143623861283064e+00,-2.617954204062704071e-01,4.476143261523128025e+00
3.835747020732214185e-01,8.204400370207109994e-01,3.128093622656399203e-02,5.902002327583464637e-03,-7.838710307380800657e-01,1.230143623861283064e+00,-2.617954204062704071e-01,4.476713750245895795e+00
3.835747020732214185e-01,8.204400370207109994e-01,3.128093622656399203e-02,5.902002327583464637e-03,-7.838710307380800657e-01,1.230143623861283064e+00,-2.617954204062704071e-01,4.478425216414197330e+00
3.835747020732214185e-01,8.204400370207109994e-01,3.128093622656399203e-02,5.902002327583464637e-03,-7.838710307380800657e-01,1.230143623861283064e+00,-2.617954204062704071e-01,4.478995705136965100e+00
3.835747020732214185e-01,8.204400370207109994e-01,3.128093622656399203e-02,5.902002327583464637e-03,-7.838710307380800657e-01,1.230143623861283064e+00,-2.617954204062704071e-01,4.481848148750802174e+00
3.835747020732214185e-01,8.204400370207109994e-01,3.128093622656399203e-02,5.902002327583464637e-03,-7.838710307380800657e-01,1.230143623861283064e+00,-2.617954204062704071e-01,4.482418637473569056e+00
3.835747020732214185e-01,8.204400370207109994e-01,3.128093622656399203e-02,5.902002327583464637e-03,-7.838710307380800657e-01,1.230143623861283064e+00,-2.617954204062704071e-01,4.484700592364639249e+00
3.835747020732214185e-01,8.204400370207109994e-01,3.128093622656399203e-02,5.902002327583464637e-03,-7.838710307380800657e-01,1.230143623861283064e+00,-2.617954204062704071e-01,4.485258403560234086e+00
3.835747020732214185e-01,8.204400370207109994e-01,3.128093622656399203e-02,5.902002327583464637e-03,-7.838710307380800657e-01,1.230143623861283064e+00,-2.617954204062704071e-01,4.487540358451303391e+00
3.835747020732214185e-01,8.204400370207109994e-01,3.128093622656399203e-02,5.902002327583464637e-03,-7.838710307380800657e-01,1.230143623861283064e+00,-2.617954204062704071e-01,4.488681335896838043e+00
3.835747020732214185e-01,8.204400370207109994e-01,3.128093622656399203e-02,5.902002327583464637e-03,-7.838710307380800657e-01,1.230143623861283064e+00,-2.617954204062704071e-01,4.490963290787907347e+00
3.835747020732214185e-01,8.204400370207109994e-01,3.128093622656399203e-02,5.902002327583464637e-03,-7.838710307380800657e-01,1.230143623861283064e+00,-2.617954204062704071e-01,4.491533779510675117e+00
3.835747020732214185e-01,8.204400370207109994e-01,3.128093622656399203e-02,5.902002327583464637e-03,-7.838710307380800657e-01,1.230143623861283064e+00,-2.617954204062704071e-01,4.493803056874571489e+00
3.835747020732214185e-01,8.204400370207109994e-01,3.128093622656399203e-02,5.902002327583464637e-03,-7.838710307380800657e-01,1.230143623861283064e+00,-2.617954204062704071e-01,4.495514523042873911e+00
3.835747020732214185e-01,8.204400370207109994e-01,3.128093622656399203e-02,5.902002327583464637e-03,-7.838710307380800657e-01,1.230143623861283064e+00,-2.617954204062704071e-01,4.496085011765641681e+00
3.835747020732214185e-01,8.204400370207109994e-01,3.128093622656399203e-02,5.902002327583464637e-03,-7.838710307380800657e-01,1.230143623861283064e+00,-2.617954204062704071e-01,4.497796477933943216e+00
3.835747020732214185e-01,8.204400370207109994e-01,3.128093622656399203e-02,5.919996237118779758e-03,-7.838710307380800657e-01,1.230143623861283064e+00,-2.617954204062704071e-01,4.498366966656710986e+00
3.835747020732214185e-01,8.204400370207109994e-01,3.128093622656399203e-02,5.902002327583464637e-03,-7.838710307380800657e-01,1.230143623861283064e+00,-2.617954204062704071e-01,4.500078432825013408e+00
3.835747020732214185e-01,8.204400370207109994e-01,3.128093622656399203e-02,5.902002327583464637e-03,-7.838710307380800657e-01,1.230143623861283064e+00,-2.617954204062704071e-01,4.501219410270548060e+00
3.835747020732214185e-01,8.204400370207109994e-01,3.128093622656399203e-02,5.902002327583464637e-03,-7.838710307380800657e-01,1.230143623861283064e+00,-2.617954204062704071e-01,4.501789898993314942e+00
3.835747020732214185e-01,8.204400370207109994e-01,3.128093622656399203e-02,5.902002327583464637e-03,-7.838710307380800657e-01,1.230143623861283064e+00,-2.617954204062704071e-01,4.504071853884385135e+00
3.835747020732214185e-01,8.204400370207109994e-01,3.128093622656399203e-02,5.902002327583464637e-03,-7.838710307380800657e-01,1.230143623861283064e+00,-2.617954204062704071e-01,4.504642342607152017e+00
3.835747020732214185e-01,8.204400370207109994e-01,3.128093622656399203e-02,5.902002327583464637e-03,-7.838710307380800657e-01,1.230143623861283064e+00,-2.617954204062704071e-01,4.506341131248281506e+00
3.835747020732214185e-01,8.204400370207109994e-01,3.128093622656399203e-02,5.902002327583464637e-03,-7.838710307380800657e-01,1.230143623861283064e+00,-2.617954204062704071e-01,4.506911619971049277e+00
3.835747020732214185e-01,8.204400370207109994e-01,3.128093622656399203e-02,5.902002327583464637e-03,-7.838710307380800657e-01,1.230143623861283064e+00,-2.617954204062704071e-01,4.509193574862118581e+00
3.835747020732214185e-01,8.204400370207109994e-01,3.128093622656399203e-02,5.902002327583464637e-03,-7.838710307380800657e-01,1.230143623861283064e+00,-2.617954204062704071e-01,4.509764063584886351e+00
3.835747020732214185e-01,8.204400370207109994e-01,3.128093622656399203e-02,5.902002327583464637e-03,-7.838710307380800657e-01,1.230143623861283064e+00,-2.617954204062704071e-01,4.511475529753187885e+00
3.835747020732214185e-01,8.204400370207109994e-01,3.128093622656399203e-02,5.919996237118779758e-03,-7.838710307380800657e-01,1.230143623861283064e+00,-2.617954204062704071e-01,4.512046018475955655e+00
3.835747020732214185e-01,8.204400370207109994e-01,3.128093622656399203e-02,5.902002327583464637e-03,-7.838710307380800657e-01,1.230143623861283064e+00,-2.617954204062704071e-01,4.514327973367024960e+00
3.835747020732214185e-01,8.204400370207109994e-01,3.128093622656399203e-02,5.902002327583464637e-03,-7.838710307380800657e-01,1.230143623861283064e+00,-2.617954204062704071e-01,4.514898462089792730e+00
3.835747020732214185e-01,8.204400370207109994e-01,3.128093622656399203e-02,5.902002327583464637e-03,-7.838710307380800657e-01,1.230143623861283064e+00,-2.617954204062704071e-01,4.516597250730922219e+00
3.835747020732214185e-01,8.204400370207109994e-01,3.128093622656399203e-02,5.902002327583464637e-03,-7.838710307380800657e-01,1.230143623861283064e+00,-2.617954204062704071e-01,4.517180416980862034e+00
3.835747020732214185e-01,8.204400370207109994e-01,3.128093622656399203e-02,5.902002327583464637e-03,-7.838710307380800657e-01,1.230143623861283064e+00,-2.617954204062704071e-01,4.519449694344759294e+00
3.835747020732214185e-01,8.204400370207109994e-01,3.128093622656399203e-02,5.902002327583464637e-03,-7.838710307380800657e-01,1.230143623861283064e+00,-2.617954204062704071e-01,4.520020183067526176e+00
3.835747020732214185e-01,8.204400370207109994e-01,3.128093622656399203e-02,5.902002327583464637e-03,-7.838710307380800657e-01,1.230143623861283064e+00,-2.617954204062704071e-01,4.522302137958596369e+00
3.835747020732214185e-01,8.204400370207109994e-01,3.128093622656399203e-02,5.902002327583464637e-03,-7.838710307380800657e-01,1.230143623861283064e+00,-2.617954204062704071e-01,4.522872626681363251e+00
3.835747020732214185e-01,8.204400370207109994e-01,3.128093622656399203e-02,5.902002327583464637e-03,-7.838710307380800657e-01,1.230143623861283064e+00,-2.617954204062704071e-01,4.524584092849665673e+00
3.835747020732214185e-01,8.204400370207109994e-01,3.128093622656399203e-02,5.902002327583464637e-03,-7.838710307380800657e-01,1.230143623861283064e+00,-2.617954204062704071e-01,4.525725070295200325e+00
3.835747020732214185e-01,8.204400370207109994e-01,3.128093622656399203e-02,5.919996237118779758e-03,-7.838710307380800657e-01,1.230143623861283064e+00,-2.617954204062704071e-01,4.527423858936329815e+00
3.835747020732214185e-01,8.204400370207109994e-01,3.128093622656399203e-02,5.902002327583464637e-03,-7.838710307380800657e-01,1.230143623861283064e+00,-2.617954204062704071e-01,4.528564836381864467e+00
3.835747020732214185e-01,8.204400370207109994e-01,3.128093622656399203e-02,5.902002327583464637e-03,-7.838710307380800657e-01,1.230143623861283064e+00,-2.617954204062704071e-01,4.530846791272933771e+00
3.835747020732214185e-01,8.204400370207109994e-01,3.128093622656399203e-02,5.902002327583464637e-03,-7.838710307380800657e-01,1.230143623861283064e+00,-2.617954204062704071e-01,4.531417279995701541e+00
3.835747020732214185e-01,8.204400370207109994e-01,3.128093622656399203e-02,5.902002327583464637e-03,-7.838710307380800657e-01,1.230143623861283064e+00,-2.617954204062704071e-01,4.533128746164003964e+00
3.835747020732214185e-01,8.204400370207109994e-01,3.128093622656399203e-02,5.902002327583464637e-03,-7.838710307380800657e-01,1.230143623861283064e+00,-2.617954204062704071e-01,4.533699234886770846e+00
3.835747020732214185e-01,8.204400370207109994e-01,3.128093622656399203e-02,5.902002327583464637e-03,-7.838710307380800657e-01,1.230143623861283064e+00,-2.617954204062704071e-01,4.535410701055073268e+00
3.835747020732214185e-01,8.204400370207109994e-01,3.128093622656399203e-02,5.902002327583464637e-03,-7.838710307380800657e-01,1.230143623861283064e+00,-2.617954204062704071e-01,4.536539000973435876e+00
3.835747020732214185e-01,8.204400370207109994e-01,3.128093622656399203e-02,5.902002327583464637e-03,-7.838710307380800657e-01,1.230143623861283064e+00,-2.617954204062704071e-01,4.537679978418970528e+00
3.835747020732214185e-01,8.204400370207109994e-01,3.128093622656399203e-02,5.902002327583464637e-03,-7.838710307380800657e-01,1.230143623861283064e+00,-2.617954204062704071e-01,4.538250467141737410e+00
3.835747020732214185e-01,8.204400370207109994e-01,3.128093622656399203e-02,5.902002327583464637e-03,-7.838710307380800657e-01,1.230143623861283064e+00,-2.617954204062704071e-01,4.540532422032807602e+00
3.835747020732214185e-01,8.204400370207109994e-01,3.128093622656399203e-02,5.902002327583464637e-03,-7.838710307380800657e-01,1.230143623861283064e+00,-2.617954204062704071e-01,4.541102910755574484e+00
3.835747020732214185e-01,8.204400370207109994e-01,3.128093622656399203e-02,5.902002327583464637e-03,-7.838710307380800657e-01,1.230143623861283064e+00,-2.617954204062704071e-01,4.543384865646643789e+00
3.835747020732214185e-01,8.204400370207109994e-01,3.128093622656399203e-02,5.902002327583464637e-03,-7.838710307380800657e-01,1.230143623861283064e+00,-2.617954204062704071e-01,4.543955354369411559e+00
3.835747020732214185e-01,8.204400370207109994e-01,3.128093622656399203e-02,5.902002327583464637e-03,-7.838710307380800657e-01,1.230143623861283064e+00,-2.617954204062704071e-01,4.545654143010541048e+00
3.835747020732214185e-01,8.204400370207109994e-01,3.128093622656399203e-02,5.902002327583464637e-03,-7.838710307380800657e-01,1.230143623861283064e+00,-2.617954204062704071e-01,4.546224631733308819e+00
3.835747020732214185e-01,8.204400370207109994e-01,3.128093622656399203e-02,5.902002327583464637e-03,-7.838710307380800657e-01,1.230143623861283064e+00,-2.617954204062704071e-01,4.548506586624378123e+00
3.835747020732214185e-01,8.204400370207109994e-01,3.128093622656399203e-02,5.902002327583464637e-03,-7.838710307380800657e-01,1.230143623861283064e+00,-2.617954204062704071e-01,4.549077075347145005e+00
3.835747020732214185e-01,8.204400370207109994e-01,3.128093622656399203e-02,5.902002327583464637e-03,-7.838710307380800657e-01,1.230143623861283064e+00,-2.617954204062704071e-01,4.551346352711042265e+00
3.835747020732214185e-01,8.204400370207109994e-01,3.128093622656399203e-02,5.902002327583464637e-03,-7.838710307380800657e-01,1.230143623861283064e+00,-2.617954204062704071e-01,4.552487330156576917e+00
3.835747020732214185e-01,8.204400370207109994e-01,3.128093622656399203e-02,5.902002327583464637e-03,-7.838710307380800657e-01,1.230143623861283064e+00,-2.617954204062704071e-01,4.554198796324879339e+00
3.835747020732214185e-01,8.204400370207109994e-01,3.128093622656399203e-02,5.902002327583464637e-03,-7.838710307380800657e-01,1.230143623861283064e+00,-2.617954204062704071e-01,4.554769285047646221e+00
3.835747020732214185e-01,8.204400370207109994e-01,3.128093622656399203e-02,5.902002327583464637e-03,-7.838710307380800657e-01,1.230143623861283064e+00,-2.617954204062704071e-01,4.556480751215948644e+00
3.835747020732214185e-01,8.204400370207109994e-01,3.128093622656399203e-02,5.902002327583464637e-03,-7.838710307380800657e-01,1.230143623861283064e+00,-2.617954204062704071e-01,4.557051239938716414e+00
3.835747020732214185e-01,8.204400370207109994e-01,3.128093622656399203e-02,5.902002327583464637e-03,-7.838710307380800657e-01,1.230143623861283064e+00,-2.617954204062704071e-01,4.559333194829785718e+00
3.835747020732214185e-01,8.204400370207109994e-01,3.128093622656399203e-02,5.902002327583464637e-03,-7.838710307380800657e-01,1.230143623861283064e+00,-2.617954204062704071e-01,4.559903683552553488e+00
3.835747020732214185e-01,8.204400370207109994e-01,3.128093622656399203e-02,5.902002327583464637e-03,-7.838710307380800657e-01,1.230143623861283064e+00,-2.617954204062704071e-01,4.562172960916449860e+00
3.835747020732214185e-01,8.204400370207109994e-01,3.128093622656399203e-02,5.902002327583464637e-03,-7.838710307380800657e-01,1.230143623861283064e+00,-2.617954204062704071e-01,4.562743449639217630e+00
3.835747020732214185e-01,8.204400370207109994e-01,3.128093622656399203e-02,5.902002327583464637e-03,-7.838710307380800657e-01,1.230143623861283064e+00,-2.617954204062704071e-01,4.565025404530286934e+00
3.835747020732214185e-01,8.204400370207109994e-01,3.128093622656399203e-02,5.902002327583464637e-03,-7.838710307380800657e-01,1.230143623861283064e+00,-2.617954204062704071e-01,4.565595893253054705e+00
3.835747020732214185e-01,8.204400370207109994e-01,3.128093622656399203e-02,5.902002327583464637e-03,-7.838710307380800657e-01,1.230143623861283064e+00,-2.617954204062704071e-01,4.567877848144124009e+00
3.835747020732214185e-01,8.204400370207109994e-01,3.128093622656399203e-02,5.902002327583464637e-03,-7.838710307380800657e-01,1.230143623861283064e+00,-2.617954204062704071e-01,4.568448336866890891e+00
3.835747020732214185e-01,8.204400370207109994e-01,3.128093622656399203e-02,5.902002327583464637e-03,-7.838710307380800657e-01,1.230143623861283064e+00,-2.617954204062704071e-01,4.570717614230788151e+00
3.835747020732214185e-01,8.204400370207109994e-01,3.128093622656399203e-02,5.902002327583464637e-03,-7.838710307380800657e-01,1.230143623861283064e+00,-2.617954204062704071e-01,4.571288102953555921e+00
3.835747020732214185e-01,8.204400370207109994e-01,3.128093622656399203e-02,5.902002327583464637e-03,-7.838710307380800657e-01,1.230143623861283064e+00,-2.617954204062704071e-01,4.572999569121857455e+00
3.835747020732214185e-01,8.204400370207109994e-01,3.128093622656399203e-02,5.902002327583464637e-03,-7.838710307380800657e-01,1.230143623861283064e+00,-2.617954204062704071e-01,4.573570057844625225e+00
3.835747020732214185e-01,8.204400370207109994e-01,3.128093622656399203e-02,5.902002327583464637e-03,-7.838710307380800657e-01,1.230143623861283064e+00,-2.617954204062704071e-01,4.575852012735694530e+00
3.835747020732214185e-01,8.204400370207109994e-01,3.128093622656399203e-02,5.902002327583464637e-03,-7.838710307380800657e-01,1.230143623861283064e+00,-2.617954204062704071e-01,4.576422501458462300e+00
3.835747020732214185e-01,8.204400370207109994e-01,3.128093622656399203e-02,5.902002327583464637e-03,-7.838710307380800657e-01,1.230143623861283064e+00,-2.617954204062704071e-01,4.578133967626764722e+00
3.835747020732214185e-01,8.204400370207109994e-01,3.128093622656399203e-02,5.902002327583464637e-03,-7.838710307380800657e-01,1.230143623861283064e+00,-2.617954204062704071e-01,4.578704456349531604e+00
3.835747020732214185e-01,8.204400370207109994e-01,3.128093622656399203e-02,5.919996237118779758e-03,-7.838710307380800657e-01,1.230143623861283064e+00,-2.617954204062704071e-01,4.582114711158963516e+00
3.835747020732214185e-01,8.204400370207109994e-01,3.128093622656399203e-02,5.902002327583464637e-03,-7.838710307380800657e-01,1.230143623861283064e+00,-2.617954204062704071e-01,4.582685199881730398e+00
3.835747020732214185e-01,8.204400370207109994e-01,3.128093622656399203e-02,5.902002327583464637e-03,-7.838710307380800657e-01,1.230143623861283064e+00,-2.617954204062704071e-01,4.584396666050032820e+00
3.835747020732214185e-01,8.204400370207109994e-01,3.128093622656399203e-02,5.902002327583464637e-03,-7.838710307380800657e-01,1.230143623861283064e+00,-2.617954204062704071e-01,4.584979832299972635e+00
3.835747020732214185e-01,8.204400370207109994e-01,3.128093622656399203e-02,5.902002327583464637e-03,-7.838710307380800657e-01,1.230143623861283064e+00,-2.617954204062704071e-01,4.587249109663869895e+00
3.835747020732214185e-01,8.204400370207109994e-01,3.128093622656399203e-02,5.902002327583464637e-03,-7.838710307380800657e-01,1.230143623861283064e+00,-2.617954204062704071e-01,4.587819598386637665e+00
3.835747020732214185e-01,8.204400370207109994e-01,3.128093622656399203e-02,5.902002327583464637e-03,-7.838710307380800657e-01,1.230143623861283064e+00,-2.617954204062704071e-01,4.590101553277706969e+00
3.835747020732214185e-01,8.204400370207109994e-01,3.128093622656399203e-02,5.902002327583464637e-03,-7.838710307380800657e-01,1.230143623861283064e+00,-2.617954204062704071e-01,4.590672042000473851e+00
3.835747020732214185e-01,8.204400370207109994e-01,3.128093622656399203e-02,5.902002327583464637e-03,-7.838710307380800657e-01,1.230143623861283064e+00,-2.617954204062704071e-01,4.592370830641603341e+00
3.835747020732214185e-01,8.204400370207109994e-01,3.128093622656399203e-02,5.902002327583464637e-03,-7.838710307380800657e-01,1.230143623861283064e+00,-2.617954204062704071e-01,4.593511808087138881e+00
3.835747020732214185e-01,8.204400370207109994e-01,3.128093622656399203e-02,5.902002327583464637e-03,-7.838710307380800657e-01,1.230143623861283064e+00,-2.617954204062704071e-01,4.595235951782613348e+00
3.835747020732214185e-01,8.204400370207109994e-01,3.128093622656399203e-02,5.902002327583464637e-03,-7.838710307380800657e-01,1.230143623861283064e+00,-2.617954204062704071e-01,4.595793762978208186e+00
3.835747020732214185e-01,8.204400370207109994e-01,3.128093622656399203e-02,5.902002327583464637e-03,-7.838710307380800657e-01,1.230143623861283064e+00,-2.617954204062704071e-01,4.598646206592045260e+00
3.835747020732214185e-01,8.204400370207109994e-01,3.128093622656399203e-02,5.902002327583464637e-03,-7.838710307380800657e-01,1.230143623861283064e+00,-2.617954204062704071e-01,4.599216695314812142e+00
3.835747020732214185e-01,8.204400370207109994e-01,3.128093622656399203e-02,5.902002327583464637e-03,-7.838710307380800657e-01,1.230143623861283064e+00,-2.617954204062704071e-01,4.602069138928649217e+00
3.835747020732214185e-01,8.204400370207109994e-01,3.128093622656399203e-02,5.902002327583464637e-03,-7.838710307380800657e-01,1.230143623861283064e+00,-2.617954204062704071e-01,4.602626950124244054e+00
3.835747020732214185e-01,8.204400370207109994e-01,3.128093622656399203e-02,5.902002327583464637e-03,-7.838710307380800657e-01,1.230143623861283064e+00,-2.617954204062704071e-01,4.604338416292546476e+00
3.835747020732214185e-01,8.204400370207109994e-01,3.128093622656399203e-02,5.902002327583464637e-03,-7.838710307380800657e-01,1.230143623861283064e+00,-2.617954204062704071e-01,4.605479393738081129e+00
3.835747020732214185e-01,8.204400370207109994e-01,3.128093622656399203e-02,5.902002327583464637e-03,-7.838710307380800657e-01,1.230143623861283064e+00,-2.617954204062704071e-01,4.607761348629150433e+00
3.835747020732214185e-01,8.204400370207109994e-01,3.128093622656399203e-02,5.902002327583464637e-03,-7.838710307380800657e-01,1.230143623861283064e+00,-2.617954204062704071e-01,4.608331837351918203e+00
3.835747020732214185e-01,8.204400370207109994e-01,3.128093622656399203e-02,5.902002327583464637e-03,-7.838710307380800657e-01,1.230143623861283064e+00,-2.617954204062704071e-01,4.610613792242987508e+00
3.835747020732214185e-01,8.204400370207109994e-01,3.128093622656399203e-02,5.902002327583464637e-03,-7.838710307380800657e-01,1.230143623861283064e+00,-2.617954204062704071e-01,4.611754769688522160e+00
3.835747020732214185e-01,8.204400370207109994e-01,3.128093622656399203e-02,5.902002327583464637e-03,-7.838710307380800657e-01,1.230143623861283064e+00,-2.617954204062704071e-01,4.612883069606884767e+00
3.835747020732214185e-01,8.204400370207109994e-01,3.128093622656399203e-02,5.902002327583464637e-03,-7.838710307380800657e-01,1.230143623861283064e+00,-2.617954204062704071e-01,4.614594535775186301e+00
3.835747020732214185e-01,8.204400370207109994e-01,3.128093622656399203e-02,5.902002327583464637e-03,-7.838710307380800657e-01,1.230143623861283064e+00,-2.617954204062704071e-01,4.616306001943488724e+00
3.835747020732214185e-01,8.204400370207109994e-01,3.128093622656399203e-02,5.902002327583464637e-03,-7.838710307380800657e-01,1.230143623861283064e+00,-2.617954204062704071e-01,4.616876490666256494e+00
3.835747020732214185e-01,8.204400370207109994e-01,3.128093622656399203e-02,5.902002327583464637e-03,-7.838710307380800657e-01,1.230143623861283064e+00,-2.617954204062704071e-01,4.619158445557325798e+00
3.835747020732214185e-01,8.204400370207109994e-01,3.128093622656399203e-02,5.902002327583464637e-03,-7.838710307380800657e-01,1.230143623861283064e+00,-2.617954204062704071e-01,4.620299423002860451e+00
3.835747020732214185e-01,8.204400370207109994e-01,3.128093622656399203e-02,5.902002327583464637e-03,-7.838710307380800657e-01,1.230143623861283064e+00,-2.617954204062704071e-01,4.621998211643989940e+00
3.835747020732214185e-01,8.204400370207109994e-01,3.128093622656399203e-02,5.902002327583464637e-03,-7.838710307380800657e-01,1.230143623861283064e+00,-2.617954204062704071e-01,4.622568700366757710e+00
3.835747020732214185e-01,8.204400370207109994e-01,3.128093622656399203e-02,5.902002327583464637e-03,-7.838710307380800657e-01,1.230143623861283064e+00,-2.617954204062704071e-01,4.624280166535059244e+00
3.835747020732214185e-01,8.204400370207109994e-01,3.128093622656399203e-02,5.902002327583464637e-03,-7.838710307380800657e-01,1.230143623861283064e+00,-2.617954204062704071e-01,4.625421143980594785e+00
3.835747020732214185e-01,8.204400370207109994e-01,3.128093622656399203e-02,5.902002327583464637e-03,-7.838710307380800657e-01,1.230143623861283064e+00,-2.617954204062704071e-01,4.627132610148896319e+00
3.835747020732214185e-01,8.204400370207109994e-01,3.128093622656399203e-02,5.902002327583464637e-03,-7.838710307380800657e-01,1.230143623861283064e+00,-2.617954204062704071e-01,4.627703098871664089e+00
3.835747020732214185e-01,8.204400370207109994e-01,3.128093622656399203e-02,5.902002327583464637e-03,-7.838710307380800657e-01,1.230143623861283064e+00,-2.617954204062704071e-01,4.629985053762733394e+00
3.835747020732214185e-01,8.204400370207109994e-01,3.128093622656399203e-02,5.902002327583464637e-03,-7.838710307380800657e-01,1.230143623861283064e+00,-2.617954204062704071e-01,4.631113353681096001e+00
3.835747020732214185e-01,8.204400370207109994e-01,3.128093622656399203e-02,5.919996237118779758e-03,-7.838710307380800657e-01,1.230143623861283064e+00,-2.617954204062704071e-01,4.632824819849397535e+00
3.835747020732214185e-01,8.204400370207109994e-01,3.128093622656399203e-02,5.902002327583464637e-03,-7.838710307380800657e-01,1.230143623861283064e+00,-2.617954204062704071e-01,4.633395308572165305e+00
3.835747020732214185e-01,8.204400370207109994e-01,3.128093622656399203e-02,5.902002327583464637e-03,-7.838710307380800657e-01,1.230143623861283064e+00,-2.617954204062704071e-01,4.635677263463234610e+00
3.835747020732214185e-01,8.204400370207109994e-01,3.128093622656399203e-02,5.902002327583464637e-03,-7.838710307380800657e-01,1.230143623861283064e+00,-2.617954204062704071e-01,4.636247752186002380e+00
3.835747020732214185e-01,8.204400370207109994e-01,3.128093622656399203e-02,5.902002327583464637e-03,-7.838710307380800657e-01,1.230143623861283064e+00,-2.617954204062704071e-01,4.638529707077071684e+00
3.835747020732214185e-01,8.204400370207109994e-01,3.128093622656399203e-02,5.902002327583464637e-03,-7.838710307380800657e-01,1.230143623861283064e+00,-2.617954204062704071e-01,4.639100195799839454e+00
3.835747020732214185e-01,8.204400370207109994e-01,3.128093622656399203e-02,5.902002327583464637e-03,-7.838710307380800657e-01,1.230143623861283064e+00,-2.617954204062704071e-01,4.641369473163735826e+00
3.835747020732214185e-01,8.204400370207109994e-01,3.128093622656399203e-02,5.902002327583464637e-03,-7.838710307380800657e-01,1.230143623861283064e+00,-2.617954204062704071e-01,4.642510450609270478e+00
3.835747020732214185e-01,8.204400370207109994e-01,3.128093622656399203e-02,5.902002327583464637e-03,-7.838710307380800657e-01,1.230143623861283064e+00,-2.617954204062704071e-01,4.643080939332038248e+00
3.835747020732214185e-01,8.204400370207109994e-01,3.128093622656399203e-02,5.902002327583464637e-03,-7.838710307380800657e-01,1.230143623861283064e+00,-2.617954204062704071e-01,4.645362894223107553e+00
3.835747020732214185e-01,8.204400370207109994e-01,3.128093622656399203e-02,5.902002327583464637e-03,-7.838710307380800657e-01,1.230143623861283064e+00,-2.617954204062704071e-01,4.645933382945875323e+00
3.835747020732214185e-01,8.204400370207109994e-01,3.128093622656399203e-02,5.902002327583464637e-03,-7.838710307380800657e-01,1.230143623861283064e+00,-2.617954204062704071e-01,4.647644849114176857e+00
3.835747020732214185e-01,8.204400370207109994e-01,3.128093622656399203e-02,5.902002327583464637e-03,-7.838710307380800657e-01,1.230143623861283064e+00,-2.617954204062704071e-01,4.648773149032539465e+00
3.835747020732214185e-01,8.204400370207109994e-01,3.128093622656399203e-02,5.902002327583464637e-03,-7.838710307380800657e-01,1.230143623861283064e+00,-2.617954204062704071e-01,4.651055103923608769e+00
3.835747020732214185e-01,8.204400370207109994e-01,3.128093622656399203e-02,5.902002327583464637e-03,-7.838710307380800657e-01,1.230143623861283064e+00,-2.617954204062704071e-01,4.651625592646376539e+00
3.835747020732214185e-01,8.204400370207109994e-01,3.128093622656399203e-02,5.902002327583464637e-03,-7.838710307380800657e-01,1.230143623861283064e+00,-2.617954204062704071e-01,4.653907547537445843e+00
3.835747020732214185e-01,8.204400370207109994e-01,3.128093622656399203e-02,5.902002327583464637e-03,-7.838710307380800657e-01,1.230143623861283064e+00,-2.617954204062704071e-01,4.654478036260213614e+00
3.835747020732214185e-01,8.204400370207109994e-01,3.128093622656399203e-02,5.902002327583464637e-03,-7.838710307380800657e-01,1.230143623861283064e+00,-2.617954204062704071e-01,4.656189502428515148e+00
3.835747020732214185e-01,8.204400370207109994e-01,3.128093622656399203e-02,5.902002327583464637e-03,-7.838710307380800657e-01,1.230143623861283064e+00,-2.617954204062704071e-01,4.657330479874050688e+00
3.835747020732214185e-01,8.204400370207109994e-01,3.128093622656399203e-02,5.902002327583464637e-03,-7.838710307380800657e-01,1.230143623861283064e+00,-2.617954204062704071e-01,4.659041946042352222e+00
3.835747020732214185e-01,8.204400370207109994e-01,3.128093622656399203e-02,5.902002327583464637e-03,-7.838710307380800657e-01,1.230143623861283064e+00,-2.617954204062704071e-01,4.659599757237947060e+00
3.835747020732214185e-01,8.204400370207109994e-01,3.128093622656399203e-02,5.902002327583464637e-03,-7.838710307380800657e-01,1.230143623861283064e+00,-2.617954204062704071e-01,4.661881712129016364e+00
3.835747020732214185e-01,8.204400370207109994e-01,3.128093622656399203e-02,5.902002327583464637e-03,-7.838710307380800657e-01,1.230143623861283064e+00,-2.617954204062704071e-01,4.662452200851784134e+00
3.835747020732214185e-01,8.204400370207109994e-01,3.128093622656399203e-02,5.902002327583464637e-03,-7.838710307380800657e-01,1.230143623861283064e+00,-2.617954204062704071e-01,4.664163667020086557e+00
3.835747020732214185e-01,8.204400370207109994e-01,3.128093622656399203e-02,5.902002327583464637e-03,-7.838710307380800657e-01,1.230143623861283064e+00,-2.617954204062704071e-01,4.665304644465621209e+00
3.835747020732214185e-01,8.204400370207109994e-01,3.128093622656399203e-02,5.902002327583464637e-03,-7.838710307380800657e-01,1.230143623861283064e+00,-2.617954204062704071e-01,4.667016110633923631e+00
3.835747020732214185e-01,8.204400370207109994e-01,3.128093622656399203e-02,5.902002327583464637e-03,-7.838710307380800657e-01,1.230143623861283064e+00,-2.617954204062704071e-01,4.667586599356690513e+00
3.835747020732214185e-01,8.204400370207109994e-01,3.128093622656399203e-02,5.902002327583464637e-03,-7.838710307380800657e-01,1.230143623861283064e+00,-2.617954204062704071e-01,4.669298065524992936e+00
3.835747020732214185e-01,8.204400370207109994e-01,3.128093622656399203e-02,5.902002327583464637e-03,-7.838710307380800657e-01,1.230143623861283064e+00,-2.617954204062704071e-01,4.670426365443354655e+00
3.835747020732214185e-01,8.204400370207109994e-01,3.128093622656399203e-02,5.902002327583464637e-03,-7.838710307380800657e-01,1.230143623861283064e+00,-2.617954204062704071e-01,4.672137831611657077e+00
3.835747020732214185e-01,8.204400370207109994e-01,3.128093622656399203e-02,5.902002327583464637e-03,-7.838710307380800657e-01,1.230143623861283064e+00,-2.617954204062704071e-01,4.672708320334424847e+00
3.835747020732214185e-01,8.204400370207109994e-01,3.128093622656399203e-02,5.902002327583464637e-03,-7.838710307380800657e-01,1.230143623861283064e+00,-2.617954204062704071e-01,4.674990275225494152e+00
3.835747020732214185e-01,8.204400370207109994e-01,3.128093622656399203e-02,5.902002327583464637e-03,-7.838710307380800657e-01,1.230143623861283064e+00,-2.617954204062704071e-01,4.675548086421088989e+00
3.835747020732214185e-01,8.204400370207109994e-01,3.128093622656399203e-02,5.902002327583464637e-03,-7.838710307380800657e-01,1.230143623861283064e+00,-2.617954204062704071e-01,4.677272230116563456e+00
3.835747020732214185e-01,8.204400370207109994e-01,3.128093622656399203e-02,5.902002327583464637e-03,-7.838710307380800657e-01,1.230143623861283064e+00,-2.617954204062704071e-01,4.677842718839331226e+00
3.835747020732214185e-01,8.204400370207109994e-01,3.128093622656399203e-02,5.902002327583464637e-03,-7.838710307380800657e-01,1.230143623861283064e+00,-2.617954204062704071e-01,4.680111996203227598e+00
3.835747020732214185e-01,8.204400370207109994e-01,3.128093622656399203e-02,5.902002327583464637e-03,-7.838710307380800657e-01,1.230143623861283064e+00,-2.617954204062704071e-01,4.680682484925995368e+00
3.835747020732214185e-01,8.204400370207109994e-01,3.128093622656399203e-02,5.902002327583464637e-03,-7.838710307380800657e-01,1.230143623861283064e+00,-2.617954204062704071e-01,4.683534928539832443e+00
3.835747020732214185e-01,8.204400370207109994e-01,3.128093622656399203e-02,5.902002327583464637e-03,-7.838710307380800657e-01,1.230143623861283064e+00,-2.617954204062704071e-01,4.684105417262599325e+00
3.835747020732214185e-01,8.204400370207109994e-01,3.128093622656399203e-02,5.902002327583464637e-03,-7.838710307380800657e-01,1.230143623861283064e+00,-2.617954204062704071e-01,4.686387372153669517e+00
3.835747020732214185e-01,8.204400370207109994e-01,3.128093622656399203e-02,5.902002327583464637e-03,-7.838710307380800657e-01,1.230143623861283064e+00,-2.617954204062704071e-01,4.686957860876436399e+00
3.835747020732214185e-01,8.204400370207109994e-01,3.128093622656399203e-02,5.902002327583464637e-03,-7.838710307380800657e-01,1.230143623861283064e+00,-2.617954204062704071e-01,4.688669327044738822e+00
3.835747020732214185e-01,8.204400370207109994e-01,3.128093622656399203e-02,5.902002327583464637e-03,-7.838710307380800657e-01,1.230143623861283064e+00,-2.617954204062704071e-01,4.689810304490273474e+00
3.835747020732214185e-01,8.204400370207109994e-01,3.128093622656399203e-02,5.902002327583464637e-03,-7.838710307380800657e-01,1.230143623861283064e+00,-2.617954204062704071e-01,4.691509093131402963e+00
3.835747020732214185e-01,8.204400370207109994e-01,3.128093622656399203e-02,5.902002327583464637e-03,-7.838710307380800657e-01,1.230143623861283064e+00,-2.617954204062704071e-01,4.692079581854170733e+00
3.835747020732214185e-01,8.204400370207109994e-01,3.128093622656399203e-02,5.902002327583464637e-03,-7.838710307380800657e-01,1.230143623861283064e+00,-2.617954204062704071e-01,4.694361536745240038e+00
3.835747020732214185e-01,8.204400370207109994e-01,3.128093622656399203e-02,5.902002327583464637e-03,-7.838710307380800657e-01,1.230143623861283064e+00,-2.617954204062704071e-01,4.694932025468007808e+00
3.835747020732214185e-01,8.204400370207109994e-01,3.128093622656399203e-02,5.902002327583464637e-03,-7.838710307380800657e-01,1.230143623861283064e+00,-2.617954204062704071e-01,4.697201302831904179e+00
3.835747020732214185e-01,8.204400370207109994e-01,3.128093622656399203e-02,5.902002327583464637e-03,-7.838710307380800657e-01,1.230143623861283064e+00,-2.617954204062704071e-01,4.698342280277438832e+00
3.835747020732214185e-01,8.204400370207109994e-01,3.128093622656399203e-02,5.902002327583464637e-03,-7.838710307380800657e-01,1.230143623861283064e+00,-2.617954204062704071e-01,4.700053746445741254e+00
3.835747020732214185e-01,8.204400370207109994e-01,3.128093622656399203e-02,5.902002327583464637e-03,-7.838710307380800657e-01,1.230143623861283064e+00,-2.617954204062704071e-01,4.701194723891275906e+00
3.835747020732214185e-01,8.204400370207109994e-01,3.128093622656399203e-02,5.902002327583464637e-03,-7.838710307380800657e-01,1.230143623861283064e+00,-2.617954204062704071e-01,4.703476678782345211e+00
3.835747020732214185e-01,8.204400370207109994e-01,3.128093622656399203e-02,5.902002327583464637e-03,-7.838710307380800657e-01,1.230143623861283064e+00,-2.617954204062704071e-01,4.704047167505112981e+00
3.835747020732214185e-01,8.204400370207109994e-01,3.128093622656399203e-02,5.902002327583464637e-03,-7.838710307380800657e-01,1.230143623861283064e+00,-2.617954204062704071e-01,4.707457422314544893e+00
3.835747020732214185e-01,8.204400370207109994e-01,3.128093622656399203e-02,5.902002327583464637e-03,-7.838710307380800657e-01,1.230143623861283064e+00,-2.617954204062704071e-01,4.708027911037311775e+00
3.835747020732214185e-01,8.204400370207109994e-01,3.128093622656399203e-02,5.902002327583464637e-03,-7.838710307380800657e-01,1.230143623861283064e+00,-2.617954204062704071e-01,4.709168888482846427e+00
3.835747020732214185e-01,8.204400370207109994e-01,3.128093622656399203e-02,5.902002327583464637e-03,-7.838710307380800657e-01,1.230143623861283064e+00,-2.617954204062704071e-01,4.711450843373916619e+00
3.835747020732214185e-01,8.204400370207109994e-01,3.128093622656399203e-02,5.902002327583464637e-03,-7.838710307380800657e-01,1.230143623861283064e+00,-2.617954204062704071e-01,4.712591820819451272e+00
3.835747020732214185e-01,8.204400370207109994e-01,3.128093622656399203e-02,5.902002327583464637e-03,-7.838710307380800657e-01,1.230143623861283064e+00,-2.617954204062704071e-01,4.714861098183348531e+00
3.835747020732214185e-01,8.204400370207109994e-01,3.128093622656399203e-02,5.902002327583464637e-03,-7.838710307380800657e-01,1.230143623861283064e+00,-2.617954204062704071e-01,4.715431586906115413e+00
3.835747020732214185e-01,8.204400370207109994e-01,3.128093622656399203e-02,5.902002327583464637e-03,-7.838710307380800657e-01,1.230143623861283064e+00,-2.617954204062704071e-01,4.717713541797184718e+00
3.835747020732214185e-01,8.204400370207109994e-01,3.128093622656399203e-02,5.902002327583464637e-03,-7.838710307380800657e-01,1.230143623861283064e+00,-2.617954204062704071e-01,4.718854519242719370e+00
3.835747020732214185e-01,8.204400370207109994e-01,3.128093622656399203e-02,5.902002327583464637e-03,-7.838710307380800657e-01,1.230143623861283064e+00,-2.617954204062704071e-01,4.720565985411021792e+00
3.835747020732214185e-01,8.204400370207109994e-01,3.128093622656399203e-02,5.902002327583464637e-03,-7.838710307380800657e-01,1.230143623861283064e+00,-2.617954204062704071e-01,4.721136474133789562e+00
3.835747020732214185e-01,8.204400370207109994e-01,3.128093622656399203e-02,5.902002327583464637e-03,-7.838710307380800657e-01,1.230143623861283064e+00,-2.617954204062704071e-01,4.722835262774919052e+00
3.835747020732214185e-01,8.204400370207109994e-01,3.128093622656399203e-02,5.902002327583464637e-03,-7.838710307380800657e-01,1.230143623861283064e+00,-2.617954204062704071e-01,4.723976240220453704e+00
3.835747020732214185e-01,8.204400370207109994e-01,3.128093622656399203e-02,5.902002327583464637e-03,-7.838710307380800657e-01,1.230143623861283064e+00,-2.617954204062704071e-01,4.725687706388756126e+00
3.835747020732214185e-01,8.204400370207109994e-01,3.128093622656399203e-02,5.902002327583464637e-03,-7.838710307380800657e-01,1.230143623861283064e+00,-2.617954204062704071e-01,4.726258195111523008e+00
3.835747020732214185e-01,8.204400370207109994e-01,3.128093622656399203e-02,5.902002327583464637e-03,-7.838710307380800657e-01,1.230143623861283064e+00,-2.617954204062704071e-01,4.728540150002593201e+00
3.835747020732214185e-01,8.204400370207109994e-01,3.128093622656399203e-02,5.902002327583464637e-03,-7.838710307380800657e-01,1.230143623861283064e+00,-2.617954204062704071e-01,4.729110638725360083e+00
3.835747020732214185e-01,8.204400370207109994e-01,3.128093622656399203e-02,5.902002327583464637e-03,-7.838710307380800657e-01,1.230143623861283064e+00,-2.617954204062704071e-01,4.730822104893662505e+00
3.835747020732214185e-01,8.204400370207109994e-01,3.128093622656399203e-02,5.902002327583464637e-03,-7.838710307380800657e-01,1.230143623861283064e+00,-2.617954204062704071e-01,4.731963082339197157e+00
3.835747020732214185e-01,8.204400370207109994e-01,3.128093622656399203e-02,5.902002327583464637e-03,-7.838710307380800657e-01,1.230143623861283064e+00,-2.617954204062704071e-01,4.734245037230266462e+00
3.835747020732214185e-01,8.204400370207109994e-01,3.128093622656399203e-02,5.902002327583464637e-03,-7.838710307380800657e-01,1.230143623861283064e+00,-2.617954204062704071e-01,4.734815525953034232e+00
3.835747020732214185e-01,8.204400370207109994e-01,3.128093622656399203e-02,5.902002327583464637e-03,-7.838710307380800657e-01,1.230143623861283064e+00,-2.617954204062704071e-01,4.736514314594163721e+00
3.835747020732214185e-01,8.204400370207109994e-01,3.128093622656399203e-02,5.902002327583464637e-03,-7.838710307380800657e-01,1.230143623861283064e+00,-2.617954204062704071e-01,4.737084803316930604e+00
3.835747020732214185e-01,8.204400370207109994e-01,3.128093622656399203e-02,5.902002327583464637e-03,-7.838710307380800657e-01,1.230143623861283064e+00,-2.617954204062704071e-01,4.738796269485233026e+00
3.835747020732214185e-01,8.204400370207109994e-01,3.128093622656399203e-02,5.902002327583464637e-03,-7.838710307380800657e-01,1.230143623861283064e+00,-2.617954204062704071e-01,4.739366758208000796e+00
3.835747020732214185e-01,8.204400370207109994e-01,3.128093622656399203e-02,5.902002327583464637e-03,-7.838710307380800657e-01,1.230143623861283064e+00,-2.617954204062704071e-01,4.741648713099070100e+00
3.835747020732214185e-01,8.204400370207109994e-01,3.128093622656399203e-02,5.902002327583464637e-03,-7.838710307380800657e-01,1.230143623861283064e+00,-2.617954204062704071e-01,4.742789690544604753e+00
3.835747020732214185e-01,8.204400370207109994e-01,3.128093622656399203e-02,5.902002327583464637e-03,-7.838710307380800657e-01,1.230143623861283064e+00,-2.617954204062704071e-01,4.745071645435674057e+00
3.835747020732214185e-01,8.204400370207109994e-01,3.128093622656399203e-02,5.902002327583464637e-03,-7.838710307380800657e-01,1.230143623861283064e+00,-2.617954204062704071e-01,4.745642134158441827e+00
3.835747020732214185e-01,8.204400370207109994e-01,3.128093622656399203e-02,5.902002327583464637e-03,-7.838710307380800657e-01,1.230143623861283064e+00,-2.617954204062704071e-01,4.747340922799571317e+00
3.835747020732214185e-01,8.204400370207109994e-01,3.128093622656399203e-02,5.902002327583464637e-03,-7.838710307380800657e-01,1.230143623861283064e+00,-2.617954204062704071e-01,4.747911411522339087e+00
3.835747020732214185e-01,8.204400370207109994e-01,3.128093622656399203e-02,5.902002327583464637e-03,-7.838710307380800657e-01,1.230143623861283064e+00,-2.617954204062704071e-01,4.750193366413408391e+00
3.835747020732214185e-01,8.204400370207109994e-01,3.128093622656399203e-02,5.902002327583464637e-03,-7.838710307380800657e-01,1.230143623861283064e+00,-2.617954204062704071e-01,4.750763855136175273e+00
3.835747020732214185e-01,8.204400370207109994e-01,3.128093622656399203e-02,5.902002327583464637e-03,-7.838710307380800657e-01,1.230143623861283064e+00,-2.617954204062704071e-01,4.753045810027245466e+00
3.835747020732214185e-01,8.204400370207109994e-01,3.128093622656399203e-02,5.919996237118779758e-03,-7.838710307380800657e-01,1.230143623861283064e+00,-2.617954204062704071e-01,4.753616298750012348e+00
3.835747020732214185e-01,8.204400370207109994e-01,3.128093622656399203e-02,5.902002327583464637e-03,-7.838710307380800657e-01,1.230143623861283064e+00,-2.617954204062704071e-01,4.755327764918314770e+00
3.835747020732214185e-01,8.204400370207109994e-01,3.128093622656399203e-02,5.902002327583464637e-03,-7.838710307380800657e-01,1.230143623861283064e+00,-2.617954204062704071e-01,4.755898253641082540e+00
3.835747020732214185e-01,8.204400370207109994e-01,3.128093622656399203e-02,5.902002327583464637e-03,-7.838710307380800657e-01,1.230143623861283064e+00,-2.617954204062704071e-01,4.758167531004978912e+00
3.835747020732214185e-01,8.204400370207109994e-01,3.128093622656399203e-02,5.902002327583464637e-03,-7.838710307380800657e-01,1.230143623861283064e+00,-2.617954204062704071e-01,4.758738019727746682e+00
3.835747020732214185e-01,8.204400370207109994e-01,3.128093622656399203e-02,5.902002327583464637e-03,-7.838710307380800657e-01,1.230143623861283064e+00,-2.617954204062704071e-01,4.760449485896048216e+00
3.835747020732214185e-01,8.204400370207109994e-01,3.128093622656399203e-02,5.902002327583464637e-03,-7.838710307380800657e-01,1.230143623861283064e+00,-2.617954204062704071e-01,4.762160952064350639e+00
3.835747020732214185e-01,8.204400370207109994e-01,3.128093622656399203e-02,5.902002327583464637e-03,-7.838710307380800657e-01,1.230143623861283064e+00,-2.617954204062704071e-01,4.763872418232653061e+00
3.835747020732214185e-01,8.204400370207109994e-01,3.128093622656399203e-02,5.919996237118779758e-03,-7.838710307380800657e-01,1.230143623861283064e+00,-2.617954204062704071e-01,4.764442906955419943e+00
3.835747020732214185e-01,8.204400370207109994e-01,3.128093622656399203e-02,5.902002327583464637e-03,-7.838710307380800657e-01,1.230143623861283064e+00,-2.617954204062704071e-01,4.766154373123722365e+00
3.835747020732214185e-01,8.204400370207109994e-01,3.128093622656399203e-02,5.902002327583464637e-03,-7.838710307380800657e-01,1.230143623861283064e+00,-2.617954204062704071e-01,4.766712184319317203e+00
3.835747020732214185e-01,8.204400370207109994e-01,3.128093622656399203e-02,5.902002327583464637e-03,-7.838710307380800657e-01,1.230143623861283064e+00,-2.617954204062704071e-01,4.768994139210386507e+00
3.835747020732214185e-01,8.204400370207109994e-01,3.128093622656399203e-02,5.902002327583464637e-03,-7.838710307380800657e-01,1.230143623861283064e+00,-2.617954204062704071e-01,4.769564627933154277e+00
3.835747020732214185e-01,8.204400370207109994e-01,3.128093622656399203e-02,5.902002327583464637e-03,-7.838710307380800657e-01,1.230143623861283064e+00,-2.617954204062704071e-01,4.771846582824223582e+00
3.835747020732214185e-01,8.204400370207109994e-01,3.128093622656399203e-02,5.919996237118779758e-03,-7.838710307380800657e-01,1.230143623861283064e+00,-2.617954204062704071e-01,4.773558048992526004e+00
3.835747020732214185e-01,8.204400370207109994e-01,3.128093622656399203e-02,5.902002327583464637e-03,-7.838710307380800657e-01,1.230143623861283064e+00,-2.617954204062704071e-01,4.774686348910887723e+00
3.835747020732214185e-01,8.204400370207109994e-01,3.128093622656399203e-02,5.902002327583464637e-03,-7.838710307380800657e-01,1.230143623861283064e+00,-2.617954204062704071e-01,4.775827326356423264e+00
3.835747020732214185e-01,8.204400370207109994e-01,3.128093622656399203e-02,5.902002327583464637e-03,-7.838710307380800657e-01,1.230143623861283064e+00,-2.617954204062704071e-01,4.777538792524724798e+00
3.835747020732214185e-01,8.204400370207109994e-01,3.128093622656399203e-02,5.902002327583464637e-03,-7.838710307380800657e-01,1.230143623861283064e+00,-2.617954204062704071e-01,4.778679769970259450e+00
3.835747020732214185e-01,8.204400370207109994e-01,3.128093622656399203e-02,5.902002327583464637e-03,-7.838710307380800657e-01,1.230143623861283064e+00,-2.617954204062704071e-01,4.780961724861329643e+00
3.835747020732214185e-01,8.204400370207109994e-01,3.128093622656399203e-02,5.902002327583464637e-03,-7.838710307380800657e-01,1.230143623861283064e+00,-2.617954204062704071e-01,4.781532213584096525e+00
3.835747020732214185e-01,8.204400370207109994e-01,3.128093622656399203e-02,5.902002327583464637e-03,-7.838710307380800657e-01,1.230143623861283064e+00,-2.617954204062704071e-01,4.783243679752398947e+00
3.835747020732214185e-01,8.204400370207109994e-01,3.128093622656399203e-02,5.902002327583464637e-03,-7.838710307380800657e-01,1.230143623861283064e+00,-2.617954204062704071e-01,4.785512957116296207e+00
3.835747020732214185e-01,8.204400370207109994e-01,3.128093622656399203e-02,5.902002327583464637e-03,-7.838710307380800657e-01,1.230143623861283064e+00,-2.617954204062704071e-01,4.786083445839063089e+00
3.835747020732214185e-01,8.204400370207109994e-01,3.128093622656399203e-02,5.902002327583464637e-03,-7.838710307380800657e-01,1.230143623861283064e+00,-2.617954204062704071e-01,4.788365400730132393e+00
3.835747020732214185e-01,8.204400370207109994e-01,3.128093622656399203e-02,5.919996237118779758e-03,-7.838710307380800657e-01,1.230143623861283064e+00,-2.617954204062704071e-01,4.789506378175667933e+00
3.835747020732214185e-01,8.204400370207109994e-01,3.128093622656399203e-02,5.902002327583464637e-03,-7.838710307380800657e-01,1.230143623861283064e+00,-2.617954204062704071e-01,4.791205166816797423e+00
3.835747020732214185e-01,8.204400370207109994e-01,3.128093622656399203e-02,5.902002327583464637e-03,-7.838710307380800657e-01,1.230143623861283064e+00,-2.617954204062704071e-01,4.792358821789504120e+00
3.835747020732214185e-01,8.204400370207109994e-01,3.128093622656399203e-02,5.919996237118779758e-03,-7.838710307380800657e-01,1.230143623861283064e+00,-2.617954204062704071e-01,4.794628099153401379e+00
3.835747020732214185e-01,8.204400370207109994e-01,3.128093622656399203e-02,5.902002327583464637e-03,-7.838710307380800657e-01,1.230143623861283064e+00,-2.617954204062704071e-01,4.795769076598936032e+00
3.835747020732214185e-01,8.204400370207109994e-01,3.128093622656399203e-02,5.902002327583464637e-03,-7.838710307380800657e-01,1.230143623861283064e+00,-2.617954204062704071e-01,4.798051031490005336e+00
3.835747020732214185e-01,8.204400370207109994e-01,3.128093622656399203e-02,5.902002327583464637e-03,-7.838710307380800657e-01,1.230143623861283064e+00,-2.617954204062704071e-01,4.798621520212773106e+00
3.835747020732214185e-01,8.204400370207109994e-01,3.128093622656399203e-02,5.902002327583464637e-03,-7.838710307380800657e-01,1.230143623861283064e+00,-2.617954204062704071e-01,4.800320308853902596e+00
3.835747020732214185e-01,8.204400370207109994e-01,3.128093622656399203e-02,5.902002327583464637e-03,-7.838710307380800657e-01,1.230143623861283064e+00,-2.617954204062704071e-01,4.800890797576670366e+00
3.835747020732214185e-01,8.204400370207109994e-01,3.128093622656399203e-02,5.902002327583464637e-03,-7.838710307380800657e-01,1.230143623861283064e+00,-2.617954204062704071e-01,4.803172752467739670e+00
3.835747020732214185e-01,8.204400370207109994e-01,3.128093622656399203e-02,5.902002327583464637e-03,-7.838710307380800657e-01,1.230143623861283064e+00,-2.617954204062704071e-01,4.803743241190507440e+00
3.835747020732214185e-01,8.204400370207109994e-01,3.128093622656399203e-02,5.902002327583464637e-03,-7.838710307380800657e-01,1.230143623861283064e+00,-2.617954204062704071e-01,4.806595684804343627e+00
3.835747020732214185e-01,8.204400370207109994e-01,3.128093622656399203e-02,5.902002327583464637e-03,-7.838710307380800657e-01,1.230143623861283064e+00,-2.617954204062704071e-01,4.807166173527111397e+00
3.835747020732214185e-01,8.204400370207109994e-01,3.128093622656399203e-02,5.902002327583464637e-03,-7.838710307380800657e-01,1.230143623861283064e+00,-2.617954204062704071e-01,4.808877639695413819e+00
3.835747020732214185e-01,8.204400370207109994e-01,3.128093622656399203e-02,5.902002327583464637e-03,-7.838710307380800657e-01,1.230143623861283064e+00,-2.617954204062704071e-01,4.809435450891008657e+00
3.835747020732214185e-01,8.204400370207109994e-01,3.128093622656399203e-02,5.902002327583464637e-03,-7.838710307380800657e-01,1.230143623861283064e+00,-2.617954204062704071e-01,4.811146917059310191e+00
3.835747020732214185e-01,8.204400370207109994e-01,3.128093622656399203e-02,5.902002327583464637e-03,-7.838710307380800657e-01,1.230143623861283064e+00,-2.617954204062704071e-01,4.811717405782077961e+00
3.835747020732214185e-01,8.204400370207109994e-01,3.128093622656399203e-02,5.902002327583464637e-03,-7.838710307380800657e-01,1.230143623861283064e+00,-2.617954204062704071e-01,4.813999360673147265e+00
3.835747020732214185e-01,8.204400370207109994e-01,3.128093622656399203e-02,5.902002327583464637e-03,-7.838710307380800657e-01,1.230143623861283064e+00,-2.617954204062704071e-01,4.814569849395915035e+00
3.835747020732214185e-01,8.204400370207109994e-01,3.128093622656399203e-02,5.902002327583464637e-03,-7.838710307380800657e-01,1.230143623861283064e+00,-2.617954204062704071e-01,4.816281315564216570e+00
3.835747020732214185e-01,8.204400370207109994e-01,3.128093622656399203e-02,5.902002327583464637e-03,-7.838710307380800657e-01,1.230143623861283064e+00,-2.617954204062704071e-01,4.817422293009752110e+00
3.835747020732214185e-01,8.204400370207109994e-01,3.128093622656399203e-02,5.902002327583464637e-03,-7.838710307380800657e-01,1.230143623861283064e+00,-2.617954204062704071e-01,4.819121081650881600e+00
3.835747020732214185e-01,8.204400370207109994e-01,3.128093622656399203e-02,5.902002327583464637e-03,-7.838710307380800657e-01,1.230143623861283064e+00,-2.617954204062704071e-01,4.819691570373648482e+00
3.835747020732214185e-01,8.204400370207109994e-01,3.128093622656399203e-02,5.902002327583464637e-03,-7.838710307380800657e-01,1.230143623861283064e+00,-2.617954204062704071e-01,4.821973525264717786e+00
3.835747020732214185e-01,8.204400370207109994e-01,3.128093622656399203e-02,5.902002327583464637e-03,-7.838710307380800657e-01,1.230143623861283064e+00,-2.617954204062704071e-01,4.822544013987485556e+00
3.835747020732214185e-01,8.204400370207109994e-01,3.128093622656399203e-02,5.902002327583464637e-03,-7.838710307380800657e-01,1.230143623861283064e+00,-2.617954204062704071e-01,4.824825968878554860e+00
3.835747020732214185e-01,8.204400370207109994e-01,3.128093622656399203e-02,5.902002327583464637e-03,-7.838710307380800657e-01,1.230143623861283064e+00,-2.617954204062704071e-01,4.825396457601322631e+00
3.835747020732214185e-01,8.204400370207109994e-01,3.128093622656399203e-02,5.902002327583464637e-03,-7.838710307380800657e-01,1.230143623861283064e+00,-2.617954204062704071e-01,4.827107923769625053e+00
3.835747020732214185e-01,8.204400370207109994e-01,3.128093622656399203e-02,5.902002327583464637e-03,-7.838710307380800657e-01,1.230143623861283064e+00,-2.617954204062704071e-01,4.827678412492391935e+00
3.835747020732214185e-01,8.204400370207109994e-01,3.128093622656399203e-02,5.902002327583464637e-03,-7.838710307380800657e-01,1.230143623861283064e+00,-2.617954204062704071e-01,4.829947689856289195e+00
3.835747020732214185e-01,8.204400370207109994e-01,3.128093622656399203e-02,5.902002327583464637e-03,-7.838710307380800657e-01,1.230143623861283064e+00,-2.617954204062704071e-01,4.830518178579056077e+00
3.835747020732214185e-01,8.204400370207109994e-01,3.128093622656399203e-02,5.902002327583464637e-03,-7.838710307380800657e-01,1.230143623861283064e+00,-2.617954204062704071e-01,4.832800133470126269e+00
3.835747020732214185e-01,8.204400370207109994e-01,3.128093622656399203e-02,5.902002327583464637e-03,-7.838710307380800657e-01,1.230143623861283064e+00,-2.617954204062704071e-01,4.833370622192893151e+00
3.835747020732214185e-01,8.204400370207109994e-01,3.128093622656399203e-02,5.902002327583464637e-03,-7.838710307380800657e-01,1.230143623861283064e+00,-2.617954204062704071e-01,4.834511599638427803e+00
3.835747020732214185e-01,8.204400370207109994e-01,3.128093622656399203e-02,5.902002327583464637e-03,-7.838710307380800657e-01,1.230143623861283064e+00,-2.617954204062704071e-01,4.836223065806730226e+00
3.835747020732214185e-01,8.204400370207109994e-01,3.128093622656399203e-02,5.902002327583464637e-03,-7.838710307380800657e-01,1.230143623861283064e+00,-2.617954204062704071e-01,4.836793554529497996e+00
3.835747020732214185e-01,8.204400370207109994e-01,3.128093622656399203e-02,5.902002327583464637e-03,-7.838710307380800657e-01,1.230143623861283064e+00,-2.617954204062704071e-01,4.839645998143334182e+00
3.835747020732214185e-01,8.204400370207109994e-01,3.128093622656399203e-02,5.902002327583464637e-03,-7.838710307380800657e-01,1.230143623861283064e+00,-2.617954204062704071e-01,4.840216486866101953e+00
3.835747020732214185e-01,8.204400370207109994e-01,3.128093622656399203e-02,5.902002327583464637e-03,-7.838710307380800657e-01,1.230143623861283064e+00,-2.617954204062704071e-01,4.842485764229999212e+00
3.835747020732214185e-01,8.204400370207109994e-01,3.128093622656399203e-02,5.902002327583464637e-03,-7.838710307380800657e-01,1.230143623861283064e+00,-2.617954204062704071e-01,4.843056252952766094e+00
3.835747020732214185e-01,8.204400370207109994e-01,3.128093622656399203e-02,5.902002327583464637e-03,-7.838710307380800657e-01,1.230143623861283064e+00,-2.617954204062704071e-01,4.844780396648241449e+00
3.835747020732214185e-01,8.204400370207109994e-01,3.128093622656399203e-02,5.902002327583464637e-03,-7.838710307380800657e-01,1.230143623861283064e+00,-2.617954204062704071e-01,4.845908696566603169e+00
3.835747020732214185e-01,8.204400370207109994e-01,3.128093622656399203e-02,5.902002327583464637e-03,-7.838710307380800657e-01,1.230143623861283064e+00,-2.617954204062704071e-01,4.847620162734905591e+00
3.835747020732214185e-01,8.204400370207109994e-01,3.128093622656399203e-02,5.902002327583464637e-03,-7.838710307380800657e-01,1.230143623861283064e+00,-2.617954204062704071e-01,4.848190651457672473e+00
3.835747020732214185e-01,8.204400370207109994e-01,3.128093622656399203e-02,5.902002327583464637e-03,-7.838710307380800657e-01,1.230143623861283064e+00,-2.617954204062704071e-01,4.850472606348742666e+00
3.835747020732214185e-01,8.204400370207109994e-01,3.128093622656399203e-02,5.902002327583464637e-03,-7.838710307380800657e-01,1.230143623861283064e+00,-2.617954204062704071e-01,4.851030417544337503e+00
3.835747020732214185e-01,8.204400370207109994e-01,3.128093622656399203e-02,5.902002327583464637e-03,-7.838710307380800657e-01,1.230143623861283064e+00,-2.617954204062704071e-01,4.852171394989872155e+00
3.835747020732214185e-01,8.204400370207109994e-01,3.128093622656399203e-02,5.902002327583464637e-03,-7.838710307380800657e-01,1.230143623861283064e+00,-2.617954204062704071e-01,4.853882861158173689e+00
3.835747020732214185e-01,8.204400370207109994e-01,3.128093622656399203e-02,5.902002327583464637e-03,-7.838710307380800657e-01,1.230143623861283064e+00,-2.617954204062704071e-01,4.854453349880941460e+00
3.835747020732214185e-01,8.204400370207109994e-01,3.128093622656399203e-02,5.902002327583464637e-03,-7.838710307380800657e-01,1.230143623861283064e+00,-2.617954204062704071e-01,4.856735304772010764e+00
3.835747020732214185e-01,8.204400370207109994e-01,3.128093622656399203e-02,5.902002327583464637e-03,-7.838710307380800657e-01,1.230143623861283064e+00,-2.617954204062704071e-01,4.857305793494778534e+00
3.835747020732214185e-01,8.204400370207109994e-01,3.128093622656399203e-02,5.902002327583464637e-03,-7.838710307380800657e-01,1.230143623861283064e+00,-2.617954204062704071e-01,4.859017259663080956e+00
3.835747020732214185e-01,8.204400370207109994e-01,3.128093622656399203e-02,5.902002327583464637e-03,-7.838710307380800657e-01,1.230143623861283064e+00,-2.617954204062704071e-01,4.859575070858674906e+00
3.835747020732214185e-01,8.204400370207109994e-01,3.128093622656399203e-02,5.902002327583464637e-03,-7.838710307380800657e-01,1.230143623861283064e+00,-2.617954204062704071e-01,4.861857025749745098e+00
3.835747020732214185e-01,8.204400370207109994e-01,3.128093622656399203e-02,5.902002327583464637e-03,-7.838710307380800657e-01,1.230143623861283064e+00,-2.617954204062704071e-01,4.862427514472511980e+00
3.835747020732214185e-01,8.204400370207109994e-01,3.128093622656399203e-02,5.902002327583464637e-03,-7.838710307380800657e-01,1.230143623861283064e+00,-2.617954204062704071e-01,4.864709469363582173e+00
3.835747020732214185e-01,8.204400370207109994e-01,3.128093622656399203e-02,5.902002327583464637e-03,-7.838710307380800657e-01,1.230143623861283064e+00,-2.617954204062704071e-01,4.865279958086349055e+00
3.835747020732214185e-01,8.204400370207109994e-01,3.128093622656399203e-02,5.902002327583464637e-03,-7.838710307380800657e-01,1.230143623861283064e+00,-2.617954204062704071e-01,4.866991424254651477e+00
3.835747020732214185e-01,8.204400370207109994e-01,3.128093622656399203e-02,5.902002327583464637e-03,-7.838710307380800657e-01,1.230143623861283064e+00,-2.617954204062704071e-01,4.867561912977418359e+00
3.835747020732214185e-01,8.204400370207109994e-01,3.128093622656399203e-02,5.902002327583464637e-03,-7.838710307380800657e-01,1.230143623861283064e+00,-2.617954204062704071e-01,4.869831190341315619e+00
3.835747020732214185e-01,8.204400370207109994e-01,3.128093622656399203e-02,5.902002327583464637e-03,-7.838710307380800657e-01,1.230143623861283064e+00,-2.617954204062704071e-01,4.870401679064083389e+00
3.835747020732214185e-01,8.204400370207109994e-01,3.128093622656399203e-02,5.902002327583464637e-03,-7.838710307380800657e-01,1.230143623861283064e+00,-2.617954204062704071e-01,4.872113145232384923e+00
3.835747020732214185e-01,8.204400370207109994e-01,3.128093622656399203e-02,5.902002327583464637e-03,-7.838710307380800657e-01,1.230143623861283064e+00,-2.617954204062704071e-01,4.872683633955152693e+00
3.835747020732214185e-01,8.204400370207109994e-01,3.128093622656399203e-02,5.902002327583464637e-03,-7.838710307380800657e-01,1.230143623861283064e+00,-2.617954204062704071e-01,4.874965588846221998e+00
3.835747020732214185e-01,8.204400370207109994e-01,3.128093622656399203e-02,5.902002327583464637e-03,-7.838710307380800657e-01,1.230143623861283064e+00,-2.617954204062704071e-01,4.875536077568989768e+00
3.835747020732214185e-01,8.204400370207109994e-01,3.128093622656399203e-02,5.902002327583464637e-03,-7.838710307380800657e-01,1.230143623861283064e+00,-2.617954204062704071e-01,4.877805354932886139e+00
3.835747020732214185e-01,8.204400370207109994e-01,3.128093622656399203e-02,5.902002327583464637e-03,-7.838710307380800657e-01,1.230143623861283064e+00,-2.617954204062704071e-01,4.878946332378421680e+00
3.835747020732214185e-01,8.204400370207109994e-01,3.128093622656399203e-02,5.902002327583464637e-03,-7.838710307380800657e-01,1.230143623861283064e+00,-2.617954204062704071e-01,4.879516821101188562e+00
3.835747020732214185e-01,8.204400370207109994e-01,3.128093622656399203e-02,5.902002327583464637e-03,-7.838710307380800657e-01,1.230143623861283064e+00,-2.617954204062704071e-01,4.881228287269490984e+00
3.835747020732214185e-01,8.204400370207109994e-01,3.128093622656399203e-02,5.902002327583464637e-03,-7.838710307380800657e-01,1.230143623861283064e+00,-2.617954204062704071e-01,4.881798775992257866e+00
3.835747020732214185e-01,8.204400370207109994e-01,3.128093622656399203e-02,5.902002327583464637e-03,-7.838710307380800657e-01,1.230143623861283064e+00,-2.617954204062704071e-01,4.884638542078922896e+00
3.835747020732214185e-01,8.204400370207109994e-01,3.128093622656399203e-02,5.902002327583464637e-03,-7.838710307380800657e-01,1.230143623861283064e+00,-2.617954204062704071e-01,4.885221708328862711e+00
3.835747020732214185e-01,8.204400370207109994e-01,3.128093622656399203e-02,5.902002327583464637e-03,-7.838710307380800657e-01,1.230143623861283064e+00,-2.617954204062704071e-01,4.886933174497164245e+00
3.835747020732214185e-01,8.204400370207109994e-01,3.128093622656399203e-02,5.902002327583464637e-03,-7.838710307380800657e-01,1.230143623861283064e+00,-2.617954204062704071e-01,4.887503663219932015e+00
3.835747020732214185e-01,8.204400370207109994e-01,3.128093622656399203e-02,5.902002327583464637e-03,-7.838710307380800657e-01,1.230143623861283064e+00,-2.617954204062704071e-01,4.889772940583829275e+00
3.835747020732214185e-01,8.204400370207109994e-01,3.128093622656399203e-02,5.902002327583464637e-03,-7.838710307380800657e-01,1.230143623861283064e+00,-2.617954204062704071e-01,4.890343429306596157e+00
3.835747020732214185e-01,8.204400370207109994e-01,3.128093622656399203e-02,5.902002327583464637e-03,-7.838710307380800657e-01,1.230143623861283064e+00,-2.617954204062704071e-01,4.892625384197666349e+00
3.835747020732214185e-01,8.204400370207109994e-01,3.128093622656399203e-02,5.902002327583464637e-03,-7.838710307380800657e-01,1.230143623861283064e+00,-2.617954204062704071e-01,4.893195872920433231e+00
3.835747020732214185e-01,8.204400370207109994e-01,3.128093622656399203e-02,5.902002327583464637e-03,-7.838710307380800657e-01,1.230143623861283064e+00,-2.617954204062704071e-01,4.894907339088735654e+00
3.835747020732214185e-01,8.204400370207109994e-01,3.128093622656399203e-02,5.902002327583464637e-03,-7.838710307380800657e-01,1.230143623861283064e+00,-2.617954204062704071e-01,4.895477827811502536e+00
3.835747020732214185e-01,8.204400370207109994e-01,3.128093622656399203e-02,5.902002327583464637e-03,-7.838710307380800657e-01,1.230143623861283064e+00,-2.617954204062704071e-01,4.897759782702572728e+00
3.835747020732214185e-01,8.204400370207109994e-01,3.128093622656399203e-02,5.902002327583464637e-03,-7.838710307380800657e-01,1.230143623861283064e+00,-2.617954204062704071e-01,4.898330271425339610e+00
3.835747020732214185e-01,8.204400370207109994e-01,3.128093622656399203e-02,5.902002327583464637e-03,-7.838710307380800657e-01,1.230143623861283064e+00,-2.617954204062704071e-01,4.900029060066469100e+00
3.835747020732214185e-01,8.204400370207109994e-01,3.128093622656399203e-02,5.902002327583464637e-03,-7.838710307380800657e-01,1.230143623861283064e+00,-2.617954204062704071e-01,4.900599548789236870e+00
3.835747020732214185e-01,8.204400370207109994e-01,3.128093622656399203e-02,5.902002327583464637e-03,-7.838710307380800657e-01,1.230143623861283064e+00,-2.617954204062704071e-01,4.902881503680306174e+00
3.835747020732214185e-01,8.204400370207109994e-01,3.128093622656399203e-02,5.902002327583464637e-03,-7.838710307380800657e-01,1.230143623861283064e+00,-2.617954204062704071e-01,4.903451992403073945e+00
3.835747020732214185e-01,8.204400370207109994e-01,3.128093622656399203e-02,5.902002327583464637e-03,-7.838710307380800657e-01,1.230143623861283064e+00,-2.617954204062704071e-01,4.905163458571375479e+00
3.835747020732214185e-01,8.204400370207109994e-01,3.128093622656399203e-02,5.902002327583464637e-03,-7.838710307380800657e-01,1.230143623861283064e+00,-2.617954204062704071e-01,4.906304436016911019e+00
3.835747020732214185e-01,8.204400370207109994e-01,3.128093622656399203e-02,5.902002327583464637e-03,-7.838710307380800657e-01,1.230143623861283064e+00,-2.617954204062704071e-01,4.908015902185212553e+00
3.835747020732214185e-01,8.204400370207109994e-01,3.128093622656399203e-02,5.902002327583464637e-03,-7.838710307380800657e-01,1.230143623861283064e+00,-2.617954204062704071e-01,4.908573713380807391e+00
3.835747020732214185e-01,8.204400370207109994e-01,3.128093622656399203e-02,5.902002327583464637e-03,-7.838710307380800657e-01,1.230143623861283064e+00,-2.617954204062704071e-01,4.910855668271876695e+00
3.835747020732214185e-01,8.204400370207109994e-01,3.128093622656399203e-02,5.902002327583464637e-03,-7.838710307380800657e-01,1.230143623861283064e+00,-2.617954204062704071e-01,4.911426156994644465e+00
3.835747020732214185e-01,8.204400370207109994e-01,3.128093622656399203e-02,5.902002327583464637e-03,-7.838710307380800657e-01,1.230143623861283064e+00,-2.617954204062704071e-01,4.913137623162946888e+00
3.835747020732214185e-01,8.204400370207109994e-01,3.128093622656399203e-02,5.902002327583464637e-03,-7.838710307380800657e-01,1.230143623861283064e+00,-2.617954204062704071e-01,4.914278600608481540e+00
3.835747020732214185e-01,8.204400370207109994e-01,3.128093622656399203e-02,5.902002327583464637e-03,-7.838710307380800657e-01,1.230143623861283064e+00,-2.617954204062704071e-01,4.915990066776783962e+00
3.835747020732214185e-01,8.204400370207109994e-01,3.128093622656399203e-02,5.902002327583464637e-03,-7.838710307380800657e-01,1.230143623861283064e+00,-2.617954204062704071e-01,4.917131044222318614e+00
3.835747020732214185e-01,8.204400370207109994e-01,3.128093622656399203e-02,5.902002327583464637e-03,-7.838710307380800657e-01,1.230143623861283064e+00,-2.617954204062704071e-01,4.919412999113387919e+00
3.835747020732214185e-01,8.204400370207109994e-01,3.128093622656399203e-02,5.902002327583464637e-03,-7.838710307380800657e-01,1.230143623861283064e+00,-2.617954204062704071e-01,4.919970810308982756e+00
3.835747020732214185e-01,8.204400370207109994e-01,3.128093622656399203e-02,5.902002327583464637e-03,-7.838710307380800657e-01,1.230143623861283064e+00,-2.617954204062704071e-01,4.921682276477285178e+00
3.835747020732214185e-01,8.204400370207109994e-01,3.128093622656399203e-02,5.902002327583464637e-03,-7.838710307380800657e-01,1.230143623861283064e+00,-2.617954204062704071e-01,4.922252765200052060e+00
3.835747020732214185e-01,8.204400370207109994e-01,3.128093622656399203e-02,5.902002327583464637e-03,-7.838710307380800657e-01,1.230143623861283064e+00,-2.617954204062704071e-01,4.924534720091121365e+00
3.835747020732214185e-01,8.204400370207109994e-01,3.128093622656399203e-02,5.919996237118779758e-03,-7.838710307380800657e-01,1.230143623861283064e+00,-2.617954204062704071e-01,4.925675697536656905e+00
3.835747020732214185e-01,8.204400370207109994e-01,3.128093622656399203e-02,5.902002327583464637e-03,-7.838710307380800657e-01,1.230143623861283064e+00,-2.617954204062704071e-01,4.927387163704958439e+00
3.835747020732214185e-01,8.204400370207109994e-01,3.128093622656399203e-02,5.902002327583464637e-03,-7.838710307380800657e-01,1.230143623861283064e+00,-2.617954204062704071e-01,4.927957652427726210e+00
3.835747020732214185e-01,8.204400370207109994e-01,3.128093622656399203e-02,5.902002327583464637e-03,-7.838710307380800657e-01,1.230143623861283064e+00,-2.617954204062704071e-01,4.929656441068855699e+00
3.835747020732214185e-01,8.204400370207109994e-01,3.128093622656399203e-02,5.902002327583464637e-03,-7.838710307380800657e-01,1.230143623861283064e+00,-2.617954204062704071e-01,4.930226929791623469e+00
3.835747020732214185e-01,8.204400370207109994e-01,3.128093622656399203e-02,5.902002327583464637e-03,-7.838710307380800657e-01,1.230143623861283064e+00,-2.617954204062704071e-01,4.931938395959925003e+00
3.835747020732214185e-01,8.204400370207109994e-01,3.128093622656399203e-02,5.919996237118779758e-03,-7.838710307380800657e-01,1.230143623861283064e+00,-2.617954204062704071e-01,4.933079373405459656e+00
3.835747020732214185e-01,8.204400370207109994e-01,3.128093622656399203e-02,5.902002327583464637e-03,-7.838710307380800657e-01,1.230143623861283064e+00,-2.617954204062704071e-01,4.934778162046589145e+00
3.835747020732214185e-01,8.204400370207109994e-01,3.128093622656399203e-02,5.902002327583464637e-03,-7.838710307380800657e-01,1.230143623861283064e+00,-2.617954204062704071e-01,4.935348650769356915e+00
3.835747020732214185e-01,8.204400370207109994e-01,3.128093622656399203e-02,5.902002327583464637e-03,-7.838710307380800657e-01,1.230143623861283064e+00,-2.617954204062704071e-01,4.937630605660426220e+00
3.835747020732214185e-01,8.204400370207109994e-01,3.128093622656399203e-02,5.902002327583464637e-03,-7.838710307380800657e-01,1.230143623861283064e+00,-2.617954204062704071e-01,4.938201094383193990e+00
3.835747020732214185e-01,8.204400370207109994e-01,3.128093622656399203e-02,5.902002327583464637e-03,-7.838710307380800657e-01,1.230143623861283064e+00,-2.617954204062704071e-01,4.940483049274263294e+00
3.835747020732214185e-01,8.204400370207109994e-01,3.128093622656399203e-02,5.902002327583464637e-03,-7.838710307380800657e-01,1.230143623861283064e+00,-2.617954204062704071e-01,4.941053537997031064e+00
3.835747020732214185e-01,8.204400370207109994e-01,3.128093622656399203e-02,5.902002327583464637e-03,-7.838710307380800657e-01,1.230143623861283064e+00,-2.617954204062704071e-01,4.942765004165332599e+00
3.835747020732214185e-01,8.204400370207109994e-01,3.128093622656399203e-02,5.902002327583464637e-03,-7.838710307380800657e-01,1.230143623861283064e+00,-2.617954204062704071e-01,4.943335492888100369e+00
3.835747020732214185e-01,8.204400370207109994e-01,3.128093622656399203e-02,5.902002327583464637e-03,-7.838710307380800657e-01,1.230143623861283064e+00,-2.617954204062704071e-01,4.945604770251997628e+00
3.835747020732214185e-01,8.204400370207109994e-01,3.128093622656399203e-02,5.902002327583464637e-03,-7.838710307380800657e-01,1.230143623861283064e+00,-2.617954204062704071e-01,4.946175258974764510e+00
3.835747020732214185e-01,8.204400370207109994e-01,3.128093622656399203e-02,5.902002327583464637e-03,-7.838710307380800657e-01,1.230143623861283064e+00,-2.617954204062704071e-01,4.947886725143066933e+00
3.835747020732214185e-01,8.204400370207109994e-01,3.128093622656399203e-02,5.902002327583464637e-03,-7.838710307380800657e-01,1.230143623861283064e+00,-2.617954204062704071e-01,4.948457213865833815e+00
3.835747020732214185e-01,8.204400370207109994e-01,3.128093622656399203e-02,5.902002327583464637e-03,-7.838710307380800657e-01,1.230143623861283064e+00,-2.617954204062704071e-01,4.950739168756904007e+00
3.835747020732214185e-01,8.204400370207109994e-01,3.128093622656399203e-02,5.902002327583464637e-03,-7.838710307380800657e-01,1.230143623861283064e+00,-2.617954204062704071e-01,4.951309657479670889e+00
3.835747020732214185e-01,8.204400370207109994e-01,3.128093622656399203e-02,5.902002327583464637e-03,-7.838710307380800657e-01,1.230143623861283064e+00,-2.617954204062704071e-01,4.953021123647973312e+00
3.835747020732214185e-01,8.204400370207109994e-01,3.128093622656399203e-02,5.902002327583464637e-03,-7.838710307380800657e-01,1.230143623861283064e+00,-2.617954204062704071e-01,4.953591612370741082e+00
3.835747020732214185e-01,8.204400370207109994e-01,3.128093622656399203e-02,5.902002327583464637e-03,-7.838710307380800657e-01,1.230143623861283064e+00,-2.617954204062704071e-01,4.955860889734637453e+00
3.835747020732214185e-01,8.204400370207109994e-01,3.128093622656399203e-02,5.902002327583464637e-03,-7.838710307380800657e-01,1.230143623861283064e+00,-2.617954204062704071e-01,4.956431378457405224e+00
3.835747020732214185e-01,8.204400370207109994e-01,3.128093622656399203e-02,5.902002327583464637e-03,-7.838710307380800657e-01,1.230143623861283064e+00,-2.617954204062704071e-01,4.958142844625707646e+00
3.835747020732214185e-01,8.204400370207109994e-01,3.128093622656399203e-02,5.902002327583464637e-03,-7.838710307380800657e-01,1.230143623861283064e+00,-2.617954204062704071e-01,4.959283822071242298e+00
3.835747020732214185e-01,8.204400370207109994e-01,3.128093622656399203e-02,5.902002327583464637e-03,-7.838710307380800657e-01,1.230143623861283064e+00,-2.617954204062704071e-01,4.960995288239543832e+00
3.835747020732214185e-01,8.204400370207109994e-01,3.128093622656399203e-02,5.902002327583464637e-03,-7.838710307380800657e-01,1.230143623861283064e+00,-2.617954204062704071e-01,4.962136265685078484e+00
3.835747020732214185e-01,8.204400370207109994e-01,3.128093622656399203e-02,5.902002327583464637e-03,-7.838710307380800657e-01,1.230143623861283064e+00,-2.617954204062704071e-01,4.964405543048975744e+00
3.835747020732214185e-01,8.204400370207109994e-01,3.128093622656399203e-02,5.902002327583464637e-03,-7.838710307380800657e-01,1.230143623861283064e+00,-2.617954204062704071e-01,4.964976031771743514e+00
3.835747020732214185e-01,8.204400370207109994e-01,3.128093622656399203e-02,5.902002327583464637e-03,-7.838710307380800657e-01,1.230143623861283064e+00,-2.617954204062704071e-01,4.967257986662812819e+00
3.835747020732214185e-01,8.204400370207109994e-01,3.128093622656399203e-02,5.902002327583464637e-03,-7.838710307380800657e-01,1.230143623861283064e+00,-2.617954204062704071e-01,4.967828475385580589e+00
3.835747020732214185e-01,8.204400370207109994e-01,3.128093622656399203e-02,5.902002327583464637e-03,-7.838710307380800657e-01,1.230143623861283064e+00,-2.617954204062704071e-01,4.969539941553882123e+00
3.835747020732214185e-01,8.204400370207109994e-01,3.128093622656399203e-02,5.902002327583464637e-03,-7.838710307380800657e-01,1.230143623861283064e+00,-2.617954204062704071e-01,4.970110430276649893e+00
3.835747020732214185e-01,8.204400370207109994e-01,3.128093622656399203e-02,5.902002327583464637e-03,-7.838710307380800657e-01,1.230143623861283064e+00,-2.617954204062704071e-01,4.972392385167719198e+00
3.835747020732214185e-01,8.204400370207109994e-01,3.128093622656399203e-02,5.902002327583464637e-03,-7.838710307380800657e-01,1.230143623861283064e+00,-2.617954204062704071e-01,4.972950196363314035e+00
3.835747020732214185e-01,8.204400370207109994e-01,3.128093622656399203e-02,5.902002327583464637e-03,-7.838710307380800657e-01,1.230143623861283064e+00,-2.617954204062704071e-01,4.974661662531616457e+00
3.835747020732214185e-01,8.204400370207109994e-01,3.128093622656399203e-02,5.902002327583464637e-03,-7.838710307380800657e-01,1.230143623861283064e+00,-2.617954204062704071e-01,4.975232151254383339e+00
3.835747020732214185e-01,8.204400370207109994e-01,3.128093622656399203e-02,5.902002327583464637e-03,-7.838710307380800657e-01,1.230143623861283064e+00,-2.617954204062704071e-01,4.976943617422685762e+00
3.835747020732214185e-01,8.204400370207109994e-01,3.128093622656399203e-02,5.902002327583464637e-03,-7.838710307380800657e-01,1.230143623861283064e+00,-2.617954204062704071e-01,4.977514106145453532e+00
3.835747020732214185e-01,8.204400370207109994e-01,3.128093622656399203e-02,5.902002327583464637e-03,-7.838710307380800657e-01,1.230143623861283064e+00,-2.617954204062704071e-01,4.979225572313755066e+00
3.835747020732214185e-01,8.204400370207109994e-01,3.128093622656399203e-02,5.919996237118779758e-03,-7.838710307380800657e-01,1.230143623861283064e+00,-2.617954204062704071e-01,4.980366549759289718e+00
3.835747020732214185e-01,8.204400370207109994e-01,3.128093622656399203e-02,5.902002327583464637e-03,-7.838710307380800657e-01,1.230143623861283064e+00,-2.617954204062704071e-01,4.982065338400419208e+00
3.835747020732214185e-01,8.204400370207109994e-01,3.128093622656399203e-02,5.902002327583464637e-03,-7.838710307380800657e-01,1.230143623861283064e+00,-2.617954204062704071e-01,4.983218993373126793e+00
3.835747020732214185e-01,8.204400370207109994e-01,3.128093622656399203e-02,5.902002327583464637e-03,-7.838710307380800657e-01,1.230143623861283064e+00,-2.617954204062704071e-01,4.985488270737024052e+00
3.835747020732214185e-01,8.204400370207109994e-01,3.128093622656399203e-02,5.902002327583464637e-03,-7.838710307380800657e-01,1.230143623861283064e+00,-2.617954204062704071e-01,4.986058759459790934e+00
3.835747020732214185e-01,8.204400370207109994e-01,3.128093622656399203e-02,5.902002327583464637e-03,-7.838710307380800657e-01,1.230143623861283064e+00,-2.617954204062704071e-01,4.987770225628093357e+00
3.835747020732214185e-01,8.204400370207109994e-01,3.128093622656399203e-02,5.902002327583464637e-03,-7.838710307380800657e-01,1.230143623861283064e+00,-2.617954204062704071e-01,4.988911203073628009e+00
3.835747020732214185e-01,8.204400370207109994e-01,3.128093622656399203e-02,5.902002327583464637e-03,-7.838710307380800657e-01,1.230143623861283064e+00,-2.617954204062704071e-01,4.990052180519162661e+00
3.835747020732214185e-01,8.204400370207109994e-01,3.128093622656399203e-02,5.902002327583464637e-03,-7.838710307380800657e-01,1.230143623861283064e+00,-2.617954204062704071e-01,4.991763646687465084e+00
3.835747020732214185e-01,8.204400370207109994e-01,3.128093622656399203e-02,5.902002327583464637e-03,-7.838710307380800657e-01,1.230143623861283064e+00,-2.617954204062704071e-01,4.993475112855767506e+00
3.835747020732214185e-01,8.204400370207109994e-01,3.128093622656399203e-02,5.902002327583464637e-03,-7.838710307380800657e-01,1.230143623861283064e+00,-2.617954204062704071e-01,4.995744390219664766e+00
3.835747020732214185e-01,8.204400370207109994e-01,3.128093622656399203e-02,5.902002327583464637e-03,-7.838710307380800657e-01,1.230143623861283064e+00,-2.617954204062704071e-01,4.996314878942431648e+00
3.835747020732214185e-01,8.204400370207109994e-01,3.128093622656399203e-02,5.902002327583464637e-03,-7.838710307380800657e-01,1.230143623861283064e+00,-2.617954204062704071e-01,4.998596833833500952e+00
3.835747020732214185e-01,8.204400370207109994e-01,3.128093622656399203e-02,5.902002327583464637e-03,-7.838710307380800657e-01,1.230143623861283064e+00,-2.617954204062704071e-01,4.999167322556268722e+00
3.835747020732214185e-01,8.204400370207109994e-01,3.128093622656399203e-02,5.902002327583464637e-03,-7.838710307380800657e-01,1.230143623861283064e+00,-2.617954204062704071e-01,5.000878788724571145e+00
3.835747020732214185e-01,8.204400370207109994e-01,3.128093622656399203e-02,5.902002327583464637e-03,-7.838710307380800657e-01,1.230143623861283064e+00,-2.617954204062704071e-01,5.002019766170105797e+00
3.835747020732214185e-01,8.204400370207109994e-01,3.128093622656399203e-02,5.902002327583464637e-03,-7.838710307380800657e-01,1.230143623861283064e+00,-2.617954204062704071e-01,5.003160743615640449e+00
3.835747020732214185e-01,8.204400370207109994e-01,3.128093622656399203e-02,5.902002327583464637e-03,-7.838710307380800657e-01,1.230143623861283064e+00,-2.617954204062704071e-01,5.004872209783942871e+00
3.835747020732214185e-01,8.204400370207109994e-01,3.128093622656399203e-02,5.902002327583464637e-03,-7.838710307380800657e-01,1.230143623861283064e+00,-2.617954204062704071e-01,5.005442698506709753e+00
3.835747020732214185e-01,8.204400370207109994e-01,3.128093622656399203e-02,5.902002327583464637e-03,-7.838710307380800657e-01,1.230143623861283064e+00,-2.617954204062704071e-01,5.007711975870607013e+00
3.835747020732214185e-01,8.204400370207109994e-01,3.128093622656399203e-02,5.902002327583464637e-03,-7.838710307380800657e-01,1.230143623861283064e+00,-2.617954204062704071e-01,5.008282464593373895e+00
3.835747020732214185e-01,8.204400370207109994e-01,3.128093622656399203e-02,5.902002327583464637e-03,-7.838710307380800657e-01,1.230143623861283064e+00,-2.617954204062704071e-01,5.009993930761676317e+00
3.835747020732214185e-01,8.204400370207109994e-01,3.128093622656399203e-02,5.902002327583464637e-03,-7.838710307380800657e-01,1.230143623861283064e+00,-2.617954204062704071e-01,5.011134908207210970e+00
3.835747020732214185e-01,8.204400370207109994e-01,3.128093622656399203e-02,5.902002327583464637e-03,-7.838710307380800657e-01,1.230143623861283064e+00,-2.617954204062704071e-01,5.012833696848340459e+00
3.835747020732214185e-01,8.204400370207109994e-01,3.128093622656399203e-02,5.902002327583464637e-03,-7.838710307380800657e-01,1.230143623861283064e+00,-2.617954204062704071e-01,5.013404185571108229e+00
3.835747020732214185e-01,8.204400370207109994e-01,3.128093622656399203e-02,5.902002327583464637e-03,-7.838710307380800657e-01,1.230143623861283064e+00,-2.617954204062704071e-01,5.015686140462177534e+00
3.835747020732214185e-01,8.204400370207109994e-01,3.128093622656399203e-02,5.902002327583464637e-03,-7.838710307380800657e-01,1.230143623861283064e+00,-2.617954204062704071e-01,5.016256629184945304e+00
3.835747020732214185e-01,8.204400370207109994e-01,3.128093622656399203e-02,5.902002327583464637e-03,-7.838710307380800657e-01,1.230143623861283064e+00,-2.617954204062704071e-01,5.018538584076014608e+00
3.835747020732214185e-01,8.204400370207109994e-01,3.128093622656399203e-02,5.902002327583464637e-03,-7.838710307380800657e-01,1.230143623861283064e+00,-2.617954204062704071e-01,5.019109072798782378e+00
3.835747020732214185e-01,8.204400370207109994e-01,3.128093622656399203e-02,5.902002327583464637e-03,-7.838710307380800657e-01,1.230143623861283064e+00,-2.617954204062704071e-01,5.020250050244317030e+00
3.835747020732214185e-01,8.204400370207109994e-01,3.128093622656399203e-02,5.902002327583464637e-03,-7.838710307380800657e-01,1.230143623861283064e+00,-2.617954204062704071e-01,5.020820538967083912e+00
3.835747020732214185e-01,8.204400370207109994e-01,3.128093622656399203e-02,5.902002327583464637e-03,-7.838710307380800657e-01,1.230143623861283064e+00,-2.617954204062704071e-01,5.023089816330981172e+00
3.835747020732214185e-01,8.204400370207109994e-01,3.128093622656399203e-02,5.902002327583464637e-03,-7.838710307380800657e-01,1.230143623861283064e+00,-2.617954204062704071e-01,5.023660305053748054e+00
3.835747020732214185e-01,8.204400370207109994e-01,3.128093622656399203e-02,5.902002327583464637e-03,-7.838710307380800657e-01,1.230143623861283064e+00,-2.617954204062704071e-01,5.025371771222050477e+00
3.835747020732214185e-01,8.204400370207109994e-01,3.128093622656399203e-02,5.902002327583464637e-03,-7.838710307380800657e-01,1.230143623861283064e+00,-2.617954204062704071e-01,5.027653726113119781e+00
3.835747020732214185e-01,8.204400370207109994e-01,3.128093622656399203e-02,5.902002327583464637e-03,-7.838710307380800657e-01,1.230143623861283064e+00,-2.617954204062704071e-01,5.028224214835887551e+00
3.835747020732214185e-01,8.204400370207109994e-01,3.128093622656399203e-02,5.902002327583464637e-03,-7.838710307380800657e-01,1.230143623861283064e+00,-2.617954204062704071e-01,5.029935681004189973e+00
3.835747020732214185e-01,8.204400370207109994e-01,3.128093622656399203e-02,5.902002327583464637e-03,-7.838710307380800657e-01,1.230143623861283064e+00,-2.617954204062704071e-01,5.030506169726956855e+00
3.835747020732214185e-01,8.204400370207109994e-01,3.128093622656399203e-02,5.902002327583464637e-03,-7.838710307380800657e-01,1.230143623861283064e+00,-2.617954204062704071e-01,5.032204958368086345e+00
3.835747020732214185e-01,8.204400370207109994e-01,3.128093622656399203e-02,5.902002327583464637e-03,-7.838710307380800657e-01,1.230143623861283064e+00,-2.617954204062704071e-01,5.032775447090854115e+00
3.835747020732214185e-01,8.204400370207109994e-01,3.128093622656399203e-02,5.902002327583464637e-03,-7.838710307380800657e-01,1.230143623861283064e+00,-2.617954204062704071e-01,5.034486913259156537e+00
3.835747020732214185e-01,8.204400370207109994e-01,3.128093622656399203e-02,5.902002327583464637e-03,-7.838710307380800657e-01,1.230143623861283064e+00,-2.617954204062704071e-01,5.035057401981923419e+00
3.835747020732214185e-01,8.204400370207109994e-01,3.128093622656399203e-02,5.902002327583464637e-03,-7.838710307380800657e-01,1.230143623861283064e+00,-2.617954204062704071e-01,5.037339356872992724e+00
3.835747020732214185e-01,8.204400370207109994e-01,3.128093622656399203e-02,5.902002327583464637e-03,-7.838710307380800657e-01,1.230143623861283064e+00,-2.617954204062704071e-01,5.037897168068587561e+00
3.835747020732214185e-01,8.204400370207109994e-01,3.128093622656399203e-02,5.902002327583464637e-03,-7.838710307380800657e-01,1.230143623861283064e+00,-2.617954204062704071e-01,5.039608634236889984e+00
3.835747020732214185e-01,8.204400370207109994e-01,3.128093622656399203e-02,5.902002327583464637e-03,-7.838710307380800657e-01,1.230143623861283064e+00,-2.617954204062704071e-01,5.040749611682424636e+00
3.835747020732214185e-01,8.204400370207109994e-01,3.128093622656399203e-02,5.902002327583464637e-03,-7.838710307380800657e-01,1.230143623861283064e+00,-2.617954204062704071e-01,5.043031566573494828e+00
3.835747020732214185e-01,8.204400370207109994e-01,3.128093622656399203e-02,5.902002327583464637e-03,-7.838710307380800657e-01,1.230143623861283064e+00,-2.617954204062704071e-01,5.043602055296261710e+00
3.835747020732214185e-01,8.204400370207109994e-01,3.128093622656399203e-02,5.902002327583464637e-03,-7.838710307380800657e-01,1.230143623861283064e+00,-2.617954204062704071e-01,5.045884010187331015e+00
3.835747020732214185e-01,8.204400370207109994e-01,3.128093622656399203e-02,5.902002327583464637e-03,-7.838710307380800657e-01,1.230143623861283064e+00,-2.617954204062704071e-01,5.046454498910098785e+00
3.835747020732214185e-01,8.204400370207109994e-01,3.128093622656399203e-02,5.902002327583464637e-03,-7.838710307380800657e-01,1.230143623861283064e+00,-2.617954204062704071e-01,5.048165965078401207e+00
3.835747020732214185e-01,8.204400370207109994e-01,3.128093622656399203e-02,5.902002327583464637e-03,-7.838710307380800657e-01,1.230143623861283064e+00,-2.617954204062704071e-01,5.048723776273996044e+00
3.835747020732214185e-01,8.204400370207109994e-01,3.128093622656399203e-02,5.902002327583464637e-03,-7.838710307380800657e-01,1.230143623861283064e+00,-2.617954204062704071e-01,5.050435242442297579e+00
3.835747020732214185e-01,8.204400370207109994e-01,3.128093622656399203e-02,5.902002327583464637e-03,-7.838710307380800657e-01,1.230143623861283064e+00,-2.617954204062704071e-01,5.051005731165065349e+00
3.835747020732214185e-01,8.204400370207109994e-01,3.128093622656399203e-02,5.902002327583464637e-03,-7.838710307380800657e-01,1.230143623861283064e+00,-2.617954204062704071e-01,5.054428663501669305e+00
3.835747020732214185e-01,8.204400370207109994e-01,3.128093622656399203e-02,5.902002327583464637e-03,-7.838710307380800657e-01,1.230143623861283064e+00,-2.617954204062704071e-01,5.054999152224437076e+00
3.835747020732214185e-01,8.204400370207109994e-01,3.128093622656399203e-02,5.902002327583464637e-03,-7.838710307380800657e-01,1.230143623861283064e+00,-2.617954204062704071e-01,5.057281107115506380e+00
3.835747020732214185e-01,8.204400370207109994e-01,3.128093622656399203e-02,5.902002327583464637e-03,-7.838710307380800657e-01,1.230143623861283064e+00,-2.617954204062704071e-01,5.057851595838274150e+00
3.835747020732214185e-01,8.204400370207109994e-01,3.128093622656399203e-02,5.902002327583464637e-03,-7.838710307380800657e-01,1.230143623861283064e+00,-2.617954204062704071e-01,5.059550384479403640e+00
3.835747020732214185e-01,8.204400370207109994e-01,3.128093622656399203e-02,5.902002327583464637e-03,-7.838710307380800657e-01,1.230143623861283064e+00,-2.617954204062704071e-01,5.060120873202170522e+00
3.835747020732214185e-01,8.204400370207109994e-01,3.128093622656399203e-02,5.902002327583464637e-03,-7.838710307380800657e-01,1.230143623861283064e+00,-2.617954204062704071e-01,5.062402828093240714e+00
3.835747020732214185e-01,8.204400370207109994e-01,3.128093622656399203e-02,5.902002327583464637e-03,-7.838710307380800657e-01,1.230143623861283064e+00,-2.617954204062704071e-01,5.062973316816007596e+00
3.835747020732214185e-01,8.204400370207109994e-01,3.128093622656399203e-02,5.902002327583464637e-03,-7.838710307380800657e-01,1.230143623861283064e+00,-2.617954204062704071e-01,5.065255271707076901e+00
3.835747020732214185e-01,8.204400370207109994e-01,3.128093622656399203e-02,5.902002327583464637e-03,-7.838710307380800657e-01,1.230143623861283064e+00,-2.617954204062704071e-01,5.065825760429844671e+00
3.835747020732214185e-01,8.204400370207109994e-01,3.128093622656399203e-02,5.902002327583464637e-03,-7.838710307380800657e-01,1.230143623861283064e+00,-2.617954204062704071e-01,5.067537226598147093e+00
3.835747020732214185e-01,8.204400370207109994e-01,3.128093622656399203e-02,5.902002327583464637e-03,-7.838710307380800657e-01,1.230143623861283064e+00,-2.617954204062704071e-01,5.069806503962043465e+00
3.835747020732214185e-01,8.204400370207109994e-01,3.128093622656399203e-02,5.902002327583464637e-03,-7.838710307380800657e-01,1.230143623861283064e+00,-2.617954204062704071e-01,5.070376992684811235e+00
3.835747020732214185e-01,8.204400370207109994e-01,3.128093622656399203e-02,5.902002327583464637e-03,-7.838710307380800657e-01,1.230143623861283064e+00,-2.617954204062704071e-01,5.071517970130345887e+00
3.835747020732214185e-01,8.204400370207109994e-01,3.128093622656399203e-02,5.902002327583464637e-03,-7.838710307380800657e-01,1.230143623861283064e+00,-2.617954204062704071e-01,5.073799925021415191e+00
3.835747020732214185e-01,8.204400370207109994e-01,3.128093622656399203e-02,5.902002327583464637e-03,-7.838710307380800657e-01,1.230143623861283064e+00,-2.617954204062704071e-01,5.074370413744182962e+00
3.835747020732214185e-01,8.204400370207109994e-01,3.128093622656399203e-02,5.902002327583464637e-03,-7.838710307380800657e-01,1.230143623861283064e+00,-2.617954204062704071e-01,5.076652368635252266e+00
3.835747020732214185e-01,8.204400370207109994e-01,3.128093622656399203e-02,5.902002327583464637e-03,-7.838710307380800657e-01,1.230143623861283064e+00,-2.617954204062704071e-01,5.077222857358020036e+00
3.835747020732214185e-01,8.204400370207109994e-01,3.128093622656399203e-02,5.902002327583464637e-03,-7.838710307380800657e-01,1.230143623861283064e+00,-2.617954204062704071e-01,5.079504812249089341e+00
3.835747020732214185e-01,8.204400370207109994e-01,3.128093622656399203e-02,5.902002327583464637e-03,-7.838710307380800657e-01,1.230143623861283064e+00,-2.617954204062704071e-01,5.080075300971857111e+00
3.835747020732214185e-01,8.204400370207109994e-01,3.128093622656399203e-02,5.902002327583464637e-03,-7.838710307380800657e-01,1.230143623861283064e+00,-2.617954204062704071e-01,5.082344578335753482e+00
3.835747020732214185e-01,8.204400370207109994e-01,3.128093622656399203e-02,5.902002327583464637e-03,-7.838710307380800657e-01,1.230143623861283064e+00,-2.617954204062704071e-01,5.082927744585693297e+00
3.835747020732214185e-01,8.204400370207109994e-01,3.128093622656399203e-02,5.902002327583464637e-03,-7.838710307380800657e-01,1.230143623861283064e+00,-2.617954204062704071e-01,5.085197021949590557e+00
3.835747020732214185e-01,8.204400370207109994e-01,3.128093622656399203e-02,5.902002327583464637e-03,-7.838710307380800657e-01,1.230143623861283064e+00,-2.617954204062704071e-01,5.086337999395125209e+00
3.835747020732214185e-01,8.204400370207109994e-01,3.128093622656399203e-02,5.902002327583464637e-03,-7.838710307380800657e-01,1.230143623861283064e+00,-2.617954204062704071e-01,5.088049465563427631e+00
3.835747020732214185e-01,8.204400370207109994e-01,3.128093622656399203e-02,5.902002327583464637e-03,-7.838710307380800657e-01,1.230143623861283064e+00,-2.617954204062704071e-01,5.089190443008962283e+00
3.835747020732214185e-01,8.204400370207109994e-01,3.128093622656399203e-02,5.902002327583464637e-03,-7.838710307380800657e-01,1.230143623861283064e+00,-2.617954204062704071e-01,5.091459720372859543e+00
3.835747020732214185e-01,8.204400370207109994e-01,3.128093622656399203e-02,5.902002327583464637e-03,-7.838710307380800657e-01,1.230143623861283064e+00,-2.617954204062704071e-01,5.092030209095626425e+00
3.835747020732214185e-01,8.204400370207109994e-01,3.128093622656399203e-02,5.902002327583464637e-03,-7.838710307380800657e-01,1.230143623861283064e+00,-2.617954204062704071e-01,5.093741675263928848e+00
3.835747020732214185e-01,8.204400370207109994e-01,3.128093622656399203e-02,5.902002327583464637e-03,-7.838710307380800657e-01,1.230143623861283064e+00,-2.617954204062704071e-01,5.094882652709463500e+00
3.835747020732214185e-01,8.204400370207109994e-01,3.128093622656399203e-02,5.902002327583464637e-03,-7.838710307380800657e-01,1.230143623861283064e+00,-2.617954204062704071e-01,5.096594118877765922e+00
3.835747020732214185e-01,8.204400370207109994e-01,3.128093622656399203e-02,5.902002327583464637e-03,-7.838710307380800657e-01,1.230143623861283064e+00,-2.617954204062704071e-01,5.097735096323300574e+00
3.835747020732214185e-01,8.204400370207109994e-01,3.128093622656399203e-02,5.902002327583464637e-03,-7.838710307380800657e-01,1.230143623861283064e+00,-2.617954204062704071e-01,5.099433884964430064e+00
3.835747020732214185e-01,8.204400370207109994e-01,3.128093622656399203e-02,5.902002327583464637e-03,-7.838710307380800657e-01,1.230143623861283064e+00,-2.617954204062704071e-01,5.100004373687197834e+00
3.835747020732214185e-01,8.204400370207109994e-01,3.128093622656399203e-02,5.902002327583464637e-03,-7.838710307380800657e-01,1.230143623861283064e+00,-2.617954204062704071e-01,5.102286328578267138e+00
3.835747020732214185e-01,8.204400370207109994e-01,3.128093622656399203e-02,5.902002327583464637e-03,-7.838710307380800657e-01,1.230143623861283064e+00,-2.617954204062704071e-01,5.102856817301034020e+00
3.835747020732214185e-01,8.204400370207109994e-01,3.128093622656399203e-02,5.902002327583464637e-03,-7.838710307380800657e-01,1.230143623861283064e+00,-2.617954204062704071e-01,5.104568283469336443e+00
3.835747020732214185e-01,8.204400370207109994e-01,3.128093622656399203e-02,5.902002327583464637e-03,-7.838710307380800657e-01,1.230143623861283064e+00,-2.617954204062704071e-01,5.105138772192104213e+00
3.835747020732214185e-01,8.204400370207109994e-01,3.128093622656399203e-02,5.902002327583464637e-03,-7.838710307380800657e-01,1.230143623861283064e+00,-2.617954204062704071e-01,5.107420727083173517e+00
3.835747020732214185e-01,8.204400370207109994e-01,3.128093622656399203e-02,5.902002327583464637e-03,-7.838710307380800657e-01,1.230143623861283064e+00,-2.617954204062704071e-01,5.107978538278768355e+00
3.835747020732214185e-01,8.204400370207109994e-01,3.128093622656399203e-02,5.902002327583464637e-03,-7.838710307380800657e-01,1.230143623861283064e+00,-2.617954204062704071e-01,5.109690004447070777e+00
3.835747020732214185e-01,8.204400370207109994e-01,3.128093622656399203e-02,5.902002327583464637e-03,-7.838710307380800657e-01,1.230143623861283064e+00,-2.617954204062704071e-01,5.110260493169837659e+00
3.835747020732214185e-01,8.204400370207109994e-01,3.128093622656399203e-02,5.902002327583464637e-03,-7.838710307380800657e-01,1.230143623861283064e+00,-2.617954204062704071e-01,5.112542448060906963e+00
3.835747020732214185e-01,8.204400370207109994e-01,3.128093622656399203e-02,5.902002327583464637e-03,-7.838710307380800657e-01,1.230143623861283064e+00,-2.617954204062704071e-01,5.113112936783674733e+00
3.835747020732214185e-01,8.204400370207109994e-01,3.128093622656399203e-02,5.902002327583464637e-03,-7.838710307380800657e-01,1.230143623861283064e+00,-2.617954204062704071e-01,5.115394891674744038e+00
3.835747020732214185e-01,8.204400370207109994e-01,3.128093622656399203e-02,5.902002327583464637e-03,-7.838710307380800657e-01,1.230143623861283064e+00,-2.617954204062704071e-01,5.116535869120278690e+00
3.835747020732214185e-01,8.204400370207109994e-01,3.128093622656399203e-02,5.902002327583464637e-03,-7.838710307380800657e-01,1.230143623861283064e+00,-2.617954204062704071e-01,5.117664169038641298e+00
3.835747020732214185e-01,8.204400370207109994e-01,3.128093622656399203e-02,5.902002327583464637e-03,-7.838710307380800657e-01,1.230143623861283064e+00,-2.617954204062704071e-01,5.119946123929710602e+00
3.835747020732214185e-01,8.204400370207109994e-01,3.128093622656399203e-02,5.902002327583464637e-03,-7.838710307380800657e-01,1.230143623861283064e+00,-2.617954204062704071e-01,5.121087101375245254e+00
3.835747020732214185e-01,8.204400370207109994e-01,3.128093622656399203e-02,5.902002327583464637e-03,-7.838710307380800657e-01,1.230143623861283064e+00,-2.617954204062704071e-01,5.122798567543547676e+00
3.835747020732214185e-01,8.204400370207109994e-01,3.128093622656399203e-02,5.919996237118779758e-03,-7.838710307380800657e-01,1.230143623861283064e+00,-2.617954204062704071e-01,5.123369056266315447e+00
3.835747020732214185e-01,8.204400370207109994e-01,3.128093622656399203e-02,5.902002327583464637e-03,-7.838710307380800657e-01,1.230143623861283064e+00,-2.617954204062704071e-01,5.126221499880152521e+00
3.835747020732214185e-01,8.204400370207109994e-01,3.128093622656399203e-02,5.902002327583464637e-03,-7.838710307380800657e-01,1.230143623861283064e+00,-2.617954204062704071e-01,5.126791988602919403e+00
3.835747020732214185e-01,8.204400370207109994e-01,3.128093622656399203e-02,5.902002327583464637e-03,-7.838710307380800657e-01,1.230143623861283064e+00,-2.617954204062704071e-01,5.129061265966816663e+00
3.835747020732214185e-01,8.204400370207109994e-01,3.128093622656399203e-02,5.902002327583464637e-03,-7.838710307380800657e-01,1.230143623861283064e+00,-2.617954204062704071e-01,5.130202243412351315e+00
3.835747020732214185e-01,8.204400370207109994e-01,3.128093622656399203e-02,5.902002327583464637e-03,-7.838710307380800657e-01,1.230143623861283064e+00,-2.617954204062704071e-01,5.131343220857885967e+00
3.835747020732214185e-01,8.204400370207109994e-01,3.128093622656399203e-02,5.902002327583464637e-03,-7.838710307380800657e-01,1.230143623861283064e+00,-2.617954204062704071e-01,5.134195664471723042e+00
3.835747020732214185e-01,8.204400370207109994e-01,3.128093622656399203e-02,5.902002327583464637e-03,-7.838710307380800657e-01,1.230143623861283064e+00,-2.617954204062704071e-01,5.134766153194489924e+00
3.835747020732214185e-01,8.204400370207109994e-01,3.128093622656399203e-02,5.902002327583464637e-03,-7.838710307380800657e-01,1.230143623861283064e+00,-2.617954204062704071e-01,5.136477619362792346e+00
3.835747020732214185e-01,8.204400370207109994e-01,3.128093622656399203e-02,5.902002327583464637e-03,-7.838710307380800657e-01,1.230143623861283064e+00,-2.617954204062704071e-01,5.137035430558387183e+00
3.835747020732214185e-01,8.204400370207109994e-01,3.128093622656399203e-02,5.902002327583464637e-03,-7.838710307380800657e-01,1.230143623861283064e+00,-2.617954204062704071e-01,5.139317385449456488e+00
3.835747020732214185e-01,8.204400370207109994e-01,3.128093622656399203e-02,5.902002327583464637e-03,-7.838710307380800657e-01,1.230143623861283064e+00,-2.617954204062704071e-01,5.139887874172224258e+00
3.835747020732214185e-01,8.204400370207109994e-01,3.128093622656399203e-02,5.902002327583464637e-03,-7.838710307380800657e-01,1.230143623861283064e+00,-2.617954204062704071e-01,5.141599340340526680e+00
3.835747020732214185e-01,8.204400370207109994e-01,3.128093622656399203e-02,5.902002327583464637e-03,-7.838710307380800657e-01,1.230143623861283064e+00,-2.617954204062704071e-01,5.142727640258888400e+00
3.835747020732214185e-01,8.204400370207109994e-01,3.128093622656399203e-02,5.902002327583464637e-03,-7.838710307380800657e-01,1.230143623861283064e+00,-2.617954204062704071e-01,5.145022272677130637e+00
3.835747020732214185e-01,8.204400370207109994e-01,3.128093622656399203e-02,5.902002327583464637e-03,-7.838710307380800657e-01,1.230143623861283064e+00,-2.617954204062704071e-01,5.145592761399898407e+00
3.835747020732214185e-01,8.204400370207109994e-01,3.128093622656399203e-02,5.902002327583464637e-03,-7.838710307380800657e-01,1.230143623861283064e+00,-2.617954204062704071e-01,5.147862038763794779e+00
3.835747020732214185e-01,8.204400370207109994e-01,3.128093622656399203e-02,5.902002327583464637e-03,-7.838710307380800657e-01,1.230143623861283064e+00,-2.617954204062704071e-01,5.148432527486562549e+00
3.835747020732214185e-01,8.204400370207109994e-01,3.128093622656399203e-02,5.902002327583464637e-03,-7.838710307380800657e-01,1.230143623861283064e+00,-2.617954204062704071e-01,5.150714482377631853e+00
3.835747020732214185e-01,8.204400370207109994e-01,3.128093622656399203e-02,5.902002327583464637e-03,-7.838710307380800657e-01,1.230143623861283064e+00,-2.617954204062704071e-01,5.151284971100399623e+00
3.835747020732214185e-01,8.204400370207109994e-01,3.128093622656399203e-02,5.902002327583464637e-03,-7.838710307380800657e-01,1.230143623861283064e+00,-2.617954204062704071e-01,5.152983759741529113e+00
3.835747020732214185e-01,8.204400370207109994e-01,3.128093622656399203e-02,5.902002327583464637e-03,-7.838710307380800657e-01,1.230143623861283064e+00,-2.617954204062704071e-01,5.153566925991468928e+00
3.835747020732214185e-01,8.204400370207109994e-01,3.128093622656399203e-02,5.902002327583464637e-03,-7.838710307380800657e-01,1.230143623861283064e+00,-2.617954204062704071e-01,5.155848880882538232e+00
3.835747020732214185e-01,8.204400370207109994e-01,3.128093622656399203e-02,5.902002327583464637e-03,-7.838710307380800657e-01,1.230143623861283064e+00,-2.617954204062704071e-01,5.156419369605306002e+00
3.835747020732214185e-01,8.204400370207109994e-01,3.128093622656399203e-02,5.902002327583464637e-03,-7.838710307380800657e-01,1.230143623861283064e+00,-2.617954204062704071e-01,5.157560347050840655e+00
3.835747020732214185e-01,8.204400370207109994e-01,3.128093622656399203e-02,5.902002327583464637e-03,-7.838710307380800657e-01,1.230143623861283064e+00,-2.617954204062704071e-01,5.159259135691970144e+00
3.835747020732214185e-01,8.204400370207109994e-01,3.128093622656399203e-02,5.902002327583464637e-03,-7.838710307380800657e-01,1.230143623861283064e+00,-2.617954204062704071e-01,5.160400113137504796e+00
3.835747020732214185e-01,8.204400370207109994e-01,3.128093622656399203e-02,5.902002327583464637e-03,-7.838710307380800657e-01,1.230143623861283064e+00,-2.617954204062704071e-01,5.162111579305807219e+00
3.835747020732214185e-01,8.204400370207109994e-01,3.128093622656399203e-02,5.902002327583464637e-03,-7.838710307380800657e-01,1.230143623861283064e+00,-2.617954204062704071e-01,5.162682068028574101e+00
3.835747020732214185e-01,8.204400370207109994e-01,3.128093622656399203e-02,5.902002327583464637e-03,-7.838710307380800657e-01,1.230143623861283064e+00,-2.617954204062704071e-01,5.164964022919644293e+00
3.835747020732214185e-01,8.204400370207109994e-01,3.128093622656399203e-02,5.902002327583464637e-03,-7.838710307380800657e-01,1.230143623861283064e+00,-2.617954204062704071e-01,5.166105000365178945e+00
3.835747020732214185e-01,8.204400370207109994e-01,3.128093622656399203e-02,5.902002327583464637e-03,-7.838710307380800657e-01,1.230143623861283064e+00,-2.617954204062704071e-01,5.167803789006308435e+00
3.835747020732214185e-01,8.204400370207109994e-01,3.128093622656399203e-02,5.902002327583464637e-03,-7.838710307380800657e-01,1.230143623861283064e+00,-2.617954204062704071e-01,5.168944766451843087e+00
3.835747020732214185e-01,8.204400370207109994e-01,3.128093622656399203e-02,5.902002327583464637e-03,-7.838710307380800657e-01,1.230143623861283064e+00,-2.617954204062704071e-01,5.170656232620145509e+00
3.835747020732214185e-01,8.204400370207109994e-01,3.128093622656399203e-02,5.902002327583464637e-03,-7.838710307380800657e-01,1.230143623861283064e+00,-2.617954204062704071e-01,5.171226721342912391e+00
3.835747020732214185e-01,8.204400370207109994e-01,3.128093622656399203e-02,5.902002327583464637e-03,-7.838710307380800657e-01,1.230143623861283064e+00,-2.617954204062704071e-01,5.173495998706809651e+00
3.835747020732214185e-01,8.204400370207109994e-01,3.128093622656399203e-02,5.902002327583464637e-03,-7.838710307380800657e-01,1.230143623861283064e+00,-2.617954204062704071e-01,5.174636976152344303e+00
3.835747020732214185e-01,8.204400370207109994e-01,3.128093622656399203e-02,5.902002327583464637e-03,-7.838710307380800657e-01,1.230143623861283064e+00,-2.617954204062704071e-01,5.176348442320646726e+00
3.835747020732214185e-01,8.204400370207109994e-01,3.128093622656399203e-02,5.902002327583464637e-03,-7.838710307380800657e-01,1.230143623861283064e+00,-2.617954204062704071e-01,5.177489419766181378e+00
3.835747020732214185e-01,8.204400370207109994e-01,3.128093622656399203e-02,5.902002327583464637e-03,-7.838710307380800657e-01,1.230143623861283064e+00,-2.617954204062704071e-01,5.179771374657250682e+00
3.835747020732214185e-01,8.204400370207109994e-01,3.128093622656399203e-02,5.902002327583464637e-03,-7.838710307380800657e-01,1.230143623861283064e+00,-2.617954204062704071e-01,5.180341863380018452e+00
3.835747020732214185e-01,8.204400370207109994e-01,3.128093622656399203e-02,5.902002327583464637e-03,-7.838710307380800657e-01,1.230143623861283064e+00,-2.617954204062704071e-01,5.182053329548319986e+00
3.835747020732214185e-01,8.204400370207109994e-01,3.128093622656399203e-02,5.902002327583464637e-03,-7.838710307380800657e-01,1.230143623861283064e+00,-2.617954204062704071e-01,5.184322606912217246e+00
3.835747020732214185e-01,8.204400370207109994e-01,3.128093622656399203e-02,5.902002327583464637e-03,-7.838710307380800657e-01,1.230143623861283064e+00,-2.617954204062704071e-01,5.185463584357751898e+00
3.835747020732214185e-01,8.204400370207109994e-01,3.128093622656399203e-02,5.902002327583464637e-03,-7.838710307380800657e-01,1.230143623861283064e+00,-2.617954204062704071e-01,5.186034073080519669e+00
3.835747020732214185e-01,8.204400370207109994e-01,3.128093622656399203e-02,5.902002327583464637e-03,-7.838710307380800657e-01,1.230143623861283064e+00,-2.617954204062704071e-01,5.187745539248821203e+00
3.835747020732214185e-01,8.204400370207109994e-01,3.128093622656399203e-02,5.902002327583464637e-03,-7.838710307380800657e-01,1.230143623861283064e+00,-2.617954204062704071e-01,5.188316027971588973e+00
3.835747020732214185e-01,8.204400370207109994e-01,3.128093622656399203e-02,5.902002327583464637e-03,-7.838710307380800657e-01,1.230143623861283064e+00,-2.617954204062704071e-01,5.190027494139891395e+00
3.835747020732214185e-01,8.204400370207109994e-01,3.128093622656399203e-02,5.902002327583464637e-03,-7.838710307380800657e-01,1.230143623861283064e+00,-2.617954204062704071e-01,5.192309449030960700e+00
3.835747020732214185e-01,8.204400370207109994e-01,3.128093622656399203e-02,5.902002327583464637e-03,-7.838710307380800657e-01,1.230143623861283064e+00,-2.617954204062704071e-01,5.192867260226555537e+00
3.835747020732214185e-01,8.204400370207109994e-01,3.128093622656399203e-02,5.902002327583464637e-03,-7.838710307380800657e-01,1.230143623861283064e+00,-2.617954204062704071e-01,5.194578726394857959e+00
3.835747020732214185e-01,8.204400370207109994e-01,3.128093622656399203e-02,5.902002327583464637e-03,-7.838710307380800657e-01,1.230143623861283064e+00,-2.617954204062704071e-01,5.195149215117624841e+00
3.835747020732214185e-01,8.204400370207109994e-01,3.128093622656399203e-02,5.902002327583464637e-03,-7.838710307380800657e-01,1.230143623861283064e+00,-2.617954204062704071e-01,5.197431170008695034e+00
3.835747020732214185e-01,8.204400370207109994e-01,3.128093622656399203e-02,5.902002327583464637e-03,-7.838710307380800657e-01,1.230143623861283064e+00,-2.617954204062704071e-01,5.198001658731461916e+00
3.835747020732214185e-01,8.204400370207109994e-01,3.128093622656399203e-02,5.902002327583464637e-03,-7.838710307380800657e-01,1.230143623861283064e+00,-2.617954204062704071e-01,5.200283613622531220e+00
3.835747020732214185e-01,8.204400370207109994e-01,3.128093622656399203e-02,5.902002327583464637e-03,-7.838710307380800657e-01,1.230143623861283064e+00,-2.617954204062704071e-01,5.200854102345298990e+00
3.835747020732214185e-01,8.204400370207109994e-01,3.128093622656399203e-02,5.902002327583464637e-03,-7.838710307380800657e-01,1.230143623861283064e+00,-2.617954204062704071e-01,5.202552890986428480e+00
3.835747020732214185e-01,8.204400370207109994e-01,3.128093622656399203e-02,5.902002327583464637e-03,-7.838710307380800657e-01,1.230143623861283064e+00,-2.617954204062704071e-01,5.203123379709196250e+00
3.835747020732214185e-01,8.204400370207109994e-01,3.128093622656399203e-02,5.902002327583464637e-03,-7.838710307380800657e-01,1.230143623861283064e+00,-2.617954204062704071e-01,5.205405334600265554e+00
3.835747020732214185e-01,8.204400370207109994e-01,3.128093622656399203e-02,5.902002327583464637e-03,-7.838710307380800657e-01,1.230143623861283064e+00,-2.617954204062704071e-01,5.205975823323032436e+00
3.835747020732214185e-01,8.204400370207109994e-01,3.128093622656399203e-02,5.902002327583464637e-03,-7.838710307380800657e-01,1.230143623861283064e+00,-2.617954204062704071e-01,5.207687289491334859e+00
3.835747020732214185e-01,8.204400370207109994e-01,3.128093622656399203e-02,5.902002327583464637e-03,-7.838710307380800657e-01,1.230143623861283064e+00,-2.617954204062704071e-01,5.208257778214102629e+00
3.835747020732214185e-01,8.204400370207109994e-01,3.128093622656399203e-02,5.902002327583464637e-03,-7.838710307380800657e-01,1.230143623861283064e+00,-2.617954204062704071e-01,5.210539733105171933e+00
3.835747020732214185e-01,8.204400370207109994e-01,3.128093622656399203e-02,5.902002327583464637e-03,-7.838710307380800657e-01,1.230143623861283064e+00,-2.617954204062704071e-01,5.211110221827939704e+00
3.835747020732214185e-01,8.204400370207109994e-01,3.128093622656399203e-02,5.902002327583464637e-03,-7.838710307380800657e-01,1.230143623861283064e+00,-2.617954204062704071e-01,5.212821687996241238e+00
3.835747020732214185e-01,8.204400370207109994e-01,3.128093622656399203e-02,5.902002327583464637e-03,-7.838710307380800657e-01,1.230143623861283064e+00,-2.617954204062704071e-01,5.213379499191836075e+00
3.835747020732214185e-01,8.204400370207109994e-01,3.128093622656399203e-02,5.902002327583464637e-03,-7.838710307380800657e-01,1.230143623861283064e+00,-2.617954204062704071e-01,5.215661454082905379e+00
3.835747020732214185e-01,8.204400370207109994e-01,3.128093622656399203e-02,5.902002327583464637e-03,-7.838710307380800657e-01,1.230143623861283064e+00,-2.617954204062704071e-01,5.216231942805673150e+00
3.835747020732214185e-01,8.204400370207109994e-01,3.128093622656399203e-02,5.902002327583464637e-03,-7.838710307380800657e-01,1.230143623861283064e+00,-2.617954204062704071e-01,5.218513897696742454e+00
3.835747020732214185e-01,8.204400370207109994e-01,3.128093622656399203e-02,5.902002327583464637e-03,-7.838710307380800657e-01,1.230143623861283064e+00,-2.617954204062704071e-01,5.219084386419510224e+00
3.835747020732214185e-01,8.204400370207109994e-01,3.128093622656399203e-02,5.902002327583464637e-03,-7.838710307380800657e-01,1.230143623861283064e+00,-2.617954204062704071e-01,5.221353663783407484e+00
3.835747020732214185e-01,8.204400370207109994e-01,3.128093622656399203e-02,5.902002327583464637e-03,-7.838710307380800657e-01,1.230143623861283064e+00,-2.617954204062704071e-01,5.221936830033347299e+00
3.835747020732214185e-01,8.204400370207109994e-01,3.128093622656399203e-02,5.902002327583464637e-03,-7.838710307380800657e-01,1.230143623861283064e+00,-2.617954204062704071e-01,5.223635618674476788e+00
3.835747020732214185e-01,8.204400370207109994e-01,3.128093622656399203e-02,5.902002327583464637e-03,-7.838710307380800657e-01,1.230143623861283064e+00,-2.617954204062704071e-01,5.224206107397243670e+00
3.835747020732214185e-01,8.204400370207109994e-01,3.128093622656399203e-02,5.902002327583464637e-03,-7.838710307380800657e-01,1.230143623861283064e+00,-2.617954204062704071e-01,5.225917573565546093e+00
3.835747020732214185e-01,8.204400370207109994e-01,3.128093622656399203e-02,5.902002327583464637e-03,-7.838710307380800657e-01,1.230143623861283064e+00,-2.617954204062704071e-01,5.226488062288313863e+00
3.835747020732214185e-01,8.204400370207109994e-01,3.128093622656399203e-02,5.902002327583464637e-03,-7.838710307380800657e-01,1.230143623861283064e+00,-2.617954204062704071e-01,5.228770017179383167e+00
3.835747020732214185e-01,8.204400370207109994e-01,3.128093622656399203e-02,5.902002327583464637e-03,-7.838710307380800657e-01,1.230143623861283064e+00,-2.617954204062704071e-01,5.229340505902150049e+00
3.835747020732214185e-01,8.204400370207109994e-01,3.128093622656399203e-02,5.902002327583464637e-03,-7.838710307380800657e-01,1.230143623861283064e+00,-2.617954204062704071e-01,5.231051972070452472e+00
3.835747020732214185e-01,8.204400370207109994e-01,3.128093622656399203e-02,5.902002327583464637e-03,-7.838710307380800657e-01,1.230143623861283064e+00,-2.617954204062704071e-01,5.232192949515987124e+00
3.835747020732214185e-01,8.204400370207109994e-01,3.128093622656399203e-02,5.902002327583464637e-03,-7.838710307380800657e-01,1.230143623861283064e+00,-2.617954204062704071e-01,5.234462226879884383e+00
3.835747020732214185e-01,8.204400370207109994e-01,3.128093622656399203e-02,5.902002327583464637e-03,-7.838710307380800657e-01,1.230143623861283064e+00,-2.617954204062704071e-01,5.235032715602652154e+00
3.835747020732214185e-01,8.204400370207109994e-01,3.128093622656399203e-02,5.902002327583464637e-03,-7.838710307380800657e-01,1.230143623861283064e+00,-2.617954204062704071e-01,5.237885159216488340e+00
3.835747020732214185e-01,8.204400370207109994e-01,3.128093622656399203e-02,5.902002327583464637e-03,-7.838710307380800657e-01,1.230143623861283064e+00,-2.617954204062704071e-01,5.238455647939256110e+00
3.835747020732214185e-01,8.204400370207109994e-01,3.128093622656399203e-02,5.902002327583464637e-03,-7.838710307380800657e-01,1.230143623861283064e+00,-2.617954204062704071e-01,5.240167114107558533e+00
3.835747020732214185e-01,8.204400370207109994e-01,3.128093622656399203e-02,5.902002327583464637e-03,-7.838710307380800657e-01,1.230143623861283064e+00,-2.617954204062704071e-01,5.241878580275860067e+00
3.835747020732214185e-01,8.204400370207109994e-01,3.128093622656399203e-02,5.902002327583464637e-03,-7.838710307380800657e-01,1.230143623861283064e+00,-2.617954204062704071e-01,5.242449068998627837e+00
3.835747020732214185e-01,8.204400370207109994e-01,3.128093622656399203e-02,5.902002327583464637e-03,-7.838710307380800657e-01,1.230143623861283064e+00,-2.617954204062704071e-01,5.244160535166930259e+00
3.835747020732214185e-01,8.204400370207109994e-01,3.128093622656399203e-02,5.902002327583464637e-03,-7.838710307380800657e-01,1.230143623861283064e+00,-2.617954204062704071e-01,5.245288835085291979e+00
3.835747020732214185e-01,8.204400370207109994e-01,3.128093622656399203e-02,5.902002327583464637e-03,-7.838710307380800657e-01,1.230143623861283064e+00,-2.617954204062704071e-01,5.247000301253594401e+00
3.835747020732214185e-01,8.204400370207109994e-01,3.128093622656399203e-02,5.902002327583464637e-03,-7.838710307380800657e-01,1.230143623861283064e+00,-2.617954204062704071e-01,5.247570789976361283e+00
3.835747020732214185e-01,8.204400370207109994e-01,3.128093622656399203e-02,5.902002327583464637e-03,-7.838710307380800657e-01,1.230143623861283064e+00,-2.617954204062704071e-01,5.249852744867431475e+00
3.835747020732214185e-01,8.204400370207109994e-01,3.128093622656399203e-02,5.902002327583464637e-03,-7.838710307380800657e-01,1.230143623861283064e+00,-2.617954204062704071e-01,5.250423233590198357e+00
3.835747020732214185e-01,8.204400370207109994e-01,3.128093622656399203e-02,5.902002327583464637e-03,-7.838710307380800657e-01,1.230143623861283064e+00,-2.617954204062704071e-01,5.252705188481268550e+00
3.835747020732214185e-01,8.204400370207109994e-01,3.128093622656399203e-02,5.902002327583464637e-03,-7.838710307380800657e-01,1.230143623861283064e+00,-2.617954204062704071e-01,5.253262999676862499e+00
3.835747020732214185e-01,8.204400370207109994e-01,3.128093622656399203e-02,5.902002327583464637e-03,-7.838710307380800657e-01,1.230143623861283064e+00,-2.617954204062704071e-01,5.254974465845164922e+00
3.835747020732214185e-01,8.204400370207109994e-01,3.128093622656399203e-02,5.902002327583464637e-03,-7.838710307380800657e-01,1.230143623861283064e+00,-2.617954204062704071e-01,5.255544954567932692e+00
3.835747020732214185e-01,8.204400370207109994e-01,3.128093622656399203e-02,5.919996237118779758e-03,-7.838710307380800657e-01,1.230143623861283064e+00,-2.617954204062704071e-01,5.257256420736234226e+00
3.835747020732214185e-01,8.204400370207109994e-01,3.128093622656399203e-02,5.902002327583464637e-03,-7.838710307380800657e-01,1.230143623861283064e+00,-2.617954204062704071e-01,5.258397398181769766e+00
3.835747020732214185e-01,8.204400370207109994e-01,3.128093622656399203e-02,5.902002327583464637e-03,-7.838710307380800657e-01,1.230143623861283064e+00,-2.617954204062704071e-01,5.260108864350071300e+00
3.835747020732214185e-01,8.204400370207109994e-01,3.128093622656399203e-02,5.902002327583464637e-03,-7.838710307380800657e-01,1.230143623861283064e+00,-2.617954204062704071e-01,5.260679353072839071e+00
3.835747020732214185e-01,8.204400370207109994e-01,3.128093622656399203e-02,5.902002327583464637e-03,-7.838710307380800657e-01,1.230143623861283064e+00,-2.617954204062704071e-01,5.262948630436735442e+00
3.835747020732214185e-01,8.204400370207109994e-01,3.128093622656399203e-02,5.902002327583464637e-03,-7.838710307380800657e-01,1.230143623861283064e+00,-2.617954204062704071e-01,5.264089607882270982e+00
3.835747020732214185e-01,8.204400370207109994e-01,3.128093622656399203e-02,5.902002327583464637e-03,-7.838710307380800657e-01,1.230143623861283064e+00,-2.617954204062704071e-01,5.265801074050572517e+00
3.835747020732214185e-01,8.204400370207109994e-01,3.128093622656399203e-02,5.902002327583464637e-03,-7.838710307380800657e-01,1.230143623861283064e+00,-2.617954204062704071e-01,5.266371562773340287e+00
3.835747020732214185e-01,8.204400370207109994e-01,3.128093622656399203e-02,5.902002327583464637e-03,-7.838710307380800657e-01,1.230143623861283064e+00,-2.617954204062704071e-01,5.268083028941642709e+00
3.835747020732214185e-01,8.204400370207109994e-01,3.128093622656399203e-02,5.902002327583464637e-03,-7.838710307380800657e-01,1.230143623861283064e+00,-2.617954204062704071e-01,5.268653517664409591e+00
3.835747020732214185e-01,8.204400370207109994e-01,3.128093622656399203e-02,5.902002327583464637e-03,-7.838710307380800657e-01,1.230143623861283064e+00,-2.617954204062704071e-01,5.270935472555478896e+00
3.835747020732214185e-01,8.204400370207109994e-01,3.128093622656399203e-02,5.902002327583464637e-03,-7.838710307380800657e-01,1.230143623861283064e+00,-2.617954204062704071e-01,5.271505961278246666e+00
3.835747020732214185e-01,8.204400370207109994e-01,3.128093622656399203e-02,5.902002327583464637e-03,-7.838710307380800657e-01,1.230143623861283064e+00,-2.617954204062704071e-01,5.273775238642143925e+00
3.835747020732214185e-01,8.204400370207109994e-01,3.128093622656399203e-02,5.902002327583464637e-03,-7.838710307380800657e-01,1.230143623861283064e+00,-2.617954204062704071e-01,5.274345727364910807e+00
3.835747020732214185e-01,8.204400370207109994e-01,3.128093622656399203e-02,5.902002327583464637e-03,-7.838710307380800657e-01,1.230143623861283064e+00,-2.617954204062704071e-01,5.276627682255981000e+00
3.835747020732214185e-01,8.204400370207109994e-01,3.128093622656399203e-02,5.902002327583464637e-03,-7.838710307380800657e-01,1.230143623861283064e+00,-2.617954204062704071e-01,5.277198170978747882e+00
3.835747020732214185e-01,8.204400370207109994e-01,3.128093622656399203e-02,5.902002327583464637e-03,-7.838710307380800657e-01,1.230143623861283064e+00,-2.617954204062704071e-01,5.278909637147050304e+00
3.835747020732214185e-01,8.204400370207109994e-01,3.128093622656399203e-02,5.902002327583464637e-03,-7.838710307380800657e-01,1.230143623861283064e+00,-2.617954204062704071e-01,5.279480125869817186e+00
3.835747020732214185e-01,8.204400370207109994e-01,3.128093622656399203e-02,5.902002327583464637e-03,-7.838710307380800657e-01,1.230143623861283064e+00,-2.617954204062704071e-01,5.281178914510946676e+00
3.835747020732214185e-01,8.204400370207109994e-01,3.128093622656399203e-02,5.902002327583464637e-03,-7.838710307380800657e-01,1.230143623861283064e+00,-2.617954204062704071e-01,5.281749403233714446e+00
3.835747020732214185e-01,8.204400370207109994e-01,3.128093622656399203e-02,5.902002327583464637e-03,-7.838710307380800657e-01,1.230143623861283064e+00,-2.617954204062704071e-01,5.284031358124783750e+00
3.835747020732214185e-01,8.204400370207109994e-01,3.128093622656399203e-02,5.902002327583464637e-03,-7.838710307380800657e-01,1.230143623861283064e+00,-2.617954204062704071e-01,5.285172335570318403e+00
3.835747020732214185e-01,8.204400370207109994e-01,3.128093622656399203e-02,5.902002327583464637e-03,-7.838710307380800657e-01,1.230143623861283064e+00,-2.617954204062704071e-01,5.286883801738620825e+00
3.835747020732214185e-01,8.204400370207109994e-01,3.128093622656399203e-02,5.902002327583464637e-03,-7.838710307380800657e-01,1.230143623861283064e+00,-2.617954204062704071e-01,5.288012101656983432e+00
3.835747020732214185e-01,8.204400370207109994e-01,3.128093622656399203e-02,5.902002327583464637e-03,-7.838710307380800657e-01,1.230143623861283064e+00,-2.617954204062704071e-01,5.290294056548052737e+00
3.835747020732214185e-01,8.204400370207109994e-01,3.128093622656399203e-02,5.902002327583464637e-03,-7.838710307380800657e-01,1.230143623861283064e+00,-2.617954204062704071e-01,5.290864545270819619e+00
3.835747020732214185e-01,8.204400370207109994e-01,3.128093622656399203e-02,5.902002327583464637e-03,-7.838710307380800657e-01,1.230143623861283064e+00,-2.617954204062704071e-01,5.293146500161889811e+00
3.835747020732214185e-01,8.204400370207109994e-01,3.128093622656399203e-02,5.902002327583464637e-03,-7.838710307380800657e-01,1.230143623861283064e+00,-2.617954204062704071e-01,5.293716988884656693e+00
3.835747020732214185e-01,8.204400370207109994e-01,3.128093622656399203e-02,5.902002327583464637e-03,-7.838710307380800657e-01,1.230143623861283064e+00,-2.617954204062704071e-01,5.295428455052959116e+00
3.835747020732214185e-01,8.204400370207109994e-01,3.128093622656399203e-02,5.902002327583464637e-03,-7.838710307380800657e-01,1.230143623861283064e+00,-2.617954204062704071e-01,5.295998943775726886e+00
3.835747020732214185e-01,8.204400370207109994e-01,3.128093622656399203e-02,5.902002327583464637e-03,-7.838710307380800657e-01,1.230143623861283064e+00,-2.617954204062704071e-01,5.298838709862391028e+00
3.835747020732214185e-01,8.204400370207109994e-01,3.128093622656399203e-02,5.902002327583464637e-03,-7.838710307380800657e-01,1.230143623861283064e+00,-2.617954204062704071e-01,5.299409198585157910e+00
3.835747020732214185e-01,8.204400370207109994e-01,3.128093622656399203e-02,5.902002327583464637e-03,-7.838710307380800657e-01,1.230143623861283064e+00,-2.617954204062704071e-01,5.301691153476228102e+00
3.835747020732214185e-01,8.204400370207109994e-01,3.128093622656399203e-02,5.902002327583464637e-03,-7.838710307380800657e-01,1.230143623861283064e+00,-2.617954204062704071e-01,5.302261642198994984e+00
3.835747020732214185e-01,8.204400370207109994e-01,3.128093622656399203e-02,5.902002327583464637e-03,-7.838710307380800657e-01,1.230143623861283064e+00,-2.617954204062704071e-01,5.303973108367297407e+00
3.835747020732214185e-01,8.204400370207109994e-01,3.128093622656399203e-02,5.902002327583464637e-03,-7.838710307380800657e-01,1.230143623861283064e+00,-2.617954204062704071e-01,5.305684574535599829e+00
3.835747020732214185e-01,8.204400370207109994e-01,3.128093622656399203e-02,5.902002327583464637e-03,-7.838710307380800657e-01,1.230143623861283064e+00,-2.617954204062704071e-01,5.306255063258366711e+00
3.835747020732214185e-01,8.204400370207109994e-01,3.128093622656399203e-02,5.902002327583464637e-03,-7.838710307380800657e-01,1.230143623861283064e+00,-2.617954204062704071e-01,5.308524340622263971e+00
3.835747020732214185e-01,8.204400370207109994e-01,3.128093622656399203e-02,5.902002327583464637e-03,-7.838710307380800657e-01,1.230143623861283064e+00,-2.617954204062704071e-01,5.309094829345030853e+00
3.835747020732214185e-01,8.204400370207109994e-01,3.128093622656399203e-02,5.902002327583464637e-03,-7.838710307380800657e-01,1.230143623861283064e+00,-2.617954204062704071e-01,5.311376784236101045e+00
3.835747020732214185e-01,8.204400370207109994e-01,3.128093622656399203e-02,5.902002327583464637e-03,-7.838710307380800657e-01,1.230143623861283064e+00,-2.617954204062704071e-01,5.312517761681635697e+00
3.835747020732214185e-01,8.204400370207109994e-01,3.128093622656399203e-02,5.902002327583464637e-03,-7.838710307380800657e-01,1.230143623861283064e+00,-2.617954204062704071e-01,5.314799716572705002e+00
3.835747020732214185e-01,8.204400370207109994e-01,3.128093622656399203e-02,5.902002327583464637e-03,-7.838710307380800657e-01,1.230143623861283064e+00,-2.617954204062704071e-01,5.315370205295472772e+00
3.835747020732214185e-01,8.204400370207109994e-01,3.128093622656399203e-02,5.902002327583464637e-03,-7.838710307380800657e-01,1.230143623861283064e+00,-2.617954204062704071e-01,5.317652160186542076e+00
3.835747020732214185e-01,8.204400370207109994e-01,3.128093622656399203e-02,5.902002327583464637e-03,-7.838710307380800657e-01,1.230143623861283064e+00,-2.617954204062704071e-01,5.318222648909308958e+00
3.835747020732214185e-01,8.204400370207109994e-01,3.128093622656399203e-02,5.919996237118779758e-03,-7.838710307380800657e-01,1.230143623861283064e+00,-2.617954204062704071e-01,5.319921437550439336e+00
3.835747020732214185e-01,8.204400370207109994e-01,3.128093622656399203e-02,5.902002327583464637e-03,-7.838710307380800657e-01,1.230143623861283064e+00,-2.617954204062704071e-01,5.320491926273206218e+00
3.835747020732214185e-01,8.204400370207109994e-01,3.128093622656399203e-02,5.902002327583464637e-03,-7.838710307380800657e-01,1.230143623861283064e+00,-2.617954204062704071e-01,5.322773881164275522e+00
3.835747020732214185e-01,8.204400370207109994e-01,3.128093622656399203e-02,5.902002327583464637e-03,-7.838710307380800657e-01,1.230143623861283064e+00,-2.617954204062704071e-01,5.323344369887043293e+00
3.835747020732214185e-01,8.204400370207109994e-01,3.128093622656399203e-02,5.902002327583464637e-03,-7.838710307380800657e-01,1.230143623861283064e+00,-2.617954204062704071e-01,5.326196813500880367e+00
3.835747020732214185e-01,8.204400370207109994e-01,3.128093622656399203e-02,5.902002327583464637e-03,-7.838710307380800657e-01,1.230143623861283064e+00,-2.617954204062704071e-01,5.326767302223647249e+00
3.835747020732214185e-01,8.204400370207109994e-01,3.128093622656399203e-02,5.902002327583464637e-03,-7.838710307380800657e-01,1.230143623861283064e+00,-2.617954204062704071e-01,5.328466090864776739e+00
3.835747020732214185e-01,8.204400370207109994e-01,3.128093622656399203e-02,5.902002327583464637e-03,-7.838710307380800657e-01,1.230143623861283064e+00,-2.617954204062704071e-01,5.329607068310312279e+00
3.835747020732214185e-01,8.204400370207109994e-01,3.128093622656399203e-02,5.902002327583464637e-03,-7.838710307380800657e-01,1.230143623861283064e+00,-2.617954204062704071e-01,5.331889023201381583e+00
3.835747020732214185e-01,8.204400370207109994e-01,3.128093622656399203e-02,5.902002327583464637e-03,-7.838710307380800657e-01,1.230143623861283064e+00,-2.617954204062704071e-01,5.332459511924148465e+00
3.835747020732214185e-01,8.204400370207109994e-01,3.128093622656399203e-02,5.902002327583464637e-03,-7.838710307380800657e-01,1.230143623861283064e+00,-2.617954204062704071e-01,5.334170978092450888e+00
3.835747020732214185e-01,8.204400370207109994e-01,3.128093622656399203e-02,5.902002327583464637e-03,-7.838710307380800657e-01,1.230143623861283064e+00,-2.617954204062704071e-01,5.334741466815218658e+00
3.835747020732214185e-01,8.204400370207109994e-01,3.128093622656399203e-02,5.902002327583464637e-03,-7.838710307380800657e-01,1.230143623861283064e+00,-2.617954204062704071e-01,5.337023421706287962e+00
3.835747020732214185e-01,8.204400370207109994e-01,3.128093622656399203e-02,5.902002327583464637e-03,-7.838710307380800657e-01,1.230143623861283064e+00,-2.617954204062704071e-01,5.338151721624649682e+00
3.835747020732214185e-01,8.204400370207109994e-01,3.128093622656399203e-02,5.902002327583464637e-03,-7.838710307380800657e-01,1.230143623861283064e+00,-2.617954204062704071e-01,5.340433676515719874e+00
3.835747020732214185e-01,8.204400370207109994e-01,3.128093622656399203e-02,5.902002327583464637e-03,-7.838710307380800657e-01,1.230143623861283064e+00,-2.617954204062704071e-01,5.341004165238486756e+00
3.835747020732214185e-01,8.204400370207109994e-01,3.128093622656399203e-02,5.902002327583464637e-03,-7.838710307380800657e-01,1.230143623861283064e+00,-2.617954204062704071e-01,5.342715631406789178e+00
3.835747020732214185e-01,8.204400370207109994e-01,3.128093622656399203e-02,5.902002327583464637e-03,-7.838710307380800657e-01,1.230143623861283064e+00,-2.617954204062704071e-01,5.343286120129556949e+00
3.835747020732214185e-01,8.204400370207109994e-01,3.128093622656399203e-02,5.902002327583464637e-03,-7.838710307380800657e-01,1.230143623861283064e+00,-2.617954204062704071e-01,5.345568075020626253e+00
3.835747020732214185e-01,8.204400370207109994e-01,3.128093622656399203e-02,5.902002327583464637e-03,-7.838710307380800657e-01,1.230143623861283064e+00,-2.617954204062704071e-01,5.346138563743393135e+00
3.835747020732214185e-01,8.204400370207109994e-01,3.128093622656399203e-02,5.902002327583464637e-03,-7.838710307380800657e-01,1.230143623861283064e+00,-2.617954204062704071e-01,5.347837352384523513e+00
3.835747020732214185e-01,8.204400370207109994e-01,3.128093622656399203e-02,5.902002327583464637e-03,-7.838710307380800657e-01,1.230143623861283064e+00,-2.617954204062704071e-01,5.348407841107290395e+00
3.835747020732214185e-01,8.204400370207109994e-01,3.128093622656399203e-02,5.902002327583464637e-03,-7.838710307380800657e-01,1.230143623861283064e+00,-2.617954204062704071e-01,5.350689795998359699e+00
3.835747020732214185e-01,8.204400370207109994e-01,3.128093622656399203e-02,5.902002327583464637e-03,-7.838710307380800657e-01,1.230143623861283064e+00,-2.617954204062704071e-01,5.351260284721127469e+00
3.835747020732214185e-01,8.204400370207109994e-01,3.128093622656399203e-02,5.902002327583464637e-03,-7.838710307380800657e-01,1.230143623861283064e+00,-2.617954204062704071e-01,5.352971750889429892e+00
3.835747020732214185e-01,8.204400370207109994e-01,3.128093622656399203e-02,5.902002327583464637e-03,-7.838710307380800657e-01,1.230143623861283064e+00,-2.617954204062704071e-01,5.353542239612196774e+00
3.835747020732214185e-01,8.204400370207109994e-01,3.128093622656399203e-02,5.902002327583464637e-03,-7.838710307380800657e-01,1.230143623861283064e+00,-2.617954204062704071e-01,5.355253705780499196e+00
3.835747020732214185e-01,8.204400370207109994e-01,3.128093622656399203e-02,5.902002327583464637e-03,-7.838710307380800657e-01,1.230143623861283064e+00,-2.617954204062704071e-01,5.355811516976094033e+00
3.835747020732214185e-01,8.204400370207109994e-01,3.128093622656399203e-02,5.902002327583464637e-03,-7.838710307380800657e-01,1.230143623861283064e+00,-2.617954204062704071e-01,5.358093471867163338e+00
3.835747020732214185e-01,8.204400370207109994e-01,3.128093622656399203e-02,5.902002327583464637e-03,-7.838710307380800657e-01,1.230143623861283064e+00,-2.617954204062704071e-01,5.358663960589931108e+00
3.835747020732214185e-01,8.204400370207109994e-01,3.128093622656399203e-02,5.902002327583464637e-03,-7.838710307380800657e-01,1.230143623861283064e+00,-2.617954204062704071e-01,5.360375426758232642e+00
3.835747020732214185e-01,8.204400370207109994e-01,3.128093622656399203e-02,5.902002327583464637e-03,-7.838710307380800657e-01,1.230143623861283064e+00,-2.617954204062704071e-01,5.361516404203768182e+00
3.835747020732214185e-01,8.204400370207109994e-01,3.128093622656399203e-02,5.902002327583464637e-03,-7.838710307380800657e-01,1.230143623861283064e+00,-2.617954204062704071e-01,5.363227870372069717e+00
3.835747020732214185e-01,8.204400370207109994e-01,3.128093622656399203e-02,5.902002327583464637e-03,-7.838710307380800657e-01,1.230143623861283064e+00,-2.617954204062704071e-01,5.363798359094837487e+00
3.835747020732214185e-01,8.204400370207109994e-01,3.128093622656399203e-02,5.902002327583464637e-03,-7.838710307380800657e-01,1.230143623861283064e+00,-2.617954204062704071e-01,5.366067636458733858e+00
3.835747020732214185e-01,8.204400370207109994e-01,3.128093622656399203e-02,5.902002327583464637e-03,-7.838710307380800657e-01,1.230143623861283064e+00,-2.617954204062704071e-01,5.366638125181501628e+00
3.835747020732214185e-01,8.204400370207109994e-01,3.128093622656399203e-02,5.902002327583464637e-03,-7.838710307380800657e-01,1.230143623861283064e+00,-2.617954204062704071e-01,5.368920080072570933e+00
3.835747020732214185e-01,8.204400370207109994e-01,3.128093622656399203e-02,5.902002327583464637e-03,-7.838710307380800657e-01,1.230143623861283064e+00,-2.617954204062704071e-01,5.369490568795338703e+00
3.835747020732214185e-01,8.204400370207109994e-01,3.128093622656399203e-02,5.902002327583464637e-03,-7.838710307380800657e-01,1.230143623861283064e+00,-2.617954204062704071e-01,5.371202034963641125e+00
3.835747020732214185e-01,8.204400370207109994e-01,3.128093622656399203e-02,5.902002327583464637e-03,-7.838710307380800657e-01,1.230143623861283064e+00,-2.617954204062704071e-01,5.371759846159235963e+00
3.835747020732214185e-01,8.204400370207109994e-01,3.128093622656399203e-02,5.902002327583464637e-03,-7.838710307380800657e-01,1.230143623861283064e+00,-2.617954204062704071e-01,5.374054478577477312e+00
3.835747020732214185e-01,8.204400370207109994e-01,3.128093622656399203e-02,5.902002327583464637e-03,-7.838710307380800657e-01,1.230143623861283064e+00,-2.617954204062704071e-01,5.374624967300245082e+00
3.835747020732214185e-01,8.204400370207109994e-01,3.128093622656399203e-02,5.919996237118779758e-03,-7.838710307380800657e-01,1.230143623861283064e+00,-2.617954204062704071e-01,5.376323755941374571e+00
3.835747020732214185e-01,8.204400370207109994e-01,3.128093622656399203e-02,5.902002327583464637e-03,-7.838710307380800657e-01,1.230143623861283064e+00,-2.617954204062704071e-01,5.376894244664142342e+00
3.835747020732214185e-01,8.204400370207109994e-01,3.128093622656399203e-02,5.902002327583464637e-03,-7.838710307380800657e-01,1.230143623861283064e+00,-2.617954204062704071e-01,5.379176199555211646e+00
3.835747020732214185e-01,8.204400370207109994e-01,3.128093622656399203e-02,5.902002327583464637e-03,-7.838710307380800657e-01,1.230143623861283064e+00,-2.617954204062704071e-01,5.379746688277978528e+00
3.835747020732214185e-01,8.204400370207109994e-01,3.128093622656399203e-02,5.902002327583464637e-03,-7.838710307380800657e-01,1.230143623861283064e+00,-2.617954204062704071e-01,5.382015965641875788e+00
3.835747020732214185e-01,8.204400370207109994e-01,3.128093622656399203e-02,5.902002327583464637e-03,-7.838710307380800657e-01,1.230143623861283064e+00,-2.617954204062704071e-01,5.382599131891815603e+00
3.835747020732214185e-01,8.204400370207109994e-01,3.128093622656399203e-02,5.902002327583464637e-03,-7.838710307380800657e-01,1.230143623861283064e+00,-2.617954204062704071e-01,5.384881086782885795e+00
3.835747020732214185e-01,8.204400370207109994e-01,3.128093622656399203e-02,5.902002327583464637e-03,-7.838710307380800657e-01,1.230143623861283064e+00,-2.617954204062704071e-01,5.385451575505652677e+00
3.835747020732214185e-01,8.204400370207109994e-01,3.128093622656399203e-02,5.902002327583464637e-03,-7.838710307380800657e-01,1.230143623861283064e+00,-2.617954204062704071e-01,5.387150364146782167e+00
3.835747020732214185e-01,8.204400370207109994e-01,3.128093622656399203e-02,5.902002327583464637e-03,-7.838710307380800657e-01,1.230143623861283064e+00,-2.617954204062704071e-01,5.388291341592316819e+00
3.835747020732214185e-01,8.204400370207109994e-01,3.128093622656399203e-02,5.902002327583464637e-03,-7.838710307380800657e-01,1.230143623861283064e+00,-2.617954204062704071e-01,5.390573296483387011e+00
3.835747020732214185e-01,8.204400370207109994e-01,3.128093622656399203e-02,5.902002327583464637e-03,-7.838710307380800657e-01,1.230143623861283064e+00,-2.617954204062704071e-01,5.391143785206153893e+00
3.835747020732214185e-01,8.204400370207109994e-01,3.128093622656399203e-02,5.902002327583464637e-03,-7.838710307380800657e-01,1.230143623861283064e+00,-2.617954204062704071e-01,5.393425740097223198e+00
3.835747020732214185e-01,8.204400370207109994e-01,3.128093622656399203e-02,5.902002327583464637e-03,-7.838710307380800657e-01,1.230143623861283064e+00,-2.617954204062704071e-01,5.393996228819990968e+00
3.835747020732214185e-01,8.204400370207109994e-01,3.128093622656399203e-02,5.902002327583464637e-03,-7.838710307380800657e-01,1.230143623861283064e+00,-2.617954204062704071e-01,5.395707694988293390e+00
3.835747020732214185e-01,8.204400370207109994e-01,3.128093622656399203e-02,5.902002327583464637e-03,-7.838710307380800657e-01,1.230143623861283064e+00,-2.617954204062704071e-01,5.396848672433828042e+00
3.835747020732214185e-01,8.204400370207109994e-01,3.128093622656399203e-02,5.902002327583464637e-03,-7.838710307380800657e-01,1.230143623861283064e+00,-2.617954204062704071e-01,5.398547461074957532e+00
3.835747020732214185e-01,8.204400370207109994e-01,3.128093622656399203e-02,5.902002327583464637e-03,-7.838710307380800657e-01,1.230143623861283064e+00,-2.617954204062704071e-01,5.399117949797725302e+00
3.835747020732214185e-01,8.204400370207109994e-01,3.128093622656399203e-02,5.902002327583464637e-03,-7.838710307380800657e-01,1.230143623861283064e+00,-2.617954204062704071e-01,5.401399904688794606e+00
3.835747020732214185e-01,8.204400370207109994e-01,3.128093622656399203e-02,5.902002327583464637e-03,-7.838710307380800657e-01,1.230143623861283064e+00,-2.617954204062704071e-01,5.401970393411561489e+00
3.835747020732214185e-01,8.204400370207109994e-01,3.128093622656399203e-02,5.919996237118779758e-03,-7.838710307380800657e-01,1.230143623861283064e+00,-2.617954204062704071e-01,5.403669182052690978e+00
3.835747020732214185e-01,8.204400370207109994e-01,3.128093622656399203e-02,5.902002327583464637e-03,-7.838710307380800657e-01,1.230143623861283064e+00,-2.617954204062704071e-01,5.404252348302631681e+00
3.835747020732214185e-01,8.204400370207109994e-01,3.128093622656399203e-02,5.902002327583464637e-03,-7.838710307380800657e-01,1.230143623861283064e+00,-2.617954204062704071e-01,5.407662603112062705e+00
3.835747020732214185e-01,8.204400370207109994e-01,3.128093622656399203e-02,5.902002327583464637e-03,-7.838710307380800657e-01,1.230143623861283064e+00,-2.617954204062704071e-01,5.408803580557598245e+00
3.835747020732214185e-01,8.204400370207109994e-01,3.128093622656399203e-02,5.902002327583464637e-03,-7.838710307380800657e-01,1.230143623861283064e+00,-2.617954204062704071e-01,5.411085535448667549e+00
3.835747020732214185e-01,8.204400370207109994e-01,3.128093622656399203e-02,5.902002327583464637e-03,-7.838710307380800657e-01,1.230143623861283064e+00,-2.617954204062704071e-01,5.411656024171434431e+00
3.835747020732214185e-01,8.204400370207109994e-01,3.128093622656399203e-02,5.902002327583464637e-03,-7.838710307380800657e-01,1.230143623861283064e+00,-2.617954204062704071e-01,5.413937979062504624e+00
3.835747020732214185e-01,8.204400370207109994e-01,3.128093622656399203e-02,5.902002327583464637e-03,-7.838710307380800657e-01,1.230143623861283064e+00,-2.617954204062704071e-01,5.415066278980866343e+00
3.835747020732214185e-01,8.204400370207109994e-01,3.128093622656399203e-02,5.902002327583464637e-03,-7.838710307380800657e-01,1.230143623861283064e+00,-2.617954204062704071e-01,5.417348233871935648e+00
3.835747020732214185e-01,8.204400370207109994e-01,3.128093622656399203e-02,5.902002327583464637e-03,-7.838710307380800657e-01,1.230143623861283064e+00,-2.617954204062704071e-01,5.417918722594703418e+00
3.835747020732214185e-01,8.204400370207109994e-01,3.128093622656399203e-02,5.902002327583464637e-03,-7.838710307380800657e-01,1.230143623861283064e+00,-2.617954204062704071e-01,5.419630188763005840e+00
3.835747020732214185e-01,8.204400370207109994e-01,3.128093622656399203e-02,5.902002327583464637e-03,-7.838710307380800657e-01,1.230143623861283064e+00,-2.617954204062704071e-01,5.421912143654075145e+00
3.835747020732214185e-01,8.204400370207109994e-01,3.128093622656399203e-02,5.902002327583464637e-03,-7.838710307380800657e-01,1.230143623861283064e+00,-2.617954204062704071e-01,5.422482632376842915e+00
3.835747020732214185e-01,8.204400370207109994e-01,3.128093622656399203e-02,5.902002327583464637e-03,-7.838710307380800657e-01,1.230143623861283064e+00,-2.617954204062704071e-01,5.424751909740739286e+00
3.835747020732214185e-01,8.204400370207109994e-01,3.128093622656399203e-02,5.902002327583464637e-03,-7.838710307380800657e-01,1.230143623861283064e+00,-2.617954204062704071e-01,5.425322398463507056e+00
3.835747020732214185e-01,8.204400370207109994e-01,3.128093622656399203e-02,5.902002327583464637e-03,-7.838710307380800657e-01,1.230143623861283064e+00,-2.617954204062704071e-01,5.427604353354576361e+00
3.835747020732214185e-01,8.204400370207109994e-01,3.128093622656399203e-02,5.902002327583464637e-03,-7.838710307380800657e-01,1.230143623861283064e+00,-2.617954204062704071e-01,5.428174842077344131e+00
3.835747020732214185e-01,8.204400370207109994e-01,3.128093622656399203e-02,5.902002327583464637e-03,-7.838710307380800657e-01,1.230143623861283064e+00,-2.617954204062704071e-01,5.431597774413948088e+00
3.835747020732214185e-01,8.204400370207109994e-01,3.128093622656399203e-02,5.902002327583464637e-03,-7.838710307380800657e-01,1.230143623861283064e+00,-2.617954204062704071e-01,5.432168263136715858e+00
3.835747020732214185e-01,8.204400370207109994e-01,3.128093622656399203e-02,5.902002327583464637e-03,-7.838710307380800657e-01,1.230143623861283064e+00,-2.617954204062704071e-01,5.433867051777845347e+00
3.835747020732214185e-01,8.204400370207109994e-01,3.128093622656399203e-02,5.902002327583464637e-03,-7.838710307380800657e-01,1.230143623861283064e+00,-2.617954204062704071e-01,5.434437540500612229e+00
3.835747020732214185e-01,8.204400370207109994e-01,3.128093622656399203e-02,5.902002327583464637e-03,-7.838710307380800657e-01,1.230143623861283064e+00,-2.617954204062704071e-01,5.436719495391682422e+00
3.835747020732214185e-01,8.204400370207109994e-01,3.128093622656399203e-02,5.902002327583464637e-03,-7.838710307380800657e-01,1.230143623861283064e+00,-2.617954204062704071e-01,5.437860472837217074e+00
3.835747020732214185e-01,8.204400370207109994e-01,3.128093622656399203e-02,5.902002327583464637e-03,-7.838710307380800657e-01,1.230143623861283064e+00,-2.617954204062704071e-01,5.439571939005518608e+00
3.835747020732214185e-01,8.204400370207109994e-01,3.128093622656399203e-02,5.902002327583464637e-03,-7.838710307380800657e-01,1.230143623861283064e+00,-2.617954204062704071e-01,5.440142427728286378e+00
3.835747020732214185e-01,8.204400370207109994e-01,3.128093622656399203e-02,5.902002327583464637e-03,-7.838710307380800657e-01,1.230143623861283064e+00,-2.617954204062704071e-01,5.442982193814950520e+00
3.835747020732214185e-01,8.204400370207109994e-01,3.128093622656399203e-02,5.902002327583464637e-03,-7.838710307380800657e-01,1.230143623861283064e+00,-2.617954204062704071e-01,5.443552682537718290e+00
3.835747020732214185e-01,8.204400370207109994e-01,3.128093622656399203e-02,5.902002327583464637e-03,-7.838710307380800657e-01,1.230143623861283064e+00,-2.617954204062704071e-01,5.445834637428787595e+00
3.835747020732214185e-01,8.204400370207109994e-01,3.128093622656399203e-02,5.902002327583464637e-03,-7.838710307380800657e-01,1.230143623861283064e+00,-2.617954204062704071e-01,5.446405126151555365e+00
3.835747020732214185e-01,8.204400370207109994e-01,3.128093622656399203e-02,5.902002327583464637e-03,-7.838710307380800657e-01,1.230143623861283064e+00,-2.617954204062704071e-01,5.448116592319856899e+00
3.835747020732214185e-01,8.204400370207109994e-01,3.128093622656399203e-02,5.902002327583464637e-03,-7.838710307380800657e-01,1.230143623861283064e+00,-2.617954204062704071e-01,5.449257569765391551e+00
3.835747020732214185e-01,8.204400370207109994e-01,3.128093622656399203e-02,5.902002327583464637e-03,-7.838710307380800657e-01,1.230143623861283064e+00,-2.617954204062704071e-01,5.450956358406521041e+00
3.835747020732214185e-01,8.204400370207109994e-01,3.128093622656399203e-02,5.902002327583464637e-03,-7.838710307380800657e-01,1.230143623861283064e+00,-2.617954204062704071e-01,5.451526847129288811e+00
3.835747020732214185e-01,8.204400370207109994e-01,3.128093622656399203e-02,5.902002327583464637e-03,-7.838710307380800657e-01,1.230143623861283064e+00,-2.617954204062704071e-01,5.453238313297591233e+00
3.835747020732214185e-01,8.204400370207109994e-01,3.128093622656399203e-02,5.902002327583464637e-03,-7.838710307380800657e-01,1.230143623861283064e+00,-2.617954204062704071e-01,5.454949779465892767e+00
3.835747020732214185e-01,8.204400370207109994e-01,3.128093622656399203e-02,5.902002327583464637e-03,-7.838710307380800657e-01,1.230143623861283064e+00,-2.617954204062704071e-01,5.456090756911428308e+00
3.835747020732214185e-01,8.204400370207109994e-01,3.128093622656399203e-02,5.902002327583464637e-03,-7.838710307380800657e-01,1.230143623861283064e+00,-2.617954204062704071e-01,5.457802223079729842e+00
3.835747020732214185e-01,8.204400370207109994e-01,3.128093622656399203e-02,5.902002327583464637e-03,-7.838710307380800657e-01,1.230143623861283064e+00,-2.617954204062704071e-01,5.458372711802497612e+00
3.835747020732214185e-01,8.204400370207109994e-01,3.128093622656399203e-02,5.902002327583464637e-03,-7.838710307380800657e-01,1.230143623861283064e+00,-2.617954204062704071e-01,5.460641989166394872e+00
3.835747020732214185e-01,8.204400370207109994e-01,3.128093622656399203e-02,5.902002327583464637e-03,-7.838710307380800657e-01,1.230143623861283064e+00,-2.617954204062704071e-01,5.461212477889161754e+00
3.835747020732214185e-01,8.204400370207109994e-01,3.128093622656399203e-02,5.902002327583464637e-03,-7.838710307380800657e-01,1.230143623861283064e+00,-2.617954204062704071e-01,5.462923944057464176e+00
3.835747020732214185e-01,8.204400370207109994e-01,3.128093622656399203e-02,5.902002327583464637e-03,-7.838710307380800657e-01,1.230143623861283064e+00,-2.617954204062704071e-01,5.463494432780231058e+00
3.835747020732214185e-01,8.204400370207109994e-01,3.128093622656399203e-02,5.902002327583464637e-03,-7.838710307380800657e-01,1.230143623861283064e+00,-2.617954204062704071e-01,5.465776387671301251e+00
3.835747020732214185e-01,8.204400370207109994e-01,3.128093622656399203e-02,5.902002327583464637e-03,-7.838710307380800657e-01,1.230143623861283064e+00,-2.617954204062704071e-01,5.466346876394068133e+00
3.835747020732214185e-01,8.204400370207109994e-01,3.128093622656399203e-02,5.902002327583464637e-03,-7.838710307380800657e-01,1.230143623861283064e+00,-2.617954204062704071e-01,5.468058342562370555e+00
3.835747020732214185e-01,8.204400370207109994e-01,3.128093622656399203e-02,5.902002327583464637e-03,-7.838710307380800657e-01,1.230143623861283064e+00,-2.617954204062704071e-01,5.468628831285137437e+00
3.835747020732214185e-01,8.204400370207109994e-01,3.128093622656399203e-02,5.902002327583464637e-03,-7.838710307380800657e-01,1.230143623861283064e+00,-2.617954204062704071e-01,5.470910786176207630e+00
3.835747020732214185e-01,8.204400370207109994e-01,3.128093622656399203e-02,5.902002327583464637e-03,-7.838710307380800657e-01,1.230143623861283064e+00,-2.617954204062704071e-01,5.471468597371802467e+00
3.835747020732214185e-01,8.204400370207109994e-01,3.128093622656399203e-02,5.902002327583464637e-03,-7.838710307380800657e-01,1.230143623861283064e+00,-2.617954204062704071e-01,5.473180063540104001e+00
3.835747020732214185e-01,8.204400370207109994e-01,3.128093622656399203e-02,5.902002327583464637e-03,-7.838710307380800657e-01,1.230143623861283064e+00,-2.617954204062704071e-01,5.473750552262871771e+00
3.835747020732214185e-01,8.204400370207109994e-01,3.128093622656399203e-02,5.902002327583464637e-03,-7.838710307380800657e-01,1.230143623861283064e+00,-2.617954204062704071e-01,5.476602995876708846e+00
3.835747020732214185e-01,8.204400370207109994e-01,3.128093622656399203e-02,5.902002327583464637e-03,-7.838710307380800657e-01,1.230143623861283064e+00,-2.617954204062704071e-01,5.477173484599475728e+00
3.835747020732214185e-01,8.204400370207109994e-01,3.128093622656399203e-02,5.902002327583464637e-03,-7.838710307380800657e-01,1.230143623861283064e+00,-2.617954204062704071e-01,5.478884950767778150e+00
3.835747020732214185e-01,8.204400370207109994e-01,3.128093622656399203e-02,5.902002327583464637e-03,-7.838710307380800657e-01,1.230143623861283064e+00,-2.617954204062704071e-01,5.479455439490545920e+00
3.835747020732214185e-01,8.204400370207109994e-01,3.128093622656399203e-02,5.902002327583464637e-03,-7.838710307380800657e-01,1.230143623861283064e+00,-2.617954204062704071e-01,5.481737394381615225e+00
3.835747020732214185e-01,8.204400370207109994e-01,3.128093622656399203e-02,5.902002327583464637e-03,-7.838710307380800657e-01,1.230143623861283064e+00,-2.617954204062704071e-01,5.482295205577210062e+00
3.835747020732214185e-01,8.204400370207109994e-01,3.128093622656399203e-02,5.902002327583464637e-03,-7.838710307380800657e-01,1.230143623861283064e+00,-2.617954204062704071e-01,5.484006671745512485e+00
3.835747020732214185e-01,8.204400370207109994e-01,3.128093622656399203e-02,5.902002327583464637e-03,-7.838710307380800657e-01,1.230143623861283064e+00,-2.617954204062704071e-01,5.484577160468279367e+00
3.835747020732214185e-01,8.204400370207109994e-01,3.128093622656399203e-02,5.902002327583464637e-03,-7.838710307380800657e-01,1.230143623861283064e+00,-2.617954204062704071e-01,5.486859115359348671e+00
3.835747020732214185e-01,8.204400370207109994e-01,3.128093622656399203e-02,5.902002327583464637e-03,-7.838710307380800657e-01,1.230143623861283064e+00,-2.617954204062704071e-01,5.487429604082116441e+00
3.835747020732214185e-01,8.204400370207109994e-01,3.128093622656399203e-02,5.902002327583464637e-03,-7.838710307380800657e-01,1.230143623861283064e+00,-2.617954204062704071e-01,5.489711558973185745e+00
3.835747020732214185e-01,8.204400370207109994e-01,3.128093622656399203e-02,5.902002327583464637e-03,-7.838710307380800657e-01,1.230143623861283064e+00,-2.617954204062704071e-01,5.490282047695953516e+00
3.835747020732214185e-01,8.204400370207109994e-01,3.128093622656399203e-02,5.902002327583464637e-03,-7.838710307380800657e-01,1.230143623861283064e+00,-2.617954204062704071e-01,5.493121813782617657e+00
3.835747020732214185e-01,8.204400370207109994e-01,3.128093622656399203e-02,5.902002327583464637e-03,-7.838710307380800657e-01,1.230143623861283064e+00,-2.617954204062704071e-01,5.493692302505385427e+00
3.835747020732214185e-01,8.204400370207109994e-01,3.128093622656399203e-02,5.902002327583464637e-03,-7.838710307380800657e-01,1.230143623861283064e+00,-2.617954204062704071e-01,5.495403768673686962e+00
3.835747020732214185e-01,8.204400370207109994e-01,3.128093622656399203e-02,5.902002327583464637e-03,-7.838710307380800657e-01,1.230143623861283064e+00,-2.617954204062704071e-01,5.495974257396454732e+00
3.835747020732214185e-01,8.204400370207109994e-01,3.128093622656399203e-02,5.902002327583464637e-03,-7.838710307380800657e-01,1.230143623861283064e+00,-2.617954204062704071e-01,5.498256212287524036e+00
3.835747020732214185e-01,8.204400370207109994e-01,3.128093622656399203e-02,5.902002327583464637e-03,-7.838710307380800657e-01,1.230143623861283064e+00,-2.617954204062704071e-01,5.498826701010291806e+00
3.835747020732214185e-01,8.204400370207109994e-01,3.128093622656399203e-02,5.902002327583464637e-03,-7.838710307380800657e-01,1.230143623861283064e+00,-2.617954204062704071e-01,5.501095978374188178e+00
3.835747020732214185e-01,8.204400370207109994e-01,3.128093622656399203e-02,5.902002327583464637e-03,-7.838710307380800657e-01,1.230143623861283064e+00,-2.617954204062704071e-01,5.501666467096955948e+00
3.835747020732214185e-01,8.204400370207109994e-01,3.128093622656399203e-02,5.902002327583464637e-03,-7.838710307380800657e-01,1.230143623861283064e+00,-2.617954204062704071e-01,5.503377933265258370e+00
3.835747020732214185e-01,8.204400370207109994e-01,3.128093622656399203e-02,5.902002327583464637e-03,-7.838710307380800657e-01,1.230143623861283064e+00,-2.617954204062704071e-01,5.503948421988025252e+00
3.835747020732214185e-01,8.204400370207109994e-01,3.128093622656399203e-02,5.902002327583464637e-03,-7.838710307380800657e-01,1.230143623861283064e+00,-2.617954204062704071e-01,5.506217699351922512e+00
3.835747020732214185e-01,8.204400370207109994e-01,3.128093622656399203e-02,5.902002327583464637e-03,-7.838710307380800657e-01,1.230143623861283064e+00,-2.617954204062704071e-01,5.507358676797457164e+00
3.835747020732214185e-01,8.204400370207109994e-01,3.128093622656399203e-02,5.902002327583464637e-03,-7.838710307380800657e-01,1.230143623861283064e+00,-2.617954204062704071e-01,5.509640631688526469e+00
3.835747020732214185e-01,8.204400370207109994e-01,3.128093622656399203e-02,5.902002327583464637e-03,-7.838710307380800657e-01,1.230143623861283064e+00,-2.617954204062704071e-01,5.510211120411294239e+00
3.835747020732214185e-01,8.204400370207109994e-01,3.128093622656399203e-02,5.902002327583464637e-03,-7.838710307380800657e-01,1.230143623861283064e+00,-2.617954204062704071e-01,5.513063564025131313e+00
3.835747020732214185e-01,8.204400370207109994e-01,3.128093622656399203e-02,5.902002327583464637e-03,-7.838710307380800657e-01,1.230143623861283064e+00,-2.617954204062704071e-01,5.514204541470665966e+00
3.835747020732214185e-01,8.204400370207109994e-01,3.128093622656399203e-02,5.902002327583464637e-03,-7.838710307380800657e-01,1.230143623861283064e+00,-2.617954204062704071e-01,5.514775030193432848e+00
3.835747020732214185e-01,8.204400370207109994e-01,3.128093622656399203e-02,5.902002327583464637e-03,-7.838710307380800657e-01,1.230143623861283064e+00,-2.617954204062704071e-01,5.516473818834562337e+00
3.835747020732214185e-01,8.204400370207109994e-01,3.128093622656399203e-02,5.902002327583464637e-03,-7.838710307380800657e-01,1.230143623861283064e+00,-2.617954204062704071e-01,5.517044307557330107e+00
3.835747020732214185e-01,8.204400370207109994e-01,3.128093622656399203e-02,5.902002327583464637e-03,-7.838710307380800657e-01,1.230143623861283064e+00,-2.617954204062704071e-01,5.519326262448399412e+00
3.835747020732214185e-01,8.204400370207109994e-01,3.128093622656399203e-02,5.902002327583464637e-03,-7.838710307380800657e-01,1.230143623861283064e+00,-2.617954204062704071e-01,5.519896751171167182e+00
3.835747020732214185e-01,8.204400370207109994e-01,3.128093622656399203e-02,5.902002327583464637e-03,-7.838710307380800657e-01,1.230143623861283064e+00,-2.617954204062704071e-01,5.521608217339469604e+00
3.835747020732214185e-01,8.204400370207109994e-01,3.128093622656399203e-02,5.902002327583464637e-03,-7.838710307380800657e-01,1.230143623861283064e+00,-2.617954204062704071e-01,5.522749194785004256e+00
3.835747020732214185e-01,8.204400370207109994e-01,3.128093622656399203e-02,5.902002327583464637e-03,-7.838710307380800657e-01,1.230143623861283064e+00,-2.617954204062704071e-01,5.525031149676073561e+00
3.835747020732214185e-01,8.204400370207109994e-01,3.128093622656399203e-02,5.902002327583464637e-03,-7.838710307380800657e-01,1.230143623861283064e+00,-2.617954204062704071e-01,5.525601638398841331e+00
3.835747020732214185e-01,8.204400370207109994e-01,3.128093622656399203e-02,5.902002327583464637e-03,-7.838710307380800657e-01,1.230143623861283064e+00,-2.617954204062704071e-01,5.527300427039970820e+00
3.835747020732214185e-01,8.204400370207109994e-01,3.128093622656399203e-02,5.902002327583464637e-03,-7.838710307380800657e-01,1.230143623861283064e+00,-2.617954204062704071e-01,5.527870915762737702e+00
3.835747020732214185e-01,8.204400370207109994e-01,3.128093622656399203e-02,5.902002327583464637e-03,-7.838710307380800657e-01,1.230143623861283064e+00,-2.617954204062704071e-01,5.529582381931040125e+00
3.835747020732214185e-01,8.204400370207109994e-01,3.128093622656399203e-02,5.902002327583464637e-03,-7.838710307380800657e-01,1.230143623861283064e+00,-2.617954204062704071e-01,5.530723359376574777e+00
3.835747020732214185e-01,8.204400370207109994e-01,3.128093622656399203e-02,5.902002327583464637e-03,-7.838710307380800657e-01,1.230143623861283064e+00,-2.617954204062704071e-01,5.533005314267644081e+00
3.835747020732214185e-01,8.204400370207109994e-01,3.128093622656399203e-02,5.902002327583464637e-03,-7.838710307380800657e-01,1.230143623861283064e+00,-2.617954204062704071e-01,5.533575802990411852e+00
3.835747020732214185e-01,8.204400370207109994e-01,3.128093622656399203e-02,5.902002327583464637e-03,-7.838710307380800657e-01,1.230143623861283064e+00,-2.617954204062704071e-01,5.535287269158714274e+00
3.835747020732214185e-01,8.204400370207109994e-01,3.128093622656399203e-02,5.902002327583464637e-03,-7.838710307380800657e-01,1.230143623861283064e+00,-2.617954204062704071e-01,5.537556546522610645e+00
3.835747020732214185e-01,8.204400370207109994e-01,3.128093622656399203e-02,5.902002327583464637e-03,-7.838710307380800657e-01,1.230143623861283064e+00,-2.617954204062704071e-01,5.538127035245378416e+00
3.835747020732214185e-01,8.204400370207109994e-01,3.128093622656399203e-02,5.902002327583464637e-03,-7.838710307380800657e-01,1.230143623861283064e+00,-2.617954204062704071e-01,5.540408990136447720e+00
3.835747020732214185e-01,8.204400370207109994e-01,3.128093622656399203e-02,5.902002327583464637e-03,-7.838710307380800657e-01,1.230143623861283064e+00,-2.617954204062704071e-01,5.540979478859215490e+00
3.835747020732214185e-01,8.204400370207109994e-01,3.128093622656399203e-02,5.902002327583464637e-03,-7.838710307380800657e-01,1.230143623861283064e+00,-2.617954204062704071e-01,5.543261433750284795e+00
3.835747020732214185e-01,8.204400370207109994e-01,3.128093622656399203e-02,5.902002327583464637e-03,-7.838710307380800657e-01,1.230143623861283064e+00,-2.617954204062704071e-01,5.544402411195819447e+00
3.835747020732214185e-01,8.204400370207109994e-01,3.128093622656399203e-02,5.902002327583464637e-03,-7.838710307380800657e-01,1.230143623861283064e+00,-2.617954204062704071e-01,5.546684366086888751e+00
3.835747020732214185e-01,8.204400370207109994e-01,3.128093622656399203e-02,5.902002327583464637e-03,-7.838710307380800657e-01,1.230143623861283064e+00,-2.617954204062704071e-01,5.547242177282483588e+00
3.835747020732214185e-01,8.204400370207109994e-01,3.128093622656399203e-02,5.902002327583464637e-03,-7.838710307380800657e-01,1.230143623861283064e+00,-2.617954204062704071e-01,5.549524132173553781e+00
3.835747020732214185e-01,8.204400370207109994e-01,3.128093622656399203e-02,5.902002327583464637e-03,-7.838710307380800657e-01,1.230143623861283064e+00,-2.617954204062704071e-01,5.550094620896320663e+00
3.835747020732214185e-01,8.204400370207109994e-01,3.128093622656399203e-02,5.902002327583464637e-03,-7.838710307380800657e-01,1.230143623861283064e+00,-2.617954204062704071e-01,5.552376575787389967e+00
3.835747020732214185e-01,8.204400370207109994e-01,3.128093622656399203e-02,5.902002327583464637e-03,-7.838710307380800657e-01,1.230143623861283064e+00,-2.617954204062704071e-01,5.553517553232925508e+00
3.835747020732214185e-01,8.204400370207109994e-01,3.128093622656399203e-02,5.902002327583464637e-03,-7.838710307380800657e-01,1.230143623861283064e+00,-2.617954204062704071e-01,5.555229019401227042e+00
3.835747020732214185e-01,8.204400370207109994e-01,3.128093622656399203e-02,5.902002327583464637e-03,-7.838710307380800657e-01,1.230143623861283064e+00,-2.617954204062704071e-01,5.555799508123994812e+00
3.835747020732214185e-01,8.204400370207109994e-01,3.128093622656399203e-02,5.902002327583464637e-03,-7.838710307380800657e-01,1.230143623861283064e+00,-2.617954204062704071e-01,5.558068785487891184e+00
3.835747020732214185e-01,8.204400370207109994e-01,3.128093622656399203e-02,5.902002327583464637e-03,-7.838710307380800657e-01,1.230143623861283064e+00,-2.617954204062704071e-01,5.558639274210658954e+00
3.835747020732214185e-01,8.204400370207109994e-01,3.128093622656399203e-02,5.902002327583464637e-03,-7.838710307380800657e-01,1.230143623861283064e+00,-2.617954204062704071e-01,5.560350740378961376e+00
3.835747020732214185e-01,8.204400370207109994e-01,3.128093622656399203e-02,5.902002327583464637e-03,-7.838710307380800657e-01,1.230143623861283064e+00,-2.617954204062704071e-01,5.561491717824496028e+00
3.835747020732214185e-01,8.204400370207109994e-01,3.128093622656399203e-02,5.902002327583464637e-03,-7.838710307380800657e-01,1.230143623861283064e+00,-2.617954204062704071e-01,5.563773672715565333e+00
3.835747020732214185e-01,8.204400370207109994e-01,3.128093622656399203e-02,5.902002327583464637e-03,-7.838710307380800657e-01,1.230143623861283064e+00,-2.617954204062704071e-01,5.564914650161099985e+00
3.835747020732214185e-01,8.204400370207109994e-01,3.128093622656399203e-02,5.902002327583464637e-03,-7.838710307380800657e-01,1.230143623861283064e+00,-2.617954204062704071e-01,5.567196605052170177e+00
3.835747020732214185e-01,8.204400370207109994e-01,3.128093622656399203e-02,5.902002327583464637e-03,-7.838710307380800657e-01,1.230143623861283064e+00,-2.617954204062704071e-01,5.567754416247764127e+00
3.835747020732214185e-01,8.204400370207109994e-01,3.128093622656399203e-02,5.902002327583464637e-03,-7.838710307380800657e-01,1.230143623861283064e+00,-2.617954204062704071e-01,5.570036371138834319e+00
3.835747020732214185e-01,8.204400370207109994e-01,3.128093622656399203e-02,5.902002327583464637e-03,-7.838710307380800657e-01,1.230143623861283064e+00,-2.617954204062704071e-01,5.570606859861601201e+00
3.835747020732214185e-01,8.204400370207109994e-01,3.128093622656399203e-02,5.902002327583464637e-03,-7.838710307380800657e-01,1.230143623861283064e+00,-2.617954204062704071e-01,5.572888814752671394e+00
3.835747020732214185e-01,8.204400370207109994e-01,3.128093622656399203e-02,5.902002327583464637e-03,-7.838710307380800657e-01,1.230143623861283064e+00,-2.617954204062704071e-01,5.573459303475438276e+00
3.835747020732214185e-01,8.204400370207109994e-01,3.128093622656399203e-02,5.902002327583464637e-03,-7.838710307380800657e-01,1.230143623861283064e+00,-2.617954204062704071e-01,5.575741258366507580e+00
3.835747020732214185e-01,8.204400370207109994e-01,3.128093622656399203e-02,5.902002327583464637e-03,-7.838710307380800657e-01,1.230143623861283064e+00,-2.617954204062704071e-01,5.576311747089275350e+00
3.835747020732214185e-01,8.204400370207109994e-01,3.128093622656399203e-02,5.902002327583464637e-03,-7.838710307380800657e-01,1.230143623861283064e+00,-2.617954204062704071e-01,5.578010535730404840e+00
3.835747020732214185e-01,8.204400370207109994e-01,3.128093622656399203e-02,5.902002327583464637e-03,-7.838710307380800657e-01,1.230143623861283064e+00,-2.617954204062704071e-01,5.578581024453172610e+00
3.835747020732214185e-01,8.204400370207109994e-01,3.128093622656399203e-02,5.902002327583464637e-03,-7.838710307380800657e-01,1.230143623861283064e+00,-2.617954204062704071e-01,5.580862979344241914e+00
3.835747020732214185e-01,8.204400370207109994e-01,3.128093622656399203e-02,5.902002327583464637e-03,-7.838710307380800657e-01,1.230143623861283064e+00,-2.617954204062704071e-01,5.581433468067008796e+00
3.835747020732214185e-01,8.204400370207109994e-01,3.128093622656399203e-02,5.902002327583464637e-03,-7.838710307380800657e-01,1.230143623861283064e+00,-2.617954204062704071e-01,5.583144934235311219e+00
3.835747020732214185e-01,8.204400370207109994e-01,3.128093622656399203e-02,5.902002327583464637e-03,-7.838710307380800657e-01,1.230143623861283064e+00,-2.617954204062704071e-01,5.584285911680845871e+00
3.835747020732214185e-01,8.204400370207109994e-01,3.128093622656399203e-02,5.902002327583464637e-03,-7.838710307380800657e-01,1.230143623861283064e+00,-2.617954204062704071e-01,5.587138355294682945e+00
3.835747020732214185e-01,8.204400370207109994e-01,3.128093622656399203e-02,5.902002327583464637e-03,-7.838710307380800657e-01,1.230143623861283064e+00,-2.617954204062704071e-01,5.587696166490277783e+00
3.835747020732214185e-01,8.204400370207109994e-01,3.128093622656399203e-02,5.902002327583464637e-03,-7.838710307380800657e-01,1.230143623861283064e+00,-2.617954204062704071e-01,5.589407632658580205e+00
3.835747020732214185e-01,8.204400370207109994e-01,3.128093622656399203e-02,5.902002327583464637e-03,-7.838710307380800657e-01,1.230143623861283064e+00,-2.617954204062704071e-01,5.589978121381347087e+00
3.835747020732214185e-01,8.204400370207109994e-01,3.128093622656399203e-02,5.902002327583464637e-03,-7.838710307380800657e-01,1.230143623861283064e+00,-2.617954204062704071e-01,5.591689587549649509e+00
3.835747020732214185e-01,8.204400370207109994e-01,3.128093622656399203e-02,5.902002327583464637e-03,-7.838710307380800657e-01,1.230143623861283064e+00,-2.617954204062704071e-01,5.592830564995184162e+00
3.835747020732214185e-01,8.204400370207109994e-01,3.128093622656399203e-02,5.902002327583464637e-03,-7.838710307380800657e-01,1.230143623861283064e+00,-2.617954204062704071e-01,5.594542031163486584e+00
3.835747020732214185e-01,8.204400370207109994e-01,3.128093622656399203e-02,5.902002327583464637e-03,-7.838710307380800657e-01,1.230143623861283064e+00,-2.617954204062704071e-01,5.595112519886254354e+00
3.835747020732214185e-01,8.204400370207109994e-01,3.128093622656399203e-02,5.902002327583464637e-03,-7.838710307380800657e-01,1.230143623861283064e+00,-2.617954204062704071e-01,5.597381797250150726e+00
3.835747020732214185e-01,8.204400370207109994e-01,3.128093622656399203e-02,5.902002327583464637e-03,-7.838710307380800657e-01,1.230143623861283064e+00,-2.617954204062704071e-01,5.597952285972918496e+00
3.835747020732214185e-01,8.204400370207109994e-01,3.128093622656399203e-02,5.902002327583464637e-03,-7.838710307380800657e-01,1.230143623861283064e+00,-2.617954204062704071e-01,5.599663752141220030e+00
3.835747020732214185e-01,8.204400370207109994e-01,3.128093622656399203e-02,5.902002327583464637e-03,-7.838710307380800657e-01,1.230143623861283064e+00,-2.617954204062704071e-01,5.600234240863987800e+00
3.835747020732214185e-01,8.204400370207109994e-01,3.128093622656399203e-02,5.902002327583464637e-03,-7.838710307380800657e-01,1.230143623861283064e+00,-2.617954204062704071e-01,5.602516195755057105e+00
3.835747020732214185e-01,8.204400370207109994e-01,3.128093622656399203e-02,5.902002327583464637e-03,-7.838710307380800657e-01,1.230143623861283064e+00,-2.617954204062704071e-01,5.603657173200591757e+00
3.835747020732214185e-01,8.204400370207109994e-01,3.128093622656399203e-02,5.902002327583464637e-03,-7.838710307380800657e-01,1.230143623861283064e+00,-2.617954204062704071e-01,5.604227661923359527e+00
3.835747020732214185e-01,8.204400370207109994e-01,3.128093622656399203e-02,5.902002327583464637e-03,-7.838710307380800657e-01,1.230143623861283064e+00,-2.617954204062704071e-01,5.606496939287256787e+00
3.835747020732214185e-01,8.204400370207109994e-01,3.128093622656399203e-02,5.902002327583464637e-03,-7.838710307380800657e-01,1.230143623861283064e+00,-2.617954204062704071e-01,5.607067428010023669e+00
3.835747020732214185e-01,8.204400370207109994e-01,3.128093622656399203e-02,5.902002327583464637e-03,-7.838710307380800657e-01,1.230143623861283064e+00,-2.617954204062704071e-01,5.608778894178326091e+00
3.835747020732214185e-01,8.204400370207109994e-01,3.128093622656399203e-02,5.902002327583464637e-03,-7.838710307380800657e-01,1.230143623861283064e+00,-2.617954204062704071e-01,5.609349382901092973e+00
3.835747020732214185e-01,8.204400370207109994e-01,3.128093622656399203e-02,5.902002327583464637e-03,-7.838710307380800657e-01,1.230143623861283064e+00,-2.617954204062704071e-01,5.611618660264990233e+00
3.835747020732214185e-01,8.204400370207109994e-01,3.128093622656399203e-02,5.902002327583464637e-03,-7.838710307380800657e-01,1.230143623861283064e+00,-2.617954204062704071e-01,5.612201826514930048e+00
3.835747020732214185e-01,8.204400370207109994e-01,3.128093622656399203e-02,5.902002327583464637e-03,-7.838710307380800657e-01,1.230143623861283064e+00,-2.617954204062704071e-01,5.613913292683232470e+00
3.835747020732214185e-01,8.204400370207109994e-01,3.128093622656399203e-02,5.902002327583464637e-03,-7.838710307380800657e-01,1.230143623861283064e+00,-2.617954204062704071e-01,5.614471103878827307e+00
3.835747020732214185e-01,8.204400370207109994e-01,3.128093622656399203e-02,5.902002327583464637e-03,-7.838710307380800657e-01,1.230143623861283064e+00,-2.617954204062704071e-01,5.615612081324361959e+00
3.835747020732214185e-01,8.204400370207109994e-01,3.128093622656399203e-02,5.902002327583464637e-03,-7.838710307380800657e-01,1.230143623861283064e+00,-2.617954204062704071e-01,5.616182570047129730e+00
3.835747020732214185e-01,8.204400370207109994e-01,3.128093622656399203e-02,5.902002327583464637e-03,-7.838710307380800657e-01,1.230143623861283064e+00,-2.617954204062704071e-01,5.617894036215431264e+00
3.835747020732214185e-01,8.204400370207109994e-01,3.128093622656399203e-02,5.902002327583464637e-03,-7.838710307380800657e-01,1.230143623861283064e+00,-2.617954204062704071e-01,5.619035013660965916e+00
3.835747020732214185e-01,8.204400370207109994e-01,3.128093622656399203e-02,5.902002327583464637e-03,-7.838710307380800657e-01,1.230143623861283064e+00,-2.617954204062704071e-01,5.620733802302096294e+00
3.835747020732214185e-01,8.204400370207109994e-01,3.128093622656399203e-02,5.902002327583464637e-03,-7.838710307380800657e-01,1.230143623861283064e+00,-2.617954204062704071e-01,5.621874779747630946e+00
3.835747020732214185e-01,8.204400370207109994e-01,3.128093622656399203e-02,5.902002327583464637e-03,-7.838710307380800657e-01,1.230143623861283064e+00,-2.617954204062704071e-01,5.624169412165873183e+00
3.835747020732214185e-01,8.204400370207109994e-01,3.128093622656399203e-02,5.902002327583464637e-03,-7.838710307380800657e-01,1.230143623861283064e+00,-2.617954204062704071e-01,5.624739900888640065e+00
3.835747020732214185e-01,8.204400370207109994e-01,3.128093622656399203e-02,5.902002327583464637e-03,-7.838710307380800657e-01,1.230143623861283064e+00,-2.617954204062704071e-01,5.627009178252537325e+00
3.835747020732214185e-01,8.204400370207109994e-01,3.128093622656399203e-02,5.902002327583464637e-03,-7.838710307380800657e-01,1.230143623861283064e+00,-2.617954204062704071e-01,5.628150155698071977e+00
3.835747020732214185e-01,8.204400370207109994e-01,3.128093622656399203e-02,5.902002327583464637e-03,-7.838710307380800657e-01,1.230143623861283064e+00,-2.617954204062704071e-01,5.629861621866374399e+00
3.835747020732214185e-01,8.204400370207109994e-01,3.128093622656399203e-02,5.902002327583464637e-03,-7.838710307380800657e-01,1.230143623861283064e+00,-2.617954204062704071e-01,5.630989921784736119e+00
3.835747020732214185e-01,8.204400370207109994e-01,3.128093622656399203e-02,5.902002327583464637e-03,-7.838710307380800657e-01,1.230143623861283064e+00,-2.617954204062704071e-01,5.632714065480211474e+00
3.835747020732214185e-01,8.204400370207109994e-01,3.128093622656399203e-02,5.902002327583464637e-03,-7.838710307380800657e-01,1.230143623861283064e+00,-2.617954204062704071e-01,5.633284554202978356e+00
3.835747020732214185e-01,8.204400370207109994e-01,3.128093622656399203e-02,5.902002327583464637e-03,-7.838710307380800657e-01,1.230143623861283064e+00,-2.617954204062704071e-01,5.634983342844107845e+00
3.835747020732214185e-01,8.204400370207109994e-01,3.128093622656399203e-02,5.902002327583464637e-03,-7.838710307380800657e-01,1.230143623861283064e+00,-2.617954204062704071e-01,5.636124320289642498e+00
3.835747020732214185e-01,8.204400370207109994e-01,3.128093622656399203e-02,5.902002327583464637e-03,-7.838710307380800657e-01,1.230143623861283064e+00,-2.617954204062704071e-01,5.637835786457944920e+00
3.835747020732214185e-01,8.204400370207109994e-01,3.128093622656399203e-02,5.902002327583464637e-03,-7.838710307380800657e-01,1.230143623861283064e+00,-2.617954204062704071e-01,5.639547252626247342e+00
3.835747020732214185e-01,8.204400370207109994e-01,3.128093622656399203e-02,5.902002327583464637e-03,-7.838710307380800657e-01,1.230143623861283064e+00,-2.617954204062704071e-01,5.640688230071781994e+00
3.835747020732214185e-01,8.204400370207109994e-01,3.128093622656399203e-02,5.902002327583464637e-03,-7.838710307380800657e-01,1.230143623861283064e+00,-2.617954204062704071e-01,5.641829207517316647e+00
3.835747020732214185e-01,8.204400370207109994e-01,3.128093622656399203e-02,5.902002327583464637e-03,-7.838710307380800657e-01,1.230143623861283064e+00,-2.617954204062704071e-01,5.642399696240084417e+00
3.835747020732214185e-01,8.204400370207109994e-01,3.128093622656399203e-02,5.902002327583464637e-03,-7.838710307380800657e-01,1.230143623861283064e+00,-2.617954204062704071e-01,5.644681651131153721e+00
3.835747020732214185e-01,8.204400370207109994e-01,3.128093622656399203e-02,5.902002327583464637e-03,-7.838710307380800657e-01,1.230143623861283064e+00,-2.617954204062704071e-01,5.645252139853920603e+00
3.835747020732214185e-01,8.204400370207109994e-01,3.128093622656399203e-02,5.902002327583464637e-03,-7.838710307380800657e-01,1.230143623861283064e+00,-2.617954204062704071e-01,5.646950928495050093e+00
3.835747020732214185e-01,8.204400370207109994e-01,3.128093622656399203e-02,5.902002327583464637e-03,-7.838710307380800657e-01,1.230143623861283064e+00,-2.617954204062704071e-01,5.647521417217817863e+00
3.835747020732214185e-01,8.204400370207109994e-01,3.128093622656399203e-02,5.902002327583464637e-03,-7.838710307380800657e-01,1.230143623861283064e+00,-2.617954204062704071e-01,5.649232883386120285e+00
3.835747020732214185e-01,8.204400370207109994e-01,3.128093622656399203e-02,5.902002327583464637e-03,-7.838710307380800657e-01,1.230143623861283064e+00,-2.617954204062704071e-01,5.650373860831654937e+00
3.835747020732214185e-01,8.204400370207109994e-01,3.128093622656399203e-02,5.902002327583464637e-03,-7.838710307380800657e-01,1.230143623861283064e+00,-2.617954204062704071e-01,5.652655815722724242e+00
3.835747020732214185e-01,8.204400370207109994e-01,3.128093622656399203e-02,5.902002327583464637e-03,-7.838710307380800657e-01,1.230143623861283064e+00,-2.617954204062704071e-01,5.653796793168258894e+00
3.835747020732214185e-01,8.204400370207109994e-01,3.128093622656399203e-02,5.902002327583464637e-03,-7.838710307380800657e-01,1.230143623861283064e+00,-2.617954204062704071e-01,5.654367281891026664e+00
3.835747020732214185e-01,8.204400370207109994e-01,3.128093622656399203e-02,5.902002327583464637e-03,-7.838710307380800657e-01,1.230143623861283064e+00,-2.617954204062704071e-01,5.656636559254923036e+00
3.835747020732214185e-01,8.204400370207109994e-01,3.128093622656399203e-02,5.902002327583464637e-03,-7.838710307380800657e-01,1.230143623861283064e+00,-2.617954204062704071e-01,5.657207047977690806e+00
3.835747020732214185e-01,8.204400370207109994e-01,3.128093622656399203e-02,5.902002327583464637e-03,-7.838710307380800657e-01,1.230143623861283064e+00,-2.617954204062704071e-01,5.658918514145993228e+00
3.835747020732214185e-01,8.204400370207109994e-01,3.128093622656399203e-02,5.902002327583464637e-03,-7.838710307380800657e-01,1.230143623861283064e+00,-2.617954204062704071e-01,5.660059491591527880e+00
3.835747020732214185e-01,8.204400370207109994e-01,3.128093622656399203e-02,5.902002327583464637e-03,-7.838710307380800657e-01,1.230143623861283064e+00,-2.617954204062704071e-01,5.662328768955425140e+00
3.835747020732214185e-01,8.204400370207109994e-01,3.128093622656399203e-02,5.902002327583464637e-03,-7.838710307380800657e-01,1.230143623861283064e+00,-2.617954204062704071e-01,5.662899257678192022e+00
3.835747020732214185e-01,8.204400370207109994e-01,3.128093622656399203e-02,5.902002327583464637e-03,-7.838710307380800657e-01,1.230143623861283064e+00,-2.617954204062704071e-01,5.664610723846494444e+00
3.835747020732214185e-01,8.204400370207109994e-01,3.128093622656399203e-02,5.902002327583464637e-03,-7.838710307380800657e-01,1.230143623861283064e+00,-2.617954204062704071e-01,5.665181212569261326e+00
3.835747020732214185e-01,8.204400370207109994e-01,3.128093622656399203e-02,5.902002327583464637e-03,-7.838710307380800657e-01,1.230143623861283064e+00,-2.617954204062704071e-01,5.666892678737563749e+00
3.835747020732214185e-01,8.204400370207109994e-01,3.128093622656399203e-02,5.902002327583464637e-03,-7.838710307380800657e-01,1.230143623861283064e+00,-2.617954204062704071e-01,5.668604144905866171e+00
3.835747020732214185e-01,8.204400370207109994e-01,3.128093622656399203e-02,5.902002327583464637e-03,-7.838710307380800657e-01,1.230143623861283064e+00,-2.617954204062704071e-01,5.669174633628633053e+00
3.835747020732214185e-01,8.204400370207109994e-01,3.128093622656399203e-02,5.902002327583464637e-03,-7.838710307380800657e-01,1.230143623861283064e+00,-2.617954204062704071e-01,5.670873422269762543e+00
3.835747020732214185e-01,8.204400370207109994e-01,3.128093622656399203e-02,5.902002327583464637e-03,-7.838710307380800657e-01,1.230143623861283064e+00,-2.617954204062704071e-01,5.671443910992530313e+00
3.835747020732214185e-01,8.204400370207109994e-01,3.128093622656399203e-02,5.902002327583464637e-03,-7.838710307380800657e-01,1.230143623861283064e+00,-2.617954204062704071e-01,5.673155377160832735e+00
3.835747020732214185e-01,8.204400370207109994e-01,3.128093622656399203e-02,5.902002327583464637e-03,-7.838710307380800657e-01,1.230143623861283064e+00,-2.617954204062704071e-01,5.673725865883599617e+00
3.835747020732214185e-01,8.204400370207109994e-01,3.128093622656399203e-02,5.902002327583464637e-03,-7.838710307380800657e-01,1.230143623861283064e+00,-2.617954204062704071e-01,5.675437332051902040e+00
3.835747020732214185e-01,8.204400370207109994e-01,3.128093622656399203e-02,5.902002327583464637e-03,-7.838710307380800657e-01,1.230143623861283064e+00,-2.617954204062704071e-01,5.677148798220204462e+00
3.835747020732214185e-01,8.204400370207109994e-01,3.128093622656399203e-02,5.902002327583464637e-03,-7.838710307380800657e-01,1.230143623861283064e+00,-2.617954204062704071e-01,5.677719286942971344e+00
3.835747020732214185e-01,8.204400370207109994e-01,3.128093622656399203e-02,5.902002327583464637e-03,-7.838710307380800657e-01,1.230143623861283064e+00,-2.617954204062704071e-01,5.680001241834041537e+00
3.835747020732214185e-01,8.204400370207109994e-01,3.128093622656399203e-02,5.902002327583464637e-03,-7.838710307380800657e-01,1.230143623861283064e+00,-2.617954204062704071e-01,5.680571730556808419e+00
3.835747020732214185e-01,8.204400370207109994e-01,3.128093622656399203e-02,5.902002327583464637e-03,-7.838710307380800657e-01,1.230143623861283064e+00,-2.617954204062704071e-01,5.682841007920705678e+00
3.835747020732214185e-01,8.204400370207109994e-01,3.128093622656399203e-02,5.902002327583464637e-03,-7.838710307380800657e-01,1.230143623861283064e+00,-2.617954204062704071e-01,5.683411496643472560e+00
3.835747020732214185e-01,8.204400370207109994e-01,3.128093622656399203e-02,5.902002327583464637e-03,-7.838710307380800657e-01,1.230143623861283064e+00,-2.617954204062704071e-01,5.685122962811774983e+00
3.835747020732214185e-01,8.204400370207109994e-01,3.128093622656399203e-02,5.902002327583464637e-03,-7.838710307380800657e-01,1.230143623861283064e+00,-2.617954204062704071e-01,5.685693451534542753e+00
3.835747020732214185e-01,8.204400370207109994e-01,3.128093622656399203e-02,5.902002327583464637e-03,-7.838710307380800657e-01,1.230143623861283064e+00,-2.617954204062704071e-01,5.687975406425612057e+00
3.835747020732214185e-01,8.204400370207109994e-01,3.128093622656399203e-02,5.902002327583464637e-03,-7.838710307380800657e-01,1.230143623861283064e+00,-2.617954204062704071e-01,5.688545895148378939e+00
3.835747020732214185e-01,8.204400370207109994e-01,3.128093622656399203e-02,5.902002327583464637e-03,-7.838710307380800657e-01,1.230143623861283064e+00,-2.617954204062704071e-01,5.690244683789509317e+00
3.835747020732214185e-01,8.204400370207109994e-01,3.128093622656399203e-02,5.902002327583464637e-03,-7.838710307380800657e-01,1.230143623861283064e+00,-2.617954204062704071e-01,5.690815172512276199e+00
3.835747020732214185e-01,8.204400370207109994e-01,3.128093622656399203e-02,5.902002327583464637e-03,-7.838710307380800657e-01,1.230143623861283064e+00,-2.617954204062704071e-01,5.692526638680578621e+00
3.835747020732214185e-01,8.204400370207109994e-01,3.128093622656399203e-02,5.902002327583464637e-03,-7.838710307380800657e-01,1.230143623861283064e+00,-2.617954204062704071e-01,5.693097127403345503e+00
3.835747020732214185e-01,8.204400370207109994e-01,3.128093622656399203e-02,5.902002327583464637e-03,-7.838710307380800657e-01,1.230143623861283064e+00,-2.617954204062704071e-01,5.695379082294415696e+00
3.835747020732214185e-01,8.204400370207109994e-01,3.128093622656399203e-02,5.902002327583464637e-03,-7.838710307380800657e-01,1.230143623861283064e+00,-2.617954204062704071e-01,5.695949571017182578e+00
3.835747020732214185e-01,8.204400370207109994e-01,3.128093622656399203e-02,5.902002327583464637e-03,-7.838710307380800657e-01,1.230143623861283064e+00,-2.617954204062704071e-01,5.698231525908251882e+00
3.835747020732214185e-01,8.204400370207109994e-01,3.128093622656399203e-02,5.902002327583464637e-03,-7.838710307380800657e-01,1.230143623861283064e+00,-2.617954204062704071e-01,5.698802014631019652e+00
3.835747020732214185e-01,8.204400370207109994e-01,3.128093622656399203e-02,5.902002327583464637e-03,-7.838710307380800657e-01,1.230143623861283064e+00,-2.617954204062704071e-01,5.701071291994916912e+00
3.835747020732214185e-01,8.204400370207109994e-01,3.128093622656399203e-02,5.902002327583464637e-03,-7.838710307380800657e-01,1.230143623861283064e+00,-2.617954204062704071e-01,5.701641780717683794e+00
3.835747020732214185e-01,8.204400370207109994e-01,3.128093622656399203e-02,5.902002327583464637e-03,-7.838710307380800657e-01,1.230143623861283064e+00,-2.617954204062704071e-01,5.703353246885986216e+00
3.835747020732214185e-01,8.204400370207109994e-01,3.128093622656399203e-02,5.902002327583464637e-03,-7.838710307380800657e-01,1.230143623861283064e+00,-2.617954204062704071e-01,5.704494224331520869e+00
3.835747020732214185e-01,8.204400370207109994e-01,3.128093622656399203e-02,5.902002327583464637e-03,-7.838710307380800657e-01,1.230143623861283064e+00,-2.617954204062704071e-01,5.706205690499823291e+00
3.835747020732214185e-01,8.204400370207109994e-01,3.128093622656399203e-02,5.902002327583464637e-03,-7.838710307380800657e-01,1.230143623861283064e+00,-2.617954204062704071e-01,5.706776179222590173e+00
3.835747020732214185e-01,8.204400370207109994e-01,3.128093622656399203e-02,5.902002327583464637e-03,-7.838710307380800657e-01,1.230143623861283064e+00,-2.617954204062704071e-01,5.709058134113660365e+00
3.835747020732214185e-01,8.204400370207109994e-01,3.128093622656399203e-02,5.902002327583464637e-03,-7.838710307380800657e-01,1.230143623861283064e+00,-2.617954204062704071e-01,5.709615945309255203e+00
3.835747020732214185e-01,8.204400370207109994e-01,3.128093622656399203e-02,5.902002327583464637e-03,-7.838710307380800657e-01,1.230143623861283064e+00,-2.617954204062704071e-01,5.711327411477556737e+00
3.835747020732214185e-01,8.204400370207109994e-01,3.128093622656399203e-02,5.902002327583464637e-03,-7.838710307380800657e-01,1.230143623861283064e+00,-2.617954204062704071e-01,5.711897900200324507e+00
3.835747020732214185e-01,8.204400370207109994e-01,3.128093622656399203e-02,5.902002327583464637e-03,-7.838710307380800657e-01,1.230143623861283064e+00,-2.617954204062704071e-01,5.713609366368626929e+00
3.835747020732214185e-01,8.204400370207109994e-01,3.128093622656399203e-02,5.902002327583464637e-03,-7.838710307380800657e-01,1.230143623861283064e+00,-2.617954204062704071e-01,5.715320832536928464e+00
3.835747020732214185e-01,8.204400370207109994e-01,3.128093622656399203e-02,5.902002327583464637e-03,-7.838710307380800657e-01,1.230143623861283064e+00,-2.617954204062704071e-01,5.715891321259696234e+00
3.835747020732214185e-01,8.204400370207109994e-01,3.128093622656399203e-02,5.902002327583464637e-03,-7.838710307380800657e-01,1.230143623861283064e+00,-2.617954204062704071e-01,5.717602787427998656e+00
3.835747020732214185e-01,8.204400370207109994e-01,3.128093622656399203e-02,5.902002327583464637e-03,-7.838710307380800657e-01,1.230143623861283064e+00,-2.617954204062704071e-01,5.718173276150765538e+00
3.835747020732214185e-01,8.204400370207109994e-01,3.128093622656399203e-02,5.902002327583464637e-03,-7.838710307380800657e-01,1.230143623861283064e+00,-2.617954204062704071e-01,5.719884742319067961e+00
3.835747020732214185e-01,8.204400370207109994e-01,3.128093622656399203e-02,5.902002327583464637e-03,-7.838710307380800657e-01,1.230143623861283064e+00,-2.617954204062704071e-01,5.721025719764602613e+00
3.835747020732214185e-01,8.204400370207109994e-01,3.128093622656399203e-02,5.902002327583464637e-03,-7.838710307380800657e-01,1.230143623861283064e+00,-2.617954204062704071e-01,5.723294997128499872e+00
3.835747020732214185e-01,8.204400370207109994e-01,3.128093622656399203e-02,5.919996237118779758e-03,-7.838710307380800657e-01,1.230143623861283064e+00,-2.617954204062704071e-01,5.724435974574034525e+00
3.835747020732214185e-01,8.204400370207109994e-01,3.128093622656399203e-02,5.902002327583464637e-03,-7.838710307380800657e-01,1.230143623861283064e+00,-2.617954204062704071e-01,5.725006463296801407e+00
3.835747020732214185e-01,8.204400370207109994e-01,3.128093622656399203e-02,5.902002327583464637e-03,-7.838710307380800657e-01,1.230143623861283064e+00,-2.617954204062704071e-01,5.727858906910638481e+00
3.835747020732214185e-01,8.204400370207109994e-01,3.128093622656399203e-02,5.902002327583464637e-03,-7.838710307380800657e-01,1.230143623861283064e+00,-2.617954204062704071e-01,5.728429395633406251e+00
3.835747020732214185e-01,8.204400370207109994e-01,3.128093622656399203e-02,5.902002327583464637e-03,-7.838710307380800657e-01,1.230143623861283064e+00,-2.617954204062704071e-01,5.730711350524475556e+00
3.835747020732214185e-01,8.204400370207109994e-01,3.128093622656399203e-02,5.902002327583464637e-03,-7.838710307380800657e-01,1.230143623861283064e+00,-2.617954204062704071e-01,5.731281839247243326e+00
3.835747020732214185e-01,8.204400370207109994e-01,3.128093622656399203e-02,5.902002327583464637e-03,-7.838710307380800657e-01,1.230143623861283064e+00,-2.617954204062704071e-01,5.732980627888372815e+00
3.835747020732214185e-01,8.204400370207109994e-01,3.128093622656399203e-02,5.902002327583464637e-03,-7.838710307380800657e-01,1.230143623861283064e+00,-2.617954204062704071e-01,5.733551116611139697e+00
3.835747020732214185e-01,8.204400370207109994e-01,3.128093622656399203e-02,5.902002327583464637e-03,-7.838710307380800657e-01,1.230143623861283064e+00,-2.617954204062704071e-01,5.735833071502209002e+00
3.835747020732214185e-01,8.204400370207109994e-01,3.128093622656399203e-02,5.902002327583464637e-03,-7.838710307380800657e-01,1.230143623861283064e+00,-2.617954204062704071e-01,5.736403560224976772e+00
3.835747020732214185e-01,8.204400370207109994e-01,3.128093622656399203e-02,5.902002327583464637e-03,-7.838710307380800657e-01,1.230143623861283064e+00,-2.617954204062704071e-01,5.738685515116046076e+00
3.835747020732214185e-01,8.204400370207109994e-01,3.128093622656399203e-02,5.902002327583464637e-03,-7.838710307380800657e-01,1.230143623861283064e+00,-2.617954204062704071e-01,5.739256003838813847e+00
3.835747020732214185e-01,8.204400370207109994e-01,3.128093622656399203e-02,5.902002327583464637e-03,-7.838710307380800657e-01,1.230143623861283064e+00,-2.617954204062704071e-01,5.740954792479943336e+00
3.835747020732214185e-01,8.204400370207109994e-01,3.128093622656399203e-02,5.902002327583464637e-03,-7.838710307380800657e-01,1.230143623861283064e+00,-2.617954204062704071e-01,5.741525281202711106e+00
3.835747020732214185e-01,8.204400370207109994e-01,3.128093622656399203e-02,5.902002327583464637e-03,-7.838710307380800657e-01,1.230143623861283064e+00,-2.617954204062704071e-01,5.743236747371012640e+00
3.835747020732214185e-01,8.204400370207109994e-01,3.128093622656399203e-02,5.902002327583464637e-03,-7.838710307380800657e-01,1.230143623861283064e+00,-2.617954204062704071e-01,5.744377724816547293e+00
3.835747020732214185e-01,8.204400370207109994e-01,3.128093622656399203e-02,5.902002327583464637e-03,-7.838710307380800657e-01,1.230143623861283064e+00,-2.617954204062704071e-01,5.746089190984849715e+00
3.835747020732214185e-01,8.204400370207109994e-01,3.128093622656399203e-02,5.902002327583464637e-03,-7.838710307380800657e-01,1.230143623861283064e+00,-2.617954204062704071e-01,5.746659679707617485e+00
3.835747020732214185e-01,8.204400370207109994e-01,3.128093622656399203e-02,5.902002327583464637e-03,-7.838710307380800657e-01,1.230143623861283064e+00,-2.617954204062704071e-01,5.747800657153152137e+00
3.835747020732214185e-01,8.204400370207109994e-01,3.128093622656399203e-02,5.902002327583464637e-03,-7.838710307380800657e-01,1.230143623861283064e+00,-2.617954204062704071e-01,5.749512123321453672e+00
3.835747020732214185e-01,8.204400370207109994e-01,3.128093622656399203e-02,5.902002327583464637e-03,-7.838710307380800657e-01,1.230143623861283064e+00,-2.617954204062704071e-01,5.750640423239816279e+00
3.835747020732214185e-01,8.204400370207109994e-01,3.128093622656399203e-02,5.902002327583464637e-03,-7.838710307380800657e-01,1.230143623861283064e+00,-2.617954204062704071e-01,5.752922378130885583e+00
3.835747020732214185e-01,8.204400370207109994e-01,3.128093622656399203e-02,5.902002327583464637e-03,-7.838710307380800657e-01,1.230143623861283064e+00,-2.617954204062704071e-01,5.754063355576420236e+00
3.835747020732214185e-01,8.204400370207109994e-01,3.128093622656399203e-02,5.902002327583464637e-03,-7.838710307380800657e-01,1.230143623861283064e+00,-2.617954204062704071e-01,5.756345310467490428e+00
3.835747020732214185e-01,8.204400370207109994e-01,3.128093622656399203e-02,5.902002327583464637e-03,-7.838710307380800657e-01,1.230143623861283064e+00,-2.617954204062704071e-01,5.756903121663085265e+00
3.835747020732214185e-01,8.204400370207109994e-01,3.128093622656399203e-02,5.902002327583464637e-03,-7.838710307380800657e-01,1.230143623861283064e+00,-2.617954204062704071e-01,5.759197754081327503e+00
3.835747020732214185e-01,8.204400370207109994e-01,3.128093622656399203e-02,5.902002327583464637e-03,-7.838710307380800657e-01,1.230143623861283064e+00,-2.617954204062704071e-01,5.759755565276921452e+00
3.835747020732214185e-01,8.204400370207109994e-01,3.128093622656399203e-02,5.902002327583464637e-03,-7.838710307380800657e-01,1.230143623861283064e+00,-2.617954204062704071e-01,5.761467031445223874e+00
3.835747020732214185e-01,8.204400370207109994e-01,3.128093622656399203e-02,5.902002327583464637e-03,-7.838710307380800657e-01,1.230143623861283064e+00,-2.617954204062704071e-01,5.762037520167991644e+00
3.835747020732214185e-01,8.204400370207109994e-01,3.128093622656399203e-02,5.902002327583464637e-03,-7.838710307380800657e-01,1.230143623861283064e+00,-2.617954204062704071e-01,5.764319475059060949e+00
3.835747020732214185e-01,8.204400370207109994e-01,3.128093622656399203e-02,5.902002327583464637e-03,-7.838710307380800657e-01,1.230143623861283064e+00,-2.617954204062704071e-01,5.764877286254655786e+00
3.835747020732214185e-01,8.204400370207109994e-01,3.128093622656399203e-02,5.902002327583464637e-03,-7.838710307380800657e-01,1.230143623861283064e+00,-2.617954204062704071e-01,5.767159241145725090e+00
3.835747020732214185e-01,8.204400370207109994e-01,3.128093622656399203e-02,5.902002327583464637e-03,-7.838710307380800657e-01,1.230143623861283064e+00,-2.617954204062704071e-01,5.767729729868492861e+00
3.835747020732214185e-01,8.204400370207109994e-01,3.128093622656399203e-02,5.902002327583464637e-03,-7.838710307380800657e-01,1.230143623861283064e+00,-2.617954204062704071e-01,5.769441196036794395e+00
3.835747020732214185e-01,8.204400370207109994e-01,3.128093622656399203e-02,5.902002327583464637e-03,-7.838710307380800657e-01,1.230143623861283064e+00,-2.617954204062704071e-01,5.771152662205096817e+00
3.835747020732214185e-01,8.204400370207109994e-01,3.128093622656399203e-02,5.902002327583464637e-03,-7.838710307380800657e-01,1.230143623861283064e+00,-2.617954204062704071e-01,5.771723150927864587e+00
3.835747020732214185e-01,8.204400370207109994e-01,3.128093622656399203e-02,5.902002327583464637e-03,-7.838710307380800657e-01,1.230143623861283064e+00,-2.617954204062704071e-01,5.774005105818933892e+00
3.835747020732214185e-01,8.204400370207109994e-01,3.128093622656399203e-02,5.902002327583464637e-03,-7.838710307380800657e-01,1.230143623861283064e+00,-2.617954204062704071e-01,5.774562917014528729e+00
3.835747020732214185e-01,8.204400370207109994e-01,3.128093622656399203e-02,5.902002327583464637e-03,-7.838710307380800657e-01,1.230143623861283064e+00,-2.617954204062704071e-01,5.777415360628365804e+00
3.835747020732214185e-01,8.204400370207109994e-01,3.128093622656399203e-02,5.902002327583464637e-03,-7.838710307380800657e-01,1.230143623861283064e+00,-2.617954204062704071e-01,5.779126826796668226e+00
3.835747020732214185e-01,8.204400370207109994e-01,3.128093622656399203e-02,5.902002327583464637e-03,-7.838710307380800657e-01,1.230143623861283064e+00,-2.617954204062704071e-01,5.780838292964969760e+00
3.835747020732214185e-01,8.204400370207109994e-01,3.128093622656399203e-02,5.902002327583464637e-03,-7.838710307380800657e-01,1.230143623861283064e+00,-2.617954204062704071e-01,5.781408781687737530e+00
3.835747020732214185e-01,8.204400370207109994e-01,3.128093622656399203e-02,5.902002327583464637e-03,-7.838710307380800657e-01,1.230143623861283064e+00,-2.617954204062704071e-01,5.783120247856039953e+00
3.835747020732214185e-01,8.204400370207109994e-01,3.128093622656399203e-02,5.902002327583464637e-03,-7.838710307380800657e-01,1.230143623861283064e+00,-2.617954204062704071e-01,5.783690736578806835e+00
3.835747020732214185e-01,8.204400370207109994e-01,3.128093622656399203e-02,5.902002327583464637e-03,-7.838710307380800657e-01,1.230143623861283064e+00,-2.617954204062704071e-01,5.785389525219936324e+00
3.835747020732214185e-01,8.204400370207109994e-01,3.128093622656399203e-02,5.902002327583464637e-03,-7.838710307380800657e-01,1.230143623861283064e+00,-2.617954204062704071e-01,5.787100991388238747e+00
3.835747020732214185e-01,8.204400370207109994e-01,3.128093622656399203e-02,5.902002327583464637e-03,-7.838710307380800657e-01,1.230143623861283064e+00,-2.617954204062704071e-01,5.787671480111005629e+00
3.835747020732214185e-01,8.204400370207109994e-01,3.128093622656399203e-02,5.902002327583464637e-03,-7.838710307380800657e-01,1.230143623861283064e+00,-2.617954204062704071e-01,5.789953435002075821e+00
3.835747020732214185e-01,8.204400370207109994e-01,3.128093622656399203e-02,5.902002327583464637e-03,-7.838710307380800657e-01,1.230143623861283064e+00,-2.617954204062704071e-01,5.790523923724842703e+00
3.835747020732214185e-01,8.204400370207109994e-01,3.128093622656399203e-02,5.902002327583464637e-03,-7.838710307380800657e-01,1.230143623861283064e+00,-2.617954204062704071e-01,5.792805878615912896e+00
3.835747020732214185e-01,8.204400370207109994e-01,3.128093622656399203e-02,5.902002327583464637e-03,-7.838710307380800657e-01,1.230143623861283064e+00,-2.617954204062704071e-01,5.795658322229749082e+00
3.835747020732214185e-01,8.204400370207109994e-01,3.128093622656399203e-02,5.902002327583464637e-03,-7.838710307380800657e-01,1.230143623861283064e+00,-2.617954204062704071e-01,5.797357110870878572e+00
3.835747020732214185e-01,8.204400370207109994e-01,3.128093622656399203e-02,5.902002327583464637e-03,-7.838710307380800657e-01,1.230143623861283064e+00,-2.617954204062704071e-01,5.798498088316414112e+00
3.835747020732214185e-01,8.204400370207109994e-01,3.128093622656399203e-02,5.902002327583464637e-03,-7.838710307380800657e-01,1.230143623861283064e+00,-2.617954204062704071e-01,5.800209554484715646e+00
3.835747020732214185e-01,8.204400370207109994e-01,3.128093622656399203e-02,5.902002327583464637e-03,-7.838710307380800657e-01,1.230143623861283064e+00,-2.617954204062704071e-01,5.800780043207483416e+00
3.835747020732214185e-01,8.204400370207109994e-01,3.128093622656399203e-02,5.902002327583464637e-03,-7.838710307380800657e-01,1.230143623861283064e+00,-2.617954204062704071e-01,5.803061998098552721e+00
3.835747020732214185e-01,8.204400370207109994e-01,3.128093622656399203e-02,5.902002327583464637e-03,-7.838710307380800657e-01,1.230143623861283064e+00,-2.617954204062704071e-01,5.803632486821320491e+00
3.835747020732214185e-01,8.204400370207109994e-01,3.128093622656399203e-02,5.902002327583464637e-03,-7.838710307380800657e-01,1.230143623861283064e+00,-2.617954204062704071e-01,5.805901764185216862e+00
3.835747020732214185e-01,8.204400370207109994e-01,3.128093622656399203e-02,5.902002327583464637e-03,-7.838710307380800657e-01,1.230143623861283064e+00,-2.617954204062704071e-01,5.807613230353519285e+00
3.835747020732214185e-01,8.204400370207109994e-01,3.128093622656399203e-02,5.902002327583464637e-03,-7.838710307380800657e-01,1.230143623861283064e+00,-2.617954204062704071e-01,5.809324696521821707e+00
3.835747020732214185e-01,8.204400370207109994e-01,3.128093622656399203e-02,5.902002327583464637e-03,-7.838710307380800657e-01,1.230143623861283064e+00,-2.617954204062704071e-01,5.809895185244588589e+00
3.835747020732214185e-01,8.204400370207109994e-01,3.128093622656399203e-02,5.902002327583464637e-03,-7.838710307380800657e-01,1.230143623861283064e+00,-2.617954204062704071e-01,5.811606651412891011e+00
3.835747020732214185e-01,8.204400370207109994e-01,3.128093622656399203e-02,5.902002327583464637e-03,-7.838710307380800657e-01,1.230143623861283064e+00,-2.617954204062704071e-01,5.812177140135658782e+00
3.835747020732214185e-01,8.204400370207109994e-01,3.128093622656399203e-02,5.902002327583464637e-03,-7.838710307380800657e-01,1.230143623861283064e+00,-2.617954204062704071e-01,5.814459095026728086e+00
3.835747020732214185e-01,8.204400370207109994e-01,3.128093622656399203e-02,5.902002327583464637e-03,-7.838710307380800657e-01,1.230143623861283064e+00,-2.617954204062704071e-01,5.815029583749494968e+00
3.835747020732214185e-01,8.204400370207109994e-01,3.128093622656399203e-02,5.902002327583464637e-03,-7.838710307380800657e-01,1.230143623861283064e+00,-2.617954204062704071e-01,5.817298861113392228e+00
3.835747020732214185e-01,8.204400370207109994e-01,3.128093622656399203e-02,5.902002327583464637e-03,-7.838710307380800657e-01,1.230143623861283064e+00,-2.617954204062704071e-01,5.817869349836159998e+00
3.835747020732214185e-01,8.204400370207109994e-01,3.128093622656399203e-02,5.902002327583464637e-03,-7.838710307380800657e-01,1.230143623861283064e+00,-2.617954204062704071e-01,5.819580816004461532e+00
3.835747020732214185e-01,8.204400370207109994e-01,3.128093622656399203e-02,5.902002327583464637e-03,-7.838710307380800657e-01,1.230143623861283064e+00,-2.617954204062704071e-01,5.820151304727229302e+00
3.835747020732214185e-01,8.204400370207109994e-01,3.128093622656399203e-02,5.902002327583464637e-03,-7.838710307380800657e-01,1.230143623861283064e+00,-2.617954204062704071e-01,5.822433259618298607e+00
3.835747020732214185e-01,8.204400370207109994e-01,3.128093622656399203e-02,5.919996237118779758e-03,-7.838710307380800657e-01,1.230143623861283064e+00,-2.617954204062704071e-01,5.823003748341066377e+00
3.835747020732214185e-01,8.204400370207109994e-01,3.128093622656399203e-02,5.902002327583464637e-03,-7.838710307380800657e-01,1.230143623861283064e+00,-2.617954204062704071e-01,5.825273025704962748e+00
3.835747020732214185e-01,8.204400370207109994e-01,3.128093622656399203e-02,5.902002327583464637e-03,-7.838710307380800657e-01,1.230143623861283064e+00,-2.617954204062704071e-01,5.825843514427730518e+00
3.835747020732214185e-01,8.204400370207109994e-01,3.128093622656399203e-02,5.902002327583464637e-03,-7.838710307380800657e-01,1.230143623861283064e+00,-2.617954204062704071e-01,5.828125469318799823e+00
3.835747020732214185e-01,8.204400370207109994e-01,3.128093622656399203e-02,5.902002327583464637e-03,-7.838710307380800657e-01,1.230143623861283064e+00,-2.617954204062704071e-01,5.828695958041567593e+00
3.835747020732214185e-01,8.204400370207109994e-01,3.128093622656399203e-02,5.902002327583464637e-03,-7.838710307380800657e-01,1.230143623861283064e+00,-2.617954204062704071e-01,5.830407424209870015e+00
3.835747020732214185e-01,8.204400370207109994e-01,3.128093622656399203e-02,5.902002327583464637e-03,-7.838710307380800657e-01,1.230143623861283064e+00,-2.617954204062704071e-01,5.831548401655404668e+00
3.835747020732214185e-01,8.204400370207109994e-01,3.128093622656399203e-02,5.919996237118779758e-03,-7.838710307380800657e-01,1.230143623861283064e+00,-2.617954204062704071e-01,5.833259867823706202e+00
3.835747020732214185e-01,8.204400370207109994e-01,3.128093622656399203e-02,5.902002327583464637e-03,-7.838710307380800657e-01,1.230143623861283064e+00,-2.617954204062704071e-01,5.833830356546473972e+00
3.835747020732214185e-01,8.204400370207109994e-01,3.128093622656399203e-02,5.902002327583464637e-03,-7.838710307380800657e-01,1.230143623861283064e+00,-2.617954204062704071e-01,5.836099633910371232e+00
3.835747020732214185e-01,8.204400370207109994e-01,3.128093622656399203e-02,5.902002327583464637e-03,-7.838710307380800657e-01,1.230143623861283064e+00,-2.617954204062704071e-01,5.836670122633138114e+00
3.835747020732214185e-01,8.204400370207109994e-01,3.128093622656399203e-02,5.902002327583464637e-03,-7.838710307380800657e-01,1.230143623861283064e+00,-2.617954204062704071e-01,5.838381588801440536e+00
3.835747020732214185e-01,8.204400370207109994e-01,3.128093622656399203e-02,5.902002327583464637e-03,-7.838710307380800657e-01,1.230143623861283064e+00,-2.617954204062704071e-01,5.838952077524207418e+00
3.835747020732214185e-01,8.204400370207109994e-01,3.128093622656399203e-02,5.902002327583464637e-03,-7.838710307380800657e-01,1.230143623861283064e+00,-2.617954204062704071e-01,5.841234032415277611e+00
3.835747020732214185e-01,8.204400370207109994e-01,3.128093622656399203e-02,5.902002327583464637e-03,-7.838710307380800657e-01,1.230143623861283064e+00,-2.617954204062704071e-01,5.841804521138044493e+00
3.835747020732214185e-01,8.204400370207109994e-01,3.128093622656399203e-02,5.902002327583464637e-03,-7.838710307380800657e-01,1.230143623861283064e+00,-2.617954204062704071e-01,5.842945498583579145e+00
3.835747020732214185e-01,8.204400370207109994e-01,3.128093622656399203e-02,5.902002327583464637e-03,-7.838710307380800657e-01,1.230143623861283064e+00,-2.617954204062704071e-01,5.844644287224708634e+00
3.835747020732214185e-01,8.204400370207109994e-01,3.128093622656399203e-02,5.919996237118779758e-03,-7.838710307380800657e-01,1.230143623861283064e+00,-2.617954204062704071e-01,5.845785264670244175e+00
3.835747020732214185e-01,8.204400370207109994e-01,3.128093622656399203e-02,5.902002327583464637e-03,-7.838710307380800657e-01,1.230143623861283064e+00,-2.617954204062704071e-01,5.847496730838545709e+00
3.835747020732214185e-01,8.204400370207109994e-01,3.128093622656399203e-02,5.902002327583464637e-03,-7.838710307380800657e-01,1.230143623861283064e+00,-2.617954204062704071e-01,5.848067219561313479e+00
3.835747020732214185e-01,8.204400370207109994e-01,3.128093622656399203e-02,5.902002327583464637e-03,-7.838710307380800657e-01,1.230143623861283064e+00,-2.617954204062704071e-01,5.850349174452382783e+00
3.835747020732214185e-01,8.204400370207109994e-01,3.128093622656399203e-02,5.902002327583464637e-03,-7.838710307380800657e-01,1.230143623861283064e+00,-2.617954204062704071e-01,5.850919663175150554e+00
3.835747020732214185e-01,8.204400370207109994e-01,3.128093622656399203e-02,5.902002327583464637e-03,-7.838710307380800657e-01,1.230143623861283064e+00,-2.617954204062704071e-01,5.853201618066219858e+00
3.835747020732214185e-01,8.204400370207109994e-01,3.128093622656399203e-02,5.902002327583464637e-03,-7.838710307380800657e-01,1.230143623861283064e+00,-2.617954204062704071e-01,5.853759429261814695e+00
3.835747020732214185e-01,8.204400370207109994e-01,3.128093622656399203e-02,5.902002327583464637e-03,-7.838710307380800657e-01,1.230143623861283064e+00,-2.617954204062704071e-01,5.856041384152884000e+00
3.835747020732214185e-01,8.204400370207109994e-01,3.128093622656399203e-02,5.902002327583464637e-03,-7.838710307380800657e-01,1.230143623861283064e+00,-2.617954204062704071e-01,5.856611872875651770e+00
3.835747020732214185e-01,8.204400370207109994e-01,3.128093622656399203e-02,5.902002327583464637e-03,-7.838710307380800657e-01,1.230143623861283064e+00,-2.617954204062704071e-01,5.858893827766721074e+00
3.835747020732214185e-01,8.204400370207109994e-01,3.128093622656399203e-02,5.902002327583464637e-03,-7.838710307380800657e-01,1.230143623861283064e+00,-2.617954204062704071e-01,5.859464316489488844e+00
3.835747020732214185e-01,8.204400370207109994e-01,3.128093622656399203e-02,5.902002327583464637e-03,-7.838710307380800657e-01,1.230143623861283064e+00,-2.617954204062704071e-01,5.861746271380558149e+00
3.835747020732214185e-01,8.204400370207109994e-01,3.128093622656399203e-02,5.902002327583464637e-03,-7.838710307380800657e-01,1.230143623861283064e+00,-2.617954204062704071e-01,5.862316760103325031e+00
3.835747020732214185e-01,8.204400370207109994e-01,3.128093622656399203e-02,5.902002327583464637e-03,-7.838710307380800657e-01,1.230143623861283064e+00,-2.617954204062704071e-01,5.864015548744455408e+00
3.835747020732214185e-01,8.204400370207109994e-01,3.128093622656399203e-02,5.902002327583464637e-03,-7.838710307380800657e-01,1.230143623861283064e+00,-2.617954204062704071e-01,5.865156526189990061e+00
3.835747020732214185e-01,8.204400370207109994e-01,3.128093622656399203e-02,5.902002327583464637e-03,-7.838710307380800657e-01,1.230143623861283064e+00,-2.617954204062704071e-01,5.866297503635524713e+00
3.835747020732214185e-01,8.204400370207109994e-01,3.128093622656399203e-02,5.902002327583464637e-03,-7.838710307380800657e-01,1.230143623861283064e+00,-2.617954204062704071e-01,5.868579458526594017e+00
3.835747020732214185e-01,8.204400370207109994e-01,3.128093622656399203e-02,5.902002327583464637e-03,-7.838710307380800657e-01,1.230143623861283064e+00,-2.617954204062704071e-01,5.869707758444956625e+00
3.835747020732214185e-01,8.204400370207109994e-01,3.128093622656399203e-02,5.902002327583464637e-03,-7.838710307380800657e-01,1.230143623861283064e+00,-2.617954204062704071e-01,5.871419224613258159e+00
3.835747020732214185e-01,8.204400370207109994e-01,3.128093622656399203e-02,5.902002327583464637e-03,-7.838710307380800657e-01,1.230143623861283064e+00,-2.617954204062704071e-01,5.872572879585965744e+00
3.835747020732214185e-01,8.204400370207109994e-01,3.128093622656399203e-02,5.902002327583464637e-03,-7.838710307380800657e-01,1.230143623861283064e+00,-2.617954204062704071e-01,5.874842156949863003e+00
3.835747020732214185e-01,8.204400370207109994e-01,3.128093622656399203e-02,5.902002327583464637e-03,-7.838710307380800657e-01,1.230143623861283064e+00,-2.617954204062704071e-01,5.875412645672629885e+00
3.835747020732214185e-01,8.204400370207109994e-01,3.128093622656399203e-02,5.902002327583464637e-03,-7.838710307380800657e-01,1.230143623861283064e+00,-2.617954204062704071e-01,5.877124111840932308e+00
3.835747020732214185e-01,8.204400370207109994e-01,3.128093622656399203e-02,5.902002327583464637e-03,-7.838710307380800657e-01,1.230143623861283064e+00,-2.617954204062704071e-01,5.877694600563700078e+00
3.835747020732214185e-01,8.204400370207109994e-01,3.128093622656399203e-02,5.902002327583464637e-03,-7.838710307380800657e-01,1.230143623861283064e+00,-2.617954204062704071e-01,5.879976555454769382e+00
3.835747020732214185e-01,8.204400370207109994e-01,3.128093622656399203e-02,5.902002327583464637e-03,-7.838710307380800657e-01,1.230143623861283064e+00,-2.617954204062704071e-01,5.880547044177536264e+00
3.835747020732214185e-01,8.204400370207109994e-01,3.128093622656399203e-02,5.902002327583464637e-03,-7.838710307380800657e-01,1.230143623861283064e+00,-2.617954204062704071e-01,5.883399487791373339e+00
3.835747020732214185e-01,8.204400370207109994e-01,3.128093622656399203e-02,5.902002327583464637e-03,-7.838710307380800657e-01,1.230143623861283064e+00,-2.617954204062704071e-01,5.883969976514141109e+00
3.835747020732214185e-01,8.204400370207109994e-01,3.128093622656399203e-02,5.902002327583464637e-03,-7.838710307380800657e-01,1.230143623861283064e+00,-2.617954204062704071e-01,5.886239253878037481e+00
3.835747020732214185e-01,8.204400370207109994e-01,3.128093622656399203e-02,5.902002327583464637e-03,-7.838710307380800657e-01,1.230143623861283064e+00,-2.617954204062704071e-01,5.886809742600805251e+00
3.835747020732214185e-01,8.204400370207109994e-01,3.128093622656399203e-02,5.902002327583464637e-03,-7.838710307380800657e-01,1.230143623861283064e+00,-2.617954204062704071e-01,5.888521208769107673e+00
3.835747020732214185e-01,8.204400370207109994e-01,3.128093622656399203e-02,5.902002327583464637e-03,-7.838710307380800657e-01,1.230143623861283064e+00,-2.617954204062704071e-01,5.889662186214642325e+00
3.835747020732214185e-01,8.204400370207109994e-01,3.128093622656399203e-02,5.902002327583464637e-03,-7.838710307380800657e-01,1.230143623861283064e+00,-2.617954204062704071e-01,5.891373652382944748e+00
3.835747020732214185e-01,8.204400370207109994e-01,3.128093622656399203e-02,5.902002327583464637e-03,-7.838710307380800657e-01,1.230143623861283064e+00,-2.617954204062704071e-01,5.891944141105711630e+00
3.835747020732214185e-01,8.204400370207109994e-01,3.128093622656399203e-02,5.902002327583464637e-03,-7.838710307380800657e-01,1.230143623861283064e+00,-2.617954204062704071e-01,5.893655607274014052e+00
3.835747020732214185e-01,8.204400370207109994e-01,3.128093622656399203e-02,5.902002327583464637e-03,-7.838710307380800657e-01,1.230143623861283064e+00,-2.617954204062704071e-01,5.895354395915143542e+00
3.835747020732214185e-01,8.204400370207109994e-01,3.128093622656399203e-02,5.902002327583464637e-03,-7.838710307380800657e-01,1.230143623861283064e+00,-2.617954204062704071e-01,5.895924884637911312e+00
3.835747020732214185e-01,8.204400370207109994e-01,3.128093622656399203e-02,5.902002327583464637e-03,-7.838710307380800657e-01,1.230143623861283064e+00,-2.617954204062704071e-01,5.898206839528980616e+00
3.835747020732214185e-01,8.204400370207109994e-01,3.128093622656399203e-02,5.902002327583464637e-03,-7.838710307380800657e-01,1.230143623861283064e+00,-2.617954204062704071e-01,5.898777328251747498e+00
3.835747020732214185e-01,8.204400370207109994e-01,3.128093622656399203e-02,5.902002327583464637e-03,-7.838710307380800657e-01,1.230143623861283064e+00,-2.617954204062704071e-01,5.900476116892876988e+00
3.835747020732214185e-01,8.204400370207109994e-01,3.128093622656399203e-02,5.902002327583464637e-03,-7.838710307380800657e-01,1.230143623861283064e+00,-2.617954204062704071e-01,5.901617094338412528e+00
3.835747020732214185e-01,8.204400370207109994e-01,3.128093622656399203e-02,5.902002327583464637e-03,-7.838710307380800657e-01,1.230143623861283064e+00,-2.617954204062704071e-01,5.903899049229481832e+00
3.835747020732214185e-01,8.204400370207109994e-01,3.128093622656399203e-02,5.902002327583464637e-03,-7.838710307380800657e-01,1.230143623861283064e+00,-2.617954204062704071e-01,5.904469537952248714e+00
3.835747020732214185e-01,8.204400370207109994e-01,3.128093622656399203e-02,5.902002327583464637e-03,-7.838710307380800657e-01,1.230143623861283064e+00,-2.617954204062704071e-01,5.906751492843318907e+00
3.835747020732214185e-01,8.204400370207109994e-01,3.128093622656399203e-02,5.902002327583464637e-03,-7.838710307380800657e-01,1.230143623861283064e+00,-2.617954204062704071e-01,5.907321981566085789e+00
3.835747020732214185e-01,8.204400370207109994e-01,3.128093622656399203e-02,5.902002327583464637e-03,-7.838710307380800657e-01,1.230143623861283064e+00,-2.617954204062704071e-01,5.909603936457155982e+00
3.835747020732214185e-01,8.204400370207109994e-01,3.128093622656399203e-02,5.902002327583464637e-03,-7.838710307380800657e-01,1.230143623861283064e+00,-2.617954204062704071e-01,5.910174425179922864e+00
3.835747020732214185e-01,8.204400370207109994e-01,3.128093622656399203e-02,5.902002327583464637e-03,-7.838710307380800657e-01,1.230143623861283064e+00,-2.617954204062704071e-01,5.913014191266587005e+00
3.835747020732214185e-01,8.204400370207109994e-01,3.128093622656399203e-02,5.902002327583464637e-03,-7.838710307380800657e-01,1.230143623861283064e+00,-2.617954204062704071e-01,5.913584679989354775e+00
3.835747020732214185e-01,8.204400370207109994e-01,3.128093622656399203e-02,5.902002327583464637e-03,-7.838710307380800657e-01,1.230143623861283064e+00,-2.617954204062704071e-01,5.914725657434889428e+00
3.835747020732214185e-01,8.204400370207109994e-01,3.128093622656399203e-02,5.902002327583464637e-03,-7.838710307380800657e-01,1.230143623861283064e+00,-2.617954204062704071e-01,5.917578101048726502e+00
3.835747020732214185e-01,8.204400370207109994e-01,3.128093622656399203e-02,5.902002327583464637e-03,-7.838710307380800657e-01,1.230143623861283064e+00,-2.617954204062704071e-01,5.918148589771493384e+00
3.835747020732214185e-01,8.204400370207109994e-01,3.128093622656399203e-02,5.902002327583464637e-03,-7.838710307380800657e-01,1.230143623861283064e+00,-2.617954204062704071e-01,5.920417867135390644e+00
3.835747020732214185e-01,8.204400370207109994e-01,3.128093622656399203e-02,5.902002327583464637e-03,-7.838710307380800657e-01,1.230143623861283064e+00,-2.617954204062704071e-01,5.920988355858158414e+00
3.835747020732214185e-01,8.204400370207109994e-01,3.128093622656399203e-02,5.902002327583464637e-03,-7.838710307380800657e-01,1.230143623861283064e+00,-2.617954204062704071e-01,5.923270310749227718e+00
3.835747020732214185e-01,8.204400370207109994e-01,3.128093622656399203e-02,5.902002327583464637e-03,-7.838710307380800657e-01,1.230143623861283064e+00,-2.617954204062704071e-01,5.923840799471994600e+00
3.835747020732214185e-01,8.204400370207109994e-01,3.128093622656399203e-02,5.902002327583464637e-03,-7.838710307380800657e-01,1.230143623861283064e+00,-2.617954204062704071e-01,5.925552265640297023e+00
3.835747020732214185e-01,8.204400370207109994e-01,3.128093622656399203e-02,5.902002327583464637e-03,-7.838710307380800657e-01,1.230143623861283064e+00,-2.617954204062704071e-01,5.926122754363064793e+00
3.835747020732214185e-01,8.204400370207109994e-01,3.128093622656399203e-02,5.902002327583464637e-03,-7.838710307380800657e-01,1.230143623861283064e+00,-2.617954204062704071e-01,5.927834220531366327e+00
3.835747020732214185e-01,8.204400370207109994e-01,3.128093622656399203e-02,5.902002327583464637e-03,-7.838710307380800657e-01,1.230143623861283064e+00,-2.617954204062704071e-01,5.928975197976901867e+00
3.835747020732214185e-01,8.204400370207109994e-01,3.128093622656399203e-02,5.902002327583464637e-03,-7.838710307380800657e-01,1.230143623861283064e+00,-2.617954204062704071e-01,5.931244475340798239e+00
3.835747020732214185e-01,8.204400370207109994e-01,3.128093622656399203e-02,5.902002327583464637e-03,-7.838710307380800657e-01,1.230143623861283064e+00,-2.617954204062704071e-01,5.931814964063566009e+00
3.835747020732214185e-01,8.204400370207109994e-01,3.128093622656399203e-02,5.902002327583464637e-03,-7.838710307380800657e-01,1.230143623861283064e+00,-2.617954204062704071e-01,5.934096918954635314e+00
3.835747020732214185e-01,8.204400370207109994e-01,3.128093622656399203e-02,5.902002327583464637e-03,-7.838710307380800657e-01,1.230143623861283064e+00,-2.617954204062704071e-01,5.934667407677403084e+00
3.835747020732214185e-01,8.204400370207109994e-01,3.128093622656399203e-02,5.902002327583464637e-03,-7.838710307380800657e-01,1.230143623861283064e+00,-2.617954204062704071e-01,5.936949362568472388e+00
3.835747020732214185e-01,8.204400370207109994e-01,3.128093622656399203e-02,5.902002327583464637e-03,-7.838710307380800657e-01,1.230143623861283064e+00,-2.617954204062704071e-01,5.938090340014007040e+00
3.835747020732214185e-01,8.204400370207109994e-01,3.128093622656399203e-02,5.902002327583464637e-03,-7.838710307380800657e-01,1.230143623861283064e+00,-2.617954204062704071e-01,5.939789128655136530e+00
3.835747020732214185e-01,8.204400370207109994e-01,3.128093622656399203e-02,5.902002327583464637e-03,-7.838710307380800657e-01,1.230143623861283064e+00,-2.617954204062704071e-01,5.940930106100671182e+00
3.835747020732214185e-01,8.204400370207109994e-01,3.128093622656399203e-02,5.902002327583464637e-03,-7.838710307380800657e-01,1.230143623861283064e+00,-2.617954204062704071e-01,5.942641572268973604e+00
3.835747020732214185e-01,8.204400370207109994e-01,3.128093622656399203e-02,5.902002327583464637e-03,-7.838710307380800657e-01,1.230143623861283064e+00,-2.617954204062704071e-01,5.943212060991741374e+00
3.835747020732214185e-01,8.204400370207109994e-01,3.128093622656399203e-02,5.902002327583464637e-03,-7.838710307380800657e-01,1.230143623861283064e+00,-2.617954204062704071e-01,5.944923527160042909e+00
3.835747020732214185e-01,8.204400370207109994e-01,3.128093622656399203e-02,5.902002327583464637e-03,-7.838710307380800657e-01,1.230143623861283064e+00,-2.617954204062704071e-01,5.945494015882810679e+00
3.835747020732214185e-01,8.204400370207109994e-01,3.128093622656399203e-02,5.902002327583464637e-03,-7.838710307380800657e-01,1.230143623861283064e+00,-2.617954204062704071e-01,5.947763293246707050e+00
3.835747020732214185e-01,8.204400370207109994e-01,3.128093622656399203e-02,5.902002327583464637e-03,-7.838710307380800657e-01,1.230143623861283064e+00,-2.617954204062704071e-01,5.948333781969474821e+00
3.835747020732214185e-01,8.204400370207109994e-01,3.128093622656399203e-02,5.902002327583464637e-03,-7.838710307380800657e-01,1.230143623861283064e+00,-2.617954204062704071e-01,5.950045248137777243e+00
3.835747020732214185e-01,8.204400370207109994e-01,3.128093622656399203e-02,5.902002327583464637e-03,-7.838710307380800657e-01,1.230143623861283064e+00,-2.617954204062704071e-01,5.950615736860544125e+00
3.835747020732214185e-01,8.204400370207109994e-01,3.128093622656399203e-02,5.902002327583464637e-03,-7.838710307380800657e-01,1.230143623861283064e+00,-2.617954204062704071e-01,5.952897691751614317e+00
3.835747020732214185e-01,8.204400370207109994e-01,3.128093622656399203e-02,5.902002327583464637e-03,-7.838710307380800657e-01,1.230143623861283064e+00,-2.617954204062704071e-01,5.953468180474381199e+00
3.835747020732214185e-01,8.204400370207109994e-01,3.128093622656399203e-02,5.902002327583464637e-03,-7.838710307380800657e-01,1.230143623861283064e+00,-2.617954204062704071e-01,5.955750135365450504e+00
3.835747020732214185e-01,8.204400370207109994e-01,3.128093622656399203e-02,5.902002327583464637e-03,-7.838710307380800657e-01,1.230143623861283064e+00,-2.617954204062704071e-01,5.956320624088218274e+00
3.835747020732214185e-01,8.204400370207109994e-01,3.128093622656399203e-02,5.902002327583464637e-03,-7.838710307380800657e-01,1.230143623861283064e+00,-2.617954204062704071e-01,5.958602578979287578e+00
3.835747020732214185e-01,8.204400370207109994e-01,3.128093622656399203e-02,5.902002327583464637e-03,-7.838710307380800657e-01,1.230143623861283064e+00,-2.617954204062704071e-01,5.959173067702055349e+00
3.835747020732214185e-01,8.204400370207109994e-01,3.128093622656399203e-02,5.902002327583464637e-03,-7.838710307380800657e-01,1.230143623861283064e+00,-2.617954204062704071e-01,5.960871856343184838e+00
3.835747020732214185e-01,8.204400370207109994e-01,3.128093622656399203e-02,5.902002327583464637e-03,-7.838710307380800657e-01,1.230143623861283064e+00,-2.617954204062704071e-01,5.961442345065951720e+00
3.835747020732214185e-01,8.204400370207109994e-01,3.128093622656399203e-02,5.902002327583464637e-03,-7.838710307380800657e-01,1.230143623861283064e+00,-2.617954204062704071e-01,5.963153811234254142e+00
3.835747020732214185e-01,8.204400370207109994e-01,3.128093622656399203e-02,5.902002327583464637e-03,-7.838710307380800657e-01,1.230143623861283064e+00,-2.617954204062704071e-01,5.963724299957021913e+00
3.835747020732214185e-01,8.204400370207109994e-01,3.128093622656399203e-02,5.902002327583464637e-03,-7.838710307380800657e-01,1.230143623861283064e+00,-2.617954204062704071e-01,5.966006254848091217e+00
3.835747020732214185e-01,8.204400370207109994e-01,3.128093622656399203e-02,5.902002327583464637e-03,-7.838710307380800657e-01,1.230143623861283064e+00,-2.617954204062704071e-01,5.967147232293625869e+00
3.835747020732214185e-01,8.204400370207109994e-01,3.128093622656399203e-02,5.902002327583464637e-03,-7.838710307380800657e-01,1.230143623861283064e+00,-2.617954204062704071e-01,5.969429187184695174e+00
3.835747020732214185e-01,8.204400370207109994e-01,3.128093622656399203e-02,5.902002327583464637e-03,-7.838710307380800657e-01,1.230143623861283064e+00,-2.617954204062704071e-01,5.969986998380290011e+00
3.835747020732214185e-01,8.204400370207109994e-01,3.128093622656399203e-02,5.902002327583464637e-03,-7.838710307380800657e-01,1.230143623861283064e+00,-2.617954204062704071e-01,5.971698464548592433e+00
3.835747020732214185e-01,8.204400370207109994e-01,3.128093622656399203e-02,5.902002327583464637e-03,-7.838710307380800657e-01,1.230143623861283064e+00,-2.617954204062704071e-01,5.972268953271360203e+00
3.835747020732214185e-01,8.204400370207109994e-01,3.128093622656399203e-02,5.902002327583464637e-03,-7.838710307380800657e-01,1.230143623861283064e+00,-2.617954204062704071e-01,5.973980419439661738e+00
3.835747020732214185e-01,8.204400370207109994e-01,3.128093622656399203e-02,5.902002327583464637e-03,-7.838710307380800657e-01,1.230143623861283064e+00,-2.617954204062704071e-01,5.974550908162429508e+00
3.835747020732214185e-01,8.204400370207109994e-01,3.128093622656399203e-02,5.902002327583464637e-03,-7.838710307380800657e-01,1.230143623861283064e+00,-2.617954204062704071e-01,5.976262374330731930e+00
3.835747020732214185e-01,8.204400370207109994e-01,3.128093622656399203e-02,5.902002327583464637e-03,-7.838710307380800657e-01,1.230143623861283064e+00,-2.617954204062704071e-01,5.977973840499033464e+00
3.835747020732214185e-01,8.204400370207109994e-01,3.128093622656399203e-02,5.902002327583464637e-03,-7.838710307380800657e-01,1.230143623861283064e+00,-2.617954204062704071e-01,5.978531651694628302e+00
3.835747020732214185e-01,8.204400370207109994e-01,3.128093622656399203e-02,5.902002327583464637e-03,-7.838710307380800657e-01,1.230143623861283064e+00,-2.617954204062704071e-01,5.980243117862930724e+00
3.835747020732214185e-01,8.204400370207109994e-01,3.128093622656399203e-02,5.902002327583464637e-03,-7.838710307380800657e-01,1.230143623861283064e+00,-2.617954204062704071e-01,5.980813606585698494e+00
3.835747020732214185e-01,8.204400370207109994e-01,3.128093622656399203e-02,5.902002327583464637e-03,-7.838710307380800657e-01,1.230143623861283064e+00,-2.617954204062704071e-01,5.982525072754000028e+00
3.835747020732214185e-01,8.204400370207109994e-01,3.128093622656399203e-02,5.902002327583464637e-03,-7.838710307380800657e-01,1.230143623861283064e+00,-2.617954204062704071e-01,5.983666050199534681e+00
3.835747020732214185e-01,8.204400370207109994e-01,3.128093622656399203e-02,5.902002327583464637e-03,-7.838710307380800657e-01,1.230143623861283064e+00,-2.617954204062704071e-01,5.985377516367837103e+00
3.835747020732214185e-01,8.204400370207109994e-01,3.128093622656399203e-02,5.902002327583464637e-03,-7.838710307380800657e-01,1.230143623861283064e+00,-2.617954204062704071e-01,5.985948005090604873e+00
3.835747020732214185e-01,8.204400370207109994e-01,3.128093622656399203e-02,5.902002327583464637e-03,-7.838710307380800657e-01,1.230143623861283064e+00,-2.617954204062704071e-01,5.988229959981674178e+00
3.835747020732214185e-01,8.204400370207109994e-01,3.128093622656399203e-02,5.902002327583464637e-03,-7.838710307380800657e-01,1.230143623861283064e+00,-2.617954204062704071e-01,5.988787771177269015e+00
3.835747020732214185e-01,8.204400370207109994e-01,3.128093622656399203e-02,5.902002327583464637e-03,-7.838710307380800657e-01,1.230143623861283064e+00,-2.617954204062704071e-01,5.991640214791106089e+00
3.835747020732214185e-01,8.204400370207109994e-01,3.128093622656399203e-02,5.902002327583464637e-03,-7.838710307380800657e-01,1.230143623861283064e+00,-2.617954204062704071e-01,5.992210703513872971e+00
3.835747020732214185e-01,8.204400370207109994e-01,3.128093622656399203e-02,5.902002327583464637e-03,-7.838710307380800657e-01,1.230143623861283064e+00,-2.617954204062704071e-01,5.994479980877770231e+00
3.835747020732214185e-01,8.204400370207109994e-01,3.128093622656399203e-02,5.902002327583464637e-03,-7.838710307380800657e-01,1.230143623861283064e+00,-2.617954204062704071e-01,5.995050469600537113e+00
3.835747020732214185e-01,8.204400370207109994e-01,3.128093622656399203e-02,5.902002327583464637e-03,-7.838710307380800657e-01,1.230143623861283064e+00,-2.617954204062704071e-01,5.996774613296012468e+00
3.835747020732214185e-01,8.204400370207109994e-01,3.128093622656399203e-02,5.902002327583464637e-03,-7.838710307380800657e-01,1.230143623861283064e+00,-2.617954204062704071e-01,5.997345102018779350e+00
3.835747020732214185e-01,8.204400370207109994e-01,3.128093622656399203e-02,5.902002327583464637e-03,-7.838710307380800657e-01,1.230143623861283064e+00,-2.617954204062704071e-01,5.999614379382676610e+00
3.835747020732214185e-01,8.204400370207109994e-01,3.128093622656399203e-02,5.902002327583464637e-03,-7.838710307380800657e-01,1.230143623861283064e+00,-2.617954204062704071e-01,6.001325845550979032e+00
3.835747020732214185e-01,8.204400370207109994e-01,3.128093622656399203e-02,5.902002327583464637e-03,-7.838710307380800657e-01,1.230143623861283064e+00,-2.617954204062704071e-01,6.002466822996513685e+00
3.835747020732214185e-01,8.204400370207109994e-01,3.128093622656399203e-02,5.902002327583464637e-03,-7.838710307380800657e-01,1.230143623861283064e+00,-2.617954204062704071e-01,6.004165611637643174e+00
3.835747020732214185e-01,8.204400370207109994e-01,3.128093622656399203e-02,5.902002327583464637e-03,-7.838710307380800657e-01,1.230143623861283064e+00,-2.617954204062704071e-01,6.004736100360410944e+00
3.835747020732214185e-01,8.204400370207109994e-01,3.128093622656399203e-02,5.902002327583464637e-03,-7.838710307380800657e-01,1.230143623861283064e+00,-2.617954204062704071e-01,6.006447566528712478e+00
3.835747020732214185e-01,8.204400370207109994e-01,3.128093622656399203e-02,5.902002327583464637e-03,-7.838710307380800657e-01,1.230143623861283064e+00,-2.617954204062704071e-01,6.007588543974247131e+00
3.835747020732214185e-01,8.204400370207109994e-01,3.128093622656399203e-02,5.902002327583464637e-03,-7.838710307380800657e-01,1.230143623861283064e+00,-2.617954204062704071e-01,6.008159032697014901e+00
3.835747020732214185e-01,8.204400370207109994e-01,3.128093622656399203e-02,5.902002327583464637e-03,-7.838710307380800657e-01,1.230143623861283064e+00,-2.617954204062704071e-01,6.009870498865317323e+00
3.835747020732214185e-01,8.204400370207109994e-01,3.128093622656399203e-02,5.902002327583464637e-03,-7.838710307380800657e-01,1.230143623861283064e+00,-2.617954204062704071e-01,6.011011476310851975e+00
3.835747020732214185e-01,8.204400370207109994e-01,3.128093622656399203e-02,5.902002327583464637e-03,-7.838710307380800657e-01,1.230143623861283064e+00,-2.617954204062704071e-01,6.013293431201921280e+00
3.835747020732214185e-01,8.204400370207109994e-01,3.128093622656399203e-02,5.902002327583464637e-03,-7.838710307380800657e-01,1.230143623861283064e+00,-2.617954204062704071e-01,6.013863919924689050e+00
3.835747020732214185e-01,8.204400370207109994e-01,3.128093622656399203e-02,5.902002327583464637e-03,-7.838710307380800657e-01,1.230143623861283064e+00,-2.617954204062704071e-01,6.016703686011353192e+00
3.835747020732214185e-01,8.204400370207109994e-01,3.128093622656399203e-02,5.902002327583464637e-03,-7.838710307380800657e-01,1.230143623861283064e+00,-2.617954204062704071e-01,6.017274174734120074e+00
3.835747020732214185e-01,8.204400370207109994e-01,3.128093622656399203e-02,5.902002327583464637e-03,-7.838710307380800657e-01,1.230143623861283064e+00,-2.617954204062704071e-01,6.019556129625190266e+00
3.835747020732214185e-01,8.204400370207109994e-01,3.128093622656399203e-02,5.902002327583464637e-03,-7.838710307380800657e-01,1.230143623861283064e+00,-2.617954204062704071e-01,6.020126618347957148e+00
3.835747020732214185e-01,8.204400370207109994e-01,3.128093622656399203e-02,5.902002327583464637e-03,-7.838710307380800657e-01,1.230143623861283064e+00,-2.617954204062704071e-01,6.022408573239027341e+00
3.835747020732214185e-01,8.204400370207109994e-01,3.128093622656399203e-02,5.902002327583464637e-03,-7.838710307380800657e-01,1.230143623861283064e+00,-2.617954204062704071e-01,6.023549550684561993e+00
3.835747020732214185e-01,8.204400370207109994e-01,3.128093622656399203e-02,5.902002327583464637e-03,-7.838710307380800657e-01,1.230143623861283064e+00,-2.617954204062704071e-01,6.025818828048458364e+00
3.835747020732214185e-01,8.204400370207109994e-01,3.128093622656399203e-02,5.902002327583464637e-03,-7.838710307380800657e-01,1.230143623861283064e+00,-2.617954204062704071e-01,6.026389316771226135e+00
3.835747020732214185e-01,8.204400370207109994e-01,3.128093622656399203e-02,5.902002327583464637e-03,-7.838710307380800657e-01,1.230143623861283064e+00,-2.617954204062704071e-01,6.028671271662295439e+00
3.835747020732214185e-01,8.204400370207109994e-01,3.128093622656399203e-02,5.902002327583464637e-03,-7.838710307380800657e-01,1.230143623861283064e+00,-2.617954204062704071e-01,6.029812249107830091e+00
3.835747020732214185e-01,8.204400370207109994e-01,3.128093622656399203e-02,5.902002327583464637e-03,-7.838710307380800657e-01,1.230143623861283064e+00,-2.617954204062704071e-01,6.031523715276132513e+00
3.835747020732214185e-01,8.204400370207109994e-01,3.128093622656399203e-02,5.902002327583464637e-03,-7.838710307380800657e-01,1.230143623861283064e+00,-2.617954204062704071e-01,6.032664692721667166e+00
3.835747020732214185e-01,8.204400370207109994e-01,3.128093622656399203e-02,5.902002327583464637e-03,-7.838710307380800657e-01,1.230143623861283064e+00,-2.617954204062704071e-01,6.034933970085564425e+00
3.835747020732214185e-01,8.204400370207109994e-01,3.128093622656399203e-02,5.902002327583464637e-03,-7.838710307380800657e-01,1.230143623861283064e+00,-2.617954204062704071e-01,6.035504458808331307e+00
3.835747020732214185e-01,8.204400370207109994e-01,3.128093622656399203e-02,5.902002327583464637e-03,-7.838710307380800657e-01,1.230143623861283064e+00,-2.617954204062704071e-01,6.037215924976633730e+00
3.835747020732214185e-01,8.204400370207109994e-01,3.128093622656399203e-02,5.902002327583464637e-03,-7.838710307380800657e-01,1.230143623861283064e+00,-2.617954204062704071e-01,6.037786413699401500e+00
3.835747020732214185e-01,8.204400370207109994e-01,3.128093622656399203e-02,5.902002327583464637e-03,-7.838710307380800657e-01,1.230143623861283064e+00,-2.617954204062704071e-01,6.039497879867703034e+00
3.835747020732214185e-01,8.204400370207109994e-01,3.128093622656399203e-02,5.902002327583464637e-03,-7.838710307380800657e-01,1.230143623861283064e+00,-2.617954204062704071e-01,6.040068368590470804e+00
3.835747020732214185e-01,8.204400370207109994e-01,3.128093622656399203e-02,5.902002327583464637e-03,-7.838710307380800657e-01,1.230143623861283064e+00,-2.617954204062704071e-01,6.042350323481540109e+00
3.835747020732214185e-01,8.204400370207109994e-01,3.128093622656399203e-02,5.902002327583464637e-03,-7.838710307380800657e-01,1.230143623861283064e+00,-2.617954204062704071e-01,6.042920812204307879e+00
3.835747020732214185e-01,8.204400370207109994e-01,3.128093622656399203e-02,5.902002327583464637e-03,-7.838710307380800657e-01,1.230143623861283064e+00,-2.617954204062704071e-01,6.044632278372609413e+00
3.835747020732214185e-01,8.204400370207109994e-01,3.128093622656399203e-02,5.902002327583464637e-03,-7.838710307380800657e-01,1.230143623861283064e+00,-2.617954204062704071e-01,6.045760578290972020e+00
3.835747020732214185e-01,8.204400370207109994e-01,3.128093622656399203e-02,5.902002327583464637e-03,-7.838710307380800657e-01,1.230143623861283064e+00,-2.617954204062704071e-01,6.048042533182041325e+00
3.835747020732214185e-01,8.204400370207109994e-01,3.128093622656399203e-02,5.902002327583464637e-03,-7.838710307380800657e-01,1.230143623861283064e+00,-2.617954204062704071e-01,6.048613021904809095e+00
3.835747020732214185e-01,8.204400370207109994e-01,3.128093622656399203e-02,5.902002327583464637e-03,-7.838710307380800657e-01,1.230143623861283064e+00,-2.617954204062704071e-01,6.050894976795878399e+00
3.835747020732214185e-01,8.204400370207109994e-01,3.128093622656399203e-02,5.902002327583464637e-03,-7.838710307380800657e-01,1.230143623861283064e+00,-2.617954204062704071e-01,6.051465465518646170e+00
3.835747020732214185e-01,8.204400370207109994e-01,3.128093622656399203e-02,5.902002327583464637e-03,-7.838710307380800657e-01,1.230143623861283064e+00,-2.617954204062704071e-01,6.053176931686947704e+00
3.835747020732214185e-01,8.204400370207109994e-01,3.128093622656399203e-02,5.902002327583464637e-03,-7.838710307380800657e-01,1.230143623861283064e+00,-2.617954204062704071e-01,6.054317909132482356e+00
3.835747020732214185e-01,8.204400370207109994e-01,3.128093622656399203e-02,5.902002327583464637e-03,-7.838710307380800657e-01,1.230143623861283064e+00,-2.617954204062704071e-01,6.056016697773612734e+00
3.835747020732214185e-01,8.204400370207109994e-01,3.128093622656399203e-02,5.902002327583464637e-03,-7.838710307380800657e-01,1.230143623861283064e+00,-2.617954204062704071e-01,6.056587186496379616e+00
3.835747020732214185e-01,8.204400370207109994e-01,3.128093622656399203e-02,5.902002327583464637e-03,-7.838710307380800657e-01,1.230143623861283064e+00,-2.617954204062704071e-01,6.058869141387448920e+00
3.835747020732214185e-01,8.204400370207109994e-01,3.128093622656399203e-02,5.902002327583464637e-03,-7.838710307380800657e-01,1.230143623861283064e+00,-2.617954204062704071e-01,6.059439630110216690e+00
3.835747020732214185e-01,8.204400370207109994e-01,3.128093622656399203e-02,5.902002327583464637e-03,-7.838710307380800657e-01,1.230143623861283064e+00,-2.617954204062704071e-01,6.061721585001285995e+00
3.835747020732214185e-01,8.204400370207109994e-01,3.128093622656399203e-02,5.902002327583464637e-03,-7.838710307380800657e-01,1.230143623861283064e+00,-2.617954204062704071e-01,6.062292073724053765e+00
3.835747020732214185e-01,8.204400370207109994e-01,3.128093622656399203e-02,5.902002327583464637e-03,-7.838710307380800657e-01,1.230143623861283064e+00,-2.617954204062704071e-01,6.064003539892356187e+00
3.835747020732214185e-01,8.204400370207109994e-01,3.128093622656399203e-02,5.902002327583464637e-03,-7.838710307380800657e-01,1.230143623861283064e+00,-2.617954204062704071e-01,6.064574028615123069e+00
3.835747020732214185e-01,8.204400370207109994e-01,3.128093622656399203e-02,5.902002327583464637e-03,-7.838710307380800657e-01,1.230143623861283064e+00,-2.617954204062704071e-01,6.066843305979020329e+00
3.835747020732214185e-01,8.204400370207109994e-01,3.128093622656399203e-02,5.902002327583464637e-03,-7.838710307380800657e-01,1.230143623861283064e+00,-2.617954204062704071e-01,6.067984283424554981e+00
3.835747020732214185e-01,8.204400370207109994e-01,3.128093622656399203e-02,5.902002327583464637e-03,-7.838710307380800657e-01,1.230143623861283064e+00,-2.617954204062704071e-01,6.069695749592857403e+00
3.835747020732214185e-01,8.204400370207109994e-01,3.128093622656399203e-02,5.902002327583464637e-03,-7.838710307380800657e-01,1.230143623861283064e+00,-2.617954204062704071e-01,6.070836727038392056e+00
3.835747020732214185e-01,8.204400370207109994e-01,3.128093622656399203e-02,5.902002327583464637e-03,-7.838710307380800657e-01,1.230143623861283064e+00,-2.617954204062704071e-01,6.073118681929461360e+00
3.835747020732214185e-01,8.204400370207109994e-01,3.128093622656399203e-02,5.902002327583464637e-03,-7.838710307380800657e-01,1.230143623861283064e+00,-2.617954204062704071e-01,6.073689170652229130e+00
3.835747020732214185e-01,8.204400370207109994e-01,3.128093622656399203e-02,5.902002327583464637e-03,-7.838710307380800657e-01,1.230143623861283064e+00,-2.617954204062704071e-01,6.075387959293358620e+00
3.835747020732214185e-01,8.204400370207109994e-01,3.128093622656399203e-02,5.919996237118779758e-03,-7.838710307380800657e-01,1.230143623861283064e+00,-2.617954204062704071e-01,6.075958448016125502e+00
3.835747020732214185e-01,8.204400370207109994e-01,3.128093622656399203e-02,5.902002327583464637e-03,-7.838710307380800657e-01,1.230143623861283064e+00,-2.617954204062704071e-01,6.077669914184427924e+00
3.835747020732214185e-01,8.204400370207109994e-01,3.128093622656399203e-02,5.902002327583464637e-03,-7.838710307380800657e-01,1.230143623861283064e+00,-2.617954204062704071e-01,6.078810891629962576e+00
3.835747020732214185e-01,8.204400370207109994e-01,3.128093622656399203e-02,5.902002327583464637e-03,-7.838710307380800657e-01,1.230143623861283064e+00,-2.617954204062704071e-01,6.080522357798264999e+00
3.835747020732214185e-01,8.204400370207109994e-01,3.128093622656399203e-02,5.902002327583464637e-03,-7.838710307380800657e-01,1.230143623861283064e+00,-2.617954204062704071e-01,6.081092846521031881e+00
3.835747020732214185e-01,8.204400370207109994e-01,3.128093622656399203e-02,5.902002327583464637e-03,-7.838710307380800657e-01,1.230143623861283064e+00,-2.617954204062704071e-01,6.083932612607696910e+00
3.835747020732214185e-01,8.204400370207109994e-01,3.128093622656399203e-02,5.919996237118779758e-03,-7.838710307380800657e-01,1.230143623861283064e+00,-2.617954204062704071e-01,6.084503101330463792e+00
3.835747020732214185e-01,8.204400370207109994e-01,3.128093622656399203e-02,5.902002327583464637e-03,-7.838710307380800657e-01,1.230143623861283064e+00,-2.617954204062704071e-01,6.086785056221533097e+00
3.835747020732214185e-01,8.204400370207109994e-01,3.128093622656399203e-02,5.902002327583464637e-03,-7.838710307380800657e-01,1.230143623861283064e+00,-2.617954204062704071e-01,6.087355544944300867e+00
3.835747020732214185e-01,8.204400370207109994e-01,3.128093622656399203e-02,5.902002327583464637e-03,-7.838710307380800657e-01,1.230143623861283064e+00,-2.617954204062704071e-01,6.089637499835370171e+00
3.835747020732214185e-01,8.204400370207109994e-01,3.128093622656399203e-02,5.902002327583464637e-03,-7.838710307380800657e-01,1.230143623861283064e+00,-2.617954204062704071e-01,6.090207988558137941e+00
3.835747020732214185e-01,8.204400370207109994e-01,3.128093622656399203e-02,5.902002327583464637e-03,-7.838710307380800657e-01,1.230143623861283064e+00,-2.617954204062704071e-01,6.093047754644802083e+00
3.835747020732214185e-01,8.204400370207109994e-01,3.128093622656399203e-02,5.902002327583464637e-03,-7.838710307380800657e-01,1.230143623861283064e+00,-2.617954204062704071e-01,6.093618243367569853e+00
3.835747020732214185e-01,8.204400370207109994e-01,3.128093622656399203e-02,5.902002327583464637e-03,-7.838710307380800657e-01,1.230143623861283064e+00,-2.617954204062704071e-01,6.095900198258639158e+00
3.835747020732214185e-01,8.204400370207109994e-01,3.128093622656399203e-02,5.902002327583464637e-03,-7.838710307380800657e-01,1.230143623861283064e+00,-2.617954204062704071e-01,6.096470686981406040e+00
3.835747020732214185e-01,8.204400370207109994e-01,3.128093622656399203e-02,5.902002327583464637e-03,-7.838710307380800657e-01,1.230143623861283064e+00,-2.617954204062704071e-01,6.098169475622535529e+00
3.835747020732214185e-01,8.204400370207109994e-01,3.128093622656399203e-02,5.902002327583464637e-03,-7.838710307380800657e-01,1.230143623861283064e+00,-2.617954204062704071e-01,6.098739964345303299e+00
3.835747020732214185e-01,8.204400370207109994e-01,3.128093622656399203e-02,5.902002327583464637e-03,-7.838710307380800657e-01,1.230143623861283064e+00,-2.617954204062704071e-01,6.101034596763545537e+00
3.835747020732214185e-01,8.204400370207109994e-01,3.128093622656399203e-02,5.902002327583464637e-03,-7.838710307380800657e-01,1.230143623861283064e+00,-2.617954204062704071e-01,6.101605085486312419e+00
3.835747020732214185e-01,8.204400370207109994e-01,3.128093622656399203e-02,5.902002327583464637e-03,-7.838710307380800657e-01,1.230143623861283064e+00,-2.617954204062704071e-01,6.103874362850209678e+00
3.835747020732214185e-01,8.204400370207109994e-01,3.128093622656399203e-02,5.902002327583464637e-03,-7.838710307380800657e-01,1.230143623861283064e+00,-2.617954204062704071e-01,6.105015340295744330e+00
3.835747020732214185e-01,8.204400370207109994e-01,3.128093622656399203e-02,5.902002327583464637e-03,-7.838710307380800657e-01,1.230143623861283064e+00,-2.617954204062704071e-01,6.106726806464046753e+00
3.835747020732214185e-01,8.204400370207109994e-01,3.128093622656399203e-02,5.902002327583464637e-03,-7.838710307380800657e-01,1.230143623861283064e+00,-2.617954204062704071e-01,6.107297295186814523e+00
3.835747020732214185e-01,8.204400370207109994e-01,3.128093622656399203e-02,5.902002327583464637e-03,-7.838710307380800657e-01,1.230143623861283064e+00,-2.617954204062704071e-01,6.109566572550710895e+00
3.835747020732214185e-01,8.204400370207109994e-01,3.128093622656399203e-02,5.902002327583464637e-03,-7.838710307380800657e-01,1.230143623861283064e+00,-2.617954204062704071e-01,6.110137061273478665e+00
3.835747020732214185e-01,8.204400370207109994e-01,3.128093622656399203e-02,5.902002327583464637e-03,-7.838710307380800657e-01,1.230143623861283064e+00,-2.617954204062704071e-01,6.112431693691720902e+00
3.835747020732214185e-01,8.204400370207109994e-01,3.128093622656399203e-02,5.902002327583464637e-03,-7.838710307380800657e-01,1.230143623861283064e+00,-2.617954204062704071e-01,6.112989504887315739e+00
3.835747020732214185e-01,8.204400370207109994e-01,3.128093622656399203e-02,5.902002327583464637e-03,-7.838710307380800657e-01,1.230143623861283064e+00,-2.617954204062704071e-01,6.115841948501151926e+00
3.835747020732214185e-01,8.204400370207109994e-01,3.128093622656399203e-02,5.902002327583464637e-03,-7.838710307380800657e-01,1.230143623861283064e+00,-2.617954204062704071e-01,6.116412437223919696e+00
3.835747020732214185e-01,8.204400370207109994e-01,3.128093622656399203e-02,5.902002327583464637e-03,-7.838710307380800657e-01,1.230143623861283064e+00,-2.617954204062704071e-01,6.118694392114989000e+00
3.835747020732214185e-01,8.204400370207109994e-01,3.128093622656399203e-02,5.902002327583464637e-03,-7.838710307380800657e-01,1.230143623861283064e+00,-2.617954204062704071e-01,6.119264880837756770e+00
3.835747020732214185e-01,8.204400370207109994e-01,3.128093622656399203e-02,5.902002327583464637e-03,-7.838710307380800657e-01,1.230143623861283064e+00,-2.617954204062704071e-01,6.120976347006059193e+00
3.835747020732214185e-01,8.204400370207109994e-01,3.128093622656399203e-02,5.902002327583464637e-03,-7.838710307380800657e-01,1.230143623861283064e+00,-2.617954204062704071e-01,6.121546835728826075e+00
3.835747020732214185e-01,8.204400370207109994e-01,3.128093622656399203e-02,5.902002327583464637e-03,-7.838710307380800657e-01,1.230143623861283064e+00,-2.617954204062704071e-01,6.123816113092723334e+00
3.835747020732214185e-01,8.204400370207109994e-01,3.128093622656399203e-02,5.902002327583464637e-03,-7.838710307380800657e-01,1.230143623861283064e+00,-2.617954204062704071e-01,6.124386601815490216e+00
3.835747020732214185e-01,8.204400370207109994e-01,3.128093622656399203e-02,5.902002327583464637e-03,-7.838710307380800657e-01,1.230143623861283064e+00,-2.617954204062704071e-01,6.126098067983792639e+00
3.835747020732214185e-01,8.204400370207109994e-01,3.128093622656399203e-02,5.902002327583464637e-03,-7.838710307380800657e-01,1.230143623861283064e+00,-2.617954204062704071e-01,6.127239045429327291e+00
3.835747020732214185e-01,8.204400370207109994e-01,3.128093622656399203e-02,5.902002327583464637e-03,-7.838710307380800657e-01,1.230143623861283064e+00,-2.617954204062704071e-01,6.128950511597629713e+00
3.835747020732214185e-01,8.204400370207109994e-01,3.128093622656399203e-02,5.902002327583464637e-03,-7.838710307380800657e-01,1.230143623861283064e+00,-2.617954204062704071e-01,6.129508322793224551e+00
3.835747020732214185e-01,8.204400370207109994e-01,3.128093622656399203e-02,5.902002327583464637e-03,-7.838710307380800657e-01,1.230143623861283064e+00,-2.617954204062704071e-01,6.131802955211466788e+00
3.835747020732214185e-01,8.204400370207109994e-01,3.128093622656399203e-02,5.902002327583464637e-03,-7.838710307380800657e-01,1.230143623861283064e+00,-2.617954204062704071e-01,6.132360766407061625e+00
3.835747020732214185e-01,8.204400370207109994e-01,3.128093622656399203e-02,5.902002327583464637e-03,-7.838710307380800657e-01,1.230143623861283064e+00,-2.617954204062704071e-01,6.134072232575363159e+00
3.835747020732214185e-01,8.204400370207109994e-01,3.128093622656399203e-02,5.902002327583464637e-03,-7.838710307380800657e-01,1.230143623861283064e+00,-2.617954204062704071e-01,6.134642721298130930e+00
3.835747020732214185e-01,8.204400370207109994e-01,3.128093622656399203e-02,5.902002327583464637e-03,-7.838710307380800657e-01,1.230143623861283064e+00,-2.617954204062704071e-01,6.136924676189200234e+00
3.835747020732214185e-01,8.204400370207109994e-01,3.128093622656399203e-02,5.902002327583464637e-03,-7.838710307380800657e-01,1.230143623861283064e+00,-2.617954204062704071e-01,6.137495164911968004e+00
3.835747020732214185e-01,8.204400370207109994e-01,3.128093622656399203e-02,5.902002327583464637e-03,-7.838710307380800657e-01,1.230143623861283064e+00,-2.617954204062704071e-01,6.139764442275864376e+00
3.835747020732214185e-01,8.204400370207109994e-01,3.128093622656399203e-02,5.902002327583464637e-03,-7.838710307380800657e-01,1.230143623861283064e+00,-2.617954204062704071e-01,6.140905419721399916e+00
3.835747020732214185e-01,8.204400370207109994e-01,3.128093622656399203e-02,5.902002327583464637e-03,-7.838710307380800657e-01,1.230143623861283064e+00,-2.617954204062704071e-01,6.142616885889701450e+00
3.835747020732214185e-01,8.204400370207109994e-01,3.128093622656399203e-02,5.902002327583464637e-03,-7.838710307380800657e-01,1.230143623861283064e+00,-2.617954204062704071e-01,6.143187374612469220e+00
3.835747020732214185e-01,8.204400370207109994e-01,3.128093622656399203e-02,5.902002327583464637e-03,-7.838710307380800657e-01,1.230143623861283064e+00,-2.617954204062704071e-01,6.145469329503538525e+00
3.835747020732214185e-01,8.204400370207109994e-01,3.128093622656399203e-02,5.902002327583464637e-03,-7.838710307380800657e-01,1.230143623861283064e+00,-2.617954204062704071e-01,6.146039818226306295e+00
3.835747020732214185e-01,8.204400370207109994e-01,3.128093622656399203e-02,5.902002327583464637e-03,-7.838710307380800657e-01,1.230143623861283064e+00,-2.617954204062704071e-01,6.148321773117375599e+00
3.835747020732214185e-01,8.204400370207109994e-01,3.128093622656399203e-02,5.902002327583464637e-03,-7.838710307380800657e-01,1.230143623861283064e+00,-2.617954204062704071e-01,6.148879584312970437e+00
3.835747020732214185e-01,8.204400370207109994e-01,3.128093622656399203e-02,5.902002327583464637e-03,-7.838710307380800657e-01,1.230143623861283064e+00,-2.617954204062704071e-01,6.151161539204039741e+00
3.835747020732214185e-01,8.204400370207109994e-01,3.128093622656399203e-02,5.902002327583464637e-03,-7.838710307380800657e-01,1.230143623861283064e+00,-2.617954204062704071e-01,6.152302516649574393e+00
3.835747020732214185e-01,8.204400370207109994e-01,3.128093622656399203e-02,5.902002327583464637e-03,-7.838710307380800657e-01,1.230143623861283064e+00,-2.617954204062704071e-01,6.154013982817876816e+00
3.835747020732214185e-01,8.204400370207109994e-01,3.128093622656399203e-02,5.902002327583464637e-03,-7.838710307380800657e-01,1.230143623861283064e+00,-2.617954204062704071e-01,6.154584471540644586e+00
3.835747020732214185e-01,8.204400370207109994e-01,3.128093622656399203e-02,5.902002327583464637e-03,-7.838710307380800657e-01,1.230143623861283064e+00,-2.617954204062704071e-01,6.156866426431713890e+00
3.835747020732214185e-01,8.204400370207109994e-01,3.128093622656399203e-02,5.902002327583464637e-03,-7.838710307380800657e-01,1.230143623861283064e+00,-2.617954204062704071e-01,6.157436915154480772e+00
3.835747020732214185e-01,8.204400370207109994e-01,3.128093622656399203e-02,5.902002327583464637e-03,-7.838710307380800657e-01,1.230143623861283064e+00,-2.617954204062704071e-01,6.159135703795611150e+00
3.835747020732214185e-01,8.204400370207109994e-01,3.128093622656399203e-02,5.902002327583464637e-03,-7.838710307380800657e-01,1.230143623861283064e+00,-2.617954204062704071e-01,6.159706192518378032e+00
3.835747020732214185e-01,8.204400370207109994e-01,3.128093622656399203e-02,5.902002327583464637e-03,-7.838710307380800657e-01,1.230143623861283064e+00,-2.617954204062704071e-01,6.161988147409447336e+00
3.835747020732214185e-01,8.204400370207109994e-01,3.128093622656399203e-02,5.902002327583464637e-03,-7.838710307380800657e-01,1.230143623861283064e+00,-2.617954204062704071e-01,6.162558636132215106e+00
3.835747020732214185e-01,8.204400370207109994e-01,3.128093622656399203e-02,5.902002327583464637e-03,-7.838710307380800657e-01,1.230143623861283064e+00,-2.617954204062704071e-01,6.164270102300517529e+00
3.835747020732214185e-01,8.204400370207109994e-01,3.128093622656399203e-02,5.902002327583464637e-03,-7.838710307380800657e-01,1.230143623861283064e+00,-2.617954204062704071e-01,6.164840591023284411e+00
3.835747020732214185e-01,8.204400370207109994e-01,3.128093622656399203e-02,5.902002327583464637e-03,-7.838710307380800657e-01,1.230143623861283064e+00,-2.617954204062704071e-01,6.166552057191586833e+00
3.835747020732214185e-01,8.204400370207109994e-01,3.128093622656399203e-02,5.902002327583464637e-03,-7.838710307380800657e-01,1.230143623861283064e+00,-2.617954204062704071e-01,6.167122545914353715e+00
3.835747020732214185e-01,8.204400370207109994e-01,3.128093622656399203e-02,5.902002327583464637e-03,-7.838710307380800657e-01,1.230143623861283064e+00,-2.617954204062704071e-01,6.169391823278250975e+00
3.835747020732214185e-01,8.204400370207109994e-01,3.128093622656399203e-02,5.902002327583464637e-03,-7.838710307380800657e-01,1.230143623861283064e+00,-2.617954204062704071e-01,6.169962312001018745e+00
3.835747020732214185e-01,8.204400370207109994e-01,3.128093622656399203e-02,5.902002327583464637e-03,-7.838710307380800657e-01,1.230143623861283064e+00,-2.617954204062704071e-01,6.172244266892088049e+00
3.835747020732214185e-01,8.204400370207109994e-01,3.128093622656399203e-02,5.902002327583464637e-03,-7.838710307380800657e-01,1.230143623861283064e+00,-2.617954204062704071e-01,6.172814755614855819e+00
3.835747020732214185e-01,8.204400370207109994e-01,3.128093622656399203e-02,5.902002327583464637e-03,-7.838710307380800657e-01,1.230143623861283064e+00,-2.617954204062704071e-01,6.174526221783157354e+00
3.835747020732214185e-01,8.204400370207109994e-01,3.128093622656399203e-02,5.902002327583464637e-03,-7.838710307380800657e-01,1.230143623861283064e+00,-2.617954204062704071e-01,6.175096710505925124e+00
3.835747020732214185e-01,8.204400370207109994e-01,3.128093622656399203e-02,5.902002327583464637e-03,-7.838710307380800657e-01,1.230143623861283064e+00,-2.617954204062704071e-01,6.176808176674226658e+00
3.835747020732214185e-01,8.204400370207109994e-01,3.128093622656399203e-02,5.902002327583464637e-03,-7.838710307380800657e-01,1.230143623861283064e+00,-2.617954204062704071e-01,6.177378665396994428e+00
3.835747020732214185e-01,8.204400370207109994e-01,3.128093622656399203e-02,5.902002327583464637e-03,-7.838710307380800657e-01,1.230143623861283064e+00,-2.617954204062704071e-01,6.179077454038123918e+00
3.835747020732214185e-01,8.204400370207109994e-01,3.128093622656399203e-02,5.902002327583464637e-03,-7.838710307380800657e-01,1.230143623861283064e+00,-2.617954204062704071e-01,6.179647942760891688e+00
3.835747020732214185e-01,8.204400370207109994e-01,3.128093622656399203e-02,5.902002327583464637e-03,-7.838710307380800657e-01,1.230143623861283064e+00,-2.617954204062704071e-01,6.181929897651960992e+00
3.835747020732214185e-01,8.204400370207109994e-01,3.128093622656399203e-02,5.902002327583464637e-03,-7.838710307380800657e-01,1.230143623861283064e+00,-2.617954204062704071e-01,6.182500386374728762e+00
3.835747020732214185e-01,8.204400370207109994e-01,3.128093622656399203e-02,5.902002327583464637e-03,-7.838710307380800657e-01,1.230143623861283064e+00,-2.617954204062704071e-01,6.184211852543030297e+00
3.835747020732214185e-01,8.204400370207109994e-01,3.128093622656399203e-02,5.902002327583464637e-03,-7.838710307380800657e-01,1.230143623861283064e+00,-2.617954204062704071e-01,6.185352829988564949e+00
3.835747020732214185e-01,8.204400370207109994e-01,3.128093622656399203e-02,5.902002327583464637e-03,-7.838710307380800657e-01,1.230143623861283064e+00,-2.617954204062704071e-01,6.187064296156867371e+00
3.835747020732214185e-01,8.204400370207109994e-01,3.128093622656399203e-02,5.902002327583464637e-03,-7.838710307380800657e-01,1.230143623861283064e+00,-2.617954204062704071e-01,6.187634784879635141e+00
3.835747020732214185e-01,8.204400370207109994e-01,3.128093622656399203e-02,5.902002327583464637e-03,-7.838710307380800657e-01,1.230143623861283064e+00,-2.617954204062704071e-01,6.189904062243531513e+00
3.835747020732214185e-01,8.204400370207109994e-01,3.128093622656399203e-02,5.902002327583464637e-03,-7.838710307380800657e-01,1.230143623861283064e+00,-2.617954204062704071e-01,6.190474550966299283e+00
3.835747020732214185e-01,8.204400370207109994e-01,3.128093622656399203e-02,5.902002327583464637e-03,-7.838710307380800657e-01,1.230143623861283064e+00,-2.617954204062704071e-01,6.192186017134601705e+00
3.835747020732214185e-01,8.204400370207109994e-01,3.128093622656399203e-02,5.902002327583464637e-03,-7.838710307380800657e-01,1.230143623861283064e+00,-2.617954204062704071e-01,6.192756505857368587e+00
3.835747020732214185e-01,8.204400370207109994e-01,3.128093622656399203e-02,5.902002327583464637e-03,-7.838710307380800657e-01,1.230143623861283064e+00,-2.617954204062704071e-01,6.195038460748437892e+00
3.835747020732214185e-01,8.204400370207109994e-01,3.128093622656399203e-02,5.902002327583464637e-03,-7.838710307380800657e-01,1.230143623861283064e+00,-2.617954204062704071e-01,6.195608949471205662e+00
3.835747020732214185e-01,8.204400370207109994e-01,3.128093622656399203e-02,5.902002327583464637e-03,-7.838710307380800657e-01,1.230143623861283064e+00,-2.617954204062704071e-01,6.197890904362274966e+00
3.835747020732214185e-01,8.204400370207109994e-01,3.128093622656399203e-02,5.902002327583464637e-03,-7.838710307380800657e-01,1.230143623861283064e+00,-2.617954204062704071e-01,6.198448715557869804e+00
3.835747020732214185e-01,8.204400370207109994e-01,3.128093622656399203e-02,5.902002327583464637e-03,-7.838710307380800657e-01,1.230143623861283064e+00,-2.617954204062704071e-01,6.200730670448939108e+00
3.835747020732214185e-01,8.204400370207109994e-01,3.128093622656399203e-02,5.902002327583464637e-03,-7.838710307380800657e-01,1.230143623861283064e+00,-2.617954204062704071e-01,6.201301159171706878e+00
3.835747020732214185e-01,8.204400370207109994e-01,3.128093622656399203e-02,5.902002327583464637e-03,-7.838710307380800657e-01,1.230143623861283064e+00,-2.617954204062704071e-01,6.203012625340009301e+00
3.835747020732214185e-01,8.204400370207109994e-01,3.128093622656399203e-02,5.902002327583464637e-03,-7.838710307380800657e-01,1.230143623861283064e+00,-2.617954204062704071e-01,6.203583114062776183e+00
3.835747020732214185e-01,8.204400370207109994e-01,3.128093622656399203e-02,5.902002327583464637e-03,-7.838710307380800657e-01,1.230143623861283064e+00,-2.617954204062704071e-01,6.205294580231078605e+00
3.835747020732214185e-01,8.204400370207109994e-01,3.128093622656399203e-02,5.902002327583464637e-03,-7.838710307380800657e-01,1.230143623861283064e+00,-2.617954204062704071e-01,6.205865068953846375e+00
3.835747020732214185e-01,8.204400370207109994e-01,3.128093622656399203e-02,5.902002327583464637e-03,-7.838710307380800657e-01,1.230143623861283064e+00,-2.617954204062704071e-01,6.208704835040510517e+00
3.835747020732214185e-01,8.204400370207109994e-01,3.128093622656399203e-02,5.902002327583464637e-03,-7.838710307380800657e-01,1.230143623861283064e+00,-2.617954204062704071e-01,6.209275323763277399e+00
3.835747020732214185e-01,8.204400370207109994e-01,3.128093622656399203e-02,5.902002327583464637e-03,-7.838710307380800657e-01,1.230143623861283064e+00,-2.617954204062704071e-01,6.211557278654347591e+00
3.835747020732214185e-01,8.204400370207109994e-01,3.128093622656399203e-02,5.902002327583464637e-03,-7.838710307380800657e-01,1.230143623861283064e+00,-2.617954204062704071e-01,6.212698256099882244e+00
3.835747020732214185e-01,8.204400370207109994e-01,3.128093622656399203e-02,5.902002327583464637e-03,-7.838710307380800657e-01,1.230143623861283064e+00,-2.617954204062704071e-01,6.214409722268183778e+00
3.835747020732214185e-01,8.204400370207109994e-01,3.128093622656399203e-02,5.902002327583464637e-03,-7.838710307380800657e-01,1.230143623861283064e+00,-2.617954204062704071e-01,6.214980210990951548e+00
3.835747020732214185e-01,8.204400370207109994e-01,3.128093622656399203e-02,5.902002327583464637e-03,-7.838710307380800657e-01,1.230143623861283064e+00,-2.617954204062704071e-01,6.217832654604788623e+00
3.835747020732214185e-01,8.204400370207109994e-01,3.128093622656399203e-02,5.902002327583464637e-03,-7.838710307380800657e-01,1.230143623861283064e+00,-2.617954204062704071e-01,6.218403143327555505e+00
3.835747020732214185e-01,8.204400370207109994e-01,3.128093622656399203e-02,5.902002327583464637e-03,-7.838710307380800657e-01,1.230143623861283064e+00,-2.617954204062704071e-01,6.220672420691452764e+00
3.835747020732214185e-01,8.204400370207109994e-01,3.128093622656399203e-02,5.902002327583464637e-03,-7.838710307380800657e-01,1.230143623861283064e+00,-2.617954204062704071e-01,6.221242909414220534e+00
3.835747020732214185e-01,8.204400370207109994e-01,3.128093622656399203e-02,5.902002327583464637e-03,-7.838710307380800657e-01,1.230143623861283064e+00,-2.617954204062704071e-01,6.222954375582522069e+00
3.835747020732214185e-01,8.204400370207109994e-01,3.128093622656399203e-02,5.902002327583464637e-03,-7.838710307380800657e-01,1.230143623861283064e+00,-2.617954204062704071e-01,6.223524864305289839e+00
3.835747020732214185e-01,8.204400370207109994e-01,3.128093622656399203e-02,5.902002327583464637e-03,-7.838710307380800657e-01,1.230143623861283064e+00,-2.617954204062704071e-01,6.226377307919126913e+00
3.835747020732214185e-01,8.204400370207109994e-01,3.128093622656399203e-02,5.902002327583464637e-03,-7.838710307380800657e-01,1.230143623861283064e+00,-2.617954204062704071e-01,6.226947796641893795e+00
3.835747020732214185e-01,8.204400370207109994e-01,3.128093622656399203e-02,5.902002327583464637e-03,-7.838710307380800657e-01,1.230143623861283064e+00,-2.617954204062704071e-01,6.229217074005791055e+00
3.835747020732214185e-01,8.204400370207109994e-01,3.128093622656399203e-02,5.902002327583464637e-03,-7.838710307380800657e-01,1.230143623861283064e+00,-2.617954204062704071e-01,6.229787562728558825e+00
3.835747020732214185e-01,8.204400370207109994e-01,3.128093622656399203e-02,5.902002327583464637e-03,-7.838710307380800657e-01,1.230143623861283064e+00,-2.617954204062704071e-01,6.232069517619628130e+00
3.835747020732214185e-01,8.204400370207109994e-01,3.128093622656399203e-02,5.902002327583464637e-03,-7.838710307380800657e-01,1.230143623861283064e+00,-2.617954204062704071e-01,6.232640006342395012e+00
3.835747020732214185e-01,8.204400370207109994e-01,3.128093622656399203e-02,5.902002327583464637e-03,-7.838710307380800657e-01,1.230143623861283064e+00,-2.617954204062704071e-01,6.234338794983525389e+00
3.835747020732214185e-01,8.204400370207109994e-01,3.128093622656399203e-02,5.902002327583464637e-03,-7.838710307380800657e-01,1.230143623861283064e+00,-2.617954204062704071e-01,6.234909283706292271e+00
3.835747020732214185e-01,8.204400370207109994e-01,3.128093622656399203e-02,5.902002327583464637e-03,-7.838710307380800657e-01,1.230143623861283064e+00,-2.617954204062704071e-01,6.236633427401766738e+00
3.835747020732214185e-01,8.204400370207109994e-01,3.128093622656399203e-02,5.902002327583464637e-03,-7.838710307380800657e-01,1.230143623861283064e+00,-2.617954204062704071e-01,6.237761727320129346e+00
3.835747020732214185e-01,8.204400370207109994e-01,3.128093622656399203e-02,5.902002327583464637e-03,-7.838710307380800657e-01,1.230143623861283064e+00,-2.617954204062704071e-01,6.239473193488431768e+00
3.835747020732214185e-01,8.204400370207109994e-01,3.128093622656399203e-02,5.902002327583464637e-03,-7.838710307380800657e-01,1.230143623861283064e+00,-2.617954204062704071e-01,6.240043682211198650e+00
3.835747020732214185e-01,8.204400370207109994e-01,3.128093622656399203e-02,5.902002327583464637e-03,-7.838710307380800657e-01,1.230143623861283064e+00,-2.617954204062704071e-01,6.241755148379501072e+00
3.835747020732214185e-01,8.204400370207109994e-01,3.128093622656399203e-02,5.902002327583464637e-03,-7.838710307380800657e-01,1.230143623861283064e+00,-2.617954204062704071e-01,6.243453937020630562e+00
3.835747020732214185e-01,8.204400370207109994e-01,3.128093622656399203e-02,5.902002327583464637e-03,-7.838710307380800657e-01,1.230143623861283064e+00,-2.617954204062704071e-01,6.245165403188932984e+00
3.835747020732214185e-01,8.204400370207109994e-01,3.128093622656399203e-02,5.902002327583464637e-03,-7.838710307380800657e-01,1.230143623861283064e+00,-2.617954204062704071e-01,6.245735891911699866e+00
3.835747020732214185e-01,8.204400370207109994e-01,3.128093622656399203e-02,5.902002327583464637e-03,-7.838710307380800657e-01,1.230143623861283064e+00,-2.617954204062704071e-01,6.248017846802770059e+00
3.835747020732214185e-01,8.204400370207109994e-01,3.128093622656399203e-02,5.902002327583464637e-03,-7.838710307380800657e-01,1.230143623861283064e+00,-2.617954204062704071e-01,6.248588335525536941e+00
3.835747020732214185e-01,8.204400370207109994e-01,3.128093622656399203e-02,5.902002327583464637e-03,-7.838710307380800657e-01,1.230143623861283064e+00,-2.617954204062704071e-01,6.250870290416606245e+00
3.835747020732214185e-01,8.204400370207109994e-01,3.128093622656399203e-02,5.902002327583464637e-03,-7.838710307380800657e-01,1.230143623861283064e+00,-2.617954204062704071e-01,6.251440779139374015e+00
3.835747020732214185e-01,8.204400370207109994e-01,3.128093622656399203e-02,5.902002327583464637e-03,-7.838710307380800657e-01,1.230143623861283064e+00,-2.617954204062704071e-01,6.253710056503271275e+00
3.835747020732214185e-01,8.204400370207109994e-01,3.128093622656399203e-02,5.902002327583464637e-03,-7.838710307380800657e-01,1.230143623861283064e+00,-2.617954204062704071e-01,6.254280545226038157e+00
3.835747020732214185e-01,8.204400370207109994e-01,3.128093622656399203e-02,5.902002327583464637e-03,-7.838710307380800657e-01,1.230143623861283064e+00,-2.617954204062704071e-01,6.255992011394340579e+00
3.835747020732214185e-01,8.204400370207109994e-01,3.128093622656399203e-02,5.902002327583464637e-03,-7.838710307380800657e-01,1.230143623861283064e+00,-2.617954204062704071e-01,6.256562500117107462e+00
3.835747020732214185e-01,8.204400370207109994e-01,3.128093622656399203e-02,5.902002327583464637e-03,-7.838710307380800657e-01,1.230143623861283064e+00,-2.617954204062704071e-01,6.258844455008177654e+00
3.835747020732214185e-01,8.204400370207109994e-01,3.128093622656399203e-02,5.902002327583464637e-03,-7.838710307380800657e-01,1.230143623861283064e+00,-2.617954204062704071e-01,6.259414943730944536e+00
3.835747020732214185e-01,8.204400370207109994e-01,3.128093622656399203e-02,5.902002327583464637e-03,-7.838710307380800657e-01,1.230143623861283064e+00,-2.617954204062704071e-01,6.261696898622014729e+00
3.835747020732214185e-01,8.204400370207109994e-01,3.128093622656399203e-02,5.902002327583464637e-03,-7.838710307380800657e-01,1.230143623861283064e+00,-2.617954204062704071e-01,6.262267387344781611e+00
3.835747020732214185e-01,8.204400370207109994e-01,3.128093622656399203e-02,5.902002327583464637e-03,-7.838710307380800657e-01,1.230143623861283064e+00,-2.617954204062704071e-01,6.263966175985911100e+00
3.835747020732214185e-01,8.204400370207109994e-01,3.128093622656399203e-02,5.902002327583464637e-03,-7.838710307380800657e-01,1.230143623861283064e+00,-2.617954204062704071e-01,6.264536664708678870e+00
3.835747020732214185e-01,8.204400370207109994e-01,3.128093622656399203e-02,5.902002327583464637e-03,-7.838710307380800657e-01,1.230143623861283064e+00,-2.617954204062704071e-01,6.266818619599748175e+00
3.835747020732214185e-01,8.204400370207109994e-01,3.128093622656399203e-02,5.902002327583464637e-03,-7.838710307380800657e-01,1.230143623861283064e+00,-2.617954204062704071e-01,6.267389108322515945e+00
3.835747020732214185e-01,8.204400370207109994e-01,3.128093622656399203e-02,5.902002327583464637e-03,-7.838710307380800657e-01,1.230143623861283064e+00,-2.617954204062704071e-01,6.268504730713704731e+00
3.835747020732214185e-01,8.204400370207109994e-01,3.128093622656399203e-02,5.902002327583464637e-03,-7.838710307380800657e-01,1.230143623861283064e+00,-2.617954204062704071e-01,6.270710620441739103e+00
3.835747020732214185e-01,8.204400370207109994e-01,3.128093622656399203e-02,5.902002327583464637e-03,-7.838710307380800657e-01,1.230143623861283064e+00,-2.617954204062704071e-01,6.271775532724237934e+00
3.835747020732214185e-01,8.204400370207109994e-01,3.128093622656399203e-02,5.902002327583464637e-03,-7.838710307380800657e-01,1.230143623861283064e+00,-2.617954204062704071e-01,6.273322191039296669e+00
3.835747020732214185e-01,8.204400370207109994e-01,3.128093622656399203e-02,5.902002327583464637e-03,-7.838710307380800657e-01,1.230143623861283064e+00,-2.617954204062704071e-01,6.273816614599027730e+00
3.835747020732214185e-01,8.204400370207109994e-01,3.128093622656399203e-02,5.902002327583464637e-03,-7.838710307380800657e-01,1.230143623861283064e+00,-2.617954204062704071e-01,6.275680211093401795e+00
3.835747020732214185e-01,8.204400370207109994e-01,3.128093622656399203e-02,5.902002327583464637e-03,-7.838710307380800657e-01,1.230143623861283064e+00,-2.617954204062704071e-01,6.276123924544442900e+00
3.835747020732214185e-01,8.204400370207109994e-01,3.128093622656399203e-02,5.902002327583464637e-03,-7.838710307380800657e-01,1.230143623861283064e+00,-2.617954204062704071e-01,6.277353644680186306e+00
3.835747020732214185e-01,8.204400370207109994e-01,3.128093622656399203e-02,5.902002327583464637e-03,-7.838710307380800657e-01,1.230143623861283064e+00,-2.617954204062704071e-01,6.277733970495364524e+00
3.835747020732214185e-01,8.204400370207109994e-01,3.128093622656399203e-02,5.902002327583464637e-03,-7.838710307380800657e-01,1.230143623861283064e+00,-2.617954204062704071e-01,6.278786205250690422e+00
3.835747020732214185e-01,8.204400370207109994e-01,3.128093622656399203e-02,5.902002327583464637e-03,-7.838710307380800657e-01,1.230143623861283064e+00,-2.617954204062704071e-01,6.279407404082148147e+00
3.835747020732214185e-01,8.204400370207109994e-01,3.128093622656399203e-02,5.902002327583464637e-03,-7.838710307380800657e-01,1.230143623861283064e+00,-2.617954204062704071e-01,6.280231443348368359e+00
3.835747020732214185e-01,8.204400370207109994e-01,3.128093622656399203e-02,5.902002327583464637e-03,-7.838710307380800657e-01,1.230143623861283064e+00,-2.617954204062704071e-01,6.280472316364647867e+00
3.835747020732214185e-01,8.204400370207109994e-01,3.128093622656399203e-02,5.902002327583464637e-03,-7.838710307380800657e-01,1.230143623861283064e+00,-2.617954204062704071e-01,6.281283678103694257e+00
3.835747020732214185e-01,8.204400370207109994e-01,3.128093622656399203e-02,5.902002327583464637e-03,-7.838710307380800657e-01,1.230143623861283064e+00,-2.617954204062704071e-01,6.281461163484110877e+00
3.835747020732214185e-01,8.204400370207109994e-01,3.128093622656399203e-02,5.902002327583464637e-03,-7.838710307380800657e-01,1.230143623861283064e+00,-2.617954204062704071e-01,6.281892199407979938e+00
3.835747020732214185e-01,8.204400370207109994e-01,3.128093622656399203e-02,5.902002327583464637e-03,-7.838710307380800657e-01,1.230143623861283064e+00,-2.617954204062704071e-01,6.282018974679705714e+00
3.835747020732214185e-01,8.204400370207109994e-01,3.128093622656399203e-02,5.902002327583464637e-03,-7.838710307380800657e-01,1.230143623861283064e+00,-2.617954204062704071e-01,6.282411978022056864e+00
3.835747020732214185e-01,8.204400370207109994e-01,3.128093622656399203e-02,5.919996237118779758e-03,-7.838710307380800657e-01,1.230143623861283064e+00,-2.617954204062704071e-01,6.282488043185092685e+00
3.835747020732214185e-01,8.204400370207109994e-01,3.128093622656399203e-02,5.902002327583464637e-03,-7.838710307380800657e-01,1.230143623861283064e+00,-2.617954204062704071e-01,6.282678206092681350e+00
3.835747020732214185e-01,8.204400370207109994e-01,3.128093622656399203e-02,5.902002327583464637e-03,-7.838710307380800657e-01,1.230143623861283064e+00,-2.617954204062704071e-01,6.282728916201372193e+00
3.835747020732214185e-01,8.204400370207109994e-01,3.128093622656399203e-02,5.902002327583464637e-03,-7.838710307380800657e-01,1.230143623861283064e+00,-2.617954204062704071e-01,6.282893724054615880e+00
3.835747020732214185e-01,8.204400370207109994e-01,3.128093622656399203e-02,5.902002327583464637e-03,-7.838710307380800657e-01,1.230143623861283064e+00,-2.617954204062704071e-01,6.282944434163306724e+00
3.835747020732214185e-01,8.204400370207109994e-01,3.128093622656399203e-02,5.902002327583464637e-03,-7.838710307380800657e-01,1.230143623861283064e+00,-2.617954204062704071e-01,6.283020499326341657e+00
