-1.747999999999956344e+01,-5.745398158527861732e+00,0.000000000000000000e+00,0.000000000000000000e+00,0.000000000000000000e+00,-1.000000000000000000e+00
-1.710729182716963948e+01,-6.078697750345462225e+00,0.000000000000000000e+00,0.000000000000000000e+00,0.000000000000000000e+00,-1.000000000000000000e+00
-1.673458365433971551e+01,-6.411997342163061830e+00,0.000000000000000000e+00,0.000000000000000000e+00,0.000000000000000000e+00,-1.000000000000000000e+00
-1.636187548150978799e+01,-6.745296933980661436e+00,0.000000000000000000e+00,0.000000000000000000e+00,0.000000000000000000e+00,-1.000000000000000000e+00
-1.598916730867986580e+01,-7.078596525798261041e+00,0.000000000000000000e+00,0.000000000000000000e+00,0.000000000000000000e+00,-1.000000000000000000e+00
-1.561645913584994005e+01,-7.411896117615862423e+00,0.000000000000000000e+00,0.000000000000000000e+00,0.000000000000000000e+00,-1.000000000000000000e+00
-1.524375096302001253e+01,-7.745195709433461140e+00,0.000000000000000000e+00,0.000000000000000000e+00,0.000000000000000000e+00,-1.000000000000000000e+00
-1.487104279019008857e+01,-8.078495301251061633e+00,0.000000000000000000e+00,0.000000000000000000e+00,0.000000000000000000e+00,-1.000000000000000000e+00
-1.449833461736016282e+01,-8.411794893068661239e+00,0.000000000000000000e+00,0.000000000000000000e+00,0.000000000000000000e+00,-1.000000000000000000e+00
-1.412562644453023886e+01,-8.745094484886260844e+00,0.000000000000000000e+00,0.000000000000000000e+00,0.000000000000000000e+00,-1.000000000000000000e+00
-1.375291827170031311e+01,-9.078394076703862225e+00,0.000000000000000000e+00,0.000000000000000000e+00,0.000000000000000000e+00,-1.000000000000000000e+00
-1.338021009887038915e+01,-9.411693668521461831e+00,0.000000000000000000e+00,0.000000000000000000e+00,0.000000000000000000e+00,-1.000000000000000000e+00
-1.300750192604046340e+01,-9.744993260339061436e+00,0.000000000000000000e+00,0.000000000000000000e+00,0.000000000000000000e+00,-1.000000000000000000e+00
-1.263479375321053766e+01,-1.007829285215666104e+01,0.000000000000000000e+00,0.000000000000000000e+00,0.000000000000000000e+00,-1.000000000000000000e+00
-1.226208558038061369e+01,-1.041159244397426065e+01,0.000000000000000000e+00,0.000000000000000000e+00,0.000000000000000000e+00,-1.000000000000000000e+00
-1.188937740755068972e+01,-1.074489203579186025e+01,0.000000000000000000e+00,0.000000000000000000e+00,0.000000000000000000e+00,-1.000000000000000000e+00
-1.151666923472076220e+01,-1.107819162760945986e+01,0.000000000000000000e+00,0.000000000000000000e+00,0.000000000000000000e+00,-1.000000000000000000e+00
-1.114396106189083824e+01,-1.141149121942705946e+01,0.000000000000000000e+00,0.000000000000000000e+00,0.000000000000000000e+00,-1.000000000000000000e+00
-1.077125288906091249e+01,-1.174479081124466262e+01,0.000000000000000000e+00,0.000000000000000000e+00,0.000000000000000000e+00,-1.000000000000000000e+00
-1.039854471623098853e+01,-1.207809040306226045e+01,0.000000000000000000e+00,0.000000000000000000e+00,0.000000000000000000e+00,-1.000000000000000000e+00
-1.002583654340106278e+01,-1.241138999487986005e+01,0.000000000000000000e+00,0.000000000000000000e+00,0.000000000000000000e+00,-1.000000000000000000e+00
-9.653128370571138817e+00,-1.274468958669745966e+01,0.000000000000000000e+00,0.000000000000000000e+00,0.000000000000000000e+00,-1.000000000000000000e+00
-9.280420197741213073e+00,-1.307798917851506104e+01,0.000000000000000000e+00,0.000000000000000000e+00,0.000000000000000000e+00,-1.000000000000000000e+00
-8.907712024911289106e+00,-1.341128877033266065e+01,0.000000000000000000e+00,0.000000000000000000e+00,0.000000000000000000e+00,-1.000000000000000000e+00
-8.535003852081363362e+00,-1.374458836215025848e+01,0.000000000000000000e+00,0.000000000000000000e+00,0.000000000000000000e+00,-1.000000000000000000e+00
-8.162295679251439395e+00,-1.407788795396785808e+01,0.000000000000000000e+00,0.000000000000000000e+00,0.000000000000000000e+00,-1.000000000000000000e+00
-7.789587506421512764e+00,-1.441118754578545946e+01,0.000000000000000000e+00,0.000000000000000000e+00,0.000000000000000000e+00,-1.000000000000000000e+00
-7.416879333591589685e+00,-1.474448713760306084e+01,0.000000000000000000e+00,0.000000000000000000e+00,0.000000000000000000e+00,-1.000000000000000000e+00
-7.044171160761663941e+00,-1.507778672942066045e+01,0.000000000000000000e+00,0.000000000000000000e+00,0.000000000000000000e+00,-1.000000000000000000e+00
-6.671462987931739974e+00,-1.541108632123825828e+01,0.000000000000000000e+00,0.000000000000000000e+00,0.000000000000000000e+00,-1.000000000000000000e+00
-6.298754815101812454e+00,-1.574438591305585788e+01,0.000000000000000000e+00,0.000000000000000000e+00,0.000000000000000000e+00,-1.000000000000000000e+00
-5.926046642271888487e+00,-1.607768550487345749e+01,0.000000000000000000e+00,0.000000000000000000e+00,0.000000000000000000e+00,-1.000000000000000000e+00
-5.553338469441963632e+00,-1.641098509669106065e+01,0.000000000000000000e+00,0.000000000000000000e+00,0.000000000000000000e+00,-1.000000000000000000e+00
-5.180630296612038777e+00,-1.674428468850865670e+01,0.000000000000000000e+00,0.000000000000000000e+00,0.000000000000000000e+00,-1.000000000000000000e+00
-4.807922123782114809e+00,-1.707758428032625986e+01,0.000000000000000000e+00,0.000000000000000000e+00,0.000000000000000000e+00,-1.000000000000000000e+00
-4.435213950952189954e+00,-1.741088387214385946e+01,0.000000000000000000e+00,0.000000000000000000e+00,0.000000000000000000e+00,-1.000000000000000000e+00
-4.062505778122262434e+00,-1.774418346396146262e+01,0.000000000000000000e+00,0.000000000000000000e+00,0.000000000000000000e+00,-1.000000000000000000e+00
-3.764339239858322195e+00,-1.801082313741554231e+01,0.000000000000000000e+00,0.000000000000000000e+00,0.000000000000000000e+00,-1.000000000000000000e+00
-3.669339239858326884e+00,-1.797959814742354112e+01,0.000000000000000000e+00,0.000000000000000000e+00,0.000000000000000000e+00,-1.000000000000000000e+00
-3.194339239858337898e+00,-1.782347319746354586e+01,0.000000000000000000e+00,0.000000000000000000e+00,0.000000000000000000e+00,-1.000000000000000000e+00
-2.719339239858350687e+00,-1.766734824750355060e+01,0.000000000000000000e+00,0.000000000000000000e+00,0.000000000000000000e+00,-1.000000000000000000e+00
-2.244339239858362589e+00,-1.751122329754355178e+01,0.000000000000000000e+00,0.000000000000000000e+00,0.000000000000000000e+00,-1.000000000000000000e+00
-1.769339239858374491e+00,-1.735509834758355652e+01,0.000000000000000000e+00,0.000000000000000000e+00,0.000000000000000000e+00,-1.000000000000000000e+00
-1.294339239858387280e+00,-1.719897339762356125e+01,0.000000000000000000e+00,0.000000000000000000e+00,0.000000000000000000e+00,-1.000000000000000000e+00
-8.193392398583982938e-01,-1.704284844766356599e+01,0.000000000000000000e+00,0.000000000000000000e+00,0.000000000000000000e+00,-1.000000000000000000e+00
-3.443392398584110836e-01,-1.688672349770357073e+01,0.000000000000000000e+00,0.000000000000000000e+00,0.000000000000000000e+00,-1.000000000000000000e+00
1.306607601415770148e-01,-1.673059854774357191e+01,0.000000000000000000e+00,0.000000000000000000e+00,0.000000000000000000e+00,-1.000000000000000000e+00
6.056607601415651132e-01,-1.657447359778357665e+01,0.000000000000000000e+00,0.000000000000000000e+00,0.000000000000000000e+00,-1.000000000000000000e+00
1.080660760141552323e+00,-1.641834864782358139e+01,0.000000000000000000e+00,0.000000000000000000e+00,0.000000000000000000e+00,-1.000000000000000000e+00
1.555660760141541310e+00,-1.626222369786358257e+01,0.000000000000000000e+00,0.000000000000000000e+00,0.000000000000000000e+00,-1.000000000000000000e+00
2.030660760141529408e+00,-1.610609874790358731e+01,0.000000000000000000e+00,0.000000000000000000e+00,0.000000000000000000e+00,-1.000000000000000000e+00
2.505660760141517507e+00,-1.594997379794359205e+01,0.000000000000000000e+00,0.000000000000000000e+00,0.000000000000000000e+00,-1.000000000000000000e+00
2.980660760141505605e+00,-1.579384884798359501e+01,0.000000000000000000e+00,0.000000000000000000e+00,0.000000000000000000e+00,-1.000000000000000000e+00
3.455660760141492815e+00,-1.563772389802359974e+01,0.000000000000000000e+00,0.000000000000000000e+00,0.000000000000000000e+00,-1.000000000000000000e+00
3.930660760141480914e+00,-1.548159894806360271e+01,0.000000000000000000e+00,0.000000000000000000e+00,0.000000000000000000e+00,-1.000000000000000000e+00
4.405660760141469012e+00,-1.532547399810360744e+01,0.000000000000000000e+00,0.000000000000000000e+00,0.000000000000000000e+00,-1.000000000000000000e+00
4.880660760141457111e+00,-1.516934904814361040e+01,0.000000000000000000e+00,0.000000000000000000e+00,0.000000000000000000e+00,-1.000000000000000000e+00
5.355660760141446097e+00,-1.501322409818361692e+01,0.000000000000000000e+00,0.000000000000000000e+00,0.000000000000000000e+00,-1.000000000000000000e+00
5.830660760141434196e+00,-1.485709914822361988e+01,0.000000000000000000e+00,0.000000000000000000e+00,0.000000000000000000e+00,-1.000000000000000000e+00
6.305660760141422294e+00,-1.470097419826362284e+01,0.000000000000000000e+00,0.000000000000000000e+00,0.000000000000000000e+00,-1.000000000000000000e+00
6.780660760141410393e+00,-1.454484924830362758e+01,0.000000000000000000e+00,0.000000000000000000e+00,0.000000000000000000e+00,-1.000000000000000000e+00
7.255660760141398491e+00,-1.438872429834363054e+01,0.000000000000000000e+00,0.000000000000000000e+00,0.000000000000000000e+00,-1.000000000000000000e+00
7.730660760141384813e+00,-1.423259934838363527e+01,0.000000000000000000e+00,0.000000000000000000e+00,0.000000000000000000e+00,-1.000000000000000000e+00
8.205660760141373800e+00,-1.407647439842363823e+01,0.000000000000000000e+00,0.000000000000000000e+00,0.000000000000000000e+00,-1.000000000000000000e+00
8.680660760141361010e+00,-1.392034944846364297e+01,0.000000000000000000e+00,0.000000000000000000e+00,0.000000000000000000e+00,-1.000000000000000000e+00
9.155660760141351773e+00,-1.376422449850364593e+01,0.000000000000000000e+00,0.000000000000000000e+00,0.000000000000000000e+00,-1.000000000000000000e+00
9.630660760141337207e+00,-1.360809954854365067e+01,0.000000000000000000e+00,0.000000000000000000e+00,0.000000000000000000e+00,-1.000000000000000000e+00
1.010566076014132619e+01,-1.345197459858365363e+01,0.000000000000000000e+00,0.000000000000000000e+00,0.000000000000000000e+00,-1.000000000000000000e+00
1.058066076014131340e+01,-1.329584964862365837e+01,0.000000000000000000e+00,0.000000000000000000e+00,0.000000000000000000e+00,-1.000000000000000000e+00
1.105566076014130417e+01,-1.313972469866366133e+01,0.000000000000000000e+00,0.000000000000000000e+00,0.000000000000000000e+00,-1.000000000000000000e+00
1.153066076014128960e+01,-1.298359974870366607e+01,0.000000000000000000e+00,0.000000000000000000e+00,0.000000000000000000e+00,-1.000000000000000000e+00
1.200566076014127859e+01,-1.282747479874366903e+01,0.000000000000000000e+00,0.000000000000000000e+00,0.000000000000000000e+00,-1.000000000000000000e+00
1.248066076014126580e+01,-1.267134984878367376e+01,0.000000000000000000e+00,0.000000000000000000e+00,0.000000000000000000e+00,-1.000000000000000000e+00
1.295566076014125301e+01,-1.251522489882367672e+01,0.000000000000000000e+00,0.000000000000000000e+00,0.000000000000000000e+00,-1.000000000000000000e+00
1.343066076014124199e+01,-1.235909994886367969e+01,0.000000000000000000e+00,0.000000000000000000e+00,0.000000000000000000e+00,-1.000000000000000000e+00
1.371566076014124036e+01,-1.226542497888768146e+01,0.000000000000000000e+00,0.000000000000000000e+00,0.000000000000000000e+00,-1.000000000000000000e+00
1.375657749100926353e+01,-1.206965516217664636e+01,0.000000000000000000e+00,0.000000000000000000e+00,0.000000000000000000e+00,-1.000000000000000000e+00
1.385886931817932854e+01,-1.158023062039904971e+01,0.000000000000000000e+00,0.000000000000000000e+00,0.000000000000000000e+00,-1.000000000000000000e+00
1.396116114534939001e+01,-1.109080607862145484e+01,0.000000000000000000e+00,0.000000000000000000e+00,0.000000000000000000e+00,-1.000000000000000000e+00
1.406345297251945325e+01,-1.060138153684385998e+01,0.000000000000000000e+00,0.000000000000000000e+00,0.000000000000000000e+00,-1.000000000000000000e+00
1.416574479968951650e+01,-1.011195699506626156e+01,0.000000000000000000e+00,0.000000000000000000e+00,0.000000000000000000e+00,-1.000000000000000000e+00
1.426803662685957974e+01,-9.622532453288664911e+00,0.000000000000000000e+00,0.000000000000000000e+00,0.000000000000000000e+00,-1.000000000000000000e+00
1.437032845402964298e+01,-9.133107911511068266e+00,0.000000000000000000e+00,0.000000000000000000e+00,0.000000000000000000e+00,-1.000000000000000000e+00
1.447262028119970623e+01,-8.643683369733471622e+00,0.000000000000000000e+00,0.000000000000000000e+00,0.000000000000000000e+00,-1.000000000000000000e+00
1.457491210836976947e+01,-8.154258827955876754e+00,0.000000000000000000e+00,0.000000000000000000e+00,0.000000000000000000e+00,-1.000000000000000000e+00
1.467720393553983449e+01,-7.664834286178280998e+00,0.000000000000000000e+00,0.000000000000000000e+00,0.000000000000000000e+00,-1.000000000000000000e+00
1.477949576270989773e+01,-7.175409744400683465e+00,0.000000000000000000e+00,0.000000000000000000e+00,0.000000000000000000e+00,-1.000000000000000000e+00
1.488178758987996098e+01,-6.685985202623090373e+00,0.000000000000000000e+00,0.000000000000000000e+00,0.000000000000000000e+00,-1.000000000000000000e+00
1.498407941705002244e+01,-6.196560660845491952e+00,0.000000000000000000e+00,0.000000000000000000e+00,0.000000000000000000e+00,-1.000000000000000000e+00
1.508637124422008746e+01,-5.707136119067895308e+00,0.000000000000000000e+00,0.000000000000000000e+00,0.000000000000000000e+00,-1.000000000000000000e+00
1.518866307139014893e+01,-5.217711577290298663e+00,0.000000000000000000e+00,0.000000000000000000e+00,0.000000000000000000e+00,-1.000000000000000000e+00
1.529095489856021217e+01,-4.728287035512703795e+00,0.000000000000000000e+00,0.000000000000000000e+00,0.000000000000000000e+00,-1.000000000000000000e+00
1.539324672573027541e+01,-4.238862493735108039e+00,0.000000000000000000e+00,0.000000000000000000e+00,0.000000000000000000e+00,-1.000000000000000000e+00
1.549553855290033866e+01,-3.749437951957512283e+00,0.000000000000000000e+00,0.000000000000000000e+00,0.000000000000000000e+00,-1.000000000000000000e+00
1.559783038007040190e+01,-3.260013410179915638e+00,0.000000000000000000e+00,0.000000000000000000e+00,0.000000000000000000e+00,-1.000000000000000000e+00
1.570012220724046514e+01,-2.770588868402318994e+00,0.000000000000000000e+00,0.000000000000000000e+00,0.000000000000000000e+00,-1.000000000000000000e+00
1.580241403441052661e+01,-2.281164326624724126e+00,0.000000000000000000e+00,0.000000000000000000e+00,0.000000000000000000e+00,-1.000000000000000000e+00
1.590470586158059163e+01,-1.791739784847125705e+00,0.000000000000000000e+00,0.000000000000000000e+00,0.000000000000000000e+00,-1.000000000000000000e+00
1.600699768875065487e+01,-1.302315243069529060e+00,0.000000000000000000e+00,0.000000000000000000e+00,0.000000000000000000e+00,-1.000000000000000000e+00
1.610928951592071812e+01,-8.128907012919350805e-01,0.000000000000000000e+00,0.000000000000000000e+00,0.000000000000000000e+00,-1.000000000000000000e+00
1.621158134309077781e+01,-3.234661595143384361e-01,0.000000000000000000e+00,0.000000000000000000e+00,0.000000000000000000e+00,-1.000000000000000000e+00
1.631387317026084460e+01,1.659583822632582084e-01,0.000000000000000000e+00,0.000000000000000000e+00,0.000000000000000000e+00,-1.000000000000000000e+00
1.641616499743090429e+01,6.553829240408548529e-01,0.000000000000000000e+00,0.000000000000000000e+00,0.000000000000000000e+00,-1.000000000000000000e+00
1.651845682460096754e+01,1.144807465818448833e+00,0.000000000000000000e+00,0.000000000000000000e+00,0.000000000000000000e+00,-1.000000000000000000e+00
1.662074865177103078e+01,1.634232007596045921e+00,0.000000000000000000e+00,0.000000000000000000e+00,0.000000000000000000e+00,-1.000000000000000000e+00
1.672304047894109402e+01,2.123656549373641678e+00,0.000000000000000000e+00,0.000000000000000000e+00,0.000000000000000000e+00,-1.000000000000000000e+00
1.682533230611115727e+01,2.613081091151239654e+00,0.000000000000000000e+00,0.000000000000000000e+00,0.000000000000000000e+00,-1.000000000000000000e+00
1.692762413328122406e+01,3.102505632928834522e+00,0.000000000000000000e+00,0.000000000000000000e+00,0.000000000000000000e+00,-1.000000000000000000e+00
1.702991596045128730e+01,3.591930174706428947e+00,0.000000000000000000e+00,0.000000000000000000e+00,0.000000000000000000e+00,-1.000000000000000000e+00
1.713220778762134699e+01,4.081354716484027811e+00,0.000000000000000000e+00,0.000000000000000000e+00,0.000000000000000000e+00,-1.000000000000000000e+00
1.723449961479141024e+01,4.570779258261623568e+00,0.000000000000000000e+00,0.000000000000000000e+00,0.000000000000000000e+00,-1.000000000000000000e+00
1.733679144196147348e+01,5.060203800039218436e+00,0.000000000000000000e+00,0.000000000000000000e+00,0.000000000000000000e+00,-1.000000000000000000e+00
1.743908326913153672e+01,5.549628341816815080e+00,0.000000000000000000e+00,0.000000000000000000e+00,0.000000000000000000e+00,-1.000000000000000000e+00
1.747999999999956344e+01,5.745398158527859955e+00,0.000000000000000000e+00,0.000000000000000000e+00,0.000000000000000000e+00,-1.000000000000000000e+00
1.725637509630161048e+01,5.945377913618417942e+00,0.000000000000000000e+00,0.000000000000000000e+00,0.000000000000000000e+00,-1.000000000000000000e+00
1.688366692347168652e+01,6.278677505436018436e+00,0.000000000000000000e+00,0.000000000000000000e+00,0.000000000000000000e+00,-1.000000000000000000e+00
1.651095875064176255e+01,6.611977097253618041e+00,0.000000000000000000e+00,0.000000000000000000e+00,0.000000000000000000e+00,-1.000000000000000000e+00
1.613825057781183858e+01,6.945276689071218534e+00,0.000000000000000000e+00,0.000000000000000000e+00,0.000000000000000000e+00,-1.000000000000000000e+00
1.576554240498191284e+01,7.278576280888817251e+00,0.000000000000000000e+00,0.000000000000000000e+00,0.000000000000000000e+00,-1.000000000000000000e+00
1.539283423215198532e+01,7.611875872706416857e+00,0.000000000000000000e+00,0.000000000000000000e+00,0.000000000000000000e+00,-1.000000000000000000e+00
1.502012605932206135e+01,7.945175464524017350e+00,0.000000000000000000e+00,0.000000000000000000e+00,0.000000000000000000e+00,-1.000000000000000000e+00
1.464741788649213916e+01,8.278475056341619620e+00,0.000000000000000000e+00,0.000000000000000000e+00,0.000000000000000000e+00,-1.000000000000000000e+00
1.427470971366221519e+01,8.611774648159217449e+00,0.000000000000000000e+00,0.000000000000000000e+00,0.000000000000000000e+00,-1.000000000000000000e+00
1.390200154083229123e+01,8.945074239976817054e+00,0.000000000000000000e+00,0.000000000000000000e+00,0.000000000000000000e+00,-1.000000000000000000e+00
1.352929336800236548e+01,9.278373831794418436e+00,0.000000000000000000e+00,0.000000000000000000e+00,0.000000000000000000e+00,-1.000000000000000000e+00
1.315658519517243974e+01,9.611673423612018041e+00,0.000000000000000000e+00,0.000000000000000000e+00,0.000000000000000000e+00,-1.000000000000000000e+00
1.278387702234251400e+01,9.944973015429617647e+00,0.000000000000000000e+00,0.000000000000000000e+00,0.000000000000000000e+00,-1.000000000000000000e+00
1.241116884951259003e+01,1.027827260724721725e+01,0.000000000000000000e+00,0.000000000000000000e+00,0.000000000000000000e+00,-1.000000000000000000e+00
1.203846067668266606e+01,1.061157219906481686e+01,0.000000000000000000e+00,0.000000000000000000e+00,0.000000000000000000e+00,-1.000000000000000000e+00
1.166575250385273854e+01,1.094487179088241646e+01,0.000000000000000000e+00,0.000000000000000000e+00,0.000000000000000000e+00,-1.000000000000000000e+00
1.129304433102281457e+01,1.127817138270001607e+01,0.000000000000000000e+00,0.000000000000000000e+00,0.000000000000000000e+00,-1.000000000000000000e+00
1.092033615819288883e+01,1.161147097451761745e+01,0.000000000000000000e+00,0.000000000000000000e+00,0.000000000000000000e+00,-1.000000000000000000e+00
1.054762798536296486e+01,1.194477056633521883e+01,0.000000000000000000e+00,0.000000000000000000e+00,0.000000000000000000e+00,-1.000000000000000000e+00
1.017491981253303912e+01,1.227807015815281666e+01,0.000000000000000000e+00,0.000000000000000000e+00,0.000000000000000000e+00,-1.000000000000000000e+00
9.802211639703116930e+00,1.261136974997041627e+01,0.000000000000000000e+00,0.000000000000000000e+00,0.000000000000000000e+00,-1.000000000000000000e+00
9.429503466873191186e+00,1.294466934178801942e+01,0.000000000000000000e+00,0.000000000000000000e+00,0.000000000000000000e+00,-1.000000000000000000e+00
9.056795294043265443e+00,1.327796893360561725e+01,0.000000000000000000e+00,0.000000000000000000e+00,0.000000000000000000e+00,-1.000000000000000000e+00
8.684087121213339699e+00,1.361126852542321686e+01,0.000000000000000000e+00,0.000000000000000000e+00,0.000000000000000000e+00,-1.000000000000000000e+00
8.311378948383415732e+00,1.394456811724081646e+01,0.000000000000000000e+00,0.000000000000000000e+00,0.000000000000000000e+00,-1.000000000000000000e+00
7.938670775553492653e+00,1.427786770905841784e+01,0.000000000000000000e+00,0.000000000000000000e+00,0.000000000000000000e+00,-1.000000000000000000e+00
7.565962602723566022e+00,1.461116730087601923e+01,0.000000000000000000e+00,0.000000000000000000e+00,0.000000000000000000e+00,-1.000000000000000000e+00
7.193254429893642055e+00,1.494446689269361883e+01,0.000000000000000000e+00,0.000000000000000000e+00,0.000000000000000000e+00,-1.000000000000000000e+00
6.820546257063716311e+00,1.527776648451121844e+01,0.000000000000000000e+00,0.000000000000000000e+00,0.000000000000000000e+00,-1.000000000000000000e+00
6.447838084233792344e+00,1.561106607632881804e+01,0.000000000000000000e+00,0.000000000000000000e+00,0.000000000000000000e+00,-1.000000000000000000e+00
6.075129911403865712e+00,1.594436566814641942e+01,0.000000000000000000e+00,0.000000000000000000e+00,0.000000000000000000e+00,-1.000000000000000000e+00
5.702421738573941745e+00,1.627766525996401725e+01,0.000000000000000000e+00,0.000000000000000000e+00,0.000000000000000000e+00,-1.000000000000000000e+00
5.329713565744018666e+00,1.661096485178161686e+01,0.000000000000000000e+00,0.000000000000000000e+00,0.000000000000000000e+00,-1.000000000000000000e+00
4.957005392914093811e+00,1.694426444359921646e+01,0.000000000000000000e+00,0.000000000000000000e+00,0.000000000000000000e+00,-1.000000000000000000e+00
4.584297220084168067e+00,1.727756403541681607e+01,0.000000000000000000e+00,0.000000000000000000e+00,0.000000000000000000e+00,-1.000000000000000000e+00
4.211589047254240548e+00,1.761086362723441923e+01,0.000000000000000000e+00,0.000000000000000000e+00,0.000000000000000000e+00,-1.000000000000000000e+00
3.838880874424318357e+00,1.794416321905201883e+01,0.000000000000000000e+00,0.000000000000000000e+00,0.000000000000000000e+00,-1.000000000000000000e+00
3.764339239858329300e+00,1.801082313741554231e+01,0.000000000000000000e+00,0.000000000000000000e+00,0.000000000000000000e+00,-1.000000000000000000e+00
3.384339239858346282e+00,1.788592317744754823e+01,0.000000000000000000e+00,0.000000000000000000e+00,0.000000000000000000e+00,-1.000000000000000000e+00
2.909339239858359072e+00,1.772979822748754941e+01,0.000000000000000000e+00,0.000000000000000000e+00,0.000000000000000000e+00,-1.000000000000000000e+00
2.434339239858370085e+00,1.757367327752755415e+01,0.000000000000000000e+00,0.000000000000000000e+00,0.000000000000000000e+00,-1.000000000000000000e+00
1.959339239858381987e+00,1.741754832756755889e+01,0.000000000000000000e+00,0.000000000000000000e+00,0.000000000000000000e+00,-1.000000000000000000e+00
1.484339239858393000e+00,1.726142337760756007e+01,0.000000000000000000e+00,0.000000000000000000e+00,0.000000000000000000e+00,-1.000000000000000000e+00
1.009339239858404902e+00,1.710529842764756481e+01,0.000000000000000000e+00,0.000000000000000000e+00,0.000000000000000000e+00,-1.000000000000000000e+00
5.343392398584168035e-01,1.694917347768756954e+01,0.000000000000000000e+00,0.000000000000000000e+00,0.000000000000000000e+00,-1.000000000000000000e+00
5.933923985842870508e-02,1.679304852772757428e+01,0.000000000000000000e+00,0.000000000000000000e+00,0.000000000000000000e+00,-1.000000000000000000e+00
-4.156607601415602815e-01,1.663692357776757547e+01,0.000000000000000000e+00,0.000000000000000000e+00,0.000000000000000000e+00,-1.000000000000000000e+00
-8.906607601415492681e-01,1.648079862780758020e+01,0.000000000000000000e+00,0.000000000000000000e+00,0.000000000000000000e+00,-1.000000000000000000e+00
-1.365660760141537367e+00,1.632467367784758494e+01,0.000000000000000000e+00,0.000000000000000000e+00,0.000000000000000000e+00,-1.000000000000000000e+00
-1.840660760141525465e+00,1.616854872788758613e+01,0.000000000000000000e+00,0.000000000000000000e+00,0.000000000000000000e+00,-1.000000000000000000e+00
-2.315660760141513563e+00,1.601242377792759086e+01,0.000000000000000000e+00,0.000000000000000000e+00,0.000000000000000000e+00,-1.000000000000000000e+00
-2.790660760141502550e+00,1.585629882796759382e+01,0.000000000000000000e+00,0.000000000000000000e+00,0.000000000000000000e+00,-1.000000000000000000e+00
-3.265660760141490648e+00,1.570017387800759856e+01,0.000000000000000000e+00,0.000000000000000000e+00,0.000000000000000000e+00,-1.000000000000000000e+00
-3.740660760141479635e+00,1.554404892804760152e+01,0.000000000000000000e+00,0.000000000000000000e+00,0.000000000000000000e+00,-1.000000000000000000e+00
-4.215660760141467733e+00,1.538792397808760626e+01,0.000000000000000000e+00,0.000000000000000000e+00,0.000000000000000000e+00,-1.000000000000000000e+00
-4.690660760141455832e+00,1.523179902812760922e+01,0.000000000000000000e+00,0.000000000000000000e+00,0.000000000000000000e+00,-1.000000000000000000e+00
-5.165660760141443930e+00,1.507567407816761396e+01,0.000000000000000000e+00,0.000000000000000000e+00,0.000000000000000000e+00,-1.000000000000000000e+00
-5.640660760141432029e+00,1.491954912820761869e+01,0.000000000000000000e+00,0.000000000000000000e+00,0.000000000000000000e+00,-1.000000000000000000e+00
-6.115660760141421903e+00,1.476342417824762165e+01,0.000000000000000000e+00,0.000000000000000000e+00,0.000000000000000000e+00,-1.000000000000000000e+00
-6.590660760141408225e+00,1.460729922828762639e+01,0.000000000000000000e+00,0.000000000000000000e+00,0.000000000000000000e+00,-1.000000000000000000e+00
-7.065660760141398100e+00,1.445117427832762935e+01,0.000000000000000000e+00,0.000000000000000000e+00,0.000000000000000000e+00,-1.000000000000000000e+00
-7.540660760141386199e+00,1.429504932836763231e+01,0.000000000000000000e+00,0.000000000000000000e+00,0.000000000000000000e+00,-1.000000000000000000e+00
-8.015660760141374297e+00,1.413892437840763705e+01,0.000000000000000000e+00,0.000000000000000000e+00,0.000000000000000000e+00,-1.000000000000000000e+00
-8.490660760141363284e+00,1.398279942844764001e+01,0.000000000000000000e+00,0.000000000000000000e+00,0.000000000000000000e+00,-1.000000000000000000e+00
-8.965660760141350494e+00,1.382667447848764475e+01,0.000000000000000000e+00,0.000000000000000000e+00,0.000000000000000000e+00,-1.000000000000000000e+00
-9.440660760141337704e+00,1.367054952852764771e+01,0.000000000000000000e+00,0.000000000000000000e+00,0.000000000000000000e+00,-1.000000000000000000e+00
-9.915660760141328467e+00,1.351442457856765067e+01,0.000000000000000000e+00,0.000000000000000000e+00,0.000000000000000000e+00,-1.000000000000000000e+00
-1.039066076014131568e+01,1.335829962860765541e+01,0.000000000000000000e+00,0.000000000000000000e+00,0.000000000000000000e+00,-1.000000000000000000e+00
-1.086566076014130289e+01,1.320217467864766014e+01,0.000000000000000000e+00,0.000000000000000000e+00,0.000000000000000000e+00,-1.000000000000000000e+00
-1.134066076014129365e+01,1.304604972868766311e+01,0.000000000000000000e+00,0.000000000000000000e+00,0.000000000000000000e+00,-1.000000000000000000e+00
-1.181566076014128264e+01,1.288992477872766607e+01,0.000000000000000000e+00,0.000000000000000000e+00,0.000000000000000000e+00,-1.000000000000000000e+00
-1.229066076014126807e+01,1.273379982876767080e+01,0.000000000000000000e+00,0.000000000000000000e+00,0.000000000000000000e+00,-1.000000000000000000e+00
-1.276566076014125883e+01,1.257767487880767376e+01,0.000000000000000000e+00,0.000000000000000000e+00,0.000000000000000000e+00,-1.000000000000000000e+00
-1.324066076014124604e+01,1.242154992884767672e+01,0.000000000000000000e+00,0.000000000000000000e+00,0.000000000000000000e+00,-1.000000000000000000e+00
-1.371566076014123325e+01,1.226542497888768146e+01,0.000000000000000000e+00,0.000000000000000000e+00,0.000000000000000000e+00,-1.000000000000000000e+00
-1.371566076014124391e+01,1.226542497888767791e+01,0.000000000000000000e+00,0.000000000000000000e+00,0.000000000000000000e+00,-1.000000000000000000e+00
-1.381795258731130716e+01,1.177600043711009548e+01,0.000000000000000000e+00,0.000000000000000000e+00,0.000000000000000000e+00,-1.000000000000000000e+00
-1.392024441448136862e+01,1.128657589533249705e+01,0.000000000000000000e+00,0.000000000000000000e+00,0.000000000000000000e+00,-1.000000000000000000e+00
-1.402253624165143009e+01,1.079715135355490219e+01,0.000000000000000000e+00,0.000000000000000000e+00,0.000000000000000000e+00,-1.000000000000000000e+00
-1.412482806882149333e+01,1.030772681177730732e+01,0.000000000000000000e+00,0.000000000000000000e+00,0.000000000000000000e+00,-1.000000000000000000e+00
-1.422711989599155835e+01,9.818302269999710674e+00,0.000000000000000000e+00,0.000000000000000000e+00,0.000000000000000000e+00,-1.000000000000000000e+00
-1.432941172316161982e+01,9.328877728222114030e+00,0.000000000000000000e+00,0.000000000000000000e+00,0.000000000000000000e+00,-1.000000000000000000e+00
-1.443170355033168306e+01,8.839453186444517385e+00,0.000000000000000000e+00,0.000000000000000000e+00,0.000000000000000000e+00,-1.000000000000000000e+00
-1.453399537750174630e+01,8.350028644666922517e+00,0.000000000000000000e+00,0.000000000000000000e+00,0.000000000000000000e+00,-1.000000000000000000e+00
-1.463628720467180955e+01,7.860604102889325873e+00,0.000000000000000000e+00,0.000000000000000000e+00,0.000000000000000000e+00,-1.000000000000000000e+00
-1.473857903184187279e+01,7.371179561111729228e+00,0.000000000000000000e+00,0.000000000000000000e+00,0.000000000000000000e+00,-1.000000000000000000e+00
-1.484087085901193603e+01,6.881755019334134360e+00,0.000000000000000000e+00,0.000000000000000000e+00,0.000000000000000000e+00,-1.000000000000000000e+00
-1.494316268618199750e+01,6.392330477556537716e+00,0.000000000000000000e+00,0.000000000000000000e+00,0.000000000000000000e+00,-1.000000000000000000e+00
-1.504545451335206252e+01,5.902905935778941959e+00,0.000000000000000000e+00,0.000000000000000000e+00,0.000000000000000000e+00,-1.000000000000000000e+00
-1.514774634052212576e+01,5.413481394001344427e+00,0.000000000000000000e+00,0.000000000000000000e+00,0.000000000000000000e+00,-1.000000000000000000e+00
-1.525003816769218723e+01,4.924056852223747782e+00,0.000000000000000000e+00,0.000000000000000000e+00,0.000000000000000000e+00,-1.000000000000000000e+00
-1.535232999486225047e+01,4.434632310446152026e+00,0.000000000000000000e+00,0.000000000000000000e+00,0.000000000000000000e+00,-1.000000000000000000e+00
-1.545462182203231549e+01,3.945207768668557158e+00,0.000000000000000000e+00,0.000000000000000000e+00,0.000000000000000000e+00,-1.000000000000000000e+00
-1.555691364920237696e+01,3.455783226890959625e+00,0.000000000000000000e+00,0.000000000000000000e+00,0.000000000000000000e+00,-1.000000000000000000e+00
-1.565920547637244020e+01,2.966358685113364757e+00,0.000000000000000000e+00,0.000000000000000000e+00,0.000000000000000000e+00,-1.000000000000000000e+00
-1.576149730354250167e+01,2.476934143335768113e+00,0.000000000000000000e+00,0.000000000000000000e+00,0.000000000000000000e+00,-1.000000000000000000e+00
-1.586378913071256669e+01,1.987509601558173244e+00,0.000000000000000000e+00,0.000000000000000000e+00,0.000000000000000000e+00,-1.000000000000000000e+00
-1.596608095788262993e+01,1.498085059780575712e+00,0.000000000000000000e+00,0.000000000000000000e+00,0.000000000000000000e+00,-1.000000000000000000e+00
-1.606837278505269140e+01,1.008660518002979956e+00,0.000000000000000000e+00,0.000000000000000000e+00,0.000000000000000000e+00,-1.000000000000000000e+00
-1.617066461222275464e+01,5.192359762253824229e-01,0.000000000000000000e+00,0.000000000000000000e+00,0.000000000000000000e+00,-1.000000000000000000e+00
-1.627295643939281788e+01,2.981143444778933116e-02,0.000000000000000000e+00,0.000000000000000000e+00,0.000000000000000000e+00,-1.000000000000000000e+00
-1.637524826656288113e+01,-4.596131073298082015e-01,0.000000000000000000e+00,0.000000000000000000e+00,0.000000000000000000e+00,-1.000000000000000000e+00
-1.647754009373294437e+01,-9.490376491074048459e-01,0.000000000000000000e+00,0.000000000000000000e+00,0.000000000000000000e+00,-1.000000000000000000e+00
-1.657983192090300761e+01,-1.438462190885001490e+00,0.000000000000000000e+00,0.000000000000000000e+00,0.000000000000000000e+00,-1.000000000000000000e+00
-1.668212374807307086e+01,-1.927886732662595470e+00,0.000000000000000000e+00,0.000000000000000000e+00,0.000000000000000000e+00,-1.000000000000000000e+00
-1.678441557524313410e+01,-2.417311274440192559e+00,0.000000000000000000e+00,0.000000000000000000e+00,0.000000000000000000e+00,-1.000000000000000000e+00
-1.688670740241319734e+01,-2.906735816217790092e+00,0.000000000000000000e+00,0.000000000000000000e+00,0.000000000000000000e+00,-1.000000000000000000e+00
-1.698899922958326059e+01,-3.396160357995385404e+00,0.000000000000000000e+00,0.000000000000000000e+00,0.000000000000000000e+00,-1.000000000000000000e+00
-1.709129105675332383e+01,-3.885584899772981160e+00,0.000000000000000000e+00,0.000000000000000000e+00,0.000000000000000000e+00,-1.000000000000000000e+00
-1.719358288392338707e+01,-4.375009441550576028e+00,0.000000000000000000e+00,0.000000000000000000e+00,0.000000000000000000e+00,-1.000000000000000000e+00
-1.729587471109345032e+01,-4.864433983328172673e+00,0.000000000000000000e+00,0.000000000000000000e+00,0.000000000000000000e+00,-1.000000000000000000e+00
