1.395621741238210767e+01,-3.209710260347999622e+01,1.415999999999999943e+02,0.000000000000000000e+00,5.512764626771384791e-01,8.343226364531778350e-01,0.000000000000000000e+00
1.349627889169186012e+01,-3.229319519771421909e+01,1.415999999999999943e+02,0.000000000000000000e+00,5.572217962896576227e-01,8.303636972674849348e-01,0.000000000000000000e+00
1.303358607521289692e+01,-3.248269745603059278e+01,1.415999999999999943e+02,0.000000000000000000e+00,5.631387003395629254e-01,8.263623927671611691e-01,0.000000000000000000e+00
1.256823338844473170e+01,-3.266557070515656847e+01,1.415999999999999943e+02,0.000000000000000000e+00,5.690268729452866436e-01,8.223189270995218125e-01,0.000000000000000000e+00
1.210031579970831395e+01,-3.284177762465559880e+01,1.415999999999999943e+02,0.000000000000000000e+00,5.748860136911252416e-01,8.182335065629660065e-01,0.000000000000000000e+00
1.162992880076507696e+01,-3.301128225454344545e+01,1.415999999999999943e+02,0.000000000000000000e+00,5.807158236426112063e-01,8.141063395964213134e-01,0.000000000000000000e+00
1.115716838732914340e+01,-3.317405000262679948e+01,1.415999999999999943e+02,0.000000000000000000e+00,5.865160053617133329e-01,8.099376367687445288e-01,0.000000000000000000e+00
1.068213103947670817e+01,-3.333004765156282190e+01,1.415999999999999943e+02,0.000000000000000000e+00,5.922862629220629893e-01,8.057276107679424149e-01,0.000000000000000000e+00
1.020491370195655634e+01,-3.347924336563804815e+01,1.415999999999999943e+02,0.000000000000000000e+00,5.980263019240000810e-01,8.014764763903583500e-01,0.000000000000000000e+00
9.725613764405753869e+00,-3.362160669726539908e+01,1.415999999999999943e+02,0.000000000000000000e+00,6.037358295096568739e-01,7.971844505296666883e-01,0.000000000000000000e+00
9.244329041474555808e+00,-3.375710859319782031e+01,1.415999999999999943e+02,0.000000000000000000e+00,6.094145543778276553e-01,7.928517521658596801e-01,0.000000000000000000e+00
8.761157752864571435e+00,-3.388572140045746295e+01,1.415999999999999943e+02,0.000000000000000000e+00,6.150621867988887992e-01,7.884786023540327760e-01,0.000000000000000000e+00
8.276198503284257768e+00,-3.400741887197902713e+01,1.415999999999999943e+02,0.000000000000000000e+00,6.206784386295536304e-01,7.840652242131259664e-01,0.000000000000000000e+00
7.789550262325871444e+00,-3.412217617196621688e+01,1.415999999999999943e+02,0.000000000000000000e+00,6.262630233275889857e-01,7.796118429145286743e-01,0.000000000000000000e+00
7.301312344267916643e+00,-3.422996988096017645e+01,1.415999999999999943e+02,0.000000000000000000e+00,6.318156559663991034e-01,7.751186856706195893e-01,0.000000000000000000e+00
6.811584387807282148e+00,-3.433077800061892049e+01,1.415999999999999943e+02,0.000000000000000000e+00,6.373360532496185060e-01,7.705859817231296427e-01,0.000000000000000000e+00
6.320466335725152263e+00,-3.442457995820667804e+01,1.415999999999999943e+02,0.000000000000000000e+00,6.428239335255112596e-01,7.660139623314897728e-01,0.000000000000000000e+00
5.828058414490874029e+00,-3.451135661079236883e+01,1.415999999999999943e+02,0.000000000000000000e+00,6.482790168013866650e-01,7.614028607609951704e-01,0.000000000000000000e+00
5.334461113807916988e+00,-3.459109024915623110e+01,1.415999999999999943e+02,0.000000000000000000e+00,6.537010247578489697e-01,7.567529122709327760e-01,0.000000000000000000e+00
4.839775166106122128e+00,-3.466376460140390492e+01,1.415999999999999943e+02,0.000000000000000000e+00,6.590896807630125531e-01,7.520643541025663348e-01,0.000000000000000000e+00
4.344101525984418011e+00,-3.472936483628716786e+01,1.415999999999999943e+02,0.000000000000000000e+00,6.644447098866158585e-01,7.473374254670314132e-01,0.000000000000000000e+00
3.847541349608180283e+00,-3.478787756623066940e+01,1.415999999999999943e+02,0.000000000000000000e+00,6.697658389140547230e-01,7.425723675331263873e-01,0.000000000000000000e+00
3.350195974065478755e+00,-3.483929085006403170e+01,1.415999999999999943e+02,0.000000000000000000e+00,6.750527963603074610e-01,7.377694234150188324e-01,0.000000000000000000e+00
2.852166896686382902e+00,-3.488359419545879092e+01,1.415999999999999943e+02,0.000000000000000000e+00,6.803053124837923349e-01,7.329288381598377811e-01,0.000000000000000000e+00
2.353555754329577088e+00,-3.492077856106965328e+01,1.415999999999999943e+02,0.000000000000000000e+00,6.855231193001281031e-01,7.280508587351726124e-01,0.000000000000000000e+00
1.854464302640497220e+00,-3.495083635837963953e+01,1.415999999999999943e+02,0.000000000000000000e+00,6.907059505958257350e-01,7.231357340164547010e-01,0.000000000000000000e+00
1.354994395285224362e+00,-3.497376145324871288e+01,1.415999999999999943e+02,0.000000000000000000e+00,6.958535419418246937e-01,7.181837147743028726e-01,0.000000000000000000e+00
8.552479631643761238e-01,-3.498954916716566288e+01,1.415999999999999943e+02,0.000000000000000000e+00,7.009656307070475378e-01,7.131950536616691316e-01,0.000000000000000000e+00
3.553269936112359861e-01,-3.499819627820284040e+01,1.415999999999999943e+02,0.000000000000000000e+00,7.060419560717317022e-01,7.081700052010130308e-01,0.000000000000000000e+00
-1.446664904216340142e-01,-3.499970102167372943e+01,1.415999999999999943e+02,-0.000000000000000000e+00,7.110822590407972488e-01,7.031088257712575507e-01,0.000000000000000000e+00
-6.446304511830500683e-01,-3.499406309049304298e+01,1.415999999999999943e+02,-0.000000000000000000e+00,7.160862824570184415e-01,6.980117735947489743e-01,0.000000000000000000e+00
-1.144462856946883544e+00,-3.498128363523941431e+01,1.415999999999999943e+02,-0.000000000000000000e+00,7.210537710141625700e-01,6.928791087240656621e-01,0.000000000000000000e+00
-1.644061702834507699e+00,-3.496136526392058386e+01,1.415999999999999943e+02,-0.000000000000000000e+00,7.259844712700140867e-01,6.877110930287501089e-01,0.000000000000000000e+00
-2.143325031631766464e+00,-3.493431204144116009e+01,1.415999999999999943e+02,-0.000000000000000000e+00,7.308781316593084831e-01,6.825079901819454120e-01,0.000000000000000000e+00
-2.642150954596214074e+00,-3.490012948877305377e+01,1.415999999999999943e+02,-0.000000000000000000e+00,7.357345025065509247e-01,6.772700656469603508e-01,0.000000000000000000e+00
-3.140437672250383727e+00,-3.485882458182878452e+01,1.415999999999999943e+02,-0.000000000000000000e+00,7.405533360387744901e-01,6.719975866637035722e-01,0.000000000000000000e+00
-3.638083495156837710e+00,-3.481040575003783744e+01,1.415999999999999943e+02,-0.000000000000000000e+00,7.453343863981666262e-01,6.666908222350661495e-01,0.000000000000000000e+00
-4.134986864670758600e+00,-3.475488287462641068e+01,1.415999999999999943e+02,-0.000000000000000000e+00,7.500774096546282133e-01,6.613500431131784651e-01,0.000000000000000000e+00
-4.631046373665854254e+00,-3.469226728660085968e+01,1.415999999999999943e+02,-0.000000000000000000e+00,7.547821638182012904e-01,6.559755217856181320e-01,0.000000000000000000e+00
-5.126160787229335547e+00,-3.462257176443529971e+01,1.415999999999999943e+02,-0.000000000000000000e+00,7.594484088514368292e-01,6.505675324614815791e-01,0.000000000000000000e+00
-5.620229063321752427e+00,-3.454581053146377911e+01,1.415999999999999943e+02,-0.000000000000000000e+00,7.640759066816164014e-01,6.451263510574233306e-01,0.000000000000000000e+00
-6.113150373397465920e+00,-3.446199925297762690e+01,1.415999999999999943e+02,-0.000000000000000000e+00,7.686644212129118969e-01,6.396522551835639447e-01,0.000000000000000000e+00
-6.604824122981555412e+00,-3.437115503302850783e+01,1.415999999999999943e+02,-0.000000000000000000e+00,7.732137183384352186e-01,6.341455241293207923e-01,0.000000000000000000e+00
-7.095149972198949051e+00,-3.427329641093785284e+01,1.415999999999999943e+02,-0.000000000000000000e+00,7.777235659521847255e-01,6.286064388491560129e-01,0.000000000000000000e+00
-7.584027856251608135e+00,-3.416844335751337525e+01,1.415999999999999943e+02,-0.000000000000000000e+00,7.821937339608704409e-01,6.230352819482626314e-01,0.000000000000000000e+00
-8.071358005839559979e+00,-3.405661727097348290e+01,1.415999999999999943e+02,-0.000000000000000000e+00,7.866239942956504416e-01,6.174323376681499775e-01,0.000000000000000000e+00
-8.557040967521638564e+00,-3.393784097258038912e+01,1.415999999999999943e+02,-0.000000000000000000e+00,7.910141209238167326e-01,6.117978918720801129e-01,0.000000000000000000e+00
-9.040977624011755864e+00,-3.381213870198273241e+01,1.415999999999999943e+02,-0.000000000000000000e+00,7.953638898602560792e-01,6.061322320305714273e-01,0.000000000000000000e+00
-9.523069214406580940e+00,-3.367953611226884902e+01,1.415999999999999943e+02,-0.000000000000000000e+00,7.996730791789306014e-01,6.004356472066658679e-01,0.000000000000000000e+00
-1.000321735434047987e+01,-3.354006026473150825e+01,1.415999999999999943e+02,-0.000000000000000000e+00,8.039414690241771799e-01,5.947084280412108237e-01,0.000000000000000000e+00
-1.048132405606360962e+01,-3.339373962334530432e+01,1.415999999999999943e+02,-0.000000000000000000e+00,8.081688416219245941e-01,5.889508667380298768e-01,0.000000000000000000e+00
-1.095729174843909348e+01,-3.324060404895778476e+01,1.415999999999999943e+02,-0.000000000000000000e+00,8.123549812908241741e-01,5.831632570489885259e-01,0.000000000000000000e+00
-1.143102329685514995e+01,-3.308068479319548061e+01,1.415999999999999943e+02,-0.000000000000000000e+00,8.164996744532165840e-01,5.773458942590579124e-01,0.000000000000000000e+00
-1.190242202304813901e+01,-3.291401449208617436e+01,1.415999999999999943e+02,-0.000000000000000000e+00,8.206027096460758452e-01,5.714990751711835903e-01,0.000000000000000000e+00
-1.237139172483250071e+01,-3.274062715939854940e+01,1.415999999999999943e+02,-0.000000000000000000e+00,8.246638775317541858e-01,5.656230980912041462e-01,0.000000000000000000e+00
-1.283783669573350572e+01,-3.256055817970076305e+01,1.415999999999999943e+02,-0.000000000000000000e+00,8.286829709086921403e-01,5.597182628125900727e-01,0.000000000000000000e+00
-1.330166174451886363e+01,-3.237384430113920786e+01,1.415999999999999943e+02,-0.000000000000000000e+00,8.326597847219823212e-01,5.537848706011587741e-01,0.000000000000000000e+00
-1.376277221462517808e+01,-3.218052362793901011e+01,1.415999999999999943e+02,-0.000000000000000000e+00,8.365941160738091797e-01,5.478232241797365010e-01,0.000000000000000000e+00
-1.422107400347527317e+01,-3.198063561262783239e+01,1.415999999999999943e+02,-0.000000000000000000e+00,8.404857642338479096e-01,5.418336277126445388e-01,0.000000000000000000e+00
-1.467647358168248850e+01,-3.177422104798441538e+01,1.415999999999999943e+02,-0.000000000000000000e+00,8.443345306494604019e-01,5.358163867902469013e-01,0.000000000000000000e+00
-1.512887801213797090e+01,-3.156132205871370289e+01,1.415999999999999943e+02,-0.000000000000000000e+00,8.481402189558496785e-01,5.297718084133238303e-01,0.000000000000000000e+00
-1.557819496897712064e+01,-3.134198209285009185e+01,1.415999999999999943e+02,-0.000000000000000000e+00,8.519026349860676639e-01,5.237002009774244238e-01,0.000000000000000000e+00
-1.602433275642126631e+01,-3.111624591289065478e+01,1.415999999999999943e+02,-0.000000000000000000e+00,8.556215867809312536e-01,5.176018742571178999e-01,0.000000000000000000e+00
-1.646720032749080431e+01,-3.088415958666006489e+01,1.415999999999999943e+02,-0.000000000000000000e+00,8.592968845988092630e-01,5.114771393901985652e-01,0.000000000000000000e+00
-1.690670730258585408e+01,-3.064577047790918485e+01,1.415999999999999943e+02,-0.000000000000000000e+00,8.629283409253017956e-01,5.053263088618146215e-01,0.000000000000000000e+00
-1.734276398793080176e+01,-3.040112723664914540e+01,1.415999999999999943e+02,-0.000000000000000000e+00,8.665157704828146956e-01,4.991496964885124288e-01,0.000000000000000000e+00
-1.777528139387881723e+01,-3.015027978922294238e+01,1.415999999999999943e+02,-0.000000000000000000e+00,8.700589902400032161e-01,4.929476174022409118e-01,0.000000000000000000e+00
-1.820417125307270112e+01,-2.989327932811657007e+01,1.415999999999999943e+02,-0.000000000000000000e+00,8.735578194211216507e-01,4.867203880342543809e-01,0.000000000000000000e+00
-1.862934603845833692e+01,-2.963017830151173015e+01,1.415999999999999943e+02,-0.000000000000000000e+00,8.770120795152321902e-01,4.804683260989927596e-01,0.000000000000000000e+00
-1.905071898114703188e+01,-2.936103040258233321e+01,1.415999999999999943e+02,-0.000000000000000000e+00,8.804215942853266252e-01,4.741917505778477926e-01,0.000000000000000000e+00
-1.946820408812317282e+01,-2.908589055853686745e+01,1.415999999999999943e+02,-0.000000000000000000e+00,8.837861897773080511e-01,4.678909817029048290e-01,0.000000000000000000e+00
-1.988171615979350193e+01,-2.880481491940897598e+01,1.415999999999999943e+02,-0.000000000000000000e+00,8.871056943288736507e-01,4.615663409405921791e-01,0.000000000000000000e+00
-2.029117080737450962e+01,-2.851786084659844178e+01,1.415999999999999943e+02,-0.000000000000000000e+00,8.903799385782605880e-01,4.552181509753021049e-01,0.000000000000000000e+00
-2.069648447011434200e+01,-2.822508690116499963e+01,1.415999999999999943e+02,-0.000000000000000000e+00,8.936087554729111870e-01,4.488467356928808605e-01,0.000000000000000000e+00
-2.109757443234570218e+01,-2.792655283187727733e+01,1.415999999999999943e+02,-0.000000000000000000e+00,8.967919802779569238e-01,4.424524201641803489e-01,0.000000000000000000e+00
-2.149435884036635258e+01,-2.762231956301940983e+01,1.415999999999999943e+02,-0.000000000000000000e+00,8.999294505846692216e-01,4.360355306283829613e-01,0.000000000000000000e+00
-2.188675671914362653e+01,-2.731244918195769245e+01,1.415999999999999943e+02,-0.000000000000000000e+00,9.030210063187119607e-01,4.295963944764210063e-01,0.000000000000000000e+00
-2.227468798883969470e+01,-2.699700492646990924e+01,1.415999999999999943e+02,-0.000000000000000000e+00,9.060664897483148295e-01,4.231353402342646342e-01,0.000000000000000000e+00
-2.265807348115409070e+01,-2.667605117183991581e+01,1.415999999999999943e+02,-0.000000000000000000e+00,9.090657454923370961e-01,4.166526975461234406e-01,0.000000000000000000e+00
-2.303683495548024140e+01,-2.634965341772000613e+01,1.415999999999999943e+02,-0.000000000000000000e+00,9.120186205281722858e-01,4.101487971576775471e-01,0.000000000000000000e+00
-2.341089511487266961e+01,-2.601787827476389481e+01,1.415999999999999943e+02,-0.000000000000000000e+00,9.149249641995769178e-01,4.036239708991563035e-01,0.000000000000000000e+00
-2.378017762182160766e+01,-2.568079345103290834e+01,1.415999999999999943e+02,-0.000000000000000000e+00,9.177846282243342646e-01,3.970785516684584571e-01,0.000000000000000000e+00
-2.414460711383181746e+01,-2.533846773817828790e+01,1.415999999999999943e+02,-0.000000000000000000e+00,9.205974667018429480e-01,3.905128734141157798e-01,0.000000000000000000e+00
-2.450410921880242299e+01,-2.499097099740228600e+01,1.415999999999999943e+02,-0.000000000000000000e+00,9.233633361205481060e-01,3.839272711182832309e-01,0.000000000000000000e+00
-2.485861057020463960e+01,-2.463837414520101987e+01,1.415999999999999943e+02,-0.000000000000000000e+00,9.260820953652560972e-01,3.773220807796660026e-01,0.000000000000000000e+00
-2.520803882205429147e+01,-2.428074913889198427e+01,1.415999999999999943e+02,-0.000000000000000000e+00,9.287536057243590548e-01,3.706976393963170024e-01,0.000000000000000000e+00
-2.555232266367601568e+01,-2.391816896192910846e+01,1.415999999999999943e+02,-0.000000000000000000e+00,9.313777308968781421e-01,3.640542849485258747e-01,0.000000000000000000e+00
-2.589139183425625035e+01,-2.355070760900845883e+01,1.415999999999999943e+02,-0.000000000000000000e+00,9.339543369994544042e-01,3.573923563814838111e-01,0.000000000000000000e+00
-2.622517713718189469e+01,-2.317844007096750403e+01,1.415999999999999943e+02,-0.000000000000000000e+00,9.364832925731451096e-01,3.507121935880774255e-01,0.000000000000000000e+00
-2.655361045416186627e+01,-2.280144231948114353e+01,1.415999999999999943e+02,-0.000000000000000000e+00,9.389644685901556986e-01,3.440141373914837319e-01,0.000000000000000000e+00
-2.687662475912853211e+01,-2.241979129155753725e+01,1.415999999999999943e+02,-0.000000000000000000e+00,9.413977384604109711e-01,3.372985295278110862e-01,0.000000000000000000e+00
-2.719415413191626385e+01,-2.203356487383695494e+01,1.415999999999999943e+02,-0.000000000000000000e+00,9.437829780380178057e-01,3.305657126286548619e-01,0.000000000000000000e+00
-2.750613377171430685e+01,-2.164284188669680731e+01,1.415999999999999943e+02,-0.000000000000000000e+00,9.461200656275967624e-01,3.238160302036203197e-01,0.000000000000000000e+00
-2.781250001029122743e+01,-2.124770206816610951e+01,1.415999999999999943e+02,-0.000000000000000000e+00,9.484088819904885614e-01,3.170498266228062301e-01,0.000000000000000000e+00
-2.811319032498818871e+01,-2.084822605765273451e+01,1.415999999999999943e+02,-0.000000000000000000e+00,9.506493103508495413e-01,3.102674470991988454e-01,0.000000000000000000e+00
-2.840814335147846492e+01,-2.044449537948662154e+01,1.415999999999999943e+02,-0.000000000000000000e+00,9.528412364015934610e-01,3.034692376711066730e-01,0.000000000000000000e+00
-2.869729889629056174e+01,-2.003659242628247839e+01,1.415999999999999943e+02,-0.000000000000000000e+00,9.549845483102340493e-01,2.966555451844753999e-01,0.000000000000000000e+00
-2.898059794909239173e+01,-1.962460044212523158e+01,1.415999999999999943e+02,-0.000000000000000000e+00,9.570791367245895520e-01,2.898267172751926024e-01,0.000000000000000000e+00
-2.925798269473398960e+01,-1.920860350558172058e+01,1.415999999999999943e+02,-0.000000000000000000e+00,9.591248947783568291e-01,2.829831023513699750e-01,0.000000000000000000e+00
-2.952939652504632662e+01,-1.878868651254211386e+01,1.415999999999999943e+02,-0.000000000000000000e+00,9.611217180965694329e-01,2.761250495755474543e-01,0.000000000000000000e+00
-2.979478405039380107e+01,-1.836493515889449668e+01,1.415999999999999943e+02,-0.000000000000000000e+00,9.630695048009204617e-01,2.692529088468867959e-01,0.000000000000000000e+00
-3.005409111097804242e+01,-1.793743592303622947e+01,1.415999999999999943e+02,-0.000000000000000000e+00,9.649681555149576262e-01,2.623670307833294024e-01,0.000000000000000000e+00
-3.030726478789076239e+01,-1.750627604822558325e+01,1.415999999999999943e+02,-0.000000000000000000e+00,9.668175733691614093e-01,2.554677667036806543e-01,0.000000000000000000e+00
-3.055425341391333305e+01,-1.707154352477728665e+01,1.415999999999999943e+02,-0.000000000000000000e+00,9.686176640058756782e-01,2.485554686097262433e-01,0.000000000000000000e+00
-3.079500658406094971e+01,-1.663332707210565076e+01,1.415999999999999943e+02,-0.000000000000000000e+00,9.703683355841350444e-01,2.416304891682245770e-01,0.000000000000000000e+00
-3.102947516586917587e+01,-1.619171612061884247e+01,1.415999999999999943e+02,-0.000000000000000000e+00,9.720694987843390145e-01,2.346931816929584413e-01,0.000000000000000000e+00
-3.125761130942080968e+01,-1.574680079346812711e+01,1.415999999999999943e+02,-0.000000000000000000e+00,9.737210668128172264e-01,2.277439001266755025e-01,0.000000000000000000e+00
-3.147936845711101128e+01,-1.529867188815566337e+01,1.415999999999999943e+02,-0.000000000000000000e+00,9.753229554062511353e-01,2.207829990230585071e-01,0.000000000000000000e+00
-3.169470135314869452e+01,-1.484742085800474598e+01,1.415999999999999943e+02,-0.000000000000000000e+00,9.768750828359797911e-01,2.138108335286069972e-01,0.000000000000000000e+00
-3.190356605279223956e+01,-1.439313979349615913e+01,1.415999999999999943e+02,-0.000000000000000000e+00,9.783773699121636191e-01,2.068277593645431456e-01,0.000000000000000000e+00
-3.210591993131765776e+01,-1.393592140347454134e+01,1.415999999999999943e+02,-0.000000000000000000e+00,9.798297399878318492e-01,1.998341328086317426e-01,0.000000000000000000e+00
-3.230172169271735783e+01,-1.347585899622850647e+01,1.415999999999999943e+02,-0.000000000000000000e+00,9.812321189627798423e-01,1.928303106770642428e-01,0.000000000000000000e+00
-3.249093137812779020e+01,-1.301304646044849456e+01,1.415999999999999943e+02,-0.000000000000000000e+00,9.825844352873704945e-01,1.858166503061534636e-01,0.000000000000000000e+00
-3.267351037398412927e+01,-1.254757824606610228e+01,1.415999999999999943e+02,-0.000000000000000000e+00,9.838866199661608913e-01,1.787935095342201020e-01,0.000000000000000000e+00
-3.284942141990050857e+01,-1.207954934497895216e+01,1.415999999999999943e+02,-0.000000000000000000e+00,9.851386065614420318e-01,1.717612466832386942e-01,0.000000000000000000e+00
-3.301862861627402168e+01,-1.160905527166489115e+01,1.415999999999999943e+02,-0.000000000000000000e+00,9.863403311966199016e-01,1.647202205405949305e-01,0.000000000000000000e+00
-3.318109743161104319e+01,-1.113619204368958471e+01,1.415999999999999943e+02,-0.000000000000000000e+00,9.874917325594725348e-01,1.576707903407960631e-01,0.000000000000000000e+00
-3.333679470957437019e+01,-1.066105616211143037e+01,1.415999999999999943e+02,-0.000000000000000000e+00,9.885927519052792878e-01,1.506133157471374606e-01,0.000000000000000000e+00
-3.348568867574972074e+01,-1.018374459178779290e+01,1.415999999999999943e+02,-0.000000000000000000e+00,9.896433330598281009e-01,1.435481568332876712e-01,0.000000000000000000e+00
-3.362774894413013982e+01,-9.704354741586598720e+00,1.415999999999999943e+02,-0.000000000000000000e+00,9.906434224222628870e-01,1.364756740650362177e-01,0.000000000000000000e+00
-3.376294652331718993e+01,-9.222984444507311252e+00,1.415999999999999943e+02,-0.000000000000000000e+00,9.915929689678364412e-01,1.293962282817831266e-01,0.000000000000000000e+00
-3.389125382243740603e+01,-8.739731937715349730e+00,1.415999999999999943e+02,-0.000000000000000000e+00,9.924919242504989247e-01,1.223101806782324746e-01,0.000000000000000000e+00
-3.401264465677304116e+01,-8.254695842494033542e+00,1.415999999999999943e+02,-0.000000000000000000e+00,9.933402424053834334e-01,1.152178927858606289e-01,0.000000000000000000e+00
-3.412709425310573863e+01,-7.767975144118135056e+00,1.415999999999999943e+02,-0.000000000000000000e+00,9.941378801511330243e-01,1.081197264545716713e-01,0.000000000000000000e+00
-3.423457925477225672e+01,-7.279669171653134541e+00,1.415999999999999943e+02,-0.000000000000000000e+00,9.948847967921189417e-01,1.010160438341556333e-01,0.000000000000000000e+00
-3.433507772643101674e+01,-6.789877577684337417e+00,1.415999999999999943e+02,-0.000000000000000000e+00,9.955809542205098506e-01,9.390720735587354540e-02,0.000000000000000000e+00
-3.442856915853865729e+01,-6.298700317979957219e+00,1.415999999999999943e+02,-0.000000000000000000e+00,9.962263169182222766e-01,8.679357971390333493e-02,0.000000000000000000e+00
-3.451503447153555015e+01,-5.806237631092321827e+00,1.415999999999999943e+02,-0.000000000000000000e+00,9.968208519587262728e-01,7.967552384690670952e-02,0.000000000000000000e+00
-3.459445601973956030e+01,-5.312590017901373862e+00,1.415999999999999943e+02,-0.000000000000000000e+00,9.973645290087315152e-01,7.255340291944373243e-02,0.000000000000000000e+00
-3.466681759494711201e+01,-4.817858221104642347e+00,1.415999999999999943e+02,-0.000000000000000000e+00,9.978573203297311789e-01,6.542758030347950449e-02,0.000000000000000000e+00
-3.473210442974093581e+01,-4.322143204657848514e+00,1.415999999999999943e+02,-0.000000000000000000e+00,9.982992007794165845e-01,5.829841955986537344e-02,0.000000000000000000e+00
-3.479030320050379999e+01,-3.825546133170377949e+00,1.415999999999999943e+02,-0.000000000000000000e+00,9.986901478129632803e-01,5.116628441973820191e-02,0.000000000000000000e+00
-3.484140203013754444e+01,-3.328168351259783719e+00,1.415999999999999943e+02,-0.000000000000000000e+00,9.990301414841790129e-01,4.403153876599361083e-02,0.000000000000000000e+00
-3.488539049048694096e+01,-2.830111362869568215e+00,1.415999999999999943e+02,-0.000000000000000000e+00,9.993191644465220236e-01,3.689454661471092134e-02,0.000000000000000000e+00
-3.492225960446784683e+01,-2.331476810554444778e+00,1.415999999999999943e+02,-0.000000000000000000e+00,9.995572019539845643e-01,2.975567209661535498e-02,0.000000000000000000e+00
-3.495200184789926112e+01,-1.832366454737309525e+00,1.415999999999999943e+02,-0.000000000000000000e+00,9.997442418618480708e-01,2.261527943844005711e-02,0.000000000000000000e+00
-3.497461115103881468e+01,-1.332882152942163057e+00,1.415999999999999943e+02,-0.000000000000000000e+00,9.998802746273007802e-01,1.547373294436830624e-02,0.000000000000000000e+00
-3.499008289982146636e+01,-8.331258390072139308e-01,1.415999999999999943e+02,-0.000000000000000000e+00,9.999652933099245633e-01,8.331396977490414593e-03,0.000000000000000000e+00
-3.499841393680117108e+01,-3.331995022824083552e-01,1.415999999999999943e+02,-0.000000000000000000e+00,9.999992935720501963e-01,1.188635941158573120e-03,0.000000000000000000e+00
-3.499960256179522844e+01,1.667948331843692455e-01,1.415999999999999943e+02,-0.000000000000000000e+00,9.999822736789777400e-01,-5.954185739628470309e-03,0.000000000000000000e+00
-3.499364853223121230e+01,6.667551294681760554e-01,1.415999999999999943e+02,-0.000000000000000000e+00,9.999142344990656905e-01,-1.309670363669993877e-02,0.000000000000000000e+00
-3.498055306319655244e+01,1.166579355590723122e+00,1.415999999999999943e+02,-0.000000000000000000e+00,9.997951795036855716e-01,-2.023855333746182525e-02,0.000000000000000000e+00
-3.496031882719048411e+01,1.666165508342670076e+00,1.415999999999999943e+02,-0.000000000000000000e+00,9.996251147670460746e-01,-2.737937046336151939e-02,0.000000000000000000e+00
-3.493294995357869936e+01,2.165411633100252420e+00,1.415999999999999943e+02,-0.000000000000000000e+00,9.994040489658830850e-01,-3.451879068853321020e-02,0.000000000000000000e+00
-3.489845202775062916e+01,2.664215844631993235e+00,1.415999999999999943e+02,-0.000000000000000000e+00,9.991319933790153707e-01,-4.165644975841323316e-02,0.000000000000000000e+00
-3.485683208997955518e+01,3.162476347891255202e+00,1.415999999999999943e+02,-0.000000000000000000e+00,9.988089618867713737e-01,-4.879198350825815489e-02,0.000000000000000000e+00
-3.480809863398587822e+01,3.660091458790385222e+00,1.415999999999999943e+02,-0.000000000000000000e+00,9.984349709702798892e-01,-5.592502788176617612e-02,0.000000000000000000e+00
-3.475226160520372787e+01,4.156959624952217602e+00,1.415999999999999943e+02,-0.000000000000000000e+00,9.980100397106284049e-01,-6.305521894966337193e-02,0.000000000000000000e+00
-3.468933239875129715e+01,4.652979446434694744e+00,1.415999999999999943e+02,-0.000000000000000000e+00,9.975341897878908792e-01,-7.018219292823572875e-02,0.000000000000000000e+00
-3.461932385710536408e+01,5.148049696424381594e+00,1.415999999999999943e+02,-0.000000000000000000e+00,9.970074454800229580e-01,-7.730558619788795160e-02,0.000000000000000000e+00
-3.454225026748044058e+01,5.642069341894648815e+00,1.415999999999999943e+02,-0.000000000000000000e+00,9.964298336616174145e-01,-8.442503532176566516e-02,0.000000000000000000e+00
-3.445812735891301060e+01,6.134937564224308026e+00,1.415999999999999943e+02,-0.000000000000000000e+00,9.958013838025426834e-01,-9.154017706417863498e-02,0.000000000000000000e+00
-3.436697229905164619e+01,6.626553779772484276e+00,1.415999999999999943e+02,-0.000000000000000000e+00,9.951221279664272945e-01,-9.865064840927068035e-02,0.000000000000000000e+00
-3.426880369065339238e+01,7.116817660405548196e+00,1.415999999999999943e+02,-0.000000000000000000e+00,9.943921008090372826e-01,-1.057560865793994859e-01,0.000000000000000000e+00
-3.416364156778742256e+01,7.605629153971896983e+00,1.415999999999999943e+02,-0.000000000000000000e+00,9.936113395764959444e-01,-1.128561290537705986e-01,0.000000000000000000e+00
-3.405150739174646901e+01,8.092888504720404441e+00,1.415999999999999943e+02,-0.000000000000000000e+00,9.927798841033903532e-01,-1.199504135868599275e-01,0.000000000000000000e+00
-3.393242404666705880e+01,8.578496273658402060e+00,1.415999999999999943e+02,-0.000000000000000000e+00,9.918977768107397619e-01,-1.270385782268987074e-01,0.000000000000000000e+00
-3.380641583485937929e+01,9.062353358844999818e+00,1.415999999999999943e+02,-0.000000000000000000e+00,9.909650627038242288e-01,-1.341202613343930594e-01,0.000000000000000000e+00
-3.367350847184766849e+01,9.544361015615629995e+00,1.415999999999999943e+02,-0.000000000000000000e+00,9.899817893698973359e-01,-1.411951016005026094e-01,0.000000000000000000e+00
-3.353372908112227435e+01,1.002442087673368043e+01,1.415999999999999943e+02,-0.000000000000000000e+00,9.889480069757543568e-01,-1.482627380655139604e-01,0.000000000000000000e+00
-3.338710618860434209e+01,1.050243497246508717e+01,1.415999999999999943e+02,-0.000000000000000000e+00,9.878637682651666418e-01,-1.553228101372914616e-01,0.000000000000000000e+00
-3.323366971682425230e+01,1.097830575057183111e+01,1.415999999999999943e+02,-0.000000000000000000e+00,9.867291285562046488e-01,-1.623749576095801783e-01,0.000000000000000000e+00
-3.307345097881514562e+01,1.145193609622021746e+01,1.415999999999999943e+02,-0.000000000000000000e+00,9.855441457384006565e-01,-1.694188206804847496e-01,0.000000000000000000e+00
-3.290648267172257135e+01,1.192322935179988441e+01,1.415999999999999943e+02,-0.000000000000000000e+00,9.843088802698042317e-01,-1.764540399707642537e-01,0.000000000000000000e+00
-3.273279887013173095e+01,1.239208933664951573e+01,1.415999999999999943e+02,-0.000000000000000000e+00,9.830233951739005827e-01,-1.834802565421616294e-01,0.000000000000000000e+00
-3.255243501911362358e+01,1.285842036668521615e+01,1.415999999999999943e+02,-0.000000000000000000e+00,9.816877560363773680e-01,-1.904971119158030690e-01,0.000000000000000000e+00
-3.236542792699141557e+01,1.332212727392753671e+01,1.415999999999999943e+02,-0.000000000000000000e+00,9.803020310018075723e-01,-1.975042480903417275e-01,0.000000000000000000e+00
-3.217181575782875314e+01,1.378311542592318872e+01,1.415999999999999943e+02,-0.000000000000000000e+00,9.788662907701383142e-01,-2.045013075603945851e-01,0.000000000000000000e+00
-3.197163802364121565e+01,1.424129074505745507e+01,1.415999999999999943e+02,-0.000000000000000000e+00,9.773806085931184828e-01,-2.114879333346119383e-01,0.000000000000000000e+00
-3.176493557633286713e+01,1.469655972775337638e+01,1.415999999999999943e+02,-0.000000000000000000e+00,9.758450602705341925e-01,-2.184637689540247507e-01,0.000000000000000000e+00
-3.155175059935921311e+01,1.514882946355379900e+01,1.415999999999999943e+02,-0.000000000000000000e+00,9.742597241463513136e-01,-2.254284585101788418e-01,0.000000000000000000e+00
-3.133212659911848874e+01,1.559800765408235002e+01,1.415999999999999943e+02,-0.000000000000000000e+00,9.726246811047284391e-01,-2.323816466632536160e-01,0.000000000000000000e+00
-3.110610839607298672e+01,1.604400263187954678e+01,1.415999999999999943e+02,-0.000000000000000000e+00,9.709400145658672043e-01,-2.393229786602900366e-01,0.000000000000000000e+00
-3.087374211560212345e+01,1.648672337911010288e+01,1.415999999999999943e+02,-0.000000000000000000e+00,9.692058104817827813e-01,-2.462521003531755737e-01,0.000000000000000000e+00
-3.063507517858932161e+01,1.692607954613768229e+01,1.415999999999999943e+02,-0.000000000000000000e+00,9.674221573318965151e-01,-2.531686582168083399e-01,0.000000000000000000e+00
-3.039015629174438970e+01,1.736198146996330394e+01,1.415999999999999943e+02,-0.000000000000000000e+00,9.655891461185304170e-01,-2.600722993670939731e-01,0.000000000000000000e+00
-3.013903543766355853e+01,1.779434019252358112e+01,1.415999999999999943e+02,-0.000000000000000000e+00,9.637068703622736487e-01,-2.669626715789156224e-01,0.000000000000000000e+00
-2.988176386462915701e+01,1.822306747884513811e+01,1.415999999999999943e+02,-0.000000000000000000e+00,9.617754260971875802e-01,-2.738394233041934744e-01,0.000000000000000000e+00
-2.961839407615090636e+01,1.864807583505141864e+01,1.415999999999999943e+02,-0.000000000000000000e+00,9.597949118659362400e-01,-2.807022036897107164e-01,0.000000000000000000e+00
-2.934897982025115581e+01,1.906927852621829800e+01,1.415999999999999943e+02,-0.000000000000000000e+00,9.577654287147285839e-01,-2.875506625951191331e-01,0.000000000000000000e+00
-2.907357607849602843e+01,1.948658959407478264e+01,1.415999999999999943e+02,-0.000000000000000000e+00,9.556870801881834909e-01,-2.943844506107353709e-01,0.000000000000000000e+00
-2.879223905477492451e+01,1.989992387454519118e+01,1.415999999999999943e+02,-0.000000000000000000e+00,9.535599723240421044e-01,-3.012032190753812233e-01,0.000000000000000000e+00
-2.850502616383051802e+01,2.030919701512932107e+01,1.415999999999999943e+02,-0.000000000000000000e+00,9.513842136477542732e-01,-3.080066200941860011e-01,0.000000000000000000e+00
-2.821199601954166880e+01,2.071432549211692731e+01,1.415999999999999943e+02,-0.000000000000000000e+00,9.491599151669420920e-01,-3.147943065563342802e-01,0.000000000000000000e+00
-2.791320842296160265e+01,2.111522662763308844e+01,1.415999999999999943e+02,-0.000000000000000000e+00,9.468871903657416489e-01,-3.215659321527570835e-01,0.000000000000000000e+00
-2.760872435011382819e+01,2.151181860651097111e+01,1.415999999999999943e+02,-0.000000000000000000e+00,9.445661551990071070e-01,-3.283211513938223969e-01,0.000000000000000000e+00
-2.729860593954826697e+01,2.190402049298849718e+01,1.415999999999999943e+02,-0.000000000000000000e+00,9.421969280863928820e-01,-3.350596196269622906e-01,0.000000000000000000e+00
-2.698291647966011197e+01,2.229175224722557758e+01,1.415999999999999943e+02,-0.000000000000000000e+00,9.397796299063244652e-01,-3.417809930542242691e-01,0.000000000000000000e+00
-2.666172039577407205e+01,2.267493474163850564e+01,1.415999999999999943e+02,-0.000000000000000000e+00,9.373143839898124829e-01,-3.484849287498648640e-01,0.000000000000000000e+00
-2.633508323699655307e+01,2.305348977704814217e+01,1.415999999999999943e+02,-0.000000000000000000e+00,9.348013161141772720e-01,-3.551710846777960118e-01,0.000000000000000000e+00
-2.600307166283852922e+01,2.342734009863868039e+01,1.415999999999999943e+02,-0.000000000000000000e+00,9.322405544966247959e-01,-3.618391197090572442e-01,0.000000000000000000e+00
-2.566575342961178308e+01,2.379640941172367619e+01,1.415999999999999943e+02,-0.000000000000000000e+00,9.296322297876958851e-01,-3.684886936392441914e-01,0.000000000000000000e+00
-2.532319737660132475e+01,2.416062239731608585e+01,1.415999999999999943e+02,-0.000000000000000000e+00,9.269764750646237728e-01,-3.751194672058022483e-01,0.000000000000000000e+00
-2.497547341201680382e+01,2.451990472749928074e+01,1.415999999999999943e+02,-0.000000000000000000e+00,9.242734258245184353e-01,-3.817311021054067277e-01,0.000000000000000000e+00
-2.462265249872576334e+01,2.487418308059571004e+01,1.415999999999999943e+02,-0.000000000000000000e+00,9.215232199774673338e-01,-3.883232610111843064e-01,0.000000000000000000e+00
-2.426480663977166685e+01,2.522338515613026644e+01,1.415999999999999943e+02,-0.000000000000000000e+00,9.187259978395039273e-01,-3.948956075899145990e-01,0.000000000000000000e+00
-2.390200886367965083e+01,2.556743968958525670e+01,1.415999999999999943e+02,-0.000000000000000000e+00,9.158819021254303028e-01,-4.014478065192331746e-01,0.000000000000000000e+00
-2.353433320955300445e+01,2.590627646694388631e+01,1.415999999999999943e+02,-0.000000000000000000e+00,9.129910779415579825e-01,-4.079795235046878021e-01,0.000000000000000000e+00
-2.316185471196339307e+01,2.623982633901945505e+01,1.415999999999999943e+02,-0.000000000000000000e+00,9.100536727782885249e-01,-4.144904252968309999e-01,0.000000000000000000e+00
-2.278464938563795883e+01,2.656802123556716211e+01,1.415999999999999943e+02,-0.000000000000000000e+00,9.070698365025964272e-01,-4.209801797082055597e-01,0.000000000000000000e+00
-2.240279420994635018e+01,2.689079417917578496e+01,1.415999999999999943e+02,-0.000000000000000000e+00,9.040397213503760243e-01,-4.274484556303069227e-01,0.000000000000000000e+00
-2.201636711319094175e+01,2.720807929893626920e+01,1.415999999999999943e+02,-0.000000000000000000e+00,9.009634819186856936e-01,-4.338949230504525745e-01,0.000000000000000000e+00
-2.162544695670334249e+01,2.751981184388458601e+01,1.415999999999999943e+02,-0.000000000000000000e+00,8.978412751578441764e-01,-4.403192530686529382e-01,0.000000000000000000e+00
-2.123011351875053876e+01,2.782592819621594771e+01,1.415999999999999943e+02,-0.000000000000000000e+00,8.946732603634429681e-01,-4.467211179143503186e-01,0.000000000000000000e+00
-2.083044747825388754e+01,2.812636588426784812e+01,1.415999999999999943e+02,-0.000000000000000000e+00,8.914595991682010556e-01,-4.531001909631802160e-01,0.000000000000000000e+00
-2.042653039832431006e+01,2.842106359526914261e+01,1.415999999999999943e+02,-0.000000000000000000e+00,8.882004555337266183e-01,-4.594561467536161237e-01,0.000000000000000000e+00
-2.001844470961703593e+01,2.870996118785265594e+01,1.415999999999999943e+02,-0.000000000000000000e+00,8.848959957421485001e-01,-4.657886610035837371e-01,0.000000000000000000e+00
-1.960627369350931204e+01,2.899299970432871021e+01,1.415999999999999943e+02,-0.000000000000000000e+00,8.815463883876457629e-01,-4.720974106269785198e-01,0.000000000000000000e+00
-1.919010146510449744e+01,2.927012138271712871e+01,1.415999999999999943e+02,-0.000000000000000000e+00,8.781518043678137042e-01,-4.783820737502118003e-01,0.000000000000000000e+00
-1.877001295606599740e+01,2.954126966853514702e+01,1.415999999999999943e+02,-0.000000000000000000e+00,8.747124168749891293e-01,-4.846423297285485932e-01,0.000000000000000000e+00
-1.834609389728457174e+01,2.980638922633900378e+01,1.415999999999999943e+02,-0.000000000000000000e+00,8.712284013873732302e-01,-4.908778591625436727e-01,0.000000000000000000e+00
-1.791843080138253086e+01,3.006542595101665327e+01,1.415999999999999943e+02,-0.000000000000000000e+00,8.676999356601086122e-01,-4.970883439142818605e-01,0.000000000000000000e+00
-1.748711094505840435e+01,3.031832697882946448e+01,1.415999999999999943e+02,-0.000000000000000000e+00,8.641271997161832363e-01,-5.032734671236579471e-01,0.000000000000000000e+00
-1.705222235127565966e+01,3.056504069820053004e+01,1.415999999999999943e+02,-0.000000000000000000e+00,8.605103758372749656e-01,-5.094329132244910241e-01,0.000000000000000000e+00
-1.661385377129914431e+01,3.080551676024749241e+01,1.415999999999999943e+02,-0.000000000000000000e+00,8.568496485544278007e-01,-5.155663679606666827e-01,0.000000000000000000e+00
-1.617209466658289685e+01,3.103970608905762774e+01,1.415999999999999943e+02,-0.000000000000000000e+00,8.531452046386445165e-01,-5.216735184021566996e-01,0.000000000000000000e+00
-1.572703519051301058e+01,3.126756089170316955e+01,1.415999999999999943e+02,-0.000000000000000000e+00,8.493972330913652780e-01,-5.277540529609724418e-01,0.000000000000000000e+00
-1.527876617000929649e+01,3.148903466799481521e+01,1.415999999999999943e+02,-0.000000000000000000e+00,8.456059251348193584e-01,-5.338076614070711434e-01,0.000000000000000000e+00
-1.482737908698950058e+01,3.170408221997139719e+01,1.415999999999999943e+02,-0.000000000000000000e+00,8.417714742022547325e-01,-5.398340348842066705e-01,0.000000000000000000e+00
-1.437296605969982721e+01,3.191265966112377939e+01,1.415999999999999943e+02,-0.000000000000000000e+00,8.378940759280951722e-01,-5.458328659256452831e-01,0.000000000000000000e+00
-1.391561982391563035e+01,3.211472442535115590e+01,1.415999999999999943e+02,-0.000000000000000000e+00,8.339739281379485725e-01,-5.518038484698704060e-01,0.000000000000000000e+00
-1.345543371401606159e+01,3.231023527564786946e+01,1.415999999999999943e+02,-0.000000000000000000e+00,8.300112308384913762e-01,-5.577466778762314448e-01,0.000000000000000000e+00
-1.299250164393656171e+01,3.249915231251894454e+01,1.415999999999999943e+02,-0.000000000000000000e+00,8.260061862073131422e-01,-5.636610509404118563e-01,0.000000000000000000e+00
-1.252691808800307349e+01,3.268143698212276149e+01,1.415999999999999943e+02,-0.000000000000000000e+00,8.219589985825439538e-01,-5.695466659099862605e-01,0.000000000000000000e+00
-1.205877806165191046e+01,3.285705208413899214e+01,1.415999999999999943e+02,-0.000000000000000000e+00,8.178698744524774966e-01,-5.754032224997429612e-01,0.000000000000000000e+00
-1.158817710203915397e+01,3.302596177936042210e+01,1.415999999999999943e+02,-0.000000000000000000e+00,8.137390224450079534e-01,-5.812304219070461020e-01,0.000000000000000000e+00
-1.111521124854363762e+01,3.318813159700692239e+01,1.415999999999999943e+02,-0.000000000000000000e+00,8.095666533169887380e-01,-5.870279668270760309e-01,0.000000000000000000e+00
-1.063997702316737914e+01,3.334352844176018493e+01,1.415999999999999943e+02,-0.000000000000000000e+00,8.053529799434991920e-01,-5.927955614679700780e-01,0.000000000000000000e+00
-1.016257141083756999e+01,3.349212060051777229e+01,1.415999999999999943e+02,-0.000000000000000000e+00,8.010982173069575163e-01,-5.985329115659511201e-01,0.000000000000000000e+00
-9.683091839614053953e+00,3.363387774886505355e+01,1.415999999999999943e+02,-0.000000000000000000e+00,7.968025824861647566e-01,-6.042397244003233636e-01,0.000000000000000000e+00
-9.201636160806394571e+00,3.376877095726375444e+01,1.415999999999999943e+02,-0.000000000000000000e+00,7.924662946452354362e-01,-6.099157088083982936e-01,0.000000000000000000e+00
-8.718302629004558213e+00,3.389677269695585693e+01,1.415999999999999943e+02,-0.000000000000000000e+00,7.880895750224023999e-01,-6.155605752003691089e-01,0.000000000000000000e+00
-8.233189882027300399e+00,3.401785684558160483e+01,1.415999999999999943e+02,-0.000000000000000000e+00,7.836726469187352828e-01,-6.211740355740759112e-01,0.000000000000000000e+00
-7.746396920792342655e+00,3.413199869251050700e+01,1.415999999999999943e+02,-0.000000000000000000e+00,7.792157356867505102e-01,-6.267558035296970642e-01,0.000000000000000000e+00
-7.258023089112435322e+00,3.423917494388424387e+01,1.415999999999999943e+02,-0.000000000000000000e+00,7.747190687189211555e-01,-6.323055942843519572e-01,0.000000000000000000e+00
-6.768168053421470987e+00,3.433936372737044707e+01,1.415999999999999943e+02,-0.000000000000000000e+00,7.701828754360413587e-01,-6.378231246866730153e-01,0.000000000000000000e+00
-6.276931782434728824e+00,3.443254459662632883e+01,1.415999999999999943e+02,-0.000000000000000000e+00,7.656073872755663201e-01,-6.433081132311958550e-01,0.000000000000000000e+00
-5.784414526747453600e+00,3.451869853547136557e+01,1.415999999999999943e+02,-0.000000000000000000e+00,7.609928376797855387e-01,-6.487602800727457764e-01,0.000000000000000000e+00
-5.290716798375886931e+00,3.459780796176809048e+01,1.415999999999999943e+02,-0.000000000000000000e+00,7.563394620838826965e-01,-6.541793470407507582e-01,0.000000000000000000e+00
-4.795939350244971422e+00,3.466985673101017795e+01,1.415999999999999943e+02,-0.000000000000000000e+00,7.516474979039933224e-01,-6.595650376533510606e-01,0.000000000000000000e+00
-4.300183155626871034e+00,3.473483013961725163e+01,1.415999999999999943e+02,-0.000000000000000000e+00,7.469171845250083264e-01,-6.649170771316033068e-01,0.000000000000000000e+00
-3.803549387534534532e+00,3.479271492793549925e+01,1.415999999999999943e+02,-0.000000000000000000e+00,7.421487632884277152e-01,-6.702351924134223315e-01,0.000000000000000000e+00
-3.306139398074491975e+00,3.484349928294371779e+01,1.415999999999999943e+02,-0.000000000000000000e+00,7.373424774800261261e-01,-6.755191121675367949e-01,0.000000000000000000e+00
-2.808054697763103125e+00,3.488717284066409974e+01,1.415999999999999943e+02,-0.000000000000000000e+00,7.324985723174003427e-01,-6.807685668073770735e-01,0.000000000000000000e+00
-2.309396934810478808e+00,3.492372668827724169e+01,1.415999999999999943e+02,-0.000000000000000000e+00,7.276172949375366850e-01,-6.859832885047432161e-01,0.000000000000000000e+00
-1.810267874376298769e+00,3.495315336594111955e+01,1.415999999999999943e+02,-0.000000000000000000e+00,7.226988943841425872e-01,-6.911630112035350715e-01,0.000000000000000000e+00
-1.310769377801768609e+00,3.497544686831345473e+01,1.415999999999999943e+02,-0.000000000000000000e+00,7.177436215949364318e-01,-6.963074706333293173e-01,0.000000000000000000e+00
-8.110033818219412050e-01,3.499060264577724411e+01,1.415999999999999943e+02,-0.000000000000000000e+00,7.127517293889016337e-01,-7.014164043228030554e-01,0.000000000000000000e+00
-3.110718777626562126e-01,3.499861760536929012e+01,1.415999999999999943e+02,-0.000000000000000000e+00,7.077234724533247867e-01,-7.064895516131912689e-01,0.000000000000000000e+00
1.889231092736614603e-01,3.499949011141136879e+01,1.415999999999999943e+02,0.000000000000000000e+00,-7.026591073308424695e-01,7.115266536715427748e-01,0.000000000000000000e+00
6.888795412290980025e-01,3.499321998584405691e+01,1.415999999999999943e+02,0.000000000000000000e+00,-6.975588924063225171e-01,7.165274535039565240e-01,0.000000000000000000e+00
1.188695387913989654e+00,3.497980850826304788e+01,1.415999999999999943e+02,0.000000000000000000e+00,-6.924230878937154277e-01,7.214916959686591413e-01,0.000000000000000000e+00
1.688268647829056057e+00,3.495925841565804149e+01,1.415999999999999943e+02,0.000000000000000000e+00,-6.872519558227357939e-01,7.264191277890640341e-01,0.000000000000000000e+00
2.187497368981679013e+00,3.493157390185415068e+01,1.415999999999999943e+02,0.000000000000000000e+00,-6.820457600255510622e-01,7.313094975666378783e-01,0.000000000000000000e+00
2.686279669692078098e+00,3.489676061665608131e+01,1.415999999999999943e+02,0.000000000000000000e+00,-6.768047661232492462e-01,7.361625557937960806e-01,0.000000000000000000e+00
3.184513759385135145e+00,3.485482566469507759e+01,1.415999999999999943e+02,0.000000000000000000e+00,-6.715292415123507164e-01,7.409780548665709787e-01,0.000000000000000000e+00
3.682097959363629602e+00,3.480577760397905962e+01,1.415999999999999943e+02,0.000000000000000000e+00,-6.662194553511209261e-01,7.457557490972870351e-01,0.000000000000000000e+00
4.178930723558639038e+00,3.474962644414609514e+01,1.415999999999999943e+02,0.000000000000000000e+00,-6.608756785458789196e-01,7.504953947270590620e-01,0.000000000000000000e+00
4.674910659252875078e+00,3.468638364442168154e+01,1.415999999999999943e+02,0.000000000000000000e+00,-6.554981837371236519e-01,7.551967499382741256e-01,0.000000000000000000e+00
5.169936547772721269e+00,3.461606211128012944e+01,1.415999999999999943e+02,0.000000000000000000e+00,-6.500872452856829575e-01,7.598595748668778294e-01,0.000000000000000000e+00
5.663907365144755346e+00,3.453867619581067316e+01,1.415999999999999943e+02,0.000000000000000000e+00,-6.446431392586650100e-01,7.644836316146562671e-01,0.000000000000000000e+00
6.156722302712534400e+00,3.445424169078869880e+01,1.415999999999999943e+02,0.000000000000000000e+00,-6.391661434153963484e-01,7.690686842613532193e-01,0.000000000000000000e+00
6.648280787709444972e+00,3.436277582745278636e+01,1.415999999999999943e+02,0.000000000000000000e+00,-6.336565371932585400e-01,7.736144988767006403e-01,0.000000000000000000e+00
7.138482503783399657e+00,3.426429727198820530e+01,1.415999999999999943e+02,0.000000000000000000e+00,-6.281146016934106013e-01,7.781208435323707651e-01,0.000000000000000000e+00
7.627227411469222673e+00,3.415882612171753863e+01,1.415999999999999943e+02,0.000000000000000000e+00,-6.225406196664685643e-01,7.825874883137918792e-01,0.000000000000000000e+00
8.114415768604514412e+00,3.404638390099927392e+01,1.415999999999999943e+02,0.000000000000000000e+00,-6.169348754980517047e-01,7.870142053319009179e-01,0.000000000000000000e+00
8.599948150684854298e+00,3.392699355683512863e+01,1.415999999999999943e+02,0.000000000000000000e+00,-6.112976551943050119e-01,7.914007687347445197e-01,0.000000000000000000e+00
9.083725471154160402e+00,3.380067945418709030e+01,1.415999999999999943e+02,0.000000000000000000e+00,-6.056292463672826587e-01,7.957469547190220149e-01,0.000000000000000000e+00
9.565649001626102432e+00,3.366746737100504561e+01,1.415999999999999943e+02,0.000000000000000000e+00,-5.999299382202999409e-01,8.000525415414834196e-01,0.000000000000000000e+00
1.004562039203240786e+01,3.352738449296608536e+01,1.415999999999999943e+02,0.000000000000000000e+00,-5.942000215331268986e-01,8.043173095302820208e-01,0.000000000000000000e+00
1.052354169069395518e+01,3.338045940792645894e+01,1.415999999999999943e+02,0.000000000000000000e+00,-5.884397886472306771e-01,8.085410410961230143e-01,0.000000000000000000e+00
1.099931536431058277e+01,3.322672210008747129e+01,1.415999999999999943e+02,0.000000000000000000e+00,-5.826495334507756363e-01,8.127235207434281294e-01,0.000000000000000000e+00
1.147284431786549774e+01,3.306620394387631023e+01,1.415999999999999943e+02,0.000000000000000000e+00,-5.768295513637015093e-01,8.168645350812769879e-01,0.000000000000000000e+00
1.194403191444024692e+01,3.289893769754325348e+01,1.415999999999999943e+02,0.000000000000000000e+00,-5.709801393226107136e-01,8.209638728343240377e-01,0.000000000000000000e+00
1.241278199493621948e+01,3.272495749647640650e+01,1.415999999999999943e+02,0.000000000000000000e+00,-5.651015957656011501e-01,8.250213248535889221e-01,0.000000000000000000e+00
1.287899889769858852e+01,3.254429884623539238e+01,1.415999999999999943e+02,0.000000000000000000e+00,-5.591942206171198748e-01,8.290366841270727649e-01,0.000000000000000000e+00
1.334258747803879785e+01,3.235699861530549981e+01,1.415999999999999943e+02,0.000000000000000000e+00,-5.532583152725577547e-01,8.330097457903905545e-01,0.000000000000000000e+00
1.380345312765149046e+01,3.216309502757357563e+01,1.415999999999999943e+02,0.000000000000000000e+00,-5.472941825829489293e-01,8.369403071371708247e-01,0.000000000000000000e+00
1.426150179392200990e+01,3.196262765452739529e+01,1.415999999999999943e+02,0.000000000000000000e+00,-5.413021268394705432e-01,8.408281676294305784e-01,0.000000000000000000e+00
1.471663999912048482e+01,3.175563740717995742e+01,1.415999999999999943e+02,0.000000000000000000e+00,-5.352824537579716768e-01,8.446731289077715754e-01,0.000000000000000000e+00
1.516877485947858517e+01,3.154216652772048590e+01,1.415999999999999943e+02,0.000000000000000000e+00,-5.292354704633079887e-01,8.484749948015445353e-01,0.000000000000000000e+00
1.561781410414507931e+01,3.132225858089367065e+01,1.415999999999999943e+02,0.000000000000000000e+00,-5.231614854737299813e-01,8.522335713388203837e-01,0.000000000000000000e+00
1.606366609401629475e+01,3.109595844510908691e+01,1.415999999999999943e+02,0.000000000000000000e+00,-5.170608086851217200e-01,8.559486667563002138e-01,0.000000000000000000e+00
1.650623984043765802e+01,3.086331230328249475e+01,1.415999999999999943e+02,0.000000000000000000e+00,-5.109337513551629462e-01,8.596200915091157801e-01,0.000000000000000000e+00
1.694544502377249273e+01,3.062436763341088053e+01,1.415999999999999943e+02,0.000000000000000000e+00,-5.047806260875040696e-01,8.632476582804655685e-01,0.000000000000000000e+00
1.738119201183429041e+01,3.037917319888327228e+01,1.415999999999999943e+02,0.000000000000000000e+00,-4.986017468157664112e-01,8.668311819912031257e-01,0.000000000000000000e+00
1.781339187817867042e+01,3.012777903852917660e+01,1.415999999999999943e+02,0.000000000000000000e+00,-4.923974287875527711e-01,8.703704798092631867e-01,0.000000000000000000e+00
1.824195642025133424e+01,2.987023645640675085e+01,1.415999999999999943e+02,0.000000000000000000e+00,-4.861679885483599639e-01,8.738653711589913220e-01,0.000000000000000000e+00
1.866679817738829072e+01,2.960659801133276403e+01,1.415999999999999943e+02,0.000000000000000000e+00,-4.799137439254115289e-01,8.773156777303677822e-01,0.000000000000000000e+00
1.908783044866462930e+01,2.933691750615649596e+01,1.415999999999999943e+02,0.000000000000000000e+00,-4.736350140114712892e-01,8.807212234880872348e-01,0.000000000000000000e+00
1.950496731058833433e+01,2.906124997677974164e+01,1.415999999999999943e+02,0.000000000000000000e+00,-4.673321191485380610e-01,8.840818346805552341e-01,0.000000000000000000e+00
1.991812363463536428e+01,2.877965168092519122e+01,1.415999999999999943e+02,0.000000000000000000e+00,-4.610053809115094992e-01,8.873973398487478015e-01,0.000000000000000000e+00
2.032721510462252468e+01,2.849218008665545554e+01,1.415999999999999943e+02,0.000000000000000000e+00,-4.546551220917928182e-01,8.906675698349507675e-01,0.000000000000000000e+00
2.073215823391458201e+01,2.819889386064509651e+01,1.415999999999999943e+02,0.000000000000000000e+00,-4.482816666807940553e-01,8.938923577914118512e-01,0.000000000000000000e+00
2.113287038246202343e+01,2.789985285620803168e+01,1.415999999999999943e+02,0.000000000000000000e+00,-4.418853398534295929e-01,8.970715391888314238e-01,0.000000000000000000e+00
2.152926977366613315e+01,2.759511810108276819e+01,1.415999999999999943e+02,0.000000000000000000e+00,-4.354664679515209413e-01,9.002049518247647875e-01,0.000000000000000000e+00
2.192127551106776906e+01,2.728475178497800613e+01,1.415999999999999943e+02,0.000000000000000000e+00,-4.290253784671393400e-01,9.032924358319003311e-01,0.000000000000000000e+00
2.230880759485658871e+01,2.696881724688105209e+01,1.415999999999999943e+02,0.000000000000000000e+00,-4.225624000259046720e-01,9.063338336862126754e-01,0.000000000000000000e+00
2.269178693819726078e+01,2.664737896213172164e+01,1.415999999999999943e+02,0.000000000000000000e+00,-4.160778623702041656e-01,9.093289902150053505e-01,0.000000000000000000e+00
2.307013538336934033e+01,2.632050252926433132e+01,1.415999999999999943e+02,0.000000000000000000e+00,-4.095720963423963856e-01,9.122777526048164720e-01,0.000000000000000000e+00
2.344377571771758539e+01,2.598825465662046597e+01,1.415999999999999943e+02,0.000000000000000000e+00,-4.030454338679078652e-01,9.151799704092250520e-01,0.000000000000000000e+00
2.381263168940934705e+01,2.565070314873527479e+01,1.415999999999999943e+02,0.000000000000000000e+00,-3.964982079383086444e-01,9.180354955565224184e-01,0.000000000000000000e+00
2.417662802299592073e+01,2.530791689250003529e+01,1.415999999999999943e+02,0.000000000000000000e+00,-3.899307525943016550e-01,9.208441823572767193e-01,0.000000000000000000e+00
2.453569043477460099e+01,2.495996584310383426e+01,1.415999999999999943e+02,0.000000000000000000e+00,-3.833434029087390282e-01,9.236058875117396649e-01,0.000000000000000000e+00
2.488974564794839495e+01,2.460692100975727215e+01,1.415999999999999943e+02,0.000000000000000000e+00,-3.767364949694453347e-01,9.263204701171928734e-01,0.000000000000000000e+00
2.523872140758018290e+01,2.424885444120100431e+01,1.415999999999999943e+02,0.000000000000000000e+00,-3.701103658621347492e-01,9.289877916751095865e-01,0.000000000000000000e+00
2.558254649533838787e+01,2.388583921100218888e+01,1.415999999999999943e+02,0.000000000000000000e+00,-3.634653536531691209e-01,9.316077160982387806e-01,0.000000000000000000e+00
2.592115074403108821e+01,2.351794940264172951e+01,1.415999999999999943e+02,0.000000000000000000e+00,-3.568017973723587311e-01,9.341801097175288504e-01,0.000000000000000000e+00
2.625446505192559599e+01,2.314526009439551402e+01,1.415999999999999943e+02,0.000000000000000000e+00,-3.501200369956097846e-01,9.367048412889691367e-01,0.000000000000000000e+00
2.658242139685062710e+01,2.276784734401251953e+01,1.415999999999999943e+02,0.000000000000000000e+00,-3.434204134276144793e-01,9.391817820002719142e-01,0.000000000000000000e+00
2.690495285007812143e+01,2.238578817319312364e+01,1.415999999999999943e+02,0.000000000000000000e+00,-3.367032684844525892e-01,9.416108054774471325e-01,0.000000000000000000e+00
2.722199358998194896e+01,2.199916055187064856e+01,1.415999999999999943e+02,0.000000000000000000e+00,-3.299689448761387589e-01,9.439917877912539224e-01,0.000000000000000000e+00
2.753347891547065984e+01,2.160804338229939248e+01,1.415999999999999943e+02,0.000000000000000000e+00,-3.232177861891580850e-01,9.463246074635170979e-01,0.000000000000000000e+00
2.783934525919157466e+01,2.121251648295240955e+01,1.415999999999999943e+02,0.000000000000000000e+00,-3.164501368689063843e-01,9.486091454733347472e-01,0.000000000000000000e+00
2.813953020050347575e+01,2.081266057223229282e+01,1.415999999999999943e+02,0.000000000000000000e+00,-3.096663422021628809e-01,9.508452852631352759e-01,0.000000000000000000e+00
2.843397247821531337e+01,2.040855725199833870e+01,1.415999999999999943e+02,0.000000000000000000e+00,-3.028667482994166216e-01,9.530329127446427462e-01,0.000000000000000000e+00
2.872261200308826545e+01,2.000028899091335433e+01,1.415999999999999943e+02,0.000000000000000000e+00,-2.960517020772467367e-01,9.551719163046855643e-01,0.000000000000000000e+00
2.900538987009863945e+01,1.958793910761362156e+01,1.415999999999999943e+02,0.000000000000000000e+00,-2.892215512406277056e-01,9.572621868108888155e-01,0.000000000000000000e+00
2.928224837045911855e+01,1.917159175370538549e+01,1.415999999999999943e+02,0.000000000000000000e+00,-2.823766442651471364e-01,9.593036176172560214e-01,0.000000000000000000e+00
2.955313100339583343e+01,1.875133189659134558e+01,1.415999999999999943e+02,0.000000000000000000e+00,-2.755173303792784467e-01,9.612961045695938012e-01,0.000000000000000000e+00
2.981798248767896808e+01,1.832724530213066316e+01,1.415999999999999943e+02,0.000000000000000000e+00,-2.686439595465214825e-01,9.632395460108388319e-01,0.000000000000000000e+00
3.007674877290443405e+01,1.789941851713601650e+01,1.415999999999999943e+02,0.000000000000000000e+00,-2.617568824475727252e-01,9.651338427862363734e-01,0.000000000000000000e+00
3.032937705052437849e+01,1.746793885171130256e+01,1.415999999999999943e+02,0.000000000000000000e+00,-2.548564504624235005e-01,9.669788982484024409e-01,0.000000000000000000e+00
3.057581576462425943e+01,1.703289436143354152e+01,1.415999999999999943e+02,0.000000000000000000e+00,-2.479430156524339290e-01,9.687746182622544167e-01,0.000000000000000000e+00
3.081601462244428546e+01,1.659437382938265060e+01,1.415999999999999943e+02,0.000000000000000000e+00,-2.410169307423725427e-01,9.705209112098133195e-01,0.000000000000000000e+00
3.104992460464306347e+01,1.615246674802277127e+01,1.415999999999999943e+02,0.000000000000000000e+00,-2.340785491024063025e-01,9.722176879948812855e-01,0.000000000000000000e+00
3.127749797530137243e+01,1.570726330093879142e+01,1.415999999999999943e+02,0.000000000000000000e+00,-2.271282247301022739e-01,9.738648620475800488e-01,0.000000000000000000e+00
3.149868829166403117e+01,1.525885434443186917e+01,1.415999999999999943e+02,0.000000000000000000e+00,-2.201663122323345156e-01,9.754623493287755132e-01,0.000000000000000000e+00
3.171345041361784567e+01,1.480733138897762480e+01,1.415999999999999943e+02,0.000000000000000000e+00,-2.131931668072181985e-01,9.770100683343594383e-01,0.000000000000000000e+00
3.192174051290372816e+01,1.435278658055086431e+01,1.415999999999999943e+02,0.000000000000000000e+00,-2.062091442259537388e-01,9.785079400994147747e-01,0.000000000000000000e+00
3.212351608206106590e+01,1.389531268182059520e+01,1.415999999999999943e+02,0.000000000000000000e+00,-1.992146008147132608e-01,9.799558882022366690e-01,0.000000000000000000e+00
3.231873594310258824e+01,1.343500305321918376e+01,1.415999999999999943e+02,0.000000000000000000e+00,-1.922098934364499800e-01,9.813538387682337882e-01,0.000000000000000000e+00
3.250736025591789513e+01,1.297195163388954420e+01,1.415999999999999943e+02,0.000000000000000000e+00,-1.851953794726614866e-01,9.827017204737035216e-01,0.000000000000000000e+00
3.268935052640393479e+01,1.250625292251419474e+01,1.415999999999999943e+02,0.000000000000000000e+00,-1.781714168051926894e-01,9.839994645494631875e-01,0.000000000000000000e+00
3.286466961432081746e+01,1.203800195803015782e+01,1.415999999999999943e+02,0.000000000000000000e+00,-1.711383637979725925e-01,9.852470047843600032e-01,0.000000000000000000e+00
3.303328174087134528e+01,1.156729430023356819e+01,1.415999999999999943e+02,0.000000000000000000e+00,-1.640965792786887867e-01,9.864442775286564880e-01,0.000000000000000000e+00
3.319515249600264184e+01,1.109422601027802280e+01,1.415999999999999943e+02,0.000000000000000000e+00,-1.570464225205658593e-01,9.875912216972627666e-01,0.000000000000000000e+00
3.335024884542855261e+01,1.061889363107059125e+01,1.415999999999999943e+02,0.000000000000000000e+00,-1.499882532239237842e-01,9.886877787728723943e-01,0.000000000000000000e+00
3.349853913737116073e+01,1.014139416756951206e+01,1.415999999999999943e+02,0.000000000000000000e+00,-1.429224314979132826e-01,9.897338928089329801e-01,0.000000000000000000e+00
3.363999310902025286e+01,9.661825066987606903e+00,1.415999999999999943e+02,0.000000000000000000e+00,-1.358493178421197878e-01,9.907295104325047896e-01,0.000000000000000000e+00
3.377458189270930689e+01,9.180284198905424020e+00,1.415999999999999943e+02,0.000000000000000000e+00,-1.287692731281526726e-01,9.916745808469868972e-01,0.000000000000000000e+00
3.390227802180673677e+01,8.696869835298205231e+00,1.415999999999999943e+02,0.000000000000000000e+00,-1.216826585812456757e-01,9.925690558347061154e-01,0.000000000000000000e+00
3.402305543632123630e+01,8.211680630480708842e+00,1.415999999999999943e+02,0.000000000000000000e+00,-1.145898357618247571e-01,9.934128897593779151e-01,0.000000000000000000e+00
3.413688948822004932e+01,7.724815600974029195e+00,1.415999999999999943e+02,0.000000000000000000e+00,-1.074911665470672378e-01,9.942060395684341190e-01,0.000000000000000000e+00
3.424375694645910073e+01,7.236374105298481574e+00,1.415999999999999943e+02,0.000000000000000000e+00,-1.003870131124336706e-01,9.949484647952194782e-01,0.000000000000000000e+00
3.434363600172394371e+01,6.746455823696700271e+00,1.415999999999999943e+02,0.000000000000000000e+00,-9.327773791320309593e-02,9.956401275610560209e-01,0.000000000000000000e+00
3.443650627088057803e+01,6.255160737791074510e+00,1.415999999999999943e+02,0.000000000000000000e+00,-8.616370366593349706e-02,9.962809925771790587e-01,0.000000000000000000e+00
3.452234880113516624e+01,5.762589110179687779e+00,1.415999999999999943e+02,0.000000000000000000e+00,-7.904527333002633882e-02,9.968710271465318629e-01,0.000000000000000000e+00
3.460114607390192276e+01,5.268841463974906603e+00,1.415999999999999943e+02,0.000000000000000000e+00,-7.192281008917236762e-02,9.974102011654366606e-01,0.000000000000000000e+00
3.467288200837827361e+01,4.774018562288812717e+00,1.415999999999999943e+02,0.000000000000000000e+00,-6.479667733277927333e-02,9.978984871251341815e-01,0.000000000000000000e+00
3.473754196482655487e+01,4.278221387669646880e+00,1.415999999999999943e+02,0.000000000000000000e+00,-5.766723863752096224e-02,9.983358601131800958e-01,0.000000000000000000e+00
3.479511274756170991e+01,3.781551121493482270e+00,1.415999999999999943e+02,0.000000000000000000e+00,-5.053485774871788877e-02,9.987222978147213270e-01,0.000000000000000000e+00
3.484558260764421789e+01,3.284109123315309464e+00,1.415999999999999943e+02,0.000000000000000000e+00,-4.339989856180542088e-02,9.990577805136322542e-01,0.000000000000000000e+00
3.488894124527779894e+01,2.785996910183769604e+00,1.415999999999999943e+02,0.000000000000000000e+00,-3.626272510377759328e-02,9.993422910935211290e-01,0.000000000000000000e+00
3.492517981191139143e+01,2.287316135923738614e+00,1.415999999999999943e+02,0.000000000000000000e+00,-2.912370151457142550e-02,9.995758150386043761e-01,0.000000000000000000e+00
3.495429091204491812e+01,1.788168570391003076e+00,1.415999999999999943e+02,0.000000000000000000e+00,-2.198319202854281257e-02,9.997583404344453362e-01,0.000000000000000000e+00
3.497626860473857136e+01,1.288656078703253272e+00,1.415999999999999943e+02,0.000000000000000000e+00,-1.484156095586288381e-02,9.998898579685632226e-01,0.000000000000000000e+00
3.499110840482523344e+01,7.888806004516399906e-01,1.415999999999999943e+02,0.000000000000000000e+00,-7.699172663894308238e-03,9.999703609309085195e-01,0.000000000000000000e+00
3.499880728382576933e+01,2.889441288971272837e-01,1.415999999999999943e+02,0.000000000000000000e+00,-5.563915586737306967e-04,9.999998452142047078e-01,0.000000000000000000e+00
3.499936367056711362e+01,-2.110513098441026969e-01,1.415999999999999943e+02,0.000000000000000000e+00,6.586417933758940621e-03,9.999783093141579871e-01,0.000000000000000000e+00
3.499277745150287444e+01,-7.110036776219529342e-01,1.415999999999999943e+02,0.000000000000000000e+00,1.372889138588858672e-02,9.999057543295339912e-01,0.000000000000000000e+00
3.497904997073653277e+01,-1.210810945076169487e+00,1.415999999999999943e+02,0.000000000000000000e+00,2.087066438734069135e-02,9.997821839621022777e-01,0.000000000000000000e+00
3.495818402974714445e+01,-1.710371112458305864e+00,1.415999999999999943e+02,0.000000000000000000e+00,2.801137256352376897e-02,9.996076045164459245e-01,0.000000000000000000e+00
3.493018388681757358e+01,-2.209582230447643791e+00,1.415999999999999943e+02,0.000000000000000000e+00,3.515065159410969003e-02,9.993820248996424516e-01,0.000000000000000000e+00
3.489505525616553427e+01,-2.708342420956823648e+00,1.415999999999999943e+02,0.000000000000000000e+00,4.228813723173803496e-02,9.991054566208061871e-01,0.000000000000000000e+00
3.485280530677739108e+01,-3.206549897922937209e+00,1.415999999999999943e+02,0.000000000000000000e+00,4.942346532050750918e-02,9.987779137905046234e-01,0.000000000000000000e+00
3.480344266094516570e+01,-3.704102988079839953e+00,1.415999999999999943e+02,0.000000000000000000e+00,5.655627181463266512e-02,9.983994131200345512e-01,0.000000000000000000e+00
3.474697739250687789e+01,-4.200900151707445573e+00,1.415999999999999943e+02,0.000000000000000000e+00,6.368619279694390234e-02,9.979699739205736275e-01,0.000000000000000000e+00
3.468342102479073219e+01,-4.696840003353761617e+00,1.415999999999999943e+02,0.000000000000000000e+00,7.081286449752779988e-02,9.974896181021909447e-01,0.000000000000000000e+00
3.461278652826342039e+01,-5.191821332525452526e+00,1.415999999999999943e+02,0.000000000000000000e+00,7.793592331222520819e-02,9.969583701727324776e-01,0.000000000000000000e+00
3.453508831788315803e+01,-5.685743124342685917e+00,1.415999999999999943e+02,0.000000000000000000e+00,8.505500582120402442e-02,9.963762572365697512e-01,0.000000000000000000e+00
3.445034225015790952e+01,-6.178504580154063675e+00,1.415999999999999943e+02,0.000000000000000000e+00,9.216974880751832577e-02,9.957433089932158365e-01,0.000000000000000000e+00
3.435856561990940605e+01,-6.670005138107429232e+00,1.415999999999999943e+02,0.000000000000000000e+00,9.927978927563045619e-02,9.950595577358103405e-01,0.000000000000000000e+00
3.425977715674364532e+01,-7.160144493672342847e+00,1.415999999999999943e+02,0.000000000000000000e+00,1.063847644699027345e-01,9.943250383494741662e-01,0.000000000000000000e+00
3.415399702122861214e+01,-7.648822620110045101e+00,1.415999999999999943e+02,0.000000000000000000e+00,1.134843118931445211e-01,9.935397883095268279e-01,0.000000000000000000e+00
3.404124680077993048e+01,-8.135939788886730639e+00,1.415999999999999943e+02,0.000000000000000000e+00,1.205780693250985275e-01,9.927038476795744248e-01,0.000000000000000000e+00
3.392154950525533508e+01,-8.621396590025966589e+00,1.415999999999999943e+02,0.000000000000000000e+00,1.276656748408846465e-01,9.918172591094700508e-01,0.000000000000000000e+00
3.379492956225889344e+01,-9.105093952396092760e+00,1.415999999999999943e+02,0.000000000000000000e+00,1.347467668295329601e-01,9.908800678331296519e-01,0.000000000000000000e+00
3.366141281215582381e+01,-9.586933163928483381e+00,1.415999999999999943e+02,0.000000000000000000e+00,1.418209840123653698e-01,9.898923216662327551e-01,0.000000000000000000e+00
3.352102650279907436e+01,-1.006681589176251457e+01,1.415999999999999943e+02,0.000000000000000000e+00,1.488879654614763959e-01,9.888540710037766468e-01,0.000000000000000000e+00
3.337379928396860862e+01,-1.054464420231316524e+01,1.415999999999999943e+02,0.000000000000000000e+00,1.559473506181187630e-01,9.877653688175089819e-01,0.000000000000000000e+00
3.321976120152462641e+01,-1.102032058125710812e+01,1.415999999999999943e+02,0.000000000000000000e+00,1.629987793110992955e-01,9.866262706532253901e-01,0.000000000000000000e+00
3.305894369127586430e+01,-1.149374795343327449e+01,1.415999999999999943e+02,0.000000000000000000e+00,1.700418917751913284e-01,9.854368346279299695e-01,0.000000000000000000e+00
3.289137957256421174e+01,-1.196482970265375556e+01,1.415999999999999943e+02,0.000000000000000000e+00,1.770763286694475580e-01,9.841971214268764312e-01,0.000000000000000000e+00
3.271710304156701454e+01,-1.243346969142106495e+01,1.415999999999999943e+02,0.000000000000000000e+00,1.841017310955515851e-01,9.829071943004696887e-01,0.000000000000000000e+00
3.253614966431837985e+01,-1.289957228054770333e+01,1.415999999999999943e+02,0.000000000000000000e+00,1.911177406161230774e-01,9.815671190610392172e-01,0.000000000000000000e+00
3.234855636945093238e+01,-1.336304234867402130e+01,1.415999999999999943e+02,0.000000000000000000e+00,1.981239992730192412e-01,9.801769640794791849e-01,0.000000000000000000e+00
3.215436144065947133e+01,-1.382378531168042457e+01,1.415999999999999943e+02,0.000000000000000000e+00,2.051201496055931883e-01,9.787368002817606882e-01,0.000000000000000000e+00
3.195360450888810533e+01,-1.428170714198991043e+01,1.415999999999999943e+02,0.000000000000000000e+00,2.121058346688957930e-01,9.772467011453203067e-01,0.000000000000000000e+00
3.174632654424247136e+01,-1.473671438775705589e+01,1.415999999999999943e+02,0.000000000000000000e+00,2.190806980519528213e-01,9.757067426952983347e-01,0.000000000000000000e+00
3.153256984762859361e+01,-1.518871419193949457e+01,1.415999999999999943e+02,0.000000000000000000e+00,2.260443838959041718e-01,9.741170035006684325e-01,0.000000000000000000e+00
3.131237804212020492e+01,-1.563761431124800794e+01,1.415999999999999943e+02,0.000000000000000000e+00,2.329965369121526908e-01,9.724775646702312759e-01,0.000000000000000000e+00
3.108579606405624673e+01,-1.608332313497137278e+01,1.415999999999999943e+02,0.000000000000000000e+00,2.399368024005403555e-01,9.707885098484654307e-01,0.000000000000000000e+00
3.085287015387031317e+01,-1.652574970367209417e+01,1.415999999999999943e+02,0.000000000000000000e+00,2.468648262673707738e-01,9.690499252112766415e-01,0.000000000000000000e+00
3.061364784665402539e+01,-1.696480372774926337e+01,1.415999999999999943e+02,0.000000000000000000e+00,2.537802550435636073e-01,9.672618994615800325e-01,0.000000000000000000e+00
3.036817796245611589e+01,-1.740039560586467005e+01,1.415999999999999943e+02,0.000000000000000000e+00,2.606827359026051005e-01,9.654245238247952665e-01,0.000000000000000000e+00
3.011651059631936178e+01,-1.783243644322848809e+01,1.415999999999999943e+02,0.000000000000000000e+00,2.675719166786064696e-01,9.635378920441773909e-01,0.000000000000000000e+00
2.985869710805725319e+01,-1.826083806974076751e+01,1.415999999999999943e+02,0.000000000000000000e+00,2.744474458842623976e-01,9.616021003760364394e-01,0.000000000000000000e+00
2.959479011177257846e+01,-1.868551305798500195e+01,1.415999999999999943e+02,0.000000000000000000e+00,2.813089727287301223e-01,9.596172475848412375e-01,0.000000000000000000e+00
2.932484346512006113e+01,-1.910637474107019784e+01,1.415999999999999943e+02,0.000000000000000000e+00,2.881561471356184345e-01,9.575834349381550092e-01,0.000000000000000000e+00
2.904891225831515911e+01,-1.952333723031764734e+01,1.415999999999999943e+02,0.000000000000000000e+00,2.949886197607655691e-01,9.555007662014921577e-01,0.000000000000000000e+00
2.876705280289137079e+01,-1.993631543278897311e+01,1.415999999999999943e+02,0.000000000000000000e+00,3.018060420101276176e-01,9.533693476330048489e-01,0.000000000000000000e+00
2.847932262020826855e+01,-2.034522506865170044e+01,1.415999999999999943e+02,0.000000000000000000e+00,3.086080660575035717e-01,9.511892879780803334e-01,0.000000000000000000e+00
2.818578042971266129e+01,-2.074998268837896376e+01,1.415999999999999943e+02,0.000000000000000000e+00,3.153943448623334755e-01,9.489606984637769527e-01,0.000000000000000000e+00
2.788648613695522016e+01,-2.115050568977971679e+01,1.415999999999999943e+02,0.000000000000000000e+00,3.221645321873700119e-01,9.466836927931594481e-01,0.000000000000000000e+00
2.758150082136508630e+01,-2.154671233485602855e+01,1.415999999999999943e+02,0.000000000000000000e+00,3.289182826163628004e-01,9.443583871394919393e-01,0.000000000000000000e+00
2.727088672378486933e+01,-2.193852176648404395e+01,1.415999999999999943e+02,0.000000000000000000e+00,3.356552515716797469e-01,9.419849001403114430e-01,0.000000000000000000e+00
2.695470723376865863e+01,-2.232585402491513804e+01,1.415999999999999943e+02,0.000000000000000000e+00,3.423750953318637213e-01,9.395633528913828192e-01,0.000000000000000000e+00
2.663302687664561574e+01,-2.270863006409396689e+01,1.415999999999999943e+02,0.000000000000000000e+00,3.490774710492167698e-01,9.370938689405043931e-01,0.000000000000000000e+00
2.630591130035173464e+01,-2.308677176779002949e+01,1.415999999999999943e+02,0.000000000000000000e+00,3.557620367672302830e-01,9.345765742812259802e-01,0.000000000000000000e+00
2.597342726203255836e+01,-2.346020196553950754e+01,1.415999999999999943e+02,0.000000000000000000e+00,3.624284514380932132e-01,9.320115973463987125e-01,0.000000000000000000e+00
2.563564261441949199e+01,-2.382884444839404026e+01,1.415999999999999943e+02,0.000000000000000000e+00,3.690763749400614580e-01,9.293990690016334932e-01,0.000000000000000000e+00
2.529262629198252554e+01,-2.419262398447332885e+01,1.415999999999999943e+02,0.000000000000000000e+00,3.757054680947857772e-01,9.267391225386343301e-01,0.000000000000000000e+00
2.494444829686225873e+01,-2.455146633431831660e+01,1.415999999999999943e+02,0.000000000000000000e+00,3.823153926846874495e-01,9.240318936683696860e-01,0.000000000000000000e+00
2.459117968458394188e+01,-2.490529826604182873e+01,1.415999999999999943e+02,0.000000000000000000e+00,3.889058114701397506e-01,9.212775205141782164e-01,0.000000000000000000e+00
2.423289254955662386e+01,-2.525404757027362024e+01,1.415999999999999943e+02,0.000000000000000000e+00,3.954763882067076075e-01,9.184761436047087502e-01,0.000000000000000000e+00
2.386966001036026341e+01,-2.559764307489672319e+01,1.415999999999999943e+02,0.000000000000000000e+00,4.020267876623299652e-01,9.156279058667379234e-01,0.000000000000000000e+00
2.350155619482378810e+01,-2.593601465957211261e+01,1.415999999999999943e+02,0.000000000000000000e+00,4.085566756343516071e-01,9.127329526179095431e-01,0.000000000000000000e+00
2.312865622489727713e+01,-2.626909327004874939e+01,1.415999999999999943e+02,0.000000000000000000e+00,4.150657189666571711e-01,9.097914315592843248e-01,0.000000000000000000e+00
2.275103620132115623e+01,-2.659681093225603732e+01,1.415999999999999943e+02,0.000000000000000000e+00,4.215535855666008858e-01,9.068034927678336743e-01,0.000000000000000000e+00
2.236877318809573723e+01,-2.691910076617585190e+01,1.415999999999999943e+02,0.000000000000000000e+00,4.280199444219945359e-01,9.037692886887630506e-01,0.000000000000000000e+00
2.198194519675411485e+01,-2.723589699949128828e+01,1.415999999999999943e+02,0.000000000000000000e+00,4.344644656179647568e-01,9.006889741277487316e-01,0.000000000000000000e+00
2.159063117044174263e+01,-2.754713498100935354e+01,1.415999999999999943e+02,0.000000000000000000e+00,4.408868203538106045e-01,8.975627062430271419e-01,0.000000000000000000e+00
2.119491096780583206e+01,-2.785275119385487130e+01,1.415999999999999943e+02,0.000000000000000000e+00,4.472866809597738635e-01,8.943906445373797087e-01,0.000000000000000000e+00
2.079486534669796427e+01,-2.815268326843286673e+01,1.415999999999999943e+02,0.000000000000000000e+00,4.536637209137268645e-01,8.911729508500088048e-01,0.000000000000000000e+00
2.039057594769317561e+01,-2.844686999515687376e+01,1.415999999999999943e+02,0.000000000000000000e+00,4.600176148578831170e-01,8.879097893482560400e-01,0.000000000000000000e+00
1.998212527742888511e+01,-2.873525133694044698e+01,1.415999999999999943e+02,0.000000000000000000e+00,4.663480386153602830e-01,8.846013265192441688e-01,0.000000000000000000e+00
1.956959669176710648e+01,-2.901776844144942302e+01,1.415999999999999943e+02,0.000000000000000000e+00,4.726546692067223332e-01,8.812477311613822195e-01,0.000000000000000000e+00
1.915307437878333729e+01,-2.929436365311240564e+01,1.415999999999999943e+02,0.000000000000000000e+00,4.789371848664635278e-01,8.778491743757506072e-01,0.000000000000000000e+00
1.873264334158560018e+01,-2.956498052488701944e+01,1.415999999999999943e+02,0.000000000000000000e+00,4.851952650594492100e-01,8.744058295573576833e-01,0.000000000000000000e+00
1.830838938096717428e+01,-2.982956382977948095e+01,1.415999999999999943e+02,0.000000000000000000e+00,4.914285904972144348e-01,8.709178723863238991e-01,0.000000000000000000e+00
1.788039907789652005e+01,-3.008805957211527016e+01,1.415999999999999943e+02,0.000000000000000000e+00,4.976368431543201076e-01,8.673854808188816712e-01,0.000000000000000000e+00
1.744875977584799642e+01,-3.034041499855842261e+01,1.415999999999999943e+02,0.000000000000000000e+00,5.038197062845118923e-01,8.638088350783338365e-01,0.000000000000000000e+00
1.701355956297697603e+01,-3.058657860887737101e+01,1.415999999999999943e+02,0.000000000000000000e+00,5.099768644369435666e-01,8.601881176458224809e-01,0.000000000000000000e+00
1.657488725414295416e+01,-3.082650016645499136e+01,1.415999999999999943e+02,0.000000000000000000e+00,5.161080034722258514e-01,8.565235132510449212e-01,0.000000000000000000e+00
1.613283237278439941e+01,-3.106013070854080738e+01,1.415999999999999943e+02,0.000000000000000000e+00,5.222128105784658025e-01,8.528152088628224714e-01,0.000000000000000000e+00
1.568748513264895195e+01,-3.128742255624323576e+01,1.415999999999999943e+02,0.000000000000000000e+00,5.282909742872402559e-01,8.490633936795523029e-01,0.000000000000000000e+00
1.523893641938279586e+01,-3.150832932425977972e+01,1.415999999999999943e+02,0.000000000000000000e+00,5.343421844894822303e-01,8.452682591195579409e-01,0.000000000000000000e+00
1.478727777198285054e+01,-3.172280593034326657e+01,1.415999999999999943e+02,0.000000000000000000e+00,5.403661324512772923e-01,8.414299988113381756e-01,0.000000000000000000e+00
1.433260136411568375e+01,-3.193080860450216463e+01,1.415999999999999943e+02,0.000000000000000000e+00,5.458328659256472815e-01,8.378940759280939510e-01,0.000000000000000000e+00
1.395621741238212365e+01,-3.209710260347998911e+01,1.415999999999999943e+02,0.000000000000000000e+00,5.458328659256472815e-01,8.378940759280939510e-01,0.000000000000000000e+00
