c0: 159.92695279
r0: 146.51957891
fsx: 749.40287826
fsy: 751.47349278
f: 18
width: 320
height: 240