-6.429395695523603956e-15,-3.500000000000000000e+01,1.660000000000000142e+01,0.000000000000000000e+00,0.000000000000000000e+00,-1.000000000000000000e+00
-4.999829933708215268e-01,-3.499642863216674016e+01,1.660000000000000142e+01,0.000000000000000000e+00,0.000000000000000000e+00,-1.000000000000000000e+00
-9.998639511313679451e-01,-3.498571525750514155e+01,1.660000000000000142e+01,0.000000000000000000e+00,0.000000000000000000e+00,-1.000000000000000000e+00
-1.499540858494616824e+00,-3.496786206238101613e+01,1.660000000000000142e+01,0.000000000000000000e+00,0.000000000000000000e+00,-1.000000000000000000e+00
-1.998911742315769180e+00,-3.494287269024160025e+01,1.660000000000000142e+01,0.000000000000000000e+00,0.000000000000000000e+00,-1.000000000000000000e+00
-2.497874691902748356e+00,-3.491075224087203566e+01,1.660000000000000142e+01,0.000000000000000000e+00,0.000000000000000000e+00,-1.000000000000000000e+00
-2.996327879813945660e+00,-3.487150726935458778e+01,1.660000000000000142e+01,0.000000000000000000e+00,0.000000000000000000e+00,-1.000000000000000000e+00
-3.494169582638979588e+00,-3.482514578473090694e+01,1.660000000000000142e+01,0.000000000000000000e+00,0.000000000000000000e+00,-1.000000000000000000e+00
-3.991298201758218589e+00,-3.477167724836755269e+01,1.660000000000000142e+01,0.000000000000000000e+00,0.000000000000000000e+00,-1.000000000000000000e+00
-4.487612284076846869e+00,-3.471111257202515077e+01,1.660000000000000142e+01,0.000000000000000000e+00,0.000000000000000000e+00,-1.000000000000000000e+00
-4.983010542729217285e+00,-3.464346411563153083e+01,1.660000000000000142e+01,0.000000000000000000e+00,0.000000000000000000e+00,-1.000000000000000000e+00
-5.477391877749296256e+00,-3.456874568475931397e+01,1.660000000000000142e+01,0.000000000000000000e+00,0.000000000000000000e+00,-1.000000000000000000e+00
-5.970655396702954754e+00,-3.448697252780855393e+01,1.660000000000000142e+01,0.000000000000000000e+00,0.000000000000000000e+00,-1.000000000000000000e+00
-6.462700435277912270e+00,-3.439816133289479438e+01,1.660000000000000142e+01,0.000000000000000000e+00,0.000000000000000000e+00,-1.000000000000000000e+00
-6.953426577827124255e+00,-3.430233022444345892e+01,1.660000000000000142e+01,0.000000000000000000e+00,0.000000000000000000e+00,-1.000000000000000000e+00
-7.442733677861422592e+00,-3.419949875949101425e+01,1.660000000000000142e+01,0.000000000000000000e+00,0.000000000000000000e+00,-1.000000000000000000e+00
-7.930521878487226672e+00,-3.408968792369380907e+01,1.660000000000000142e+01,0.000000000000000000e+00,0.000000000000000000e+00,-1.000000000000000000e+00
-8.416691632785157751e+00,-3.397292012704537001e+01,1.660000000000000142e+01,0.000000000000000000e+00,0.000000000000000000e+00,-1.000000000000000000e+00
-8.901143724125383017e+00,-3.384921919930300760e+01,1.660000000000000142e+01,0.000000000000000000e+00,0.000000000000000000e+00,-1.000000000000000000e+00
-9.383779286415579790e+00,-3.371861038512467701e+01,1.660000000000000142e+01,0.000000000000000000e+00,0.000000000000000000e+00,-1.000000000000000000e+00
-9.864499824277320528e+00,-3.358112033891711690e+01,1.660000000000000142e+01,0.000000000000000000e+00,0.000000000000000000e+00,-1.000000000000000000e+00
-1.034320723314685431e+01,-3.343677711939621844e+01,1.660000000000000142e+01,0.000000000000000000e+00,0.000000000000000000e+00,-1.000000000000000000e+00
-1.081980381929609258e+01,-3.328561018386091774e+01,1.660000000000000142e+01,0.000000000000000000e+00,0.000000000000000000e+00,-1.000000000000000000e+00
-1.129419231976976157e+01,-3.312765038218155667e+01,1.660000000000000142e+01,0.000000000000000000e+00,0.000000000000000000e+00,-1.000000000000000000e+00
-1.176627592223466223e+01,-3.296292995050411179e+01,1.660000000000000142e+01,0.000000000000000000e+00,0.000000000000000000e+00,-1.000000000000000000e+00
-1.223595828473693636e+01,-3.279148250467150660e+01,1.660000000000000142e+01,0.000000000000000000e+00,0.000000000000000000e+00,-1.000000000000000000e+00
-1.270314355536337025e+01,-3.261334303336335694e+01,1.660000000000000142e+01,0.000000000000000000e+00,0.000000000000000000e+00,-1.000000000000000000e+00
-1.316773639180266464e+01,-3.242854789095552093e+01,1.660000000000000142e+01,0.000000000000000000e+00,0.000000000000000000e+00,-1.000000000000000000e+00
-1.362964198080272737e+01,-3.223713479010099547e+01,1.660000000000000142e+01,0.000000000000000000e+00,0.000000000000000000e+00,-1.000000000000000000e+00
-1.408876605751998490e+01,-3.203914279403355891e+01,1.660000000000000142e+01,0.000000000000000000e+00,0.000000000000000000e+00,-1.000000000000000000e+00
-1.454501492475677615e+01,-3.183461230859585456e+01,1.660000000000000142e+01,0.000000000000000000e+00,0.000000000000000000e+00,-1.000000000000000000e+00
-1.499829547208290847e+01,-3.162358507399338592e+01,1.660000000000000142e+01,0.000000000000000000e+00,0.000000000000000000e+00,-1.000000000000000000e+00
-1.544851519483745328e+01,-3.140610415627631014e+01,1.660000000000000142e+01,0.000000000000000000e+00,0.000000000000000000e+00,-1.000000000000000000e+00
-1.589558221300694463e+01,-3.118221393855056789e+01,1.660000000000000142e+01,0.000000000000000000e+00,0.000000000000000000e+00,-1.000000000000000000e+00
-1.633940528997606378e+01,-3.095196011192025054e+01,1.660000000000000142e+01,0.000000000000000000e+00,0.000000000000000000e+00,-1.000000000000000000e+00
-1.677989385114705811e+01,-3.071538966616306965e+01,1.660000000000000142e+01,0.000000000000000000e+00,0.000000000000000000e+00,-1.000000000000000000e+00
-1.721695800242401830e+01,-3.047255088014076208e+01,1.660000000000000142e+01,0.000000000000000000e+00,0.000000000000000000e+00,-1.000000000000000000e+00
-1.765050854855832441e+01,-3.022349331194641309e+01,1.660000000000000142e+01,0.000000000000000000e+00,0.000000000000000000e+00,-1.000000000000000000e+00
-1.808045701135143446e+01,-2.996826778879074382e+01,1.660000000000000142e+01,0.000000000000000000e+00,0.000000000000000000e+00,-1.000000000000000000e+00
-1.850671564771134214e+01,-2.970692639662939172e+01,1.660000000000000142e+01,0.000000000000000000e+00,0.000000000000000000e+00,-1.000000000000000000e+00
-1.892919746755904953e+01,-2.943952246953330132e+01,1.660000000000000142e+01,0.000000000000000000e+00,0.000000000000000000e+00,-1.000000000000000000e+00
-1.934781625158132101e+01,-2.916611057880439617e+01,1.660000000000000142e+01,0.000000000000000000e+00,0.000000000000000000e+00,-1.000000000000000000e+00
-1.976248656882617993e+01,-2.888674652183878067e+01,1.660000000000000142e+01,0.000000000000000000e+00,0.000000000000000000e+00,-1.000000000000000000e+00
-2.017312379413748857e+01,-2.860148731073969941e+01,1.660000000000000142e+01,0.000000000000000000e+00,0.000000000000000000e+00,-1.000000000000000000e+00
-2.057964412542509791e+01,-2.831039116068261308e+01,1.660000000000000142e+01,0.000000000000000000e+00,0.000000000000000000e+00,-1.000000000000000000e+00
-2.098196460076701797e+01,-2.801351747803477110e+01,1.660000000000000142e+01,0.000000000000000000e+00,0.000000000000000000e+00,-1.000000000000000000e+00
-2.138000311534015196e+01,-2.771092684823164376e+01,1.660000000000000142e+01,0.000000000000000000e+00,0.000000000000000000e+00,-1.000000000000000000e+00
-2.177367843817608062e+01,-2.740268102341276446e+01,1.660000000000000142e+01,0.000000000000000000e+00,0.000000000000000000e+00,-1.000000000000000000e+00
-2.216291022873852867e+01,-2.708884290981947984e+01,1.660000000000000142e+01,0.000000000000000000e+00,0.000000000000000000e+00,-1.000000000000000000e+00
-2.254761905331912430e+01,-2.676947655495714784e+01,1.660000000000000142e+01,0.000000000000000000e+00,0.000000000000000000e+00,-1.000000000000000000e+00
-2.292772640124809058e+01,-2.644464713452443760e+01,1.660000000000000142e+01,0.000000000000000000e+00,0.000000000000000000e+00,-1.000000000000000000e+00
-2.330315470091652230e+01,-2.611442093911239937e+01,1.660000000000000142e+01,0.000000000000000000e+00,0.000000000000000000e+00,-1.000000000000000000e+00
-2.367382733560711117e+01,-2.577886536067601142e+01,1.660000000000000142e+01,0.000000000000000000e+00,0.000000000000000000e+00,-1.000000000000000000e+00
-2.403966865912989448e+01,-2.543804887878093268e+01,1.660000000000000142e+01,0.000000000000000000e+00,0.000000000000000000e+00,-1.000000000000000000e+00
-2.440060401126002532e+01,-2.509204104662833501e+01,1.660000000000000142e+01,0.000000000000000000e+00,0.000000000000000000e+00,-1.000000000000000000e+00
-2.475655973297427082e+01,-2.474091247686060413e+01,1.660000000000000142e+01,0.000000000000000000e+00,0.000000000000000000e+00,-1.000000000000000000e+00
-2.510746318148323297e+01,-2.438473482715085439e+01,1.660000000000000142e+01,0.000000000000000000e+00,0.000000000000000000e+00,-1.000000000000000000e+00
-2.545324274505613005e+01,-2.402358078557914922e+01,1.660000000000000142e+01,0.000000000000000000e+00,0.000000000000000000e+00,-1.000000000000000000e+00
-2.579382785763520047e+01,-2.365752405579844719e+01,1.660000000000000142e+01,0.000000000000000000e+00,0.000000000000000000e+00,-1.000000000000000000e+00
-2.612914901323670591e+01,-2.328663934199332175e+01,1.660000000000000142e+01,0.000000000000000000e+00,0.000000000000000000e+00,-1.000000000000000000e+00
-2.645913778013556694e+01,-2.291100233363443905e+01,1.660000000000000142e+01,0.000000000000000000e+00,0.000000000000000000e+00,-1.000000000000000000e+00
-2.678372681483078210e+01,-2.253068969003200550e+01,1.660000000000000142e+01,0.000000000000000000e+00,0.000000000000000000e+00,-1.000000000000000000e+00
-2.710284987578877747e+01,-2.214577902469127935e+01,1.660000000000000142e+01,0.000000000000000000e+00,0.000000000000000000e+00,-1.000000000000000000e+00
-2.741644183696185166e+01,-2.175634888947334034e+01,1.660000000000000142e+01,0.000000000000000000e+00,0.000000000000000000e+00,-1.000000000000000000e+00
-2.772443870107898789e+01,-2.136247875856436451e+01,1.660000000000000142e+01,0.000000000000000000e+00,0.000000000000000000e+00,-1.000000000000000000e+00
-2.802677761270627954e+01,-2.096424901225670112e+01,1.660000000000000142e+01,0.000000000000000000e+00,0.000000000000000000e+00,-1.000000000000000000e+00
-2.832339687107437243e+01,-2.056174092054499170e+01,1.660000000000000142e+01,0.000000000000000000e+00,0.000000000000000000e+00,-1.000000000000000000e+00
-2.861423594267023773e+01,-2.015503662654073835e+01,1.660000000000000142e+01,0.000000000000000000e+00,0.000000000000000000e+00,-1.000000000000000000e+00
-2.889923547359073197e+01,-1.974421912970870352e+01,1.660000000000000142e+01,0.000000000000000000e+00,0.000000000000000000e+00,-1.000000000000000000e+00
-2.917833730165544281e+01,-1.932937226892851257e+01,1.660000000000000142e+01,0.000000000000000000e+00,0.000000000000000000e+00,-1.000000000000000000e+00
-2.945148446827631616e+01,-1.891058070538498725e+01,1.660000000000000142e+01,0.000000000000000000e+00,0.000000000000000000e+00,-1.000000000000000000e+00
-2.971862123008165568e+01,-1.848792990529063474e+01,1.660000000000000142e+01,0.000000000000000000e+00,0.000000000000000000e+00,-1.000000000000000000e+00
-2.997969307029214292e+01,-1.806150612244386622e+01,1.660000000000000142e+01,0.000000000000000000e+00,0.000000000000000000e+00,-1.000000000000000000e+00
-3.023464670984650127e+01,-1.763139638062646597e+01,1.660000000000000142e+01,0.000000000000000000e+00,0.000000000000000000e+00,-1.000000000000000000e+00
-3.048343011827459748e+01,-1.719768845584397354e+01,1.660000000000000142e+01,0.000000000000000000e+00,0.000000000000000000e+00,-1.000000000000000000e+00
-3.072599252431573547e+01,-1.676047085841246798e+01,1.660000000000000142e+01,0.000000000000000000e+00,0.000000000000000000e+00,-1.000000000000000000e+00
-3.096228442627993616e+01,-1.631983281489559090e+01,1.660000000000000142e+01,0.000000000000000000e+00,0.000000000000000000e+00,-1.000000000000000000e+00
-3.119225760215017829e+01,-1.587586424989532397e+01,1.660000000000000142e+01,0.000000000000000000e+00,0.000000000000000000e+00,-1.000000000000000000e+00
-3.141586511942344373e+01,-1.542865576770035574e+01,1.660000000000000142e+01,0.000000000000000000e+00,0.000000000000000000e+00,-1.000000000000000000e+00
-3.163306134468861686e+01,-1.497829863379571691e+01,1.660000000000000142e+01,0.000000000000000000e+00,0.000000000000000000e+00,-1.000000000000000000e+00
-3.184380195293928040e+01,-1.452488475623749764e+01,1.660000000000000142e+01,0.000000000000000000e+00,0.000000000000000000e+00,-1.000000000000000000e+00
-3.204804393661945738e+01,-1.406850666689640406e+01,1.660000000000000142e+01,0.000000000000000000e+00,0.000000000000000000e+00,-1.000000000000000000e+00
-3.224574561440054765e+01,-1.360925750257404587e+01,1.660000000000000142e+01,0.000000000000000000e+00,0.000000000000000000e+00,-1.000000000000000000e+00
-3.243686663968752981e+01,-1.314723098599572815e+01,1.660000000000000142e+01,0.000000000000000000e+00,0.000000000000000000e+00,-1.000000000000000000e+00
-3.262136800885286902e+01,-1.268252140668370842e+01,1.660000000000000142e+01,0.000000000000000000e+00,0.000000000000000000e+00,-1.000000000000000000e+00
-3.279921206919627963e+01,-1.221522360171474730e+01,1.660000000000000142e+01,0.000000000000000000e+00,0.000000000000000000e+00,-1.000000000000000000e+00
-3.297036252662882561e+01,-1.174543293636594221e+01,1.660000000000000142e+01,0.000000000000000000e+00,0.000000000000000000e+00,-1.000000000000000000e+00
-3.313478445307973175e+01,-1.127324528465275577e+01,1.660000000000000142e+01,0.000000000000000000e+00,0.000000000000000000e+00,-1.000000000000000000e+00
-3.329244429362448443e+01,-1.079875700976322506e+01,1.660000000000000142e+01,0.000000000000000000e+00,0.000000000000000000e+00,-1.000000000000000000e+00
-3.344330987333262328e+01,-1.032206494439232891e+01,1.660000000000000142e+01,0.000000000000000000e+00,0.000000000000000000e+00,-1.000000000000000000e+00
-3.358735040383393056e+01,-9.843266370980563451e+00,1.660000000000000142e+01,0.000000000000000000e+00,0.000000000000000000e+00,-1.000000000000000000e+00
-3.372453648960171080e+01,-9.362459001860708341e+00,1.660000000000000142e+01,0.000000000000000000e+00,0.000000000000000000e+00,-1.000000000000000000e+00
-3.385484013395174685e+01,-8.879740959316887228e+00,1.660000000000000142e+01,0.000000000000000000e+00,0.000000000000000000e+00,-1.000000000000000000e+00
-3.397823474475580952e+01,-8.395210755559931570e+00,1.660000000000000142e+01,0.000000000000000000e+00,0.000000000000000000e+00,-1.000000000000000000e+00
-3.409469513986853428e+01,-7.908967272623214306e+00,1.660000000000000142e+01,0.000000000000000000e+00,0.000000000000000000e+00,-1.000000000000000000e+00
-3.420419755226654956e+01,-7.421109742182968816e+00,1.660000000000000142e+01,0.000000000000000000e+00,0.000000000000000000e+00,-1.000000000000000000e+00
-3.430671963489881904e+01,-6.931737725307275610e+00,1.660000000000000142e+01,0.000000000000000000e+00,0.000000000000000000e+00,-1.000000000000000000e+00
-3.440224046524715362e+01,-6.440951092137823686e+00,1.660000000000000142e+01,0.000000000000000000e+00,0.000000000000000000e+00,-1.000000000000000000e+00
-3.449074054959607594e+01,-5.948850001508598773e+00,1.660000000000000142e+01,0.000000000000000000e+00,0.000000000000000000e+00,-1.000000000000000000e+00
-3.457220182701104960e+01,-5.455534880505641837e+00,1.660000000000000142e+01,0.000000000000000000e+00,0.000000000000000000e+00,-1.000000000000000000e+00
-3.464660767302431310e+01,-4.961106403972086909e+00,1.660000000000000142e+01,0.000000000000000000e+00,0.000000000000000000e+00,-1.000000000000000000e+00
-3.471394290302757213e+01,-4.465665473962616261e+00,1.660000000000000142e+01,0.000000000000000000e+00,0.000000000000000000e+00,-1.000000000000000000e+00
-3.477419377537086120e+01,-3.969313199151556226e+00,1.660000000000000142e+01,0.000000000000000000e+00,0.000000000000000000e+00,-1.000000000000000000e+00
-3.482734799416689242e+01,-3.472150874198805415e+00,1.660000000000000142e+01,0.000000000000000000e+00,0.000000000000000000e+00,-1.000000000000000000e+00
-3.487339471180040107e+01,-2.974279959077806623e+00,1.660000000000000142e+01,0.000000000000000000e+00,0.000000000000000000e+00,-1.000000000000000000e+00
-3.491232453114189127e+01,-2.475802058369781289e+00,1.660000000000000142e+01,0.000000000000000000e+00,0.000000000000000000e+00,-1.000000000000000000e+00
-3.494412950746539082e+01,-1.976818900528454659e+00,1.660000000000000142e+01,0.000000000000000000e+00,0.000000000000000000e+00,-1.000000000000000000e+00
-3.496880315006978890e+01,-1.477432317119497407e+00,1.660000000000000142e+01,0.000000000000000000e+00,0.000000000000000000e+00,-1.000000000000000000e+00
-3.498634042360345831e+01,-9.777442220389298555e-01,1.660000000000000142e+01,0.000000000000000000e+00,0.000000000000000000e+00,-1.000000000000000000e+00
-3.499673774909184942e+01,-4.778565907147196423e-01,1.660000000000000142e+01,0.000000000000000000e+00,0.000000000000000000e+00,-1.000000000000000000e+00
-3.499999300466789265e+01,2.212856070417560869e-02,1.660000000000000142e+01,0.000000000000000000e+00,0.000000000000000000e+00,-1.000000000000000000e+00
-3.499610552600500313e+01,5.221091961670768500e-01,1.660000000000000142e+01,0.000000000000000000e+00,0.000000000000000000e+00,-1.000000000000000000e+00
-3.498507610645268784e+01,1.021983280544912942e+00,1.660000000000000142e+01,0.000000000000000000e+00,0.000000000000000000e+00,-1.000000000000000000e+00
-3.496690699687461290e+01,1.521648800453362371e+00,1.660000000000000142e+01,0.000000000000000000e+00,0.000000000000000000e+00,-1.000000000000000000e+00
-3.494160190518927323e+01,2.021003785071556980e+00,1.660000000000000142e+01,0.000000000000000000e+00,0.000000000000000000e+00,-1.000000000000000000e+00
-3.490916599561325029e+01,2.519946326952100080e+00,1.660000000000000142e+01,0.000000000000000000e+00,0.000000000000000000e+00,-1.000000000000000000e+00
-3.486960588760736357e+01,3.018374602818150176e+00,1.660000000000000142e+01,0.000000000000000000e+00,0.000000000000000000e+00,-1.000000000000000000e+00
-3.482292965452574407e+01,3.516186894343329872e+00,1.660000000000000142e+01,0.000000000000000000e+00,0.000000000000000000e+00,-1.000000000000000000e+00
-3.476914682196822071e+01,4.013281608910213016e+00,1.660000000000000142e+01,0.000000000000000000e+00,0.000000000000000000e+00,-1.000000000000000000e+00
-3.470826836583642461e+01,4.509557300343160158e+00,1.660000000000000142e+01,0.000000000000000000e+00,0.000000000000000000e+00,-1.000000000000000000e+00
-3.464030671009377471e+01,5.004912689611268561e+00,1.660000000000000142e+01,0.000000000000000000e+00,0.000000000000000000e+00,-1.000000000000000000e+00
-3.456527572423006234e+01,5.499246685497206855e+00,1.660000000000000142e+01,0.000000000000000000e+00,0.000000000000000000e+00,-1.000000000000000000e+00
-3.448319072043095446e+01,5.992458405227732321e+00,1.660000000000000142e+01,0.000000000000000000e+00,0.000000000000000000e+00,-1.000000000000000000e+00
-3.439406845045315464e+01,6.484447195061651570e+00,1.660000000000000142e+01,0.000000000000000000e+00,0.000000000000000000e+00,-1.000000000000000000e+00
-3.429792710220570484e+01,6.975112650831063021e+00,1.660000000000000142e+01,0.000000000000000000e+00,0.000000000000000000e+00,-1.000000000000000000e+00
-3.419478629603823094e+01,7.464354638431641931e+00,1.660000000000000142e+01,0.000000000000000000e+00,0.000000000000000000e+00,-1.000000000000000000e+00
-3.408466708073687812e+01,7.952073314257835257e+00,1.660000000000000142e+01,0.000000000000000000e+00,0.000000000000000000e+00,-1.000000000000000000e+00
-3.396759192922870341e+01,8.438169145578756414e+00,1.660000000000000142e+01,0.000000000000000000e+00,0.000000000000000000e+00,-1.000000000000000000e+00
-3.384358473399540657e+01,8.922542930850640985e+00,1.660000000000000142e+01,0.000000000000000000e+00,0.000000000000000000e+00,-1.000000000000000000e+00
-3.371267080219747925e+01,9.405095819961717396e+00,1.660000000000000142e+01,0.000000000000000000e+00,0.000000000000000000e+00,-1.000000000000000000e+00
-3.357487685050948301e+01,9.885729334405359836e+00,1.660000000000000142e+01,0.000000000000000000e+00,0.000000000000000000e+00,-1.000000000000000000e+00
-3.343023099966778489e+01,1.036434538737738897e+01,1.660000000000000142e+01,0.000000000000000000e+00,0.000000000000000000e+00,-1.000000000000000000e+00
-3.327876276873176664e+01,1.084084630379345882e+01,1.660000000000000142e+01,0.000000000000000000e+00,0.000000000000000000e+00,-1.000000000000000000e+00
-3.312050306905958053e+01,1.131513484022240235e+01,1.660000000000000142e+01,0.000000000000000000e+00,0.000000000000000000e+00,-1.000000000000000000e+00
-3.295548419799983719e+01,1.178711420473149651e+01,1.660000000000000142e+01,0.000000000000000000e+00,0.000000000000000000e+00,-1.000000000000000000e+00
-3.278373983230041944e+01,1.225668807663957693e+01,1.660000000000000142e+01,0.000000000000000000e+00,0.000000000000000000e+00,-1.000000000000000000e+00
-3.260530502123580021e+01,1.272376062617398773e+01,1.660000000000000142e+01,0.000000000000000000e+00,0.000000000000000000e+00,-1.000000000000000000e+00
-3.242021617945424339e+01,1.318823653402734664e+01,1.660000000000000142e+01,0.000000000000000000e+00,0.000000000000000000e+00,-1.000000000000000000e+00
-3.222851107954635097e+01,1.365002101081012853e+01,1.660000000000000142e+01,0.000000000000000000e+00,0.000000000000000000e+00,-1.000000000000000000e+00
-3.203022884433656259e+01,1.410901981639511860e+01,1.660000000000000142e+01,0.000000000000000000e+00,0.000000000000000000e+00,-1.000000000000000000e+00
-3.182540993889896086e+01,1.456513927914976314e+01,1.660000000000000142e+01,0.000000000000000000e+00,0.000000000000000000e+00,-1.000000000000000000e+00
-3.161409616229929398e+01,1.501828631505249056e+01,1.660000000000000142e+01,0.000000000000000000e+00,0.000000000000000000e+00,-1.000000000000000000e+00
-3.139633063906467925e+01,1.546836844668914601e+01,1.660000000000000142e+01,0.000000000000000000e+00,0.000000000000000000e+00,-1.000000000000000000e+00
-3.117215781038282074e+01,1.591529382212559973e+01,1.660000000000000142e+01,0.000000000000000000e+00,0.000000000000000000e+00,-1.000000000000000000e+00
-3.094162342503254592e+01,1.635897123365272421e+01,1.660000000000000142e+01,0.000000000000000000e+00,0.000000000000000000e+00,-1.000000000000000000e+00
-3.070477453004746238e+01,1.679931013639990312e+01,1.660000000000000142e+01,0.000000000000000000e+00,0.000000000000000000e+00,-1.000000000000000000e+00
-3.046165946111472067e+01,1.723622066681324583e+01,1.660000000000000142e+01,0.000000000000000000e+00,0.000000000000000000e+00,-1.000000000000000000e+00
-3.021232783271071298e+01,1.766961366099479136e+01,1.660000000000000142e+01,0.000000000000000000e+00,0.000000000000000000e+00,-1.000000000000000000e+00
-2.995683052797586043e+01,1.809940067289890564e+01,1.660000000000000142e+01,0.000000000000000000e+00,0.000000000000000000e+00,-1.000000000000000000e+00
-2.969521968833049641e+01,1.852549399238219507e+01,1.660000000000000142e+01,0.000000000000000000e+00,0.000000000000000000e+00,-1.000000000000000000e+00
-2.942754870283390289e+01,1.894780666310321848e+01,1.660000000000000142e+01,0.000000000000000000e+00,0.000000000000000000e+00,-1.000000000000000000e+00
-2.915387219728879131e+01,1.936625250026838785e+01,1.660000000000000142e+01,0.000000000000000000e+00,0.000000000000000000e+00,-1.000000000000000000e+00
-2.887424602309337729e+01,1.978074610822039503e+01,1.660000000000000142e+01,0.000000000000000000e+00,0.000000000000000000e+00,-1.000000000000000000e+00
-2.858872724584329816e+01,2.019120289786561884e+01,1.660000000000000142e+01,0.000000000000000000e+00,0.000000000000000000e+00,-1.000000000000000000e+00
-2.829737413368581400e+01,2.059753910393688159e+01,1.660000000000000142e+01,0.000000000000000000e+00,0.000000000000000000e+00,-1.000000000000000000e+00
-2.800024614542851253e+01,2.099967180208814099e+01,1.660000000000000142e+01,0.000000000000000000e+00,0.000000000000000000e+00,-1.000000000000000000e+00
-2.769740391840508664e+01,2.139751892581751136e+01,1.660000000000000142e+01,0.000000000000000000e+00,0.000000000000000000e+00,-1.000000000000000000e+00
-2.738890925610057181e+01,2.179099928321526747e+01,1.660000000000000142e+01,0.000000000000000000e+00,0.000000000000000000e+00,-1.000000000000000000e+00
-2.707482511553861215e+01,2.218003257353332813e+01,1.660000000000000142e+01,0.000000000000000000e+00,0.000000000000000000e+00,-1.000000000000000000e+00
-2.675521559443329522e+01,2.256453940357288701e+01,1.660000000000000142e+01,0.000000000000000000e+00,0.000000000000000000e+00,-1.000000000000000000e+00
-2.643014591810821301e+01,2.294444130388682979e+01,1.660000000000000142e+01,0.000000000000000000e+00,0.000000000000000000e+00,-1.000000000000000000e+00
-2.609968242618539236e+01,2.331966074479363726e+01,1.660000000000000142e+01,0.000000000000000000e+00,0.000000000000000000e+00,-1.000000000000000000e+00
-2.576389255904684816e+01,2.369012115219950232e+01,1.660000000000000142e+01,0.000000000000000000e+00,0.000000000000000000e+00,-1.000000000000000000e+00
-2.542284484407144873e+01,2.405574692322542774e+01,1.660000000000000142e+01,0.000000000000000000e+00,0.000000000000000000e+00,-1.000000000000000000e+00
-2.507660888164999236e+01,2.441646344163611104e+01,1.660000000000000142e+01,0.000000000000000000e+00,0.000000000000000000e+00,-1.000000000000000000e+00
-2.472525533098126260e+01,2.477219709306751838e+01,1.660000000000000142e+01,0.000000000000000000e+00,0.000000000000000000e+00,-1.000000000000000000e+00
-2.436885589565206445e+01,2.512287528004992510e+01,1.660000000000000142e+01,0.000000000000000000e+00,0.000000000000000000e+00,-1.000000000000000000e+00
-2.400748330900406202e+01,2.546842643682352403e+01,1.660000000000000142e+01,0.000000000000000000e+00,0.000000000000000000e+00,-1.000000000000000000e+00
-2.364121131929049824e+01,2.580878004394339698e+01,1.660000000000000142e+01,0.000000000000000000e+00,0.000000000000000000e+00,-1.000000000000000000e+00
-2.327011467462578764e+01,2.614386664267100358e+01,1.660000000000000142e+01,0.000000000000000000e+00,0.000000000000000000e+00,-1.000000000000000000e+00
-2.289426910773106627e+01,2.647361784914919625e+01,1.660000000000000142e+01,0.000000000000000000e+00,0.000000000000000000e+00,-1.000000000000000000e+00
-2.251375132047878225e+01,2.679796636835787993e+01,1.660000000000000142e+01,0.000000000000000000e+00,0.000000000000000000e+00,-1.000000000000000000e+00
-2.212863896823952103e+01,2.711684600784743537e+01,1.660000000000000142e+01,0.000000000000000000e+00,0.000000000000000000e+00,-1.000000000000000000e+00
-2.173901064403426631e+01,2.743019169124716328e+01,1.660000000000000142e+01,0.000000000000000000e+00,0.000000000000000000e+00,-1.000000000000000000e+00
-2.134494586249523707e+01,2.773793947154596040e+01,1.660000000000000142e+01,0.000000000000000000e+00,0.000000000000000000e+00,-1.000000000000000000e+00
-2.094652504363871870e+01,2.804002654414249562e+01,1.660000000000000142e+01,0.000000000000000000e+00,0.000000000000000000e+00,-1.000000000000000000e+00
-2.054382949645309608e+01,2.833639125966226402e+01,1.660000000000000142e+01,0.000000000000000000e+00,0.000000000000000000e+00,-1.000000000000000000e+00
-2.013694140230543539e+01,2.862697313653885445e+01,1.660000000000000142e+01,0.000000000000000000e+00,0.000000000000000000e+00,-1.000000000000000000e+00
-1.972594379817008559e+01,2.891171287335696860e+01,1.660000000000000142e+01,0.000000000000000000e+00,0.000000000000000000e+00,-1.000000000000000000e+00
-1.931092055968265697e+01,2.919055236095448791e+01,1.660000000000000142e+01,0.000000000000000000e+00,0.000000000000000000e+00,-1.000000000000000000e+00
-1.889195638402280153e+01,2.946343469428132167e+01,1.660000000000000142e+01,0.000000000000000000e+00,0.000000000000000000e+00,-1.000000000000000000e+00
-1.846913677262938336e+01,2.973030418401246422e+01,1.660000000000000142e+01,0.000000000000000000e+00,0.000000000000000000e+00,-1.000000000000000000e+00
-1.804254801375152084e+01,2.999110636791298745e+01,1.660000000000000142e+01,0.000000000000000000e+00,0.000000000000000000e+00,-1.000000000000000000e+00
-1.761227716483900707e+01,3.024578802195258476e+01,1.660000000000000142e+01,0.000000000000000000e+00,0.000000000000000000e+00,-1.000000000000000000e+00
-1.717841203477580692e+01,3.049429717116742822e+01,1.660000000000000142e+01,0.000000000000000000e+00,0.000000000000000000e+00,-1.000000000000000000e+00
-1.674104116596017988e+01,3.073658310026712570e+01,1.660000000000000142e+01,0.000000000000000000e+00,0.000000000000000000e+00,-1.000000000000000000e+00
-1.630025381623509872e+01,3.097259636398461780e+01,1.660000000000000142e+01,0.000000000000000000e+00,0.000000000000000000e+00,-1.000000000000000000e+00
-1.585613994067268884e+01,3.120228879716685455e+01,1.660000000000000142e+01,0.000000000000000000e+00,0.000000000000000000e+00,-1.000000000000000000e+00
-1.540879017321634947e+01,3.142561352460427671e+01,1.660000000000000142e+01,0.000000000000000000e+00,0.000000000000000000e+00,-1.000000000000000000e+00
-1.495829580818434579e+01,3.164252497059699820e+01,1.660000000000000142e+01,0.000000000000000000e+00,0.000000000000000000e+00,-1.000000000000000000e+00
-1.450474878163864290e+01,3.185297886825582836e+01,1.660000000000000142e+01,0.000000000000000000e+00,0.000000000000000000e+00,-1.000000000000000000e+00
-1.404824165262275315e+01,3.205693226853615840e+01,1.660000000000000142e+01,0.000000000000000000e+00,0.000000000000000000e+00,-1.000000000000000000e+00
-1.358886758427246022e+01,3.225434354900296796e+01,1.660000000000000142e+01,0.000000000000000000e+00,0.000000000000000000e+00,-1.000000000000000000e+00
-1.312672032480326045e+01,3.244517242232497267e+01,1.660000000000000142e+01,0.000000000000000000e+00,0.000000000000000000e+00,-1.000000000000000000e+00
-1.266189418837838865e+01,3.262937994449649182e+01,1.660000000000000142e+01,0.000000000000000000e+00,0.000000000000000000e+00,-1.000000000000000000e+00
-1.219448403586137353e+01,3.280692852278497185e+01,1.660000000000000142e+01,0.000000000000000000e+00,0.000000000000000000e+00,-1.000000000000000000e+00
-1.172458525545699359e+01,3.297778192340292236e+01,1.660000000000000142e+01,0.000000000000000000e+00,0.000000000000000000e+00,-1.000000000000000000e+00
-1.125229374324463549e+01,3.314190527890238513e+01,1.660000000000000142e+01,0.000000000000000000e+00,0.000000000000000000e+00,-1.000000000000000000e+00
-1.077770588360798776e+01,3.329926509529064305e+01,1.660000000000000142e+01,0.000000000000000000e+00,0.000000000000000000e+00,-1.000000000000000000e+00
-1.030091852956510756e+01,3.344982925886561986e+01,1.660000000000000142e+01,0.000000000000000000e+00,0.000000000000000000e+00,-1.000000000000000000e+00
-9.822028983002827118e+00,3.359356704276954986e+01,1.660000000000000142e+01,0.000000000000000000e+00,0.000000000000000000e+00,-1.000000000000000000e+00
-9.341134974819560455e+00,3.373044911325970929e+01,1.660000000000000142e+01,0.000000000000000000e+00,0.000000000000000000e+00,-1.000000000000000000e+00
-8.858334644980567774e+00,3.386044753569475318e+01,1.660000000000000142e+01,0.000000000000000000e+00,0.000000000000000000e+00,-1.000000000000000000e+00
-8.373726522489725710e+00,3.398353578023558441e+01,1.660000000000000142e+01,0.000000000000000000e+00,0.000000000000000000e+00,-1.000000000000000000e+00
-7.887409505281915756e+00,3.409968872725949751e+01,1.660000000000000142e+01,0.000000000000000000e+00,0.000000000000000000e+00,-1.000000000000000000e+00
-7.399482840040111142e+00,3.420888267248656689e+01,1.660000000000000142e+01,0.000000000000000000e+00,0.000000000000000000e+00,-1.000000000000000000e+00
-6.910046101941295760e+00,3.431109533181717097e+01,1.660000000000000142e+01,0.000000000000000000e+00,0.000000000000000000e+00,-1.000000000000000000e+00
-6.419199174335348701e+00,3.440630584587965046e+01,1.660000000000000142e+01,0.000000000000000000e+00,0.000000000000000000e+00,-1.000000000000000000e+00
-5.927042228361028897e+00,3.449449478428731908e+01,1.660000000000000142e+01,0.000000000000000000e+00,0.000000000000000000e+00,-1.000000000000000000e+00
-5.433675702503237837e+00,3.457564414960371835e+01,1.660000000000000142e+01,0.000000000000000000e+00,0.000000000000000000e+00,-1.000000000000000000e+00
-4.939200282095716155e+00,3.464973738101554090e+01,1.660000000000000142e+01,0.000000000000000000e+00,0.000000000000000000e+00,-1.000000000000000000e+00
-4.443716878773364520e+00,3.471675935771229859e+01,1.660000000000000142e+01,0.000000000000000000e+00,0.000000000000000000e+00,-1.000000000000000000e+00
-3.947326609878386794e+00,3.477669640197219536e+01,1.660000000000000142e+01,0.000000000000000000e+00,0.000000000000000000e+00,-1.000000000000000000e+00
-3.450130777824444106e+00,3.482953628195340201e+01,1.660000000000000142e+01,0.000000000000000000e+00,0.000000000000000000e+00,-1.000000000000000000e+00
-2.952230849423045811e+00,3.487526821419033496e+01,1.660000000000000142e+01,0.000000000000000000e+00,0.000000000000000000e+00,-1.000000000000000000e+00
-2.453728435176391276e+00,3.491388286579432787e+01,1.660000000000000142e+01,0.000000000000000000e+00,0.000000000000000000e+00,-1.000000000000000000e+00
-1.954725268540882244e+00,3.494537235635825567e+01,1.660000000000000142e+01,0.000000000000000000e+00,0.000000000000000000e+00,-1.000000000000000000e+00
-1.455323185165549038e+00,3.496973025956476988e+01,1.660000000000000142e+01,0.000000000000000000e+00,0.000000000000000000e+00,-1.000000000000000000e+00
-9.556241021096157917e-01,3.498695160449774022e+01,1.660000000000000142e+01,0.000000000000000000e+00,0.000000000000000000e+00,-1.000000000000000000e+00
-4.557299970434561809e-01,3.499703287665676754e+01,1.660000000000000142e+01,0.000000000000000000e+00,0.000000000000000000e+00,-1.000000000000000000e+00
4.425711256282299777e-02,3.499997201867435592e+01,1.660000000000000142e+01,0.000000000000000000e+00,0.000000000000000000e+00,-1.000000000000000000e+00
5.442351902589193102e-01,3.499576843073579369e+01,1.660000000000000142e+01,0.000000000000000000e+00,0.000000000000000000e+00,-1.000000000000000000e+00
1.044102201437746125e+00,3.498442297070158702e+01,1.660000000000000142e+01,0.000000000000000000e+00,0.000000000000000000e+00,-1.000000000000000000e+00
1.543756134158466908e+00,3.496593795393236803e+01,1.660000000000000142e+01,0.000000000000000000e+00,0.000000000000000000e+00,-1.000000000000000000e+00
2.043095019964905834e+00,3.494031715281638384e+01,1.660000000000000142e+01,0.000000000000000000e+00,0.000000000000000000e+00,-1.000000000000000000e+00
2.542016954695082376e+00,3.490756579599962350e+01,1.660000000000000142e+01,0.000000000000000000e+00,0.000000000000000000e+00,-1.000000000000000000e+00
3.040420119277624345e+00,3.486769056731878891e+01,1.660000000000000142e+01,0.000000000000000000e+00,0.000000000000000000e+00,-1.000000000000000000e+00
3.538202800510818591e+00,3.482069960443726586e+01,1.660000000000000142e+01,0.000000000000000000e+00,0.000000000000000000e+00,-1.000000000000000000e+00
4.035263411820052326e+00,3.476660249718436546e+01,1.660000000000000142e+01,0.000000000000000000e+00,0.000000000000000000e+00,-1.000000000000000000e+00
4.531500513989417556e+00,3.470541028559831886e+01,1.660000000000000142e+01,0.000000000000000000e+00,0.000000000000000000e+00,-1.000000000000000000e+00
5.026812835863236906e+00,3.463713545767318180e+01,1.660000000000000142e+01,0.000000000000000000e+00,0.000000000000000000e+00,-1.000000000000000000e+00
5.521099295013295105e+00,3.456179194681033096e+01,1.660000000000000142e+01,0.000000000000000000e+00,0.000000000000000000e+00,-1.000000000000000000e+00
6.014259018367554610e+00,3.447939512897499270e+01,1.660000000000000142e+01,0.000000000000000000e+00,0.000000000000000000e+00,-1.000000000000000000e+00
6.506191362796152511e+00,3.438996181955828746e+01,1.660000000000000142e+01,0.000000000000000000e+00,0.000000000000000000e+00,-1.000000000000000000e+00
6.996795935650458098e+00,3.429351026994561380e+01,1.660000000000000142e+01,0.000000000000000000e+00,0.000000000000000000e+00,-1.000000000000000000e+00
7.485972615251021089e+00,3.419006016379192658e+01,1.660000000000000142e+01,0.000000000000000000e+00,0.000000000000000000e+00,-1.000000000000000000e+00
7.973621571320226309e+00,3.407963261300474755e+01,1.660000000000000142e+01,0.000000000000000000e+00,0.000000000000000000e+00,-1.000000000000000000e+00
8.459643285355465281e+00,3.396225015343565445e+01,1.660000000000000142e+01,0.000000000000000000e+00,0.000000000000000000e+00,-1.000000000000000000e+00
8.943938570938694710e+00,3.383793674028124343e+01,1.660000000000000142e+01,0.000000000000000000e+00,0.000000000000000000e+00,-1.000000000000000000e+00
9.426408593978212735e+00,3.370671774319436764e+01,1.660000000000000142e+01,0.000000000000000000e+00,0.000000000000000000e+00,-1.000000000000000000e+00
9.906954892878548691e+00,3.356861994110674630e+01,1.660000000000000142e+01,0.000000000000000000e+00,0.000000000000000000e+00,-1.000000000000000000e+00
1.038547939863431502e+01,3.342367151676401704e+01,1.660000000000000142e+01,0.000000000000000000e+00,0.000000000000000000e+00,-1.000000000000000000e+00
1.086188445484395082e+01,3.327190205097416964e+01,1.660000000000000142e+01,0.000000000000000000e+00,0.000000000000000000e+00,-1.000000000000000000e+00
1.133607283763926610e+01,3.311334251657083172e+01,1.660000000000000142e+01,0.000000000000000000e+00,0.000000000000000000e+00,-1.000000000000000000e+00
1.180794777552670460e+01,3.294802527209231613e+01,1.660000000000000142e+01,0.000000000000000000e+00,0.000000000000000000e+00,-1.000000000000000000e+00
1.227741296913629476e+01,3.277598405517802149e+01,1.660000000000000142e+01,0.000000000000000000e+00,0.000000000000000000e+00,-1.000000000000000000e+00
1.274437261087424744e+01,3.259725397568326599e+01,1.660000000000000142e+01,0.000000000000000000e+00,0.000000000000000000e+00,-1.000000000000000000e+00
1.320873140447519667e+01,3.241187150851413890e+01,1.660000000000000142e+01,0.000000000000000000e+00,0.000000000000000000e+00,-1.000000000000000000e+00
1.367039458445008293e+01,3.221987448618379801e+01,1.660000000000000142e+01,0.000000000000000000e+00,0.000000000000000000e+00,-1.000000000000000000e+00
1.412926793542571957e+01,3.202130209109164838e+01,1.660000000000000142e+01,0.000000000000000000e+00,0.000000000000000000e+00,-1.000000000000000000e+00
1.458525781137209165e+01,3.181619484752708971e+01,1.660000000000000142e+01,0.000000000000000000e+00,0.000000000000000000e+00,-1.000000000000000000e+00
1.503827115471347398e+01,3.160459461339937093e+01,1.660000000000000142e+01,0.000000000000000000e+00,0.000000000000000000e+00,-1.000000000000000000e+00
1.548821551531943719e+01,3.138654457169533885e+01,1.660000000000000142e+01,0.000000000000000000e+00,0.000000000000000000e+00,-1.000000000000000000e+00
1.593499906937191568e+01,3.116208922166670447e+01,1.660000000000000142e+01,0.000000000000000000e+00,0.000000000000000000e+00,-1.000000000000000000e+00
1.637853063810442933e+01,3.093127436974872779e+01,1.660000000000000142e+01,0.000000000000000000e+00,0.000000000000000000e+00,-1.000000000000000000e+00
1.681871970640968428e+01,3.069414712021212921e+01,1.660000000000000142e+01,0.000000000000000000e+00,0.000000000000000000e+00,-1.000000000000000000e+00
1.725547644131173541e+01,3.045075586555013203e+01,1.660000000000000142e+01,0.000000000000000000e+00,0.000000000000000000e+00,-1.000000000000000000e+00
1.768871171029892153e+01,3.020115027660260765e+01,1.660000000000000142e+01,0.000000000000000000e+00,0.000000000000000000e+00,-1.000000000000000000e+00
1.811833709951388016e+01,2.994538129241935209e+01,1.660000000000000142e+01,0.000000000000000000e+00,0.000000000000000000e+00,-1.000000000000000000e+00
1.854426493179687796e+01,2.968350110986452606e+01,1.660000000000000142e+01,0.000000000000000000e+00,0.000000000000000000e+00,-1.000000000000000000e+00
1.896640828457879380e+01,2.941556317296442202e+01,1.660000000000000142e+01,0.000000000000000000e+00,0.000000000000000000e+00,-1.000000000000000000e+00
1.938468100762014146e+01,2.914162216200071498e+01,1.660000000000000142e+01,0.000000000000000000e+00,0.000000000000000000e+00,-1.000000000000000000e+00
1.979899774059241935e+01,2.886173398235137810e+01,1.660000000000000142e+01,0.000000000000000000e+00,0.000000000000000000e+00,-1.000000000000000000e+00
2.020927393049832332e+01,2.857595575308166147e+01,1.660000000000000142e+01,0.000000000000000000e+00,0.000000000000000000e+00,-1.000000000000000000e+00
2.061542584892714558e+01,2.828434579528730097e+01,1.660000000000000142e+01,0.000000000000000000e+00,0.000000000000000000e+00,-1.000000000000000000e+00
2.101737060914192057e+01,2.798696362019247985e+01,1.660000000000000142e+01,0.000000000000000000e+00,0.000000000000000000e+00,-1.000000000000000000e+00
2.141502618299480076e+01,2.768386991700486988e+01,1.660000000000000142e+01,0.000000000000000000e+00,0.000000000000000000e+00,-1.000000000000000000e+00
2.180831141766719838e+01,2.737512654053030303e+01,1.660000000000000142e+01,0.000000000000000000e+00,0.000000000000000000e+00,-1.000000000000000000e+00
2.219714605223132153e+01,2.706079649854954638e+01,1.660000000000000142e+01,0.000000000000000000e+00,0.000000000000000000e+00,-1.000000000000000000e+00
2.258145073402966929e+01,2.674094393895980204e+01,1.660000000000000142e+01,0.000000000000000000e+00,0.000000000000000000e+00,-1.000000000000000000e+00
2.296114703486916753e+01,2.641563413668350435e+01,1.660000000000000142e+01,0.000000000000000000e+00,0.000000000000000000e+00,-1.000000000000000000e+00
2.333615746702666272e+01,2.608493348034715353e+01,1.660000000000000142e+01,0.000000000000000000e+00,0.000000000000000000e+00,-1.000000000000000000e+00
2.370640549906245553e+01,2.574890945873283599e+01,1.660000000000000142e+01,0.000000000000000000e+00,0.000000000000000000e+00,-1.000000000000000000e+00
2.407181557143873718e+01,2.540763064700523444e+01,1.660000000000000142e+01,0.000000000000000000e+00,0.000000000000000000e+00,-1.000000000000000000e+00
2.443231311193958533e+01,2.506116669271694164e+01,1.660000000000000142e+01,0.000000000000000000e+00,0.000000000000000000e+00,-1.000000000000000000e+00
2.478782455088956738e+01,2.470958830159491626e+01,1.660000000000000142e+01,0.000000000000000000e+00,0.000000000000000000e+00,-1.000000000000000000e+00
2.513827733616769322e+01,2.435296722311097994e+01,1.660000000000000142e+01,0.000000000000000000e+00,0.000000000000000000e+00,-1.000000000000000000e+00
2.548359994801370476e+01,2.399137623583932566e+01,1.660000000000000142e+01,0.000000000000000000e+00,0.000000000000000000e+00,-1.000000000000000000e+00
2.582372191362371439e+01,2.362488913260399315e+01,1.660000000000000142e+01,0.000000000000000000e+00,0.000000000000000000e+00,-1.000000000000000000e+00
2.615857382153216193e+01,2.325358070541937749e+01,1.660000000000000142e+01,0.000000000000000000e+00,0.000000000000000000e+00,-1.000000000000000000e+00
2.648808733577716978e+01,2.287752673022678707e+01,1.660000000000000142e+01,0.000000000000000000e+00,0.000000000000000000e+00,-1.000000000000000000e+00
2.681219520984642557e+01,2.249680395143026601e+01,1.660000000000000142e+01,0.000000000000000000e+00,0.000000000000000000e+00,-1.000000000000000000e+00
2.713083130040073954e+01,2.211149006623469404e+01,1.660000000000000142e+01,0.000000000000000000e+00,0.000000000000000000e+00,-1.000000000000000000e+00
2.744393058077243097e+01,2.172166370878952435e+01,1.660000000000000142e+01,0.000000000000000000e+00,0.000000000000000000e+00,-1.000000000000000000e+00
2.775142915423586842e+01,2.132740443414123988e+01,1.660000000000000142e+01,0.000000000000000000e+00,0.000000000000000000e+00,-1.000000000000000000e+00
2.805326426704739617e+01,2.092879270199792430e+01,1.660000000000000142e+01,0.000000000000000000e+00,0.000000000000000000e+00,-1.000000000000000000e+00
2.834937432125199663e+01,2.052590986030919140e+01,1.660000000000000142e+01,0.000000000000000000e+00,0.000000000000000000e+00,-1.000000000000000000e+00
2.863969888725407742e+01,2.011883812866482657e+01,1.660000000000000142e+01,0.000000000000000000e+00,0.000000000000000000e+00,-1.000000000000000000e+00
2.892417871614986424e+01,1.970766058151558298e+01,1.660000000000000142e+01,0.000000000000000000e+00,0.000000000000000000e+00,-1.000000000000000000e+00
2.920275575181877414e+01,1.929246113121950756e+01,1.660000000000000142e+01,0.000000000000000000e+00,0.000000000000000000e+00,-1.000000000000000000e+00
2.947537314277142073e+01,1.887332451091723229e+01,1.660000000000000142e+01,0.000000000000000000e+00,0.000000000000000000e+00,-1.000000000000000000e+00
2.974197525375175744e+01,1.845033625723981885e+01,1.660000000000000142e+01,0.000000000000000000e+00,0.000000000000000000e+00,-1.000000000000000000e+00
3.000250767709101041e+01,1.802358269285257819e+01,1.660000000000000142e+01,0.000000000000000000e+00,0.000000000000000000e+00,-1.000000000000000000e+00
3.025691724381111669e+01,1.759315090883850985e+01,1.660000000000000142e+01,0.000000000000000000e+00,0.000000000000000000e+00,-1.000000000000000000e+00
3.050515203447532997e+01,1.715912874692493517e+01,1.660000000000000142e+01,0.000000000000000000e+00,0.000000000000000000e+00,-1.000000000000000000e+00
3.074716138978384450e+01,1.672160478155687002e+01,1.660000000000000142e+01,0.000000000000000000e+00,0.000000000000000000e+00,-1.000000000000000000e+00
3.098289592091227362e+01,1.628066830182095259e+01,1.660000000000000142e+01,0.000000000000000000e+00,0.000000000000000000e+00,-1.000000000000000000e+00
3.121230751959080507e+01,1.583640929322348967e+01,1.660000000000000142e+01,0.000000000000000000e+00,0.000000000000000000e+00,-1.000000000000000000e+00
3.143534936792206125e+01,1.538891841932635707e+01,1.660000000000000142e+01,0.000000000000000000e+00,0.000000000000000000e+00,-1.000000000000000000e+00
3.165197594793560754e+01,1.493828700324457337e+01,1.660000000000000142e+01,0.000000000000000000e+00,0.000000000000000000e+00,-1.000000000000000000e+00
3.186214305087717946e+01,1.448460700900922227e+01,1.660000000000000142e+01,0.000000000000000000e+00,0.000000000000000000e+00,-1.000000000000000000e+00
3.206580778623071382e+01,1.402797102279961905e+01,1.660000000000000142e+01,0.000000000000000000e+00,0.000000000000000000e+00,-1.000000000000000000e+00
3.226292859047137540e+01,1.356847223404848890e+01,1.660000000000000142e+01,0.000000000000000000e+00,0.000000000000000000e+00,-1.000000000000000000e+00
3.245346523554776041e+01,1.310620441642403478e+01,1.660000000000000142e+01,0.000000000000000000e+00,0.000000000000000000e+00,-1.000000000000000000e+00
3.263737883709157472e+01,1.264126190869278332e+01,1.660000000000000142e+01,0.000000000000000000e+00,0.000000000000000000e+00,-1.000000000000000000e+00
3.281463186235306040e+01,1.217373959546710260e+01,1.660000000000000142e+01,0.000000000000000000e+00,0.000000000000000000e+00,-1.000000000000000000e+00
3.298518813786063220e+01,1.170373288784132093e+01,1.660000000000000142e+01,0.000000000000000000e+00,0.000000000000000000e+00,-1.000000000000000000e+00
3.314901285680307552e+01,1.123133770392041164e+01,1.660000000000000142e+01,0.000000000000000000e+00,0.000000000000000000e+00,-1.000000000000000000e+00
3.330607258613289190e+01,1.075665044924520330e+01,1.660000000000000142e+01,0.000000000000000000e+00,0.000000000000000000e+00,-1.000000000000000000e+00
3.345633527338920032e+01,1.027976799711810685e+01,1.660000000000000142e+01,0.000000000000000000e+00,0.000000000000000000e+00,-1.000000000000000000e+00
3.359977025323898658e+01,9.800787668833391919e+00,1.660000000000000142e+01,0.000000000000000000e+00,0.000000000000000000e+00,-1.000000000000000000e+00
3.373634825373520840e+01,9.319807213816043046e+00,1.660000000000000142e+01,0.000000000000000000e+00,0.000000000000000000e+00,-1.000000000000000000e+00
3.386604140229056270e+01,8.836924789673231473e+00,1.660000000000000142e+01,0.000000000000000000e+00,0.000000000000000000e+00,-1.000000000000000000e+00
3.398882323136569283e+01,8.352238942162488300e+00,1.660000000000000142e+01,0.000000000000000000e+00,0.000000000000000000e+00,-1.000000000000000000e+00
3.410466868387060657e+01,7.865848585080675193e+00,1.660000000000000142e+01,0.000000000000000000e+00,0.000000000000000000e+00,-1.000000000000000000e+00
3.421355411827828163e+01,7.377852980077830303e+00,1.660000000000000142e+01,0.000000000000000000e+00,0.000000000000000000e+00,-1.000000000000000000e+00
3.431545731344940720e+01,6.888351716400038072e+00,1.660000000000000142e+01,0.000000000000000000e+00,0.000000000000000000e+00,-1.000000000000000000e+00
3.441035747316723103e+01,6.397444690565437853e+00,1.660000000000000142e+01,0.000000000000000000e+00,0.000000000000000000e+00,-1.000000000000000000e+00
3.449823523038158868e+01,5.905232085977526246e+00,1.660000000000000142e+01,0.000000000000000000e+00,0.000000000000000000e+00,-1.000000000000000000e+00
3.457907265116131867e+01,5.411814352479912493e+00,1.660000000000000142e+01,0.000000000000000000e+00,0.000000000000000000e+00,-1.000000000000000000e+00
3.465285323835416165e+01,4.917292185856696918e+00,1.660000000000000142e+01,0.000000000000000000e+00,0.000000000000000000e+00,-1.000000000000000000e+00
3.471956193495351783e+01,4.421766507282663738e+00,1.660000000000000142e+01,0.000000000000000000e+00,0.000000000000000000e+00,-1.000000000000000000e+00
3.477918512717118915e+01,3.925338442727470234e+00,1.660000000000000142e+01,0.000000000000000000e+00,0.000000000000000000e+00,-1.000000000000000000e+00
3.483171064721571497e+01,3.428109302318047114e+00,1.660000000000000142e+01,0.000000000000000000e+00,0.000000000000000000e+00,-1.000000000000000000e+00
3.487712777577549872e+01,2.930180559663412954e+00,1.660000000000000142e+01,0.000000000000000000e+00,0.000000000000000000e+00,-1.000000000000000000e+00
3.491542724420642685e+01,2.431653831146125100e+00,1.660000000000000142e+01,0.000000000000000000e+00,0.000000000000000000e+00,-1.000000000000000000e+00
3.494660123642338334e+01,1.932630855184598984e+00,1.660000000000000142e+01,0.000000000000000000e+00,0.000000000000000000e+00,-1.000000000000000000e+00
3.497064339049533999e+01,1.433213471470514477e+00,1.660000000000000142e+01,0.000000000000000000e+00,0.000000000000000000e+00,-1.000000000000000000e+00
3.498754879994368139e+01,9.335036001855607779e-01,1.660000000000000142e+01,0.000000000000000000e+00,0.000000000000000000e+00,-1.000000000000000000e+00
3.499731401474352310e+01,4.336032212017537635e-01,1.660000000000000142e+01,0.000000000000000000e+00,0.000000000000000000e+00,-1.000000000000000000e+00
3.499993704202777423e+01,-6.638564673043034770e-02,1.660000000000000142e+01,0.000000000000000000e+00,0.000000000000000000e+00,-1.000000000000000000e+00
3.499541734649385916e+01,-5.663609668018532162e-01,1.660000000000000142e+01,0.000000000000000000e+00,0.000000000000000000e+00,-1.000000000000000000e+00
3.498375585051292092e+01,-1.066220704968198874e+00,1.660000000000000142e+01,0.000000000000000000e+00,0.000000000000000000e+00,-1.000000000000000000e+00
3.496495493394163390e+01,-1.565862850772893999e+00,1.660000000000000142e+01,0.000000000000000000e+00,0.000000000000000000e+00,-1.000000000000000000e+00
3.493901843363649107e+01,-2.065185438165215270e+00,1.660000000000000142e+01,0.000000000000000000e+00,0.000000000000000000e+00,-1.000000000000000000e+00
3.490595164267079298e+01,-2.564086566309331516e+00,1.660000000000000142e+01,0.000000000000000000e+00,0.000000000000000000e+00,-1.000000000000000000e+00
3.486576130925447359e+01,-3.062464420380041741e+00,1.660000000000000142e+01,0.000000000000000000e+00,0.000000000000000000e+00,-1.000000000000000000e+00
3.481845563535689791e+01,-3.560217292340954742e+00,1.660000000000000142e+01,0.000000000000000000e+00,0.000000000000000000e+00,-1.000000000000000000e+00
3.476404427503303651e+01,-4.057243601700879942e+00,1.660000000000000142e+01,0.000000000000000000e+00,0.000000000000000000e+00,-1.000000000000000000e+00
3.470253833245330100e+01,-4.553441916244187482e+00,1.660000000000000142e+01,0.000000000000000000e+00,0.000000000000000000e+00,-1.000000000000000000e+00
3.463395035963738877e+01,-5.048710972730906299e+00,1.660000000000000142e+01,0.000000000000000000e+00,0.000000000000000000e+00,-1.000000000000000000e+00
3.455829435389271964e+01,-5.542949697562342237e+00,1.660000000000000142e+01,0.000000000000000000e+00,0.000000000000000000e+00,-1.000000000000000000e+00
3.447558575495789768e+01,-6.036057227407992443e+00,1.660000000000000142e+01,0.000000000000000000e+00,0.000000000000000000e+00,-1.000000000000000000e+00
3.438584144185175262e+01,-6.527932929789546534e+00,1.660000000000000142e+01,0.000000000000000000e+00,0.000000000000000000e+00,-1.000000000000000000e+00
3.428907972942874238e+01,-7.018476423617779680e+00,1.660000000000000142e+01,0.000000000000000000e+00,0.000000000000000000e+00,-1.000000000000000000e+00
3.418532036464129931e+01,-7.507587599678136492e+00,1.660000000000000142e+01,0.000000000000000000e+00,0.000000000000000000e+00,-1.000000000000000000e+00
3.407458452250985204e+01,-7.995166641060843737e+00,1.660000000000000142e+01,0.000000000000000000e+00,0.000000000000000000e+00,-1.000000000000000000e+00
3.395689480180151776e+01,-8.481114043531356117e+00,1.660000000000000142e+01,0.000000000000000000e+00,0.000000000000000000e+00,-1.000000000000000000e+00
3.383227522041818958e+01,-8.965330635836991746e+00,1.660000000000000142e+01,0.000000000000000000e+00,0.000000000000000000e+00,-1.000000000000000000e+00
3.370075121049495692e+01,-9.447717599945637090e+00,1.660000000000000142e+01,0.000000000000000000e+00,0.000000000000000000e+00,-1.000000000000000000e+00
3.356234961321001720e+01,-9.928176491212330035e+00,1.660000000000000142e+01,0.000000000000000000e+00,0.000000000000000000e+00,-1.000000000000000000e+00
3.341709867330695261e+01,-1.040660925846967011e+01,1.660000000000000142e+01,0.000000000000000000e+00,0.000000000000000000e+00,-1.000000000000000000e+00
3.326502803333058722e+01,-1.088291826403792406e+01,1.660000000000000142e+01,0.000000000000000000e+00,0.000000000000000000e+00,-1.000000000000000000e+00
3.310616872757760376e+01,-1.135700630365073849e+01,1.660000000000000142e+01,0.000000000000000000e+00,0.000000000000000000e+00,-1.000000000000000000e+00
3.294055317576312802e+01,-1.182877662629241122e+01,1.660000000000000142e+01,0.000000000000000000e+00,0.000000000000000000e+00,-1.000000000000000000e+00
3.276821517640455284e+01,-1.229813295394265538e+01,1.660000000000000142e+01,0.000000000000000000e+00,0.000000000000000000e+00,-1.000000000000000000e+00
3.258918989992401549e+01,-1.276497950122485214e+01,1.660000000000000142e+01,0.000000000000000000e+00,0.000000000000000000e+00,-1.000000000000000000e+00
3.240351388147087164e+01,-1.322922099495373871e+01,1.660000000000000142e+01,0.000000000000000000e+00,0.000000000000000000e+00,-1.000000000000000000e+00
3.221122501346567191e+01,-1.369076269357859843e+01,1.660000000000000142e+01,0.000000000000000000e+00,0.000000000000000000e+00,-1.000000000000000000e+00
3.201236253786715480e+01,-1.414951040651793512e+01,1.660000000000000142e+01,0.000000000000000000e+00,0.000000000000000000e+00,-1.000000000000000000e+00
3.180696703816382254e+01,-1.460537051338171466e+01,1.660000000000000142e+01,0.000000000000000000e+00,0.000000000000000000e+00,-1.000000000000000000e+00
3.159508043109170217e+01,-1.505824998307724805e+01,1.660000000000000142e+01,0.000000000000000000e+00,0.000000000000000000e+00,-1.000000000000000000e+00
3.137674595808010736e+01,-1.550805639279479564e+01,1.660000000000000142e+01,0.000000000000000000e+00,0.000000000000000000e+00,-1.000000000000000000e+00
3.115200817642696762e+01,-1.595469794686904841e+01,1.660000000000000142e+01,0.000000000000000000e+00,0.000000000000000000e+00,-1.000000000000000000e+00
3.092091295020566122e+01,-1.639808349551262623e+01,1.660000000000000142e+01,0.000000000000000000e+00,0.000000000000000000e+00,-1.000000000000000000e+00
3.068350744090519555e+01,-1.683812255341775099e+01,1.660000000000000142e+01,0.000000000000000000e+00,0.000000000000000000e+00,-1.000000000000000000e+00
3.043984009780552569e+01,-1.727472531822231261e+01,1.660000000000000142e+01,0.000000000000000000e+00,0.000000000000000000e+00,-1.000000000000000000e+00
3.018996064809014612e+01,-1.770780268883659403e+01,1.660000000000000142e+01,0.000000000000000000e+00,0.000000000000000000e+00,-1.000000000000000000e+00
2.993392008669785298e+01,-1.813726628362683968e+01,1.660000000000000142e+01,0.000000000000000000e+00,0.000000000000000000e+00,-1.000000000000000000e+00
2.967177066591578338e+01,-1.856302845845202043e+01,1.660000000000000142e+01,0.000000000000000000e+00,0.000000000000000000e+00,-1.000000000000000000e+00
2.940356588471588140e+01,-1.898500232455009140e+01,1.660000000000000142e+01,0.000000000000000000e+00,0.000000000000000000e+00,-1.000000000000000000e+00
2.912936047783690086e+01,-1.940310176627009042e+01,1.660000000000000142e+01,0.000000000000000000e+00,0.000000000000000000e+00,-1.000000000000000000e+00
2.884921040461426855e+01,-1.981724145864645692e+01,1.660000000000000142e+01,0.000000000000000000e+00,0.000000000000000000e+00,-1.000000000000000000e+00
2.856317283755997494e+01,-2.022733688481200431e+01,1.660000000000000142e+01,0.000000000000000000e+00,0.000000000000000000e+00,-1.000000000000000000e+00
2.827130615069494013e+01,-2.063330435324595413e+01,1.660000000000000142e+01,0.000000000000000000e+00,0.000000000000000000e+00,-1.000000000000000000e+00
2.797366990763614680e+01,-2.103506101485355728e+01,1.660000000000000142e+01,0.000000000000000000e+00,0.000000000000000000e+00,-1.000000000000000000e+00
2.767032484944098769e+01,-2.143252487987378174e+01,1.660000000000000142e+01,0.000000000000000000e+00,0.000000000000000000e+00,-1.000000000000000000e+00
2.736133288221136084e+01,-2.182561483461163832e+01,1.660000000000000142e+01,0.000000000000000000e+00,0.000000000000000000e+00,-1.000000000000000000e+00
2.704675706445998173e+01,-2.221425065799168763e+01,1.660000000000000142e+01,0.000000000000000000e+00,0.000000000000000000e+00,-1.000000000000000000e+00
2.672666159424151289e+01,-2.259835303792945993e+01,1.660000000000000142e+01,0.000000000000000000e+00,0.000000000000000000e+00,-1.000000000000000000e+00
2.640111179605115765e+01,-2.297784358751727041e+01,1.660000000000000142e+01,0.000000000000000000e+00,0.000000000000000000e+00,-1.000000000000000000e+00
2.607017410749332598e+01,-2.335264486102130022e+01,1.660000000000000142e+01,0.000000000000000000e+00,0.000000000000000000e+00,-1.000000000000000000e+00
2.573391606572321066e+01,-2.372268036968657512e+01,1.660000000000000142e+01,0.000000000000000000e+00,0.000000000000000000e+00,-1.000000000000000000e+00
2.539240629366389967e+01,-2.408787459734664793e+01,1.660000000000000142e+01,0.000000000000000000e+00,0.000000000000000000e+00,-1.000000000000000000e+00
2.504571448600194117e+01,-2.444815301583480149e+01,1.660000000000000142e+01,0.000000000000000000e+00,0.000000000000000000e+00,-1.000000000000000000e+00
2.469391139496419640e+01,-2.480344210019362094e+01,1.660000000000000142e+01,0.000000000000000000e+00,0.000000000000000000e+00,-1.000000000000000000e+00
2.433706881587882975e+01,-2.515366934367982310e+01,1.660000000000000142e+01,0.000000000000000000e+00,0.000000000000000000e+00,-1.000000000000000000e+00
2.397525957252346629e+01,-2.549876327256131603e+01,1.660000000000000142e+01,0.000000000000000000e+00,0.000000000000000000e+00,-1.000000000000000000e+00
2.360855750226345862e+01,-2.583865346070339797e+01,1.660000000000000142e+01,0.000000000000000000e+00,0.000000000000000000e+00,-1.000000000000000000e+00
2.323703744098326140e+01,-2.617327054394123920e+01,1.660000000000000142e+01,0.000000000000000000e+00,0.000000000000000000e+00,-1.000000000000000000e+00
2.286077520781408978e+01,-2.650254623423554534e+01,1.660000000000000142e+01,0.000000000000000000e+00,0.000000000000000000e+00,-1.000000000000000000e+00
2.247984758966088847e+01,-2.682641333360868074e+01,1.660000000000000142e+01,0.000000000000000000e+00,0.000000000000000000e+00,-1.000000000000000000e+00
2.209433232553178073e+01,-2.714480574785831024e+01,1.660000000000000142e+01,0.000000000000000000e+00,0.000000000000000000e+00,-1.000000000000000000e+00
2.170430809067325839e+01,-2.745765850004576336e+01,1.660000000000000142e+01,0.000000000000000000e+00,0.000000000000000000e+00,-1.000000000000000000e+00
2.130985448051426800e+01,-2.776490774375643511e+01,1.660000000000000142e+01,0.000000000000000000e+00,0.000000000000000000e+00,-1.000000000000000000e+00
2.091105199442252172e+01,-2.806649077612942023e+01,1.660000000000000142e+01,0.000000000000000000e+00,0.000000000000000000e+00,-1.000000000000000000e+00
2.050798201927635134e+01,-2.836234605065381231e+01,1.660000000000000142e+01,0.000000000000000000e+00,0.000000000000000000e+00,-1.000000000000000000e+00
2.010072681285539176e+01,-2.865241318972899620e+01,1.660000000000000142e+01,0.000000000000000000e+00,0.000000000000000000e+00,-1.000000000000000000e+00
1.968936948705360024e+01,-2.893663299698641111e+01,1.660000000000000142e+01,0.000000000000000000e+00,0.000000000000000000e+00,-1.000000000000000000e+00
1.927399399091790499e+01,-2.921494746937020537e+01,1.660000000000000142e+01,0.000000000000000000e+00,0.000000000000000000e+00,-1.000000000000000000e+00
1.885468509351606770e+01,-2.948729980897442005e+01,1.660000000000000142e+01,0.000000000000000000e+00,0.000000000000000000e+00,-1.000000000000000000e+00
1.843152836663712435e+01,-2.975363443463421831e+01,1.660000000000000142e+01,0.000000000000000000e+00,0.000000000000000000e+00,-1.000000000000000000e+00
1.800461016732809938e+01,-3.001389699326873028e+01,1.660000000000000142e+01,0.000000000000000000e+00,0.000000000000000000e+00,-1.000000000000000000e+00
1.757401762027039638e+01,-3.026803437097337479e+01,1.660000000000000142e+01,0.000000000000000000e+00,0.000000000000000000e+00,-1.000000000000000000e+00
1.713983859999953197e+01,-3.051599470385925272e+01,1.660000000000000142e+01,0.000000000000000000e+00,0.000000000000000000e+00,-1.000000000000000000e+00
1.670216171297190755e+01,-3.075772738863739875e+01,1.660000000000000142e+01,0.000000000000000000e+00,0.000000000000000000e+00,-1.000000000000000000e+00
1.626107627948213619e+01,-3.099318309294583074e+01,1.660000000000000142e+01,0.000000000000000000e+00,0.000000000000000000e+00,-1.000000000000000000e+00
1.581667231543472063e+01,-3.122231376541720849e+01,1.660000000000000142e+01,0.000000000000000000e+00,0.000000000000000000e+00,-1.000000000000000000e+00
1.536904051397378623e+01,-3.144507264548505177e+01,1.660000000000000142e+01,0.000000000000000000e+00,0.000000000000000000e+00,-1.000000000000000000e+00
1.491827222697458488e+01,-3.166141427292657440e+01,1.660000000000000142e+01,0.000000000000000000e+00,0.000000000000000000e+00,-1.000000000000000000e+00
1.446445944640056958e+01,-3.187129449714010576e+01,1.660000000000000142e+01,0.000000000000000000e+00,0.000000000000000000e+00,-1.000000000000000000e+00
1.400769478552984815e+01,-3.207467048615527005e+01,1.660000000000000142e+01,0.000000000000000000e+00,0.000000000000000000e+00,-1.000000000000000000e+00
1.354807146005482998e+01,-3.227150073537404751e+01,1.660000000000000142e+01,0.000000000000000000e+00,0.000000000000000000e+00,-1.000000000000000000e+00
1.308568326905894708e+01,-3.246174507604097670e+01,1.660000000000000142e+01,0.000000000000000000e+00,0.000000000000000000e+00,-1.000000000000000000e+00
1.262062457587430053e+01,-3.264536468344070386e+01,1.660000000000000142e+01,0.000000000000000000e+00,0.000000000000000000e+00,-1.000000000000000000e+00
1.215299028882417254e+01,-3.282232208482125912e+01,1.660000000000000142e+01,0.000000000000000000e+00,0.000000000000000000e+00,-1.000000000000000000e+00
1.168287584185430283e+01,-3.299258116704143617e+01,1.660000000000000142e+01,0.000000000000000000e+00,0.000000000000000000e+00,-1.000000000000000000e+00
1.121037717505691766e+01,-3.315610718394068357e+01,1.660000000000000142e+01,0.000000000000000000e+00,0.000000000000000000e+00,-1.000000000000000000e+00
1.073559071509143159e+01,-3.331286676343005126e+01,1.660000000000000142e+01,0.000000000000000000e+00,0.000000000000000000e+00,-1.000000000000000000e+00
1.025861335550589359e+01,-3.346282791430270009e+01,1.660000000000000142e+01,0.000000000000000000e+00,0.000000000000000000e+00,-1.000000000000000000e+00
9.779542436963115648e+00,-3.360596003276260291e+01,1.660000000000000142e+01,0.000000000000000000e+00,0.000000000000000000e+00,-1.000000000000000000e+00
9.298475727375572930e+00,-3.374223390867011574e+01,1.660000000000000142e+01,0.000000000000000000e+00,0.000000000000000000e+00,-1.000000000000000000e+00
8.815511401953109782e+00,-3.387162173150312583e+01,1.660000000000000142e+01,0.000000000000000000e+00,0.000000000000000000e+00,-1.000000000000000000e+00
8.330748023167522831e+00,-3.399409709603257568e+01,1.660000000000000142e+01,0.000000000000000000e+00,0.000000000000000000e+00,-1.000000000000000000e+00
7.844284520638109548e+00,-3.410963500771119783e+01,1.660000000000000142e+01,0.000000000000000000e+00,0.000000000000000000e+00,-1.000000000000000000e+00
7.356220170942300740e+00,-3.421821188777434486e+01,1.660000000000000142e+01,0.000000000000000000e+00,0.000000000000000000e+00,-1.000000000000000000e+00
6.866654577355468803e+00,-3.431980557805191268e+01,1.660000000000000142e+01,0.000000000000000000e+00,0.000000000000000000e+00,-1.000000000000000000e+00
6.375687649524083511e+00,-3.441439534549032686e+01,1.660000000000000142e+01,0.000000000000000000e+00,0.000000000000000000e+00,-1.000000000000000000e+00
5.883419583076331172e+00,-3.450196188638370387e+01,1.660000000000000142e+01,0.000000000000000000e+00,0.000000000000000000e+00,-1.000000000000000000e+00
5.389950839174375119e+00,-3.458248733031334865e+01,1.660000000000000142e+01,0.000000000000000000e+00,0.000000000000000000e+00,-1.000000000000000000e+00
4.895382124012425784e+00,-3.465595524379467207e+01,1.660000000000000142e+01,0.000000000000000000e+00,0.000000000000000000e+00,-1.000000000000000000e+00
4.399814368264805431e+00,-3.472235063363093843e+01,1.660000000000000142e+01,0.000000000000000000e+00,0.000000000000000000e+00,-1.000000000000000000e+00
3.903348706488206865e+00,-3.478165994997301169e+01,1.660000000000000142e+01,0.000000000000000000e+00,0.000000000000000000e+00,-1.000000000000000000e+00
3.406086456482331215e+00,-3.483387108908465279e+01,1.660000000000000142e+01,0.000000000000000000e+00,0.000000000000000000e+00,-1.000000000000000000e+00
2.908129098613142283e+00,-3.487897339581254386e+01,1.660000000000000142e+01,0.000000000000000000e+00,0.000000000000000000e+00,-1.000000000000000000e+00
2.409578255102938105e+00,-3.491695766576084736e+01,1.660000000000000142e+01,0.000000000000000000e+00,0.000000000000000000e+00,-1.000000000000000000e+00
1.910535669291477223e+00,-3.494781614716955431e+01,1.660000000000000142e+01,0.000000000000000000e+00,0.000000000000000000e+00,-1.000000000000000000e+00
1.411103184872381622e+00,-3.497154254249650762e+01,1.660000000000000142e+01,0.000000000000000000e+00,0.000000000000000000e+00,-1.000000000000000000e+00
9.113827251090652615e-01,-3.498813200970256077e+01,1.660000000000000142e+01,0.000000000000000000e+00,0.000000000000000000e+00,-1.000000000000000000e+00
4.114762720344206093e-01,-3.499758116323973667e+01,1.660000000000000142e+01,0.000000000000000000e+00,0.000000000000000000e+00,-1.000000000000000000e+00
2.143131898507868248e-15,-3.500000000000000000e+01,1.660000000000000142e+01,0.000000000000000000e+00,0.000000000000000000e+00,-1.000000000000000000e+00
