3.962112481875649017e+00,-3.477501494868068477e+01,3.120000000000000284e+01,0.000000000000000000e+00,0.000000000000000000e+00,-1.000000000000000000e+00
3.464939161029199521e+00,-3.482806621979415240e+01,3.120000000000000284e+01,0.000000000000000000e+00,0.000000000000000000e+00,-1.000000000000000000e+00
2.967058721767669827e+00,-3.487400984317092423e+01,3.120000000000000284e+01,0.000000000000000000e+00,0.000000000000000000e+00,-1.000000000000000000e+00
2.468572770615950152e+00,-3.491283644272080267e+01,3.120000000000000284e+01,0.000000000000000000e+00,0.000000000000000000e+00,-1.000000000000000000e+00
1.969583037670685322e+00,-3.494453809478270756e+01,3.120000000000000284e+01,0.000000000000000000e+00,0.000000000000000000e+00,-1.000000000000000000e+00
1.470191355839382208e+00,-3.496910832974177197e+01,3.120000000000000284e+01,0.000000000000000000e+00,0.000000000000000000e+00,-1.000000000000000000e+00
9.704996400585370608e-01,-3.498654213334959451e+01,3.120000000000000284e+01,0.000000000000000000e+00,0.000000000000000000e+00,-1.000000000000000000e+00
4.706098664950236765e-01,-3.499683594774758433e+01,3.120000000000000284e+01,0.000000000000000000e+00,0.000000000000000000e+00,-1.000000000000000000e+00
-2.937594826501629605e-02,-3.499998767219302209e+01,3.120000000000000284e+01,0.000000000000000000e+00,0.000000000000000000e+00,-1.000000000000000000e+00
-5.293557680355301942e-01,-3.499599666348778015e+01,3.120000000000000284e+01,0.000000000000000000e+00,0.000000000000000000e+00,-1.000000000000000000e+00
-1.029227557853912067e+00,-3.498486373610956690e+01,3.120000000000000284e+01,0.000000000000000000e+00,0.000000000000000000e+00,-1.000000000000000000e+00
-1.528889304804109450e+00,-3.496659116204574502e+01,3.120000000000000284e+01,0.000000000000000000e+00,0.000000000000000000e+00,-1.000000000000000000e+00
-2.028239038835232932e+00,-3.494118267032964553e+01,3.120000000000000284e+01,0.000000000000000000e+00,0.000000000000000000e+00,-1.000000000000000000e+00
-2.527174853571416246e+00,-3.490864344627955518e+01,3.120000000000000284e+01,0.000000000000000000e+00,0.000000000000000000e+00,-1.000000000000000000e+00
-3.025594927108680832e+00,-3.486898013044049804e+01,3.120000000000000284e+01,0.000000000000000000e+00,0.000000000000000000e+00,-1.000000000000000000e+00
-3.523397542794565851e+00,-3.482220081722907423e+01,3.120000000000000284e+01,0.000000000000000000e+00,0.000000000000000000e+00,-1.000000000000000000e+00
-4.020481109986271839e+00,-3.476831505328154037e+01,3.120000000000000284e+01,0.000000000000000000e+00,0.000000000000000000e+00,-1.000000000000000000e+00
-4.516744184783095584e+00,-3.470733383550554407e+01,3.120000000000000284e+01,0.000000000000000000e+00,0.000000000000000000e+00,-1.000000000000000000e+00
-5.012085490728913406e+00,-3.463926960883593154e+01,3.120000000000000284e+01,0.000000000000000000e+00,0.000000000000000000e+00,-1.000000000000000000e+00
-5.506403939480495779e+00,-3.456413626369496939e+01,3.120000000000000284e+01,0.000000000000000000e+00,0.000000000000000000e+00,-1.000000000000000000e+00
-5.999598651437425545e+00,-3.448194913315762733e+01,3.120000000000000284e+01,0.000000000000000000e+00,0.000000000000000000e+00,-1.000000000000000000e+00
-6.491568976329428864e+00,-3.439272498982244031e+01,3.120000000000000284e+01,0.000000000000000000e+00,0.000000000000000000e+00,-1.000000000000000000e+00
-6.982214513756891172e+00,-3.429648204238858256e+01,3.120000000000000284e+01,0.000000000000000000e+00,0.000000000000000000e+00,-1.000000000000000000e+00
-7.471435133680391694e+00,-3.419323993193985700e+01,3.120000000000000284e+01,0.000000000000000000e+00,0.000000000000000000e+00,-1.000000000000000000e+00
-7.959130996855050100e+00,-3.408301972793638868e+01,3.120000000000000284e+01,0.000000000000000000e+00,0.000000000000000000e+00,-1.000000000000000000e+00
-8.445202575205545514e+00,-3.396584392391482510e+01,3.120000000000000284e+01,0.000000000000000000e+00,0.000000000000000000e+00,-1.000000000000000000e+00
-8.929550672137613887e+00,-3.384173643289786781e+01,3.120000000000000284e+01,0.000000000000000000e+00,0.000000000000000000e+00,-1.000000000000000000e+00
-9.412076442781913244e+00,-3.371072258251415121e+01,3.120000000000000284e+01,0.000000000000000000e+00,0.000000000000000000e+00,-1.000000000000000000e+00
-9.892681414166101916e+00,-3.357282910982946333e+01,3.120000000000000284e+01,0.000000000000000000e+00,0.000000000000000000e+00,-1.000000000000000000e+00
-1.037126750531101926e+01,-3.342808415589023241e+01,3.120000000000000284e+01,0.000000000000000000e+00,0.000000000000000000e+00,-1.000000000000000000e+00
-1.084773704724687349e+01,-3.327651725998061494e+01,3.120000000000000284e+01,0.000000000000000000e+00,0.000000000000000000e+00,-1.000000000000000000e+00
-1.132199280294534560e+01,-3.311815935359412322e+01,3.120000000000000284e+01,0.000000000000000000e+00,0.000000000000000000e+00,-1.000000000000000000e+00
-1.179393798716353992e+01,-3.295304275412121342e+01,3.120000000000000284e+01,0.000000000000000000e+00,0.000000000000000000e+00,-1.000000000000000000e+00
-1.226347628619574515e+01,-3.278120115825402081e+01,3.120000000000000284e+01,0.000000000000000000e+00,0.000000000000000000e+00,-1.000000000000000000e+00
-1.273051187752894897e+01,-3.260266963510954952e+01,3.120000000000000284e+01,0.000000000000000000e+00,0.000000000000000000e+00,-1.000000000000000000e+00
-1.319494944939813763e+01,-3.241748461907289425e+01,3.120000000000000284e+01,0.000000000000000000e+00,0.000000000000000000e+00,-1.000000000000000000e+00
-1.365669422023731805e+01,-3.222568390236173741e+01,3.120000000000000284e+01,0.000000000000000000e+00,0.000000000000000000e+00,-1.000000000000000000e+00
-1.411565195802239359e+01,-3.202730662731379851e+01,3.120000000000000284e+01,0.000000000000000000e+00,0.000000000000000000e+00,-1.000000000000000000e+00
-1.457172899950184863e+01,-3.182239327839873155e+01,3.120000000000000284e+01,0.000000000000000000e+00,0.000000000000000000e+00,-1.000000000000000000e+00
-1.502483226931137139e+01,-3.161098567395613301e+01,3.120000000000000284e+01,0.000000000000000000e+00,0.000000000000000000e+00,-1.000000000000000000e+00
-1.547486929896850683e+01,-3.139312695766131966e+01,3.120000000000000284e+01,0.000000000000000000e+00,0.000000000000000000e+00,-1.000000000000000000e+00
-1.592174824574345848e+01,-3.116886158972067733e+01,3.120000000000000284e+01,0.000000000000000000e+00,0.000000000000000000e+00,-1.000000000000000000e+00
-1.636537791140217379e+01,-3.093823533779827528e+01,3.120000000000000284e+01,0.000000000000000000e+00,0.000000000000000000e+00,-1.000000000000000000e+00
-1.680566776081792213e+01,-3.070129526767567896e+01,3.120000000000000284e+01,0.000000000000000000e+00,0.000000000000000000e+00,-1.000000000000000000e+00
-1.724252794044753045e+01,-3.045808973364689365e+01,3.120000000000000284e+01,0.000000000000000000e+00,0.000000000000000000e+00,-1.000000000000000000e+00
-1.767586929666853024e+01,-3.020866836865026173e+01,3.120000000000000284e+01,0.000000000000000000e+00,0.000000000000000000e+00,-1.000000000000000000e+00
-1.810560339397347107e+01,-2.995308207413948409e+01,3.120000000000000284e+01,0.000000000000000000e+00,0.000000000000000000e+00,-1.000000000000000000e+00
-1.853164253301767062e+01,-2.969138300969576250e+01,3.120000000000000284e+01,0.000000000000000000e+00,0.000000000000000000e+00,-1.000000000000000000e+00
-1.895389976851673453e+01,-2.942362458238314105e+01,3.120000000000000284e+01,0.000000000000000000e+00,0.000000000000000000e+00,-1.000000000000000000e+00
-1.937228892699018701e+01,-2.914986143584928513e+01,3.120000000000000284e+01,0.000000000000000000e+00,0.000000000000000000e+00,-1.000000000000000000e+00
-1.978672462434761314e+01,-2.887014943917394660e+01,3.120000000000000284e+01,0.000000000000000000e+00,0.000000000000000000e+00,-1.000000000000000000e+00
-2.019712228331367143e+01,-2.858454567546726821e+01,3.120000000000000284e+01,0.000000000000000000e+00,0.000000000000000000e+00,-1.000000000000000000e+00
-2.060339815068846647e+01,-2.829310843022037147e+01,3.120000000000000284e+01,0.000000000000000000e+00,0.000000000000000000e+00,-1.000000000000000000e+00
-2.100546931443976106e+01,-2.799589717941058353e+01,3.120000000000000284e+01,0.000000000000000000e+00,0.000000000000000000e+00,-1.000000000000000000e+00
-2.140325372062351050e+01,-2.769297257736366191e+01,3.120000000000000284e+01,0.000000000000000000e+00,0.000000000000000000e+00,-1.000000000000000000e+00
-2.179667019012925877e+01,-2.738439644437559295e+01,3.120000000000000284e+01,0.000000000000000000e+00,0.000000000000000000e+00,-1.000000000000000000e+00
-2.218563843524705348e+01,-2.707023175409639038e+01,3.120000000000000284e+01,0.000000000000000000e+00,0.000000000000000000e+00,-1.000000000000000000e+00
-2.257007907605239083e+01,-2.675054262067859412e+01,3.120000000000000284e+01,0.000000000000000000e+00,0.000000000000000000e+00,-1.000000000000000000e+00
-2.294991365660593630e+01,-2.642539428569292426e+01,3.120000000000000284e+01,0.000000000000000000e+00,0.000000000000000000e+00,-1.000000000000000000e+00
-2.332506466096466369e+01,-2.609485310481393228e+01,3.120000000000000284e+01,0.000000000000000000e+00,0.000000000000000000e+00,-1.000000000000000000e+00
-2.369545552900116903e+01,-2.575898653427824314e+01,3.120000000000000284e+01,0.000000000000000000e+00,0.000000000000000000e+00,-1.000000000000000000e+00
-2.406101067202791910e+01,-2.541786311711821966e+01,3.120000000000000284e+01,0.000000000000000000e+00,0.000000000000000000e+00,-1.000000000000000000e+00
-2.442165548822325150e+01,-2.507155246917380609e+01,3.120000000000000284e+01,0.000000000000000000e+00,0.000000000000000000e+00,-1.000000000000000000e+00
-2.477731637785597485e+01,-2.472012526488549611e+01,3.120000000000000284e+01,0.000000000000000000e+00,0.000000000000000000e+00,-1.000000000000000000e+00
-2.512792075830547489e+01,-2.436365322287117152e+01,3.120000000000000284e+01,0.000000000000000000e+00,0.000000000000000000e+00,-1.000000000000000000e+00
-2.547339707887423899e+01,-2.400220909128993796e+01,3.120000000000000284e+01,0.000000000000000000e+00,0.000000000000000000e+00,-1.000000000000000000e+00
-2.581367483538978291e+01,-2.363586663299580337e+01,3.120000000000000284e+01,0.000000000000000000e+00,0.000000000000000000e+00,-1.000000000000000000e+00
-2.614868458459301692e+01,-2.326470061048427596e+01,3.120000000000000284e+01,0.000000000000000000e+00,0.000000000000000000e+00,-1.000000000000000000e+00
-2.647835795831010941e+01,-2.288878677063499367e+01,3.120000000000000284e+01,0.000000000000000000e+00,0.000000000000000000e+00,-1.000000000000000000e+00
-2.680262767740492791e+01,-2.250820182925343005e+01,3.120000000000000284e+01,0.000000000000000000e+00,0.000000000000000000e+00,-1.000000000000000000e+00
-2.712142756550922940e+01,-2.212302345541486304e+01,3.120000000000000284e+01,0.000000000000000000e+00,0.000000000000000000e+00,-1.000000000000000000e+00
-2.743469256252784305e+01,-2.173333025561382925e+01,3.120000000000000284e+01,0.000000000000000000e+00,0.000000000000000000e+00,-1.000000000000000000e+00
-2.774235873791598905e+01,-2.133920175772225036e+01,3.120000000000000284e+01,0.000000000000000000e+00,0.000000000000000000e+00,-1.000000000000000000e+00
-2.804436330372611508e+01,-2.094071839475952856e+01,3.120000000000000284e+01,0.000000000000000000e+00,0.000000000000000000e+00,-1.000000000000000000e+00
-2.834064462742153978e+01,-2.053796148847792580e+01,3.120000000000000284e+01,0.000000000000000000e+00,0.000000000000000000e+00,-1.000000000000000000e+00
-2.863114224445432754e+01,-2.013101323276657340e+01,3.120000000000000284e+01,0.000000000000000000e+00,0.000000000000000000e+00,-1.000000000000000000e+00
-2.891579687060474768e+01,-1.971995667687747655e+01,3.120000000000000284e+01,0.000000000000000000e+00,0.000000000000000000e+00,-1.000000000000000000e+00
-2.919455041407992368e+01,-1.930487570847700596e+01,3.120000000000000284e+01,0.000000000000000000e+00,0.000000000000000000e+00,-1.000000000000000000e+00
-2.946734598736908595e+01,-1.888585503652623032e+01,3.120000000000000284e+01,0.000000000000000000e+00,0.000000000000000000e+00,-1.000000000000000000e+00
-2.973412791885304785e+01,-1.846298017399367808e+01,3.120000000000000284e+01,0.000000000000000000e+00,0.000000000000000000e+00,-1.000000000000000000e+00
-2.999484176416562065e+01,-1.803633742040400634e+01,3.120000000000000284e+01,0.000000000000000000e+00,0.000000000000000000e+00,-1.000000000000000000e+00
-3.024943431730445553e+01,-1.760601384422616533e+01,3.120000000000000284e+01,0.000000000000000000e+00,0.000000000000000000e+00,-1.000000000000000000e+00
-3.049785362148928769e+01,-1.717209726510459333e+01,3.120000000000000284e+01,0.000000000000000000e+00,0.000000000000000000e+00,-1.000000000000000000e+00
-3.074004897976513107e+01,-1.673467623593718301e+01,3.120000000000000284e+01,0.000000000000000000e+00,0.000000000000000000e+00,-1.000000000000000000e+00
-3.097597096534844852e+01,-1.629384002480353999e+01,3.120000000000000284e+01,0.000000000000000000e+00,0.000000000000000000e+00,-1.000000000000000000e+00
-3.120557143171407333e+01,-1.584967859674733326e+01,3.120000000000000284e+01,0.000000000000000000e+00,0.000000000000000000e+00,-1.000000000000000000e+00
-3.142880352242085351e+01,-1.540228259541638778e+01,3.120000000000000284e+01,0.000000000000000000e+00,0.000000000000000000e+00,-1.000000000000000000e+00
-3.164562168067404357e+01,-1.495174332456429411e+01,3.120000000000000284e+01,0.000000000000000000e+00,0.000000000000000000e+00,-1.000000000000000000e+00
-3.185598165862244002e+01,-1.449815272941731337e+01,3.120000000000000284e+01,0.000000000000000000e+00,0.000000000000000000e+00,-1.000000000000000000e+00
-3.205984052638840609e+01,-1.404160337791036106e+01,3.120000000000000284e+01,0.000000000000000000e+00,0.000000000000000000e+00,-1.000000000000000000e+00
-3.225715668082892051e+01,-1.358218844179590512e+01,3.120000000000000284e+01,0.000000000000000000e+00,0.000000000000000000e+00,-1.000000000000000000e+00
-3.244788985402586690e+01,-1.312000167762966285e+01,3.120000000000000284e+01,0.000000000000000000e+00,0.000000000000000000e+00,-1.000000000000000000e+00
-3.263200112150385479e+01,-1.265513740763691430e+01,3.120000000000000284e+01,0.000000000000000000e+00,0.000000000000000000e+00,-1.000000000000000000e+00
-3.280945291017382459e+01,-1.218769050046341640e+01,3.120000000000000284e+01,0.000000000000000000e+00,0.000000000000000000e+00,-1.000000000000000000e+00
-3.298020900600092631e+01,-1.171775635181477071e+01,3.120000000000000284e+01,0.000000000000000000e+00,0.000000000000000000e+00,-1.000000000000000000e+00
-3.314423456139498114e+01,-1.124543086498824707e+01,3.120000000000000284e+01,0.000000000000000000e+00,0.000000000000000000e+00,-1.000000000000000000e+00
-3.330149610232214741e+01,-1.077081043130101712e+01,3.120000000000000284e+01,0.000000000000000000e+00,0.000000000000000000e+00,-1.000000000000000000e+00
-3.345196153513620629e+01,-1.029399191041878581e+01,3.120000000000000284e+01,0.000000000000000000e+00,0.000000000000000000e+00,-1.000000000000000000e+00
-3.359560015312821690e+01,-9.815072610588858382e+00,3.120000000000000284e+01,0.000000000000000000e+00,0.000000000000000000e+00,-1.000000000000000000e+00
-3.373238264279301291e+01,-9.334150268781639781e+00,3.120000000000000284e+01,0.000000000000000000e+00,0.000000000000000000e+00,-1.000000000000000000e+00
-3.386228108981155316e+01,-8.851323030744666198e+00,3.120000000000000284e+01,0.000000000000000000e+00,0.000000000000000000e+00,-1.000000000000000000e+00
-3.398526898474751334e+01,-8.366689430973186958e+00,3.120000000000000284e+01,0.000000000000000000e+00,0.000000000000000000e+00,-1.000000000000000000e+00
-3.410132122845737968e+01,-7.880348372601442719e+00,3.120000000000000284e+01,0.000000000000000000e+00,0.000000000000000000e+00,-1.000000000000000000e+00
-3.421041413721255253e+01,-7.392399107218682097e+00,3.120000000000000284e+01,0.000000000000000000e+00,0.000000000000000000e+00,-1.000000000000000000e+00
-3.431252544753274236e+01,-6.902941214614084053e+00,3.120000000000000284e+01,0.000000000000000000e+00,0.000000000000000000e+00,-1.000000000000000000e+00
-3.440763432072943573e+01,-6.412074582454700078e+00,3.120000000000000284e+01,0.000000000000000000e+00,0.000000000000000000e+00,-1.000000000000000000e+00
-3.449572134715860727e+01,-5.919899385900558642e+00,3.120000000000000284e+01,0.000000000000000000e+00,0.000000000000000000e+00,-1.000000000000000000e+00
-3.457676855018181783e+01,-5.426516067161106349e+00,3.120000000000000284e+01,0.000000000000000000e+00,0.000000000000000000e+00,-1.000000000000000000e+00
-3.465075938983483894e+01,-4.932025314997144250e+00,3.120000000000000284e+01,0.000000000000000000e+00,0.000000000000000000e+00,-1.000000000000000000e+00
-3.471767876620312876e+01,-4.436528044172449725e+00,3.120000000000000284e+01,0.000000000000000000e+00,0.000000000000000000e+00,-1.000000000000000000e+00
-3.477751302250334930e+01,-3.940125374859279272e+00,3.120000000000000284e+01,0.000000000000000000e+00,0.000000000000000000e+00,-1.000000000000000000e+00
-3.483024994787046325e+01,-3.442918612001950596e+00,3.120000000000000284e+01,0.000000000000000000e+00,0.000000000000000000e+00,-1.000000000000000000e+00
-3.487587877984968543e+01,-2.945009224642710866e+00,3.120000000000000284e+01,0.000000000000000000e+00,0.000000000000000000e+00,-1.000000000000000000e+00
-3.491439020659284154e+01,-2.446498825214125539e+00,3.120000000000000284e+01,0.000000000000000000e+00,0.000000000000000000e+00,-1.000000000000000000e+00
-3.494577636875875015e+01,-1.947489148802199033e+00,3.120000000000000284e+01,0.000000000000000000e+00,0.000000000000000000e+00,-1.000000000000000000e+00
-3.497003086111713799e+01,-1.448082032384463202e+00,3.120000000000000284e+01,0.000000000000000000e+00,0.000000000000000000e+00,-1.000000000000000000e+00
-3.498714873385578983e+01,-9.483793940472772244e-01,3.120000000000000284e+01,0.000000000000000000e+00,0.000000000000000000e+00,-1.000000000000000000e+00
-3.499712649359068450e+01,-4.484832121865695576e-01,3.120000000000000284e+01,0.000000000000000000e+00,0.000000000000000000e+00,-1.000000000000000000e+00
-3.499996210407896058e+01,5.150449530372435553e-02,3.120000000000000284e+01,0.000000000000000000e+00,0.000000000000000000e+00,-1.000000000000000000e+00
-3.499565498663444885e+01,5.514816918512871480e-01,3.120000000000000284e+01,0.000000000000000000e+00,0.000000000000000000e+00,-1.000000000000000000e+00
-3.498420602024576453e+01,1.051346343028854990e+00,3.120000000000000284e+01,0.000000000000000000e+00,0.000000000000000000e+00,-1.000000000000000000e+00
-3.496561754139690947e+01,1.550996437377216708e+00,3.120000000000000284e+01,0.000000000000000000e+00,0.000000000000000000e+00,-1.000000000000000000e+00
-3.493989334359049082e+01,2.050330007223524209e+00,3.120000000000000284e+01,0.000000000000000000e+00,0.000000000000000000e+00,-1.000000000000000000e+00
-3.490703867657349946e+01,2.549245149490667384e+00,3.120000000000000284e+01,0.000000000000000000e+00,0.000000000000000000e+00,-1.000000000000000000e+00
-3.486706024526601055e+01,3.047640046493468979e+00,3.120000000000000284e+01,0.000000000000000000e+00,0.000000000000000000e+00,-1.000000000000000000e+00
-3.481996620839278478e+01,3.545412986717447090e+00,3.120000000000000284e+01,0.000000000000000000e+00,0.000000000000000000e+00,-1.000000000000000000e+00
-3.476576617681831038e+01,4.042462385575917416e+00,3.120000000000000284e+01,0.000000000000000000e+00,0.000000000000000000e+00,-1.000000000000000000e+00
-3.470447121158539971e+01,4.538686806141187802e+00,3.120000000000000284e+01,0.000000000000000000e+00,0.000000000000000000e+00,-1.000000000000000000e+00
-3.463609382165790151e+01,5.033984979845617325e+00,3.120000000000000284e+01,0.000000000000000000e+00,0.000000000000000000e+00,-1.000000000000000000e+00
-3.456064796136786299e+01,5.528255827148324641e+00,3.120000000000000284e+01,0.000000000000000000e+00,0.000000000000000000e+00,-1.000000000000000000e+00
-3.447814902756777400e+01,6.021398478163312973e+00,3.120000000000000284e+01,0.000000000000000000e+00,0.000000000000000000e+00,-1.000000000000000000e+00
-3.438861385648840496e+01,6.513312293244804430e+00,3.120000000000000284e+01,0.000000000000000000e+00,0.000000000000000000e+00,-1.000000000000000000e+00
-3.429206072030289221e+01,7.003896883525607464e+00,3.120000000000000284e+01,0.000000000000000000e+00,0.000000000000000000e+00,-1.000000000000000000e+00
-3.418850932339779547e+01,7.493052131404278171e+00,3.120000000000000284e+01,0.000000000000000000e+00,0.000000000000000000e+00,-1.000000000000000000e+00
-3.407798079835185945e+01,7.980678210976947184e+00,3.120000000000000284e+01,0.000000000000000000e+00,0.000000000000000000e+00,-1.000000000000000000e+00
-3.396049770162331072e+01,8.466675608409598652e+00,3.120000000000000284e+01,0.000000000000000000e+00,0.000000000000000000e+00,-1.000000000000000000e+00
-3.383608400894657819e+01,8.950945142246679254e+00,3.120000000000000284e+01,0.000000000000000000e+00,0.000000000000000000e+00,-1.000000000000000000e+00
-3.370476511043939638e+01,9.433387983651856601e+00,3.120000000000000284e+01,0.000000000000000000e+00,0.000000000000000000e+00,-1.000000000000000000e+00
-3.356656780542117957e+01,9.913905676576833415e+00,3.120000000000000284e+01,0.000000000000000000e+00,0.000000000000000000e+00,-1.000000000000000000e+00
-3.342152029694392468e+01,1.039240015785408033e+01,3.120000000000000284e+01,0.000000000000000000e+00,0.000000000000000000e+00,-1.000000000000000000e+00
-3.326965218603653796e+01,1.086877377720937332e+01,3.120000000000000284e+01,0.000000000000000000e+00,0.000000000000000000e+00,-1.000000000000000000e+00
-3.311099446566395699e+01,1.134292931719010333e+01,3.120000000000000284e+01,0.000000000000000000e+00,0.000000000000000000e+00,-1.000000000000000000e+00
-3.294557951440211951e+01,1.181477001300521223e+01,3.120000000000000284e+01,0.000000000000000000e+00,0.000000000000000000e+00,-1.000000000000000000e+00
-3.277344108983023574e+01,1.228419957227278836e+01,3.120000000000000284e+01,0.000000000000000000e+00,0.000000000000000000e+00,-1.000000000000000000e+00
-3.259461432164158623e+01,1.275112219467123431e+01,3.120000000000000284e+01,0.000000000000000000e+00,0.000000000000000000e+00,-1.000000000000000000e+00
-3.240913570447430914e+01,1.321544259149002087e+01,3.120000000000000284e+01,0.000000000000000000e+00,0.000000000000000000e+00,-1.000000000000000000e+00
-3.221704309046367598e+01,1.367706600507603554e+01,3.120000000000000284e+01,0.000000000000000000e+00,0.000000000000000000e+00,-1.000000000000000000e+00
-3.201837568151726998e+01,1.413589822817154129e+01,3.120000000000000284e+01,0.000000000000000000e+00,0.000000000000000000e+00,-1.000000000000000000e+00
-3.181317402131474026e+01,1.459184562313982525e+01,3.120000000000000284e+01,0.000000000000000000e+00,0.000000000000000000e+00,-1.000000000000000000e+00
-3.160147998703371286e+01,1.504481514107460427e+01,3.120000000000000284e+01,0.000000000000000000e+00,0.000000000000000000e+00,-1.000000000000000000e+00
-3.138333678080359590e+01,1.549471434078925647e+01,3.120000000000000284e+01,0.000000000000000000e+00,0.000000000000000000e+00,-1.000000000000000000e+00
-3.115878892088894148e+01,1.594145140768206481e+01,3.120000000000000284e+01,0.000000000000000000e+00,0.000000000000000000e+00,-1.000000000000000000e+00
-3.092788223260426506e+01,1.638493517247356479e+01,3.120000000000000284e+01,0.000000000000000000e+00,0.000000000000000000e+00,-1.000000000000000000e+00
-3.069066383896208094e+01,1.682507512981220898e+01,3.120000000000000284e+01,0.000000000000000000e+00,0.000000000000000000e+00,-1.000000000000000000e+00
-3.044718215105613268e+01,1.726178145674452225e+01,3.120000000000000284e+01,0.000000000000000000e+00,0.000000000000000000e+00,-1.000000000000000000e+00
-3.019748685818174039e+01,1.769496503104601004e+01,3.120000000000000284e+01,0.000000000000000000e+00,0.000000000000000000e+00,-1.000000000000000000e+00
-2.994162891769531498e+01,1.812453744940906830e+01,3.120000000000000284e+01,0.000000000000000000e+00,0.000000000000000000e+00,-1.000000000000000000e+00
-2.967966054461505365e+01,1.855041104548414665e+01,3.120000000000000284e+01,0.000000000000000000e+00,0.000000000000000000e+00,-1.000000000000000000e+00
-2.941163520096501571e+01,1.897249890777057146e+01,3.120000000000000284e+01,0.000000000000000000e+00,0.000000000000000000e+00,-1.000000000000000000e+00
-2.913760758486467495e+01,1.939071489735323084e+01,3.120000000000000284e+01,0.000000000000000000e+00,0.000000000000000000e+00,-1.000000000000000000e+00
-2.885763361936623284e+01,1.980497366548170390e+01,3.120000000000000284e+01,0.000000000000000000e+00,0.000000000000000000e+00,-1.000000000000000000e+00
-2.857177044104194863e+01,2.021519067098802935e+01,3.120000000000000284e+01,0.000000000000000000e+00,0.000000000000000000e+00,-1.000000000000000000e+00
-2.828007638832381332e+01,2.062128219753975600e+01,3.120000000000000284e+01,0.000000000000000000e+00,0.000000000000000000e+00,-1.000000000000000000e+00
-2.798261098959793713e+01,2.102316537072456981e+01,3.120000000000000284e+01,0.000000000000000000e+00,0.000000000000000000e+00,-1.000000000000000000e+00
-2.767943495105612328e+01,2.142075817496319701e+01,3.120000000000000284e+01,0.000000000000000000e+00,0.000000000000000000e+00,-1.000000000000000000e+00
-2.737061014430705086e+01,2.181397947024696293e+01,3.120000000000000284e+01,0.000000000000000000e+00,0.000000000000000000e+00,-1.000000000000000000e+00
-2.705619959374963557e+01,2.220274900869669565e+01,3.120000000000000284e+01,0.000000000000000000e+00,0.000000000000000000e+00,-1.000000000000000000e+00
-2.673626746371110485e+01,2.258698745093959559e+01,3.120000000000000284e+01,0.000000000000000000e+00,0.000000000000000000e+00,-1.000000000000000000e+00
-2.641087904535250175e+01,2.296661638230063929e+01,3.120000000000000284e+01,0.000000000000000000e+00,0.000000000000000000e+00,-1.000000000000000000e+00
-2.608010074334414341e+01,2.334155832880530568e+01,3.120000000000000284e+01,0.000000000000000000e+00,0.000000000000000000e+00,-1.000000000000000000e+00
-2.574400006231389781e+01,2.371173677299033145e+01,3.120000000000000284e+01,0.000000000000000000e+00,0.000000000000000000e+00,-1.000000000000000000e+00
-2.540264559307096803e+01,2.407707616951925544e+01,3.120000000000000284e+01,0.000000000000000000e+00,0.000000000000000000e+00,-1.000000000000000000e+00
-2.505610699860799429e+01,2.443750196059956536e+01,3.120000000000000284e+01,0.000000000000000000e+00,0.000000000000000000e+00,-1.000000000000000000e+00
-2.470445499988435500e+01,2.479294059119830962e+01,3.120000000000000284e+01,0.000000000000000000e+00,0.000000000000000000e+00,-1.000000000000000000e+00
-2.434776136139358726e+01,2.514331952405309778e+01,3.120000000000000284e+01,0.000000000000000000e+00,0.000000000000000000e+00,-1.000000000000000000e+00
-2.398609887651778649e+01,2.548856725447533123e+01,3.120000000000000284e+01,0.000000000000000000e+00,0.000000000000000000e+00,-1.000000000000000000e+00
-2.361954135267210475e+01,2.582861332494279338e+01,3.120000000000000284e+01,0.000000000000000000e+00,0.000000000000000000e+00,-1.000000000000000000e+00
-2.324816359624222883e+01,2.616338833947845899e+01,3.120000000000000284e+01,0.000000000000000000e+00,0.000000000000000000e+00,-1.000000000000000000e+00
-2.287204139731807118e+01,2.649282397781271214e+01,3.120000000000000284e+01,0.000000000000000000e+00,0.000000000000000000e+00,-1.000000000000000000e+00
-2.249125151422663649e+01,2.681685300932602090e+01,3.120000000000000284e+01,0.000000000000000000e+00,0.000000000000000000e+00,-1.000000000000000000e+00
-2.210587165786733621e+01,2.713540930676922613e+01,3.120000000000000284e+01,0.000000000000000000e+00,0.000000000000000000e+00,-1.000000000000000000e+00
-2.171598047585288072e+01,2.744842785975868082e+01,3.120000000000000284e+01,0.000000000000000000e+00,0.000000000000000000e+00,-1.000000000000000000e+00
-2.132165753645904616e+01,2.775584478804345778e+01,3.120000000000000284e+01,0.000000000000000000e+00,0.000000000000000000e+00,-1.000000000000000000e+00
-2.092298331238649922e+01,2.805759735454189041e+01,3.120000000000000284e+01,0.000000000000000000e+00,0.000000000000000000e+00,-1.000000000000000000e+00
-2.052003916433807973e+01,2.835362397814486357e+01,3.120000000000000284e+01,0.000000000000000000e+00,0.000000000000000000e+00,-1.000000000000000000e+00
-2.011290732441487350e+01,2.864386424628315453e+01,3.120000000000000284e+01,0.000000000000000000e+00,0.000000000000000000e+00,-1.000000000000000000e+00
-1.970167087933442573e+01,2.892825892725633352e+01,3.120000000000000284e+01,0.000000000000000000e+00,0.000000000000000000e+00,-1.000000000000000000e+00
-1.928641375347455522e+01,2.920674998232065178e+01,3.120000000000000284e+01,0.000000000000000000e+00,0.000000000000000000e+00,-1.000000000000000000e+00
-1.886722069174621552e+01,2.947928057753349051e+01,3.120000000000000284e+01,0.000000000000000000e+00,0.000000000000000000e+00,-1.000000000000000000e+00
-1.844417724229893452e+01,2.974579509535191590e+01,3.120000000000000284e+01,0.000000000000000000e+00,0.000000000000000000e+00,-1.000000000000000000e+00
-1.801736973906227490e+01,3.000623914598300956e+01,3.120000000000000284e+01,0.000000000000000000e+00,0.000000000000000000e+00,-1.000000000000000000e+00
-1.758688528412698560e+01,3.026055957848363676e+01,3.120000000000000284e+01,0.000000000000000000e+00,0.000000000000000000e+00,-1.000000000000000000e+00
-1.715281172996935410e+01,3.050870449160740350e+01,3.120000000000000284e+01,0.000000000000000000e+00,0.000000000000000000e+00,-1.000000000000000000e+00
-1.671523766152244406e+01,3.075062324439655725e+01,3.120000000000000284e+01,0.000000000000000000e+00,0.000000000000000000e+00,-1.000000000000000000e+00
-1.627425237809783809e+01,3.098626646651669603e+01,3.120000000000000284e+01,0.000000000000000000e+00,0.000000000000000000e+00,-1.000000000000000000e+00
-1.582994587516160223e+01,3.121558606833218263e+01,3.120000000000000284e+01,0.000000000000000000e+00,0.000000000000000000e+00,-1.000000000000000000e+00
-1.538240882596817727e+01,3.143853525072019650e+01,3.120000000000000284e+01,0.000000000000000000e+00,0.000000000000000000e+00,-1.000000000000000000e+00
-1.493173256305594521e+01,3.165506851462139082e+01,3.120000000000000284e+01,0.000000000000000000e+00,0.000000000000000000e+00,-1.000000000000000000e+00
-1.447800905960825446e+01,3.186514167032529343e+01,3.120000000000000284e+01,0.000000000000000000e+00,0.000000000000000000e+00,-1.000000000000000000e+00
-1.402133091068369808e+01,3.206871184648840511e+01,3.120000000000000284e+01,0.000000000000000000e+00,0.000000000000000000e+00,-1.000000000000000000e+00
-1.356179131431948903e+01,3.226573749888336806e+01,3.120000000000000284e+01,0.000000000000000000e+00,0.000000000000000000e+00,-1.000000000000000000e+00
-1.309948405251177483e+01,3.245617841887719379e+01,3.120000000000000284e+01,0.000000000000000000e+00,0.000000000000000000e+00,-1.000000000000000000e+00
-1.263450347207677815e+01,3.263999574163697304e+01,3.120000000000000284e+01,0.000000000000000000e+00,0.000000000000000000e+00,-1.000000000000000000e+00
-1.216694446539666963e+01,3.281715195406135877e+01,3.120000000000000284e+01,0.000000000000000000e+00,0.000000000000000000e+00,-1.000000000000000000e+00
-1.169690245105411996e+01,3.298761090243614547e+01,3.120000000000000284e+01,0.000000000000000000e+00,0.000000000000000000e+00,-1.000000000000000000e+00
-1.122447335435942861e+01,3.315133779981247386e+01,3.120000000000000284e+01,0.000000000000000000e+00,0.000000000000000000e+00,-1.000000000000000000e+00
-1.074975358777427559e+01,3.330829923310606233e+01,3.120000000000000284e+01,0.000000000000000000e+00,0.000000000000000000e+00,-1.000000000000000000e+00
-1.027284003123604528e+01,3.345846316991612923e+01,3.120000000000000284e+01,0.000000000000000000e+00,0.000000000000000000e+00,-1.000000000000000000e+00
-9.793830012386742112e+00,3.360179896506246422e+01,3.120000000000000284e+01,0.000000000000000000e+00,0.000000000000000000e+00,-1.000000000000000000e+00
-9.312821286710542878e+00,3.373827736683944778e+01,3.120000000000000284e+01,0.000000000000000000e+00,0.000000000000000000e+00,-1.000000000000000000e+00
-8.829912017584044648e+00,3.386787052298571865e+01,3.120000000000000284e+01,0.000000000000000000e+00,0.000000000000000000e+00,-1.000000000000000000e+00
-8.345200756243251305e+00,3.399055198636816755e+01,3.120000000000000284e+01,0.000000000000000000e+00,0.000000000000000000e+00,-1.000000000000000000e+00
-7.858786421671434930e+00,3.410629672037925531e+01,3.120000000000000284e+01,0.000000000000000000e+00,0.000000000000000000e+00,-1.000000000000000000e+00
-7.370768280411913231e+00,3.421508110404641201e+01,3.120000000000000284e+01,0.000000000000000000e+00,0.000000000000000000e+00,-1.000000000000000000e+00
-6.881245926309929040e+00,3.431688293685256497e+01,3.120000000000000284e+01,0.000000000000000000e+00,0.000000000000000000e+00,-1.000000000000000000e+00
-6.390319260187719230e+00,3.441168144326681499e+01,3.120000000000000284e+01,0.000000000000000000e+00,0.000000000000000000e+00,-1.000000000000000000e+00
-5.898088469456931549e+00,3.449945727698421649e+01,3.120000000000000284e+01,0.000000000000000000e+00,0.000000000000000000e+00,-1.000000000000000000e+00
-5.404654007672569094e+00,3.458019252487395789e+01,3.120000000000000284e+01,0.000000000000000000e+00,0.000000000000000000e+00,-1.000000000000000000e+00
-4.910116574032612924e+00,3.465387071063505431e+01,3.120000000000000284e+01,0.000000000000000000e+00,0.000000000000000000e+00,-1.000000000000000000e+00
-4.414577092827510540e+00,3.472047679815878496e+01,3.120000000000000284e+01,0.000000000000000000e+00,0.000000000000000000e+00,-1.000000000000000000e+00
-3.918136692843735336e+00,3.477999719459723593e+01,3.120000000000000284e+01,0.000000000000000000e+00,0.000000000000000000e+00,-1.000000000000000000e+00
-3.420896686725608760e+00,3.483241975313730165e+01,3.120000000000000284e+01,0.000000000000000000e+00,0.000000000000000000e+00,-1.000000000000000000e+00
-2.922958550299604052e+00,3.487773377547959797e+01,3.120000000000000284e+01,0.000000000000000000e+00,0.000000000000000000e+00,-1.000000000000000000e+00
-2.424423901865341957e+00,3.491593001402173968e+01,3.120000000000000284e+01,0.000000000000000000e+00,0.000000000000000000e+00,-1.000000000000000000e+00
-1.925394481457519680e+00,3.494700067374556340e+01,3.120000000000000284e+01,0.000000000000000000e+00,0.000000000000000000e+00,-1.000000000000000000e+00
-1.425972130082987732e+00,3.497093941380795457e+01,3.120000000000000284e+01,0.000000000000000000e+00,0.000000000000000000e+00,-1.000000000000000000e+00
-9.262587689372271393e-01,3.498774134883483811e+01,3.120000000000000284e+01,0.000000000000000000e+00,0.000000000000000000e+00,-1.000000000000000000e+00
-4.263563786044574089e-01,3.499740304991819073e+01,3.120000000000000284e+01,0.000000000000000000e+00,0.000000000000000000e+00,-1.000000000000000000e+00
7.363302175437241859e-02,3.499992254531583313e+01,3.120000000000000284e+01,0.000000000000000000e+00,0.000000000000000000e+00,-1.000000000000000000e+00
5.736073952214674199e-01,3.499529932085375350e+01,3.120000000000000284e+01,0.000000000000000000e+00,0.000000000000000000e+00,-1.000000000000000000e+00
1.073464707945693153e+00,3.498353432003111863e+01,3.120000000000000284e+01,0.000000000000000000e+00,0.000000000000000000e+00,-1.000000000000000000e+00
1.573102949965456299e+00,3.496462994382765999e+01,3.120000000000000284e+01,0.000000000000000000e+00,0.000000000000000000e+00,-1.000000000000000000e+00
2.072420156026709481e+00,3.493859005021374031e+01,3.120000000000000284e+01,0.000000000000000000e+00,0.000000000000000000e+00,-1.000000000000000000e+00
2.571314426391835273e+00,3.490541995336295855e+01,3.120000000000000284e+01,0.000000000000000000e+00,0.000000000000000000e+00,-1.000000000000000000e+00
3.069683947635155175e+00,3.486512642256774086e+01,3.120000000000000284e+01,0.000000000000000000e+00,0.000000000000000000e+00,-1.000000000000000000e+00
3.567427013420824800e+00,3.481771768085776131e+01,3.120000000000000284e+01,0.000000000000000000e+00,0.000000000000000000e+00,-1.000000000000000000e+00
4.064442045258881642e+00,3.476320340332190284e+01,3.120000000000000284e+01,0.000000000000000000e+00,0.000000000000000000e+00,-1.000000000000000000e+00
4.560627613235189948e+00,3.470159471513372296e+01,3.120000000000000284e+01,0.000000000000000000e+00,0.000000000000000000e+00,-1.000000000000000000e+00
5.055882456711077388e+00,3.463290418928105652e+01,3.120000000000000284e+01,0.000000000000000000e+00,0.000000000000000000e+00,-1.000000000000000000e+00
5.550105504988412264e+00,3.455714584400016065e+01,3.120000000000000284e+01,0.000000000000000000e+00,0.000000000000000000e+00,-1.000000000000000000e+00
6.043195897935935257e+00,3.447433513991488496e+01,3.120000000000000284e+01,0.000000000000000000e+00,0.000000000000000000e+00,-1.000000000000000000e+00
6.535053006572602463e+00,3.438448897688151362e+01,3.120000000000000284e+01,0.000000000000000000e+00,0.000000000000000000e+00,-1.000000000000000000e+00
7.025576453603764371e+00,3.428762569053984777e+01,3.120000000000000284e+01,0.000000000000000000e+00,0.000000000000000000e+00,-1.000000000000000000e+00
7.514666133905984147e+00,3.418376504857132403e+01,3.120000000000000284e+01,0.000000000000000000e+00,0.000000000000000000e+00,-1.000000000000000000e+00
8.002222234956297697e+00,3.407292824666484421e+01,3.120000000000000284e+01,0.000000000000000000e+00,0.000000000000000000e+00,-1.000000000000000000e+00
8.488145257201782812e+00,3.395513790419121136e+01,3.120000000000000284e+01,0.000000000000000000e+00,0.000000000000000000e+00,-1.000000000000000000e+00
8.972336034365230972e+00,3.383041805958701786e+01,3.120000000000000284e+01,0.000000000000000000e+00,0.000000000000000000e+00,-1.000000000000000000e+00
9.454695753682834436e+00,3.369879416544888073e+01,3.120000000000000284e+01,0.000000000000000000e+00,0.000000000000000000e+00,-1.000000000000000000e+00
9.935125976069693721e+00,3.356029308333920369e+01,3.120000000000000284e+01,0.000000000000000000e+00,0.000000000000000000e+00,-1.000000000000000000e+00
1.041352865620910784e+01,3.341494307830422628e+01,3.120000000000000284e+01,0.000000000000000000e+00,0.000000000000000000e+00,-1.000000000000000000e+00
1.088980616256146305e+01,3.326277381310582371e+01,3.120000000000000284e+01,0.000000000000000000e+00,0.000000000000000000e+00,-1.000000000000000000e+00
1.136386129728870742e+01,3.310381634216791724e+01,3.120000000000000284e+01,0.000000000000000000e+00,0.000000000000000000e+00,-1.000000000000000000e+00
1.183559731609030941e+01,3.293810310523901563e+01,3.120000000000000284e+01,0.000000000000000000e+00,0.000000000000000000e+00,-1.000000000000000000e+00
1.230491794794664706e+01,3.276566792077189660e+01,3.120000000000000284e+01,0.000000000000000000e+00,0.000000000000000000e+00,-1.000000000000000000e+00
1.277172741476583084e+01,3.258654597902206262e+01,3.120000000000000284e+01,0.000000000000000000e+00,0.000000000000000000e+00,-1.000000000000000000e+00
1.323593045092991538e+01,3.240077383486613627e+01,3.120000000000000284e+01,0.000000000000000000e+00,0.000000000000000000e+00,-1.000000000000000000e+00
1.369743232273652644e+01,3.220838940034183651e+01,3.120000000000000284e+01,0.000000000000000000e+00,0.000000000000000000e+00,-1.000000000000000000e+00
1.415613884773195608e+01,3.200943193691094280e+01,3.120000000000000284e+01,0.000000000000000000e+00,0.000000000000000000e+00,-1.000000000000000000e+00
1.461195641393173261e+01,3.180394204744687414e+01,3.120000000000000284e+01,0.000000000000000000e+00,0.000000000000000000e+00,-1.000000000000000000e+00
1.506479199892478071e+01,3.159196166794857064e+01,3.120000000000000284e+01,0.000000000000000000e+00,0.000000000000000000e+00,-1.000000000000000000e+00
1.551455318885727408e+01,3.137353405898224068e+01,3.120000000000000284e+01,0.000000000000000000e+00,0.000000000000000000e+00,-1.000000000000000000e+00
1.596114819729227641e+01,3.114870379685282487e+01,3.120000000000000284e+01,0.000000000000000000e+00,0.000000000000000000e+00,-1.000000000000000000e+00
1.640448588394135143e+01,3.091751676450695996e+01,3.120000000000000284e+01,0.000000000000000000e+00,0.000000000000000000e+00,-1.000000000000000000e+00
1.684447577326430689e+01,3.068002014216926554e+01,3.120000000000000284e+01,0.000000000000000000e+00,0.000000000000000000e+00,-1.000000000000000000e+00
1.728102807293327459e+01,3.043626239771388242e+01,3.120000000000000284e+01,0.000000000000000000e+00,0.000000000000000000e+00,-1.000000000000000000e+00
1.771405369215736769e+01,3.018629327677325236e+01,3.120000000000000284e+01,0.000000000000000000e+00,0.000000000000000000e+00,-1.000000000000000000e+00
1.814346425986415312e+01,2.993016379258610371e+01,3.120000000000000284e+01,0.000000000000000000e+00,0.000000000000000000e+00,-1.000000000000000000e+00
1.856917214273428129e+01,2.966792621558677467e+01,3.120000000000000284e+01,0.000000000000000000e+00,0.000000000000000000e+00,-1.000000000000000000e+00
1.899109046308550219e+01,2.939963406273797375e+01,3.120000000000000284e+01,0.000000000000000000e+00,0.000000000000000000e+00,-1.000000000000000000e+00
1.940913311660252916e+01,2.912534208660909485e+01,3.120000000000000284e+01,0.000000000000000000e+00,0.000000000000000000e+00,-1.000000000000000000e+00
1.982321478990903429e+01,2.884510626420245671e+01,3.120000000000000284e+01,0.000000000000000000e+00,0.000000000000000000e+00,-1.000000000000000000e+00
2.023325097797825123e+01,2.855898378552959116e+01,3.120000000000000284e+01,0.000000000000000000e+00,0.000000000000000000e+00,-1.000000000000000000e+00
2.063915800137861467e+01,2.826703304194002442e+01,3.120000000000000284e+01,0.000000000000000000e+00,0.000000000000000000e+00,-1.000000000000000000e+00
2.104085302335087704e+01,2.796931361420487505e+01,3.120000000000000284e+01,0.000000000000000000e+00,0.000000000000000000e+00,-1.000000000000000000e+00
2.143825406671331280e+01,2.766588626035771981e+01,3.120000000000000284e+01,0.000000000000000000e+00,0.000000000000000000e+00,-1.000000000000000000e+00
2.183128003059145783e+01,2.735681290329520010e+01,3.120000000000000284e+01,0.000000000000000000e+00,0.000000000000000000e+00,-1.000000000000000000e+00
2.221985070696902298e+01,2.704215661813991645e+01,3.120000000000000284e+01,0.000000000000000000e+00,0.000000000000000000e+00,-1.000000000000000000e+00
2.260388679705659953e+01,2.672198161936817229e+01,3.120000000000000284e+01,0.000000000000000000e+00,0.000000000000000000e+00,-1.000000000000000000e+00
2.298330992747482782e+01,2.639635324770520697e+01,3.120000000000000284e+01,0.000000000000000000e+00,0.000000000000000000e+00,-1.000000000000000000e+00
2.335804266624866088e+01,2.606533795679056809e+01,3.120000000000000284e+01,0.000000000000000000e+00,0.000000000000000000e+00,-1.000000000000000000e+00
2.372800853860957204e+01,2.572900329961639443e+01,3.120000000000000284e+01,0.000000000000000000e+00,0.000000000000000000e+00,-1.000000000000000000e+00
2.409313204260236319e+01,2.538741791474129883e+01,3.120000000000000284e+01,0.000000000000000000e+00,0.000000000000000000e+00,-1.000000000000000000e+00
2.445333866449347227e+01,2.504065151228275710e+01,3.120000000000000284e+01,0.000000000000000000e+00,0.000000000000000000e+00,-1.000000000000000000e+00
2.480855489397759328e+01,2.468877485969079544e+01,3.120000000000000284e+01,0.000000000000000000e+00,0.000000000000000000e+00,-1.000000000000000000e+00
2.515870823917954624e+01,2.433185976730589317e+01,3.120000000000000284e+01,0.000000000000000000e+00,0.000000000000000000e+00,-1.000000000000000000e+00
2.550372724144825298e+01,2.396997907370405301e+01,3.120000000000000284e+01,0.000000000000000000e+00,0.000000000000000000e+00,-1.000000000000000000e+00
2.584354148993990918e+01,2.360320663083205872e+01,3.120000000000000284e+01,0.000000000000000000e+00,0.000000000000000000e+00,-1.000000000000000000e+00
2.617808163598729720e+01,2.323161728893588318e+01,3.120000000000000284e+01,0.000000000000000000e+00,0.000000000000000000e+00,-1.000000000000000000e+00
2.650727940725233012e+01,2.285528688128540153e+01,3.120000000000000284e+01,0.000000000000000000e+00,0.000000000000000000e+00,-1.000000000000000000e+00
2.683106762165894210e+01,2.247429220869847910e+01,3.120000000000000284e+01,0.000000000000000000e+00,0.000000000000000000e+00,-1.000000000000000000e+00
2.714938020110349726e+01,2.208871102386758523e+01,3.120000000000000284e+01,0.000000000000000000e+00,0.000000000000000000e+00,-1.000000000000000000e+00
2.746215218493987109e+01,2.169862201549219094e+01,3.120000000000000284e+01,0.000000000000000000e+00,0.000000000000000000e+00,-1.000000000000000000e+00
2.776931974323650465e+01,2.130410479222009457e+01,3.120000000000000284e+01,0.000000000000000000e+00,0.000000000000000000e+00,-1.000000000000000000e+00
2.807082018980271343e+01,2.090523986640106457e+01,3.120000000000000284e+01,0.000000000000000000e+00,0.000000000000000000e+00,-1.000000000000000000e+00
2.836659199498154038e+01,2.050210863765601133e+01,3.120000000000000284e+01,0.000000000000000000e+00,0.000000000000000000e+00,-1.000000000000000000e+00
2.865657479820664832e+01,2.009479337626509476e+01,3.120000000000000284e+01,0.000000000000000000e+00,0.000000000000000000e+00,-1.000000000000000000e+00
2.894070942032057303e+01,1.968337720637817867e+01,3.120000000000000284e+01,0.000000000000000000e+00,0.000000000000000000e+00,-1.000000000000000000e+00
2.921893787565189626e+01,1.926794408905099232e+01,3.120000000000000284e+01,0.000000000000000000e+00,0.000000000000000000e+00,-1.000000000000000000e+00
2.949120338384887319e+01,1.884857880511050254e+01,3.120000000000000284e+01,0.000000000000000000e+00,0.000000000000000000e+00,-1.000000000000000000e+00
2.975745038146703081e+01,1.842536693785303115e+01,3.120000000000000284e+01,0.000000000000000000e+00,0.000000000000000000e+00,-1.000000000000000000e+00
3.001762453330849212e+01,1.799839485557853891e+01,3.120000000000000284e+01,0.000000000000000000e+00,0.000000000000000000e+00,-1.000000000000000000e+00
3.027167274351057458e+01,1.756774969396475683e+01,3.120000000000000284e+01,0.000000000000000000e+00,0.000000000000000000e+00,-1.000000000000000000e+00
3.051954316638150644e+01,1.713351933828470308e+01,3.120000000000000284e+01,0.000000000000000000e+00,0.000000000000000000e+00,-1.000000000000000000e+00
3.076118521698099784e+01,1.669579240547120236e+01,3.120000000000000284e+01,0.000000000000000000e+00,0.000000000000000000e+00,-1.000000000000000000e+00
3.099654958144351724e+01,1.625465822603212018e+01,3.120000000000000284e+01,0.000000000000000000e+00,0.000000000000000000e+00,-1.000000000000000000e+00
3.122558822704220205e+01,1.581020682581994485e+01,3.120000000000000284e+01,0.000000000000000000e+00,0.000000000000000000e+00,-1.000000000000000000e+00
3.144825441199123972e+01,1.536252890765948820e+01,3.120000000000000284e+01,0.000000000000000000e+00,0.000000000000000000e+00,-1.000000000000000000e+00
3.166450269498490044e+01,1.491171583283741242e+01,3.120000000000000284e+01,0.000000000000000000e+00,0.000000000000000000e+00,-1.000000000000000000e+00
3.187428894447107197e+01,1.445785960245738444e+01,3.120000000000000284e+01,0.000000000000000000e+00,0.000000000000000000e+00,-1.000000000000000000e+00
3.207757034765756288e+01,1.400105283866467332e+01,3.120000000000000284e+01,0.000000000000000000e+00,0.000000000000000000e+00,-1.000000000000000000e+00
3.227430541924927354e+01,1.354138876574397088e+01,3.120000000000000284e+01,0.000000000000000000e+00,0.000000000000000000e+00,-1.000000000000000000e+00
3.246445400991439811e+01,1.307896119109437727e+01,3.120000000000000284e+01,0.000000000000000000e+00,0.000000000000000000e+00,-1.000000000000000000e+00
3.264797731447807649e+01,1.261386448608533328e+01,3.120000000000000284e+01,0.000000000000000000e+00,0.000000000000000000e+00,-1.000000000000000000e+00
3.282483787984163826e+01,1.214619356679750872e+01,3.120000000000000284e+01,0.000000000000000000e+00,0.000000000000000000e+00,-1.000000000000000000e+00
3.299499961262600323e+01,1.167604387465248017e+01,3.120000000000000284e+01,0.000000000000000000e+00,0.000000000000000000e+00,-1.000000000000000000e+00
3.315842778653751566e+01,1.120351135693524292e+01,3.120000000000000284e+01,0.000000000000000000e+00,0.000000000000000000e+00,-1.000000000000000000e+00
3.331508904945483351e+01,1.072869244721345083e+01,3.120000000000000284e+01,0.000000000000000000e+00,0.000000000000000000e+00,-1.000000000000000000e+00
3.346495143023538077e+01,1.025168404565743252e+01,3.120000000000000284e+01,0.000000000000000000e+00,0.000000000000000000e+00,-1.000000000000000000e+00
3.360798434523995581e+01,9.772583499264991147e+00,3.120000000000000284e+01,0.000000000000000000e+00,0.000000000000000000e+00,-1.000000000000000000e+00
3.374415860457416727e+01,9.291488581995000828e+00,3.120000000000000284e+01,0.000000000000000000e+00,0.000000000000000000e+00,-1.000000000000000000e+00
3.387344641804546796e+01,8.808497474813874462e+00,3.120000000000000284e+01,0.000000000000000000e+00,0.000000000000000000e+00,-1.000000000000000000e+00
3.399582140083454362e+01,8.323708745658983332e+00,3.120000000000000284e+01,0.000000000000000000e+00,0.000000000000000000e+00,-1.000000000000000000e+00
3.411125857887984125e+01,7.837221329323082131e+00,3.120000000000000284e+01,0.000000000000000000e+00,0.000000000000000000e+00,-1.000000000000000000e+00
3.421973439397423533e+01,7.349134507263884508e+00,3.120000000000000284e+01,0.000000000000000000e+00,0.000000000000000000e+00,-1.000000000000000000e+00
3.432122670857278735e+01,6.859547887342883676e+00,3.120000000000000284e+01,0.000000000000000000e+00,0.000000000000000000e+00,-1.000000000000000000e+00
3.441571481031047597e+01,6.368561383497564954e+00,3.120000000000000284e+01,0.000000000000000000e+00,0.000000000000000000e+00,-1.000000000000000000e+00
3.450317941622917317e+01,5.876275195351150948e+00,3.120000000000000284e+01,0.000000000000000000e+00,0.000000000000000000e+00,-1.000000000000000000e+00
3.458360267671289279e+01,5.382789787764047595e+00,3.120000000000000284e+01,0.000000000000000000e+00,0.000000000000000000e+00,-1.000000000000000000e+00
3.465696817913043759e+01,4.888205870331159275e+00,3.120000000000000284e+01,0.000000000000000000e+00,0.000000000000000000e+00,-1.000000000000000000e+00
3.472326095118494749e+01,4.392624376829262545e+00,3.120000000000000284e+01,0.000000000000000000e+00,0.000000000000000000e+00,-1.000000000000000000e+00
3.478246746396933986e+01,3.896146444618624027e+00,3.120000000000000284e+01,0.000000000000000000e+00,0.000000000000000000e+00,-1.000000000000000000e+00
3.483457563472731522e+01,3.398873394003070203e+00,3.120000000000000284e+01,0.000000000000000000e+00,0.000000000000000000e+00,-1.000000000000000000e+00
3.487957482931917497e+01,2.900906707552736385e+00,3.120000000000000284e+01,0.000000000000000000e+00,0.000000000000000000e+00,-1.000000000000000000e+00
3.491745586439198235e+01,2.402348009393679540e+00,3.120000000000000284e+01,0.000000000000000000e+00,0.000000000000000000e+00,-1.000000000000000000e+00
3.494821100925374679e+01,1.903299044468620638e+00,3.120000000000000284e+01,0.000000000000000000e+00,0.000000000000000000e+00,-1.000000000000000000e+00
3.497183398745102778e+01,1.403861657773019189e+00,3.120000000000000284e+01,0.000000000000000000e+00,0.000000000000000000e+00,-1.000000000000000000e+00
3.498831997804985861e+01,9.041377735707365471e-01,3.120000000000000284e+01,0.000000000000000000e+00,0.000000000000000000e+00,-1.000000000000000000e+00
3.499766561661957098e+01,4.042293745935187088e-01,3.120000000000000284e+01,0.000000000000000000e+00,0.000000000000000000e+00,-1.000000000000000000e+00
3.499986899591943512e+01,-9.576151877145240576e-02,3.120000000000000284e+01,0.000000000000000000e+00,0.000000000000000000e+00,-1.000000000000000000e+00
3.499492966628785240e+01,-5.957328693016917809e-01,3.120000000000000284e+01,0.000000000000000000e+00,0.000000000000000000e+00,-1.000000000000000000e+00
3.498284863573412906e+01,-1.095582643762980535e+00,3.120000000000000284e+01,0.000000000000000000e+00,0.000000000000000000e+00,-1.000000000000000000e+00
3.496362836973278121e+01,-1.595208833732119524e+00,3.120000000000000284e+01,0.000000000000000000e+00,0.000000000000000000e+00,-1.000000000000000000e+00
3.493727279072036396e+01,-2.094509476414623261e+00,3.120000000000000284e+01,0.000000000000000000e+00,0.000000000000000000e+00,-1.000000000000000000e+00
3.490378727729498820e+01,-2.593382675453096642e+00,3.120000000000000284e+01,0.000000000000000000e+00,0.000000000000000000e+00,-1.000000000000000000e+00
3.486317866311870262e+01,-3.091726621722058255e+00,3.120000000000000284e+01,0.000000000000000000e+00,0.000000000000000000e+00,-1.000000000000000000e+00
3.481545523552283328e+01,-3.589439614104960707e+00,3.120000000000000284e+01,0.000000000000000000e+00,0.000000000000000000e+00,-1.000000000000000000e+00
3.476062673381675694e+01,-4.086420080249162368e+00,3.120000000000000284e+01,0.000000000000000000e+00,0.000000000000000000e+00,-1.000000000000000000e+00
3.469870434730033537e+01,-4.582566597294634114e+00,3.120000000000000284e+01,0.000000000000000000e+00,0.000000000000000000e+00,-1.000000000000000000e+00
3.462970071298038732e+01,-5.077777912572142505e+00,3.120000000000000284e+01,0.000000000000000000e+00,0.000000000000000000e+00,-1.000000000000000000e+00
3.455362991299176656e+01,-5.571952964266713160e+00,3.120000000000000284e+01,0.000000000000000000e+00,0.000000000000000000e+00,-1.000000000000000000e+00
3.447050747172350782e+01,-6.064990902042140419e+00,3.120000000000000284e+01,0.000000000000000000e+00,0.000000000000000000e+00,-1.000000000000000000e+00
3.438035035265063755e+01,-6.556791107622333747e+00,3.120000000000000284e+01,0.000000000000000000e+00,0.000000000000000000e+00,-1.000000000000000000e+00
3.428317695487229599e+01,-7.047253215325318010e+00,3.120000000000000284e+01,0.000000000000000000e+00,0.000000000000000000e+00,-1.000000000000000000e+00
3.417900710935689546e+01,-7.536277132545670554e+00,3.120000000000000284e+01,0.000000000000000000e+00,0.000000000000000000e+00,-1.000000000000000000e+00
3.406786207489502516e+01,-8.023763060181240192e+00,3.120000000000000284e+01,0.000000000000000000e+00,0.000000000000000000e+00,-1.000000000000000000e+00
3.394976453376103365e+01,-8.509611512999962102e+00,3.120000000000000284e+01,0.000000000000000000e+00,0.000000000000000000e+00,-1.000000000000000000e+00
3.382473858708403469e+01,-8.993723339942620854e+00,3.120000000000000284e+01,0.000000000000000000e+00,0.000000000000000000e+00,-1.000000000000000000e+00
3.369280974992940259e+01,-9.475999744357423538e+00,3.120000000000000284e+01,0.000000000000000000e+00,0.000000000000000000e+00,-1.000000000000000000e+00
3.355400494609175155e+01,-9.956342304162227208e+00,3.120000000000000284e+01,0.000000000000000000e+00,0.000000000000000000e+00,-1.000000000000000000e+00
3.340835250260029454e+01,-1.043465299193034390e+01,3.120000000000000284e+01,0.000000000000000000e+00,0.000000000000000000e+00,-1.000000000000000000e+00
3.325588214393797415e+01,-1.091083419489579676e+01,3.120000000000000284e+01,0.000000000000000000e+00,0.000000000000000000e+00,-1.000000000000000000e+00
3.309662498597533897e+01,-1.138478873487395049e+01,3.120000000000000284e+01,0.000000000000000000e+00,0.000000000000000000e+00,-1.000000000000000000e+00
3.293061352962045163e+01,-1.185641988809346614e+01,3.120000000000000284e+01,0.000000000000000000e+00,0.000000000000000000e+00,-1.000000000000000000e+00
3.275788165418618547e+01,-1.232563140493549980e+01,3.120000000000000284e+01,0.000000000000000000e+00,0.000000000000000000e+00,-1.000000000000000000e+00
3.257846461047616771e+01,-1.279232752957614849e+01,3.120000000000000284e+01,0.000000000000000000e+00,0.000000000000000000e+00,-1.000000000000000000e+00
3.239239901359090368e+01,-1.325641301952813045e+01,3.120000000000000284e+01,0.000000000000000000e+00,0.000000000000000000e+00,-1.000000000000000000e+00
3.219972283545539682e+01,-1.371779316507769231e+01,3.120000000000000284e+01,0.000000000000000000e+00,0.000000000000000000e+00,-1.000000000000000000e+00
3.200047539706991984e+01,-1.417637380861279262e+01,3.120000000000000284e+01,0.000000000000000000e+00,0.000000000000000000e+00,-1.000000000000000000e+00
3.179469736048546480e+01,-1.463206136383861633e+01,3.120000000000000284e+01,0.000000000000000000e+00,0.000000000000000000e+00,-1.000000000000000000e+00
3.158243072050549216e+01,-1.508476283487648750e+01,3.120000000000000284e+01,0.000000000000000000e+00,0.000000000000000000e+00,-1.000000000000000000e+00
3.136371879611573021e+01,-1.553438583524231298e+01,3.120000000000000284e+01,0.000000000000000000e+00,0.000000000000000000e+00,-1.000000000000000000e+00
3.113860622164368408e+01,-1.598083860670062784e+01,3.120000000000000284e+01,0.000000000000000000e+00,0.000000000000000000e+00,-1.000000000000000000e+00
3.090713893764977982e+01,-1.642403003799045536e+01,3.120000000000000284e+01,0.000000000000000000e+00,0.000000000000000000e+00,-1.000000000000000000e+00
3.066936418155187383e+01,-1.686386968341913217e+01,3.120000000000000284e+01,0.000000000000000000e+00,0.000000000000000000e+00,-1.000000000000000000e+00
3.042533047798513834e+01,-1.730026778132028298e+01,3.120000000000000284e+01,0.000000000000000000e+00,0.000000000000000000e+00,-1.000000000000000000e+00
3.017508762889923801e+01,-1.773313527237223397e+01,3.120000000000000284e+01,0.000000000000000000e+00,0.000000000000000000e+00,-1.000000000000000000e+00
2.991868670339484026e+01,-1.816238381777306543e+01,3.120000000000000284e+01,0.000000000000000000e+00,0.000000000000000000e+00,-1.000000000000000000e+00
2.965618002730153080e+01,-1.858792581726862991e+01,3.120000000000000284e+01,0.000000000000000000e+00,0.000000000000000000e+00,-1.000000000000000000e+00
2.938762117249925865e+01,-1.900967442702986432e+01,3.120000000000000284e+01,0.000000000000000000e+00,0.000000000000000000e+00,-1.000000000000000000e+00
2.911306494598547445e+01,-1.942754357737570103e+01,3.120000000000000284e+01,0.000000000000000000e+00,0.000000000000000000e+00,-1.000000000000000000e+00
2.883256737869021791e+01,-1.984144799033802542e+01,3.120000000000000284e+01,0.000000000000000000e+00,0.000000000000000000e+00,-1.000000000000000000e+00
2.854618571404144234e+01,-2.025130319706503101e+01,3.120000000000000284e+01,0.000000000000000000e+00,0.000000000000000000e+00,-1.000000000000000000e+00
2.825397839628287144e+01,-2.065702555505948723e+01,3.120000000000000284e+01,0.000000000000000000e+00,0.000000000000000000e+00,-1.000000000000000000e+00
2.795600505854681117e+01,-2.105853226524833488e+01,3.120000000000000284e+01,0.000000000000000000e+00,0.000000000000000000e+00,-1.000000000000000000e+00
2.765232651068431480e+01,-2.145574138888016691e+01,3.120000000000000284e+01,0.000000000000000000e+00,0.000000000000000000e+00,-1.000000000000000000e+00
2.734300472685524497e+01,-2.184857186424714115e+01,3.120000000000000284e+01,0.000000000000000000e+00,0.000000000000000000e+00,-1.000000000000000000e+00
2.702810283288067694e+01,-2.223694352322790735e+01,3.120000000000000284e+01,0.000000000000000000e+00,0.000000000000000000e+00,-1.000000000000000000e+00
2.670768509336031471e+01,-2.262077710764816274e+01,3.120000000000000284e+01,0.000000000000000000e+00,0.000000000000000000e+00,-1.000000000000000000e+00
2.638181689855748147e+01,-2.299999428545552504e+01,3.120000000000000284e+01,0.000000000000000000e+00,0.000000000000000000e+00,-1.000000000000000000e+00
2.605056475105438807e+01,-2.337451766670539399e+01,3.120000000000000284e+01,0.000000000000000000e+00,0.000000000000000000e+00,-1.000000000000000000e+00
2.571399625218043283e+01,-2.374427081935452222e+01,3.120000000000000284e+01,0.000000000000000000e+00,0.000000000000000000e+00,-1.000000000000000000e+00
2.537218008821621140e+01,-2.410917828485916914e+01,3.120000000000000284e+01,0.000000000000000000e+00,0.000000000000000000e+00,-1.000000000000000000e+00
2.502518601637617124e+01,-2.446916559357450538e+01,3.120000000000000284e+01,0.000000000000000000e+00,0.000000000000000000e+00,-1.000000000000000000e+00
2.467308485057269252e+01,-2.482415927995226568e+01,3.120000000000000284e+01,0.000000000000000000e+00,0.000000000000000000e+00,-1.000000000000000000e+00
2.431594844696449087e+01,-2.517408689753344930e+01,3.120000000000000284e+01,0.000000000000000000e+00,0.000000000000000000e+00,-1.000000000000000000e+00
2.395384968929236180e+01,-2.551887703373305527e+01,3.120000000000000284e+01,0.000000000000000000e+00,0.000000000000000000e+00,-1.000000000000000000e+00
2.358686247400519775e+01,-2.585845932441384676e+01,3.120000000000000284e+01,0.000000000000000000e+00,0.000000000000000000e+00,-1.000000000000000000e+00
2.321506169517933671e+01,-2.619276446824613203e+01,3.120000000000000284e+01,0.000000000000000000e+00,0.000000000000000000e+00,-1.000000000000000000e+00
2.283852322923431544e+01,-2.652172424085064151e+01,3.120000000000000284e+01,0.000000000000000000e+00,0.000000000000000000e+00,-1.000000000000000000e+00
2.245732391944815021e+01,-2.684527150872164469e+01,3.120000000000000284e+01,0.000000000000000000e+00,0.000000000000000000e+00,-1.000000000000000000e+00
2.207154156027529623e+01,-2.716334024292742200e+01,3.120000000000000284e+01,0.000000000000000000e+00,0.000000000000000000e+00,-1.000000000000000000e+00
2.168125488147050461e+01,-2.747586553258534536e+01,3.120000000000000284e+01,0.000000000000000000e+00,0.000000000000000000e+00,-1.000000000000000000e+00
2.128654353202180616e+01,-2.778278359810875031e+01,3.120000000000000284e+01,0.000000000000000000e+00,0.000000000000000000e+00,-1.000000000000000000e+00
2.088748806389587642e+01,-2.808403180422297041e+01,3.120000000000000284e+01,0.000000000000000000e+00,0.000000000000000000e+00,-1.000000000000000000e+00
2.048416991559914635e+01,-2.837954867274782700e+01,3.120000000000000284e+01,0.000000000000000000e+00,0.000000000000000000e+00,-1.000000000000000000e+00
2.007667139555797675e+01,-2.866927389514397717e+01,3.120000000000000284e+01,0.000000000000000000e+00,0.000000000000000000e+00,-1.000000000000000000e+00
1.966507566532132500e+01,-2.895314834482058686e+01,3.120000000000000284e+01,0.000000000000000000e+00,0.000000000000000000e+00,-1.000000000000000000e+00
1.924946672258925773e+01,-2.923111408920174625e+01,3.120000000000000284e+01,0.000000000000000000e+00,0.000000000000000000e+00,-1.000000000000000000e+00
1.882992938407087635e+01,-2.950311440154927567e+01,3.120000000000000284e+01,0.000000000000000000e+00,0.000000000000000000e+00,-1.000000000000000000e+00
1.840654926817506976e+01,-2.976909377253939226e+01,3.120000000000000284e+01,0.000000000000000000e+00,0.000000000000000000e+00,-1.000000000000000000e+00
1.797941277753768929e+01,-3.002899792159096393e+01,3.120000000000000284e+01,0.000000000000000000e+00,0.000000000000000000e+00,-1.000000000000000000e+00
1.754860708138861369e+01,-3.028277380794298068e+01,3.120000000000000284e+01,0.000000000000000000e+00,0.000000000000000000e+00,-1.000000000000000000e+00
1.711422009776245190e+01,-3.053036964147901955e+01,3.120000000000000284e+01,0.000000000000000000e+00,0.000000000000000000e+00,-1.000000000000000000e+00
1.667634047555637622e+01,-3.077173489329647893e+01,3.120000000000000284e+01,0.000000000000000000e+00,0.000000000000000000e+00,-1.000000000000000000e+00
1.623505757643881964e+01,-3.100682030601842598e+01,3.120000000000000284e+01,0.000000000000000000e+00,0.000000000000000000e+00,-1.000000000000000000e+00
1.579046145661271616e+01,-3.123557790384593247e+01,3.120000000000000284e+01,0.000000000000000000e+00,0.000000000000000000e+00,-1.000000000000000000e+00
1.534264284843698256e+01,-3.145796100234892378e+01,3.120000000000000284e+01,0.000000000000000000e+00,0.000000000000000000e+00,-1.000000000000000000e+00
1.489169314191004290e+01,-3.167392421799340951e+01,3.120000000000000284e+01,0.000000000000000000e+00,0.000000000000000000e+00,-1.000000000000000000e+00
1.443770436601911378e+01,-3.188342347740331206e+01,3.120000000000000284e+01,0.000000000000000000e+00,0.000000000000000000e+00,-1.000000000000000000e+00
1.398076916995910501e+01,-3.208641602635484702e+01,3.120000000000000284e+01,0.000000000000000000e+00,0.000000000000000000e+00,-1.000000000000000000e+00
1.352098080422493176e+01,-3.228286043850174281e+01,3.120000000000000284e+01,0.000000000000000000e+00,0.000000000000000000e+00,-1.000000000000000000e+00
1.305843310158113901e+01,-3.247271662382945578e+01,3.120000000000000284e+01,0.000000000000000000e+00,0.000000000000000000e+00,-1.000000000000000000e+00
1.259322045791267541e+01,-3.265594583683665775e+01,3.120000000000000284e+01,0.000000000000000000e+00,0.000000000000000000e+00,-1.000000000000000000e+00
1.212543781296075096e+01,-3.283251068444236154e+01,3.120000000000000284e+01,0.000000000000000000e+00,0.000000000000000000e+00,-1.000000000000000000e+00
1.165518063094771861e+01,-3.300237513361699371e+01,3.120000000000000284e+01,0.000000000000000000e+00,0.000000000000000000e+00,-1.000000000000000000e+00
1.118254488109490197e+01,-3.316550451873600025e+01,3.120000000000000284e+01,0.000000000000000000e+00,0.000000000000000000e+00,-1.000000000000000000e+00
1.070762701803738004e+01,-3.332186554865432271e+01,3.120000000000000284e+01,0.000000000000000000e+00,0.000000000000000000e+00,-1.000000000000000000e+00
1.023052396213970106e+01,-3.347142631350037334e+01,3.120000000000000284e+01,0.000000000000000000e+00,0.000000000000000000e+00,-1.000000000000000000e+00
9.751333079716545171e+00,-3.361415629118817350e+01,3.120000000000000284e+01,0.000000000000000000e+00,0.000000000000000000e+00,-1.000000000000000000e+00
9.270152163162403980e+00,-3.375002635364623416e+01,3.120000000000000284e+01,0.000000000000000000e+00,0.000000000000000000e+00,-1.000000000000000000e+00
8.787079410994262929e+00,-3.387900877276194223e+01,3.120000000000000284e+01,0.000000000000000000e+00,0.000000000000000000e+00,-1.000000000000000000e+00
8.302213407811454005e+00,-3.400107722604028737e+01,3.120000000000000284e+01,0.000000000000000000e+00,0.000000000000000000e+00,-1.000000000000000000e+00
7.815653104176671029e+00,-3.411620680197570721e+01,3.120000000000000284e+01,0.000000000000000000e+00,0.000000000000000000e+00,-1.000000000000000000e+00
7.327497796422335341e+00,-3.422437400513595662e+01,3.120000000000000284e+01,0.000000000000000000e+00,0.000000000000000000e+00,-1.000000000000000000e+00
6.837847106386375273e+00,-3.432555676095704200e+01,3.120000000000000284e+01,0.000000000000000000e+00,0.000000000000000000e+00,-1.000000000000000000e+00
6.346800961081584980e+00,-3.441973442024813323e+01,3.120000000000000284e+01,0.000000000000000000e+00,0.000000000000000000e+00,-1.000000000000000000e+00
5.854459572302710413e+00,-3.450688776340562924e+01,3.120000000000000284e+01,0.000000000000000000e+00,0.000000000000000000e+00,-1.000000000000000000e+00
5.360923416175397804e+00,-3.458699900433546048e+01,3.120000000000000284e+01,0.000000000000000000e+00,0.000000000000000000e+00,-1.000000000000000000e+00
4.866293212651222611e+00,-3.466005179408283254e+01,3.120000000000000284e+01,0.000000000000000000e+00,0.000000000000000000e+00,-1.000000000000000000e+00
4.370669904952938722e+00,-3.472603122416868615e+01,3.120000000000000284e+01,0.000000000000000000e+00,0.000000000000000000e+00,-1.000000000000000000e+00
3.962112481875650349e+00,-3.477501494868068477e+01,3.120000000000000284e+01,0.000000000000000000e+00,0.000000000000000000e+00,-1.000000000000000000e+00
