1.650000000000000000e+03,-1.200000000000000000e+03,-2.180000000000000000e+02,0.000000000000000000e+00,0.000000000000000000e+00,1.000000000000000000e+00
1.650000000000000000e+03,-1.200502512562813990e+03,-2.180000000000000000e+02,0.000000000000000000e+00,0.000000000000000000e+00,1.000000000000000000e+00
1.650000000000000000e+03,-1.201005025125628208e+03,-2.180000000000000000e+02,0.000000000000000000e+00,0.000000000000000000e+00,1.000000000000000000e+00
1.650000000000000000e+03,-1.201507537688442198e+03,-2.180000000000000000e+02,0.000000000000000000e+00,0.000000000000000000e+00,1.000000000000000000e+00
1.650000000000000000e+03,-1.202010050251256189e+03,-2.180000000000000000e+02,0.000000000000000000e+00,0.000000000000000000e+00,1.000000000000000000e+00
1.650000000000000000e+03,-1.202512562814070407e+03,-2.180000000000000000e+02,0.000000000000000000e+00,0.000000000000000000e+00,1.000000000000000000e+00
1.650000000000000000e+03,-1.203015075376884397e+03,-2.180000000000000000e+02,0.000000000000000000e+00,0.000000000000000000e+00,1.000000000000000000e+00
1.650000000000000000e+03,-1.203517587939698387e+03,-2.180000000000000000e+02,0.000000000000000000e+00,0.000000000000000000e+00,1.000000000000000000e+00
1.650000000000000000e+03,-1.204020100502512605e+03,-2.180000000000000000e+02,0.000000000000000000e+00,0.000000000000000000e+00,1.000000000000000000e+00
1.650000000000000000e+03,-1.204522613065326595e+03,-2.180000000000000000e+02,0.000000000000000000e+00,0.000000000000000000e+00,1.000000000000000000e+00
1.650000000000000000e+03,-1.205025125628140813e+03,-2.180000000000000000e+02,0.000000000000000000e+00,0.000000000000000000e+00,1.000000000000000000e+00
1.650000000000000000e+03,-1.205527638190954804e+03,-2.180000000000000000e+02,0.000000000000000000e+00,0.000000000000000000e+00,1.000000000000000000e+00
1.650000000000000000e+03,-1.206030150753768794e+03,-2.180000000000000000e+02,0.000000000000000000e+00,0.000000000000000000e+00,1.000000000000000000e+00
1.650000000000000000e+03,-1.206532663316583012e+03,-2.180000000000000000e+02,0.000000000000000000e+00,0.000000000000000000e+00,1.000000000000000000e+00
1.650000000000000000e+03,-1.207035175879397002e+03,-2.180000000000000000e+02,0.000000000000000000e+00,0.000000000000000000e+00,1.000000000000000000e+00
1.650000000000000000e+03,-1.207537688442210992e+03,-2.180000000000000000e+02,0.000000000000000000e+00,0.000000000000000000e+00,1.000000000000000000e+00
1.650000000000000000e+03,-1.208040201005025210e+03,-2.180000000000000000e+02,0.000000000000000000e+00,0.000000000000000000e+00,1.000000000000000000e+00
1.650000000000000000e+03,-1.208542713567839201e+03,-2.180000000000000000e+02,0.000000000000000000e+00,0.000000000000000000e+00,1.000000000000000000e+00
1.650000000000000000e+03,-1.209045226130653191e+03,-2.180000000000000000e+02,0.000000000000000000e+00,0.000000000000000000e+00,1.000000000000000000e+00
1.650000000000000000e+03,-1.209547738693467409e+03,-2.180000000000000000e+02,0.000000000000000000e+00,0.000000000000000000e+00,1.000000000000000000e+00
1.650000000000000000e+03,-1.210050251256281399e+03,-2.180000000000000000e+02,0.000000000000000000e+00,0.000000000000000000e+00,1.000000000000000000e+00
1.650000000000000000e+03,-1.210552763819095389e+03,-2.180000000000000000e+02,0.000000000000000000e+00,0.000000000000000000e+00,1.000000000000000000e+00
1.650000000000000000e+03,-1.211055276381909607e+03,-2.180000000000000000e+02,0.000000000000000000e+00,0.000000000000000000e+00,1.000000000000000000e+00
1.650000000000000000e+03,-1.211557788944723598e+03,-2.180000000000000000e+02,0.000000000000000000e+00,0.000000000000000000e+00,1.000000000000000000e+00
1.650000000000000000e+03,-1.212060301507537588e+03,-2.180000000000000000e+02,0.000000000000000000e+00,0.000000000000000000e+00,1.000000000000000000e+00
1.650000000000000000e+03,-1.212562814070351806e+03,-2.180000000000000000e+02,0.000000000000000000e+00,0.000000000000000000e+00,1.000000000000000000e+00
1.650000000000000000e+03,-1.213065326633165796e+03,-2.180000000000000000e+02,0.000000000000000000e+00,0.000000000000000000e+00,1.000000000000000000e+00
1.650000000000000000e+03,-1.213567839195980014e+03,-2.180000000000000000e+02,0.000000000000000000e+00,0.000000000000000000e+00,1.000000000000000000e+00
1.650000000000000000e+03,-1.214070351758794004e+03,-2.180000000000000000e+02,0.000000000000000000e+00,0.000000000000000000e+00,1.000000000000000000e+00
1.650000000000000000e+03,-1.214572864321607994e+03,-2.180000000000000000e+02,0.000000000000000000e+00,0.000000000000000000e+00,1.000000000000000000e+00
1.650000000000000000e+03,-1.215075376884422212e+03,-2.180000000000000000e+02,0.000000000000000000e+00,0.000000000000000000e+00,1.000000000000000000e+00
1.650000000000000000e+03,-1.215577889447236203e+03,-2.180000000000000000e+02,0.000000000000000000e+00,0.000000000000000000e+00,1.000000000000000000e+00
1.650000000000000000e+03,-1.216080402010050193e+03,-2.180000000000000000e+02,0.000000000000000000e+00,0.000000000000000000e+00,1.000000000000000000e+00
1.650000000000000000e+03,-1.216582914572864411e+03,-2.180000000000000000e+02,0.000000000000000000e+00,0.000000000000000000e+00,1.000000000000000000e+00
1.650000000000000000e+03,-1.217085427135678401e+03,-2.180000000000000000e+02,0.000000000000000000e+00,0.000000000000000000e+00,1.000000000000000000e+00
1.650000000000000000e+03,-1.217587939698492391e+03,-2.180000000000000000e+02,0.000000000000000000e+00,0.000000000000000000e+00,1.000000000000000000e+00
1.650000000000000000e+03,-1.218090452261306609e+03,-2.180000000000000000e+02,0.000000000000000000e+00,0.000000000000000000e+00,1.000000000000000000e+00
1.650000000000000000e+03,-1.218592964824120600e+03,-2.180000000000000000e+02,0.000000000000000000e+00,0.000000000000000000e+00,1.000000000000000000e+00
1.650000000000000000e+03,-1.219095477386934590e+03,-2.180000000000000000e+02,0.000000000000000000e+00,0.000000000000000000e+00,1.000000000000000000e+00
1.650000000000000000e+03,-1.219597989949748808e+03,-2.180000000000000000e+02,0.000000000000000000e+00,0.000000000000000000e+00,1.000000000000000000e+00
1.650000000000000000e+03,-1.220100502512562798e+03,-2.180000000000000000e+02,0.000000000000000000e+00,0.000000000000000000e+00,1.000000000000000000e+00
1.650000000000000000e+03,-1.220603015075376788e+03,-2.180000000000000000e+02,0.000000000000000000e+00,0.000000000000000000e+00,1.000000000000000000e+00
1.650000000000000000e+03,-1.221105527638191006e+03,-2.180000000000000000e+02,0.000000000000000000e+00,0.000000000000000000e+00,1.000000000000000000e+00
1.650000000000000000e+03,-1.221608040201004997e+03,-2.180000000000000000e+02,0.000000000000000000e+00,0.000000000000000000e+00,1.000000000000000000e+00
1.650000000000000000e+03,-1.222110552763819214e+03,-2.180000000000000000e+02,0.000000000000000000e+00,0.000000000000000000e+00,1.000000000000000000e+00
1.650000000000000000e+03,-1.222613065326633205e+03,-2.180000000000000000e+02,0.000000000000000000e+00,0.000000000000000000e+00,1.000000000000000000e+00
1.650000000000000000e+03,-1.223115577889447195e+03,-2.180000000000000000e+02,0.000000000000000000e+00,0.000000000000000000e+00,1.000000000000000000e+00
1.650000000000000000e+03,-1.223618090452261185e+03,-2.180000000000000000e+02,0.000000000000000000e+00,0.000000000000000000e+00,1.000000000000000000e+00
1.650000000000000000e+03,-1.224120603015075403e+03,-2.180000000000000000e+02,0.000000000000000000e+00,0.000000000000000000e+00,1.000000000000000000e+00
1.650000000000000000e+03,-1.224623115577889394e+03,-2.180000000000000000e+02,0.000000000000000000e+00,0.000000000000000000e+00,1.000000000000000000e+00
1.650000000000000000e+03,-1.225125628140703611e+03,-2.180000000000000000e+02,0.000000000000000000e+00,0.000000000000000000e+00,1.000000000000000000e+00
1.650000000000000000e+03,-1.225628140703517602e+03,-2.180000000000000000e+02,0.000000000000000000e+00,0.000000000000000000e+00,1.000000000000000000e+00
1.650000000000000000e+03,-1.226130653266331592e+03,-2.180000000000000000e+02,0.000000000000000000e+00,0.000000000000000000e+00,1.000000000000000000e+00
1.650000000000000000e+03,-1.226633165829145810e+03,-2.180000000000000000e+02,0.000000000000000000e+00,0.000000000000000000e+00,1.000000000000000000e+00
1.650000000000000000e+03,-1.227135678391959800e+03,-2.180000000000000000e+02,0.000000000000000000e+00,0.000000000000000000e+00,1.000000000000000000e+00
1.650000000000000000e+03,-1.227638190954773791e+03,-2.180000000000000000e+02,0.000000000000000000e+00,0.000000000000000000e+00,1.000000000000000000e+00
1.650000000000000000e+03,-1.228140703517588008e+03,-2.180000000000000000e+02,0.000000000000000000e+00,0.000000000000000000e+00,1.000000000000000000e+00
1.650000000000000000e+03,-1.228643216080401999e+03,-2.180000000000000000e+02,0.000000000000000000e+00,0.000000000000000000e+00,1.000000000000000000e+00
1.650000000000000000e+03,-1.229145728643215989e+03,-2.180000000000000000e+02,0.000000000000000000e+00,0.000000000000000000e+00,1.000000000000000000e+00
1.650000000000000000e+03,-1.229648241206030207e+03,-2.180000000000000000e+02,0.000000000000000000e+00,0.000000000000000000e+00,1.000000000000000000e+00
1.650000000000000000e+03,-1.230150753768844197e+03,-2.180000000000000000e+02,0.000000000000000000e+00,0.000000000000000000e+00,1.000000000000000000e+00
1.650000000000000000e+03,-1.230653266331658187e+03,-2.180000000000000000e+02,0.000000000000000000e+00,0.000000000000000000e+00,1.000000000000000000e+00
1.650000000000000000e+03,-1.231155778894472405e+03,-2.180000000000000000e+02,0.000000000000000000e+00,0.000000000000000000e+00,1.000000000000000000e+00
1.650000000000000000e+03,-1.231658291457286396e+03,-2.180000000000000000e+02,0.000000000000000000e+00,0.000000000000000000e+00,1.000000000000000000e+00
1.650000000000000000e+03,-1.232160804020100386e+03,-2.180000000000000000e+02,0.000000000000000000e+00,0.000000000000000000e+00,1.000000000000000000e+00
1.650000000000000000e+03,-1.232663316582914604e+03,-2.180000000000000000e+02,0.000000000000000000e+00,0.000000000000000000e+00,1.000000000000000000e+00
1.650000000000000000e+03,-1.233165829145728594e+03,-2.180000000000000000e+02,0.000000000000000000e+00,0.000000000000000000e+00,1.000000000000000000e+00
1.650000000000000000e+03,-1.233668341708542812e+03,-2.180000000000000000e+02,0.000000000000000000e+00,0.000000000000000000e+00,1.000000000000000000e+00
1.650000000000000000e+03,-1.234170854271356802e+03,-2.180000000000000000e+02,0.000000000000000000e+00,0.000000000000000000e+00,1.000000000000000000e+00
1.650000000000000000e+03,-1.234673366834170793e+03,-2.180000000000000000e+02,0.000000000000000000e+00,0.000000000000000000e+00,1.000000000000000000e+00
1.650000000000000000e+03,-1.235175879396985010e+03,-2.180000000000000000e+02,0.000000000000000000e+00,0.000000000000000000e+00,1.000000000000000000e+00
1.650000000000000000e+03,-1.235678391959799001e+03,-2.180000000000000000e+02,0.000000000000000000e+00,0.000000000000000000e+00,1.000000000000000000e+00
1.650000000000000000e+03,-1.236180904522612991e+03,-2.180000000000000000e+02,0.000000000000000000e+00,0.000000000000000000e+00,1.000000000000000000e+00
1.650000000000000000e+03,-1.236683417085427209e+03,-2.180000000000000000e+02,0.000000000000000000e+00,0.000000000000000000e+00,1.000000000000000000e+00
1.650000000000000000e+03,-1.237185929648241199e+03,-2.180000000000000000e+02,0.000000000000000000e+00,0.000000000000000000e+00,1.000000000000000000e+00
1.650000000000000000e+03,-1.237688442211055190e+03,-2.180000000000000000e+02,0.000000000000000000e+00,0.000000000000000000e+00,1.000000000000000000e+00
1.650000000000000000e+03,-1.238190954773869407e+03,-2.180000000000000000e+02,0.000000000000000000e+00,0.000000000000000000e+00,1.000000000000000000e+00
1.650000000000000000e+03,-1.238693467336683398e+03,-2.180000000000000000e+02,0.000000000000000000e+00,0.000000000000000000e+00,1.000000000000000000e+00
1.650000000000000000e+03,-1.239195979899497388e+03,-2.180000000000000000e+02,0.000000000000000000e+00,0.000000000000000000e+00,1.000000000000000000e+00
1.650000000000000000e+03,-1.239698492462311606e+03,-2.180000000000000000e+02,0.000000000000000000e+00,0.000000000000000000e+00,1.000000000000000000e+00
1.650000000000000000e+03,-1.240201005025125596e+03,-2.180000000000000000e+02,0.000000000000000000e+00,0.000000000000000000e+00,1.000000000000000000e+00
1.650000000000000000e+03,-1.240703517587939587e+03,-2.180000000000000000e+02,0.000000000000000000e+00,0.000000000000000000e+00,1.000000000000000000e+00
1.650000000000000000e+03,-1.241206030150753804e+03,-2.180000000000000000e+02,0.000000000000000000e+00,0.000000000000000000e+00,1.000000000000000000e+00
1.650000000000000000e+03,-1.241708542713567795e+03,-2.180000000000000000e+02,0.000000000000000000e+00,0.000000000000000000e+00,1.000000000000000000e+00
1.650000000000000000e+03,-1.242211055276382012e+03,-2.180000000000000000e+02,0.000000000000000000e+00,0.000000000000000000e+00,1.000000000000000000e+00
1.650000000000000000e+03,-1.242713567839196003e+03,-2.180000000000000000e+02,0.000000000000000000e+00,0.000000000000000000e+00,1.000000000000000000e+00
1.650000000000000000e+03,-1.243216080402009993e+03,-2.180000000000000000e+02,0.000000000000000000e+00,0.000000000000000000e+00,1.000000000000000000e+00
1.650000000000000000e+03,-1.243718592964824211e+03,-2.180000000000000000e+02,0.000000000000000000e+00,0.000000000000000000e+00,1.000000000000000000e+00
1.650000000000000000e+03,-1.244221105527638201e+03,-2.180000000000000000e+02,0.000000000000000000e+00,0.000000000000000000e+00,1.000000000000000000e+00
1.650000000000000000e+03,-1.244723618090452192e+03,-2.180000000000000000e+02,0.000000000000000000e+00,0.000000000000000000e+00,1.000000000000000000e+00
1.650000000000000000e+03,-1.245226130653266409e+03,-2.180000000000000000e+02,0.000000000000000000e+00,0.000000000000000000e+00,1.000000000000000000e+00
1.650000000000000000e+03,-1.245728643216080400e+03,-2.180000000000000000e+02,0.000000000000000000e+00,0.000000000000000000e+00,1.000000000000000000e+00
1.650000000000000000e+03,-1.246231155778894390e+03,-2.180000000000000000e+02,0.000000000000000000e+00,0.000000000000000000e+00,1.000000000000000000e+00
1.650000000000000000e+03,-1.246733668341708608e+03,-2.180000000000000000e+02,0.000000000000000000e+00,0.000000000000000000e+00,1.000000000000000000e+00
1.650000000000000000e+03,-1.247236180904522598e+03,-2.180000000000000000e+02,0.000000000000000000e+00,0.000000000000000000e+00,1.000000000000000000e+00
1.650000000000000000e+03,-1.247738693467336589e+03,-2.180000000000000000e+02,0.000000000000000000e+00,0.000000000000000000e+00,1.000000000000000000e+00
1.650000000000000000e+03,-1.248241206030150806e+03,-2.180000000000000000e+02,0.000000000000000000e+00,0.000000000000000000e+00,1.000000000000000000e+00
1.650000000000000000e+03,-1.248743718592964797e+03,-2.180000000000000000e+02,0.000000000000000000e+00,0.000000000000000000e+00,1.000000000000000000e+00
1.650000000000000000e+03,-1.249246231155778787e+03,-2.180000000000000000e+02,0.000000000000000000e+00,0.000000000000000000e+00,1.000000000000000000e+00
1.650000000000000000e+03,-1.249748743718593005e+03,-2.180000000000000000e+02,0.000000000000000000e+00,0.000000000000000000e+00,1.000000000000000000e+00
1.650000000000000000e+03,-1.250251256281406995e+03,-2.180000000000000000e+02,0.000000000000000000e+00,0.000000000000000000e+00,1.000000000000000000e+00
1.650000000000000000e+03,-1.250753768844221213e+03,-2.180000000000000000e+02,0.000000000000000000e+00,0.000000000000000000e+00,1.000000000000000000e+00
1.650000000000000000e+03,-1.251256281407035203e+03,-2.180000000000000000e+02,0.000000000000000000e+00,0.000000000000000000e+00,1.000000000000000000e+00
1.650000000000000000e+03,-1.251758793969849194e+03,-2.180000000000000000e+02,0.000000000000000000e+00,0.000000000000000000e+00,1.000000000000000000e+00
1.650000000000000000e+03,-1.252261306532663411e+03,-2.180000000000000000e+02,0.000000000000000000e+00,0.000000000000000000e+00,1.000000000000000000e+00
1.650000000000000000e+03,-1.252763819095477402e+03,-2.180000000000000000e+02,0.000000000000000000e+00,0.000000000000000000e+00,1.000000000000000000e+00
1.650000000000000000e+03,-1.253266331658291392e+03,-2.180000000000000000e+02,0.000000000000000000e+00,0.000000000000000000e+00,1.000000000000000000e+00
1.650000000000000000e+03,-1.253768844221105610e+03,-2.180000000000000000e+02,0.000000000000000000e+00,0.000000000000000000e+00,1.000000000000000000e+00
1.650000000000000000e+03,-1.254271356783919600e+03,-2.180000000000000000e+02,0.000000000000000000e+00,0.000000000000000000e+00,1.000000000000000000e+00
1.650000000000000000e+03,-1.254773869346733591e+03,-2.180000000000000000e+02,0.000000000000000000e+00,0.000000000000000000e+00,1.000000000000000000e+00
1.650000000000000000e+03,-1.255276381909547808e+03,-2.180000000000000000e+02,0.000000000000000000e+00,0.000000000000000000e+00,1.000000000000000000e+00
1.650000000000000000e+03,-1.255778894472361799e+03,-2.180000000000000000e+02,0.000000000000000000e+00,0.000000000000000000e+00,1.000000000000000000e+00
1.650000000000000000e+03,-1.256281407035175789e+03,-2.180000000000000000e+02,0.000000000000000000e+00,0.000000000000000000e+00,1.000000000000000000e+00
1.650000000000000000e+03,-1.256783919597990007e+03,-2.180000000000000000e+02,0.000000000000000000e+00,0.000000000000000000e+00,1.000000000000000000e+00
1.650000000000000000e+03,-1.257286432160803997e+03,-2.180000000000000000e+02,0.000000000000000000e+00,0.000000000000000000e+00,1.000000000000000000e+00
1.650000000000000000e+03,-1.257788944723617988e+03,-2.180000000000000000e+02,0.000000000000000000e+00,0.000000000000000000e+00,1.000000000000000000e+00
1.650000000000000000e+03,-1.258291457286432205e+03,-2.180000000000000000e+02,0.000000000000000000e+00,0.000000000000000000e+00,1.000000000000000000e+00
1.650000000000000000e+03,-1.258793969849246196e+03,-2.180000000000000000e+02,0.000000000000000000e+00,0.000000000000000000e+00,1.000000000000000000e+00
1.650000000000000000e+03,-1.259296482412060413e+03,-2.180000000000000000e+02,0.000000000000000000e+00,0.000000000000000000e+00,1.000000000000000000e+00
1.650000000000000000e+03,-1.259798994974874404e+03,-2.180000000000000000e+02,0.000000000000000000e+00,0.000000000000000000e+00,1.000000000000000000e+00
1.650000000000000000e+03,-1.260301507537688394e+03,-2.180000000000000000e+02,0.000000000000000000e+00,0.000000000000000000e+00,1.000000000000000000e+00
1.650000000000000000e+03,-1.260804020100502612e+03,-2.180000000000000000e+02,0.000000000000000000e+00,0.000000000000000000e+00,1.000000000000000000e+00
1.650000000000000000e+03,-1.261306532663316602e+03,-2.180000000000000000e+02,0.000000000000000000e+00,0.000000000000000000e+00,1.000000000000000000e+00
1.650000000000000000e+03,-1.261809045226130593e+03,-2.180000000000000000e+02,0.000000000000000000e+00,0.000000000000000000e+00,1.000000000000000000e+00
1.650000000000000000e+03,-1.262311557788944810e+03,-2.180000000000000000e+02,0.000000000000000000e+00,0.000000000000000000e+00,1.000000000000000000e+00
1.650000000000000000e+03,-1.262814070351758801e+03,-2.180000000000000000e+02,0.000000000000000000e+00,0.000000000000000000e+00,1.000000000000000000e+00
1.650000000000000000e+03,-1.263316582914572791e+03,-2.180000000000000000e+02,0.000000000000000000e+00,0.000000000000000000e+00,1.000000000000000000e+00
1.650000000000000000e+03,-1.263819095477387009e+03,-2.180000000000000000e+02,0.000000000000000000e+00,0.000000000000000000e+00,1.000000000000000000e+00
1.650000000000000000e+03,-1.264321608040200999e+03,-2.180000000000000000e+02,0.000000000000000000e+00,0.000000000000000000e+00,1.000000000000000000e+00
1.650000000000000000e+03,-1.264824120603014990e+03,-2.180000000000000000e+02,0.000000000000000000e+00,0.000000000000000000e+00,1.000000000000000000e+00
1.650000000000000000e+03,-1.265326633165829207e+03,-2.180000000000000000e+02,0.000000000000000000e+00,0.000000000000000000e+00,1.000000000000000000e+00
1.650000000000000000e+03,-1.265829145728643198e+03,-2.180000000000000000e+02,0.000000000000000000e+00,0.000000000000000000e+00,1.000000000000000000e+00
1.650000000000000000e+03,-1.266331658291457188e+03,-2.180000000000000000e+02,0.000000000000000000e+00,0.000000000000000000e+00,1.000000000000000000e+00
1.650000000000000000e+03,-1.266834170854271406e+03,-2.180000000000000000e+02,0.000000000000000000e+00,0.000000000000000000e+00,1.000000000000000000e+00
1.650000000000000000e+03,-1.267336683417085396e+03,-2.180000000000000000e+02,0.000000000000000000e+00,0.000000000000000000e+00,1.000000000000000000e+00
1.650000000000000000e+03,-1.267839195979899387e+03,-2.180000000000000000e+02,0.000000000000000000e+00,0.000000000000000000e+00,1.000000000000000000e+00
1.650000000000000000e+03,-1.268341708542713604e+03,-2.180000000000000000e+02,0.000000000000000000e+00,0.000000000000000000e+00,1.000000000000000000e+00
1.650000000000000000e+03,-1.268844221105527595e+03,-2.180000000000000000e+02,0.000000000000000000e+00,0.000000000000000000e+00,1.000000000000000000e+00
1.650000000000000000e+03,-1.269346733668341585e+03,-2.180000000000000000e+02,0.000000000000000000e+00,0.000000000000000000e+00,1.000000000000000000e+00
1.650000000000000000e+03,-1.269849246231155803e+03,-2.180000000000000000e+02,0.000000000000000000e+00,0.000000000000000000e+00,1.000000000000000000e+00
1.650000000000000000e+03,-1.270351758793969793e+03,-2.180000000000000000e+02,0.000000000000000000e+00,0.000000000000000000e+00,1.000000000000000000e+00
1.650000000000000000e+03,-1.270854271356784011e+03,-2.180000000000000000e+02,0.000000000000000000e+00,0.000000000000000000e+00,1.000000000000000000e+00
1.650000000000000000e+03,-1.271356783919598001e+03,-2.180000000000000000e+02,0.000000000000000000e+00,0.000000000000000000e+00,1.000000000000000000e+00
1.650000000000000000e+03,-1.271859296482411992e+03,-2.180000000000000000e+02,0.000000000000000000e+00,0.000000000000000000e+00,1.000000000000000000e+00
1.650000000000000000e+03,-1.272361809045226209e+03,-2.180000000000000000e+02,0.000000000000000000e+00,0.000000000000000000e+00,1.000000000000000000e+00
1.650000000000000000e+03,-1.272864321608040200e+03,-2.180000000000000000e+02,0.000000000000000000e+00,0.000000000000000000e+00,1.000000000000000000e+00
1.650000000000000000e+03,-1.273366834170854190e+03,-2.180000000000000000e+02,0.000000000000000000e+00,0.000000000000000000e+00,1.000000000000000000e+00
1.650000000000000000e+03,-1.273869346733668408e+03,-2.180000000000000000e+02,0.000000000000000000e+00,0.000000000000000000e+00,1.000000000000000000e+00
1.650000000000000000e+03,-1.274371859296482398e+03,-2.180000000000000000e+02,0.000000000000000000e+00,0.000000000000000000e+00,1.000000000000000000e+00
1.650000000000000000e+03,-1.274874371859296389e+03,-2.180000000000000000e+02,0.000000000000000000e+00,0.000000000000000000e+00,1.000000000000000000e+00
1.650000000000000000e+03,-1.275376884422110606e+03,-2.180000000000000000e+02,0.000000000000000000e+00,0.000000000000000000e+00,1.000000000000000000e+00
1.650000000000000000e+03,-1.275879396984924597e+03,-2.180000000000000000e+02,0.000000000000000000e+00,0.000000000000000000e+00,1.000000000000000000e+00
1.650000000000000000e+03,-1.276381909547738587e+03,-2.180000000000000000e+02,0.000000000000000000e+00,0.000000000000000000e+00,1.000000000000000000e+00
1.650000000000000000e+03,-1.276884422110552805e+03,-2.180000000000000000e+02,0.000000000000000000e+00,0.000000000000000000e+00,1.000000000000000000e+00
1.650000000000000000e+03,-1.277386934673366795e+03,-2.180000000000000000e+02,0.000000000000000000e+00,0.000000000000000000e+00,1.000000000000000000e+00
1.650000000000000000e+03,-1.277889447236180786e+03,-2.180000000000000000e+02,0.000000000000000000e+00,0.000000000000000000e+00,1.000000000000000000e+00
1.650000000000000000e+03,-1.278391959798995003e+03,-2.180000000000000000e+02,0.000000000000000000e+00,0.000000000000000000e+00,1.000000000000000000e+00
1.650000000000000000e+03,-1.278894472361808994e+03,-2.180000000000000000e+02,0.000000000000000000e+00,0.000000000000000000e+00,1.000000000000000000e+00
1.650000000000000000e+03,-1.279396984924623212e+03,-2.180000000000000000e+02,0.000000000000000000e+00,0.000000000000000000e+00,1.000000000000000000e+00
1.650000000000000000e+03,-1.279899497487437202e+03,-2.180000000000000000e+02,0.000000000000000000e+00,0.000000000000000000e+00,1.000000000000000000e+00
1.650000000000000000e+03,-1.280402010050251192e+03,-2.180000000000000000e+02,0.000000000000000000e+00,0.000000000000000000e+00,1.000000000000000000e+00
1.650000000000000000e+03,-1.280904522613065410e+03,-2.180000000000000000e+02,0.000000000000000000e+00,0.000000000000000000e+00,1.000000000000000000e+00
1.650000000000000000e+03,-1.281407035175879400e+03,-2.180000000000000000e+02,0.000000000000000000e+00,0.000000000000000000e+00,1.000000000000000000e+00
1.650000000000000000e+03,-1.281909547738693391e+03,-2.180000000000000000e+02,0.000000000000000000e+00,0.000000000000000000e+00,1.000000000000000000e+00
1.650000000000000000e+03,-1.282412060301507609e+03,-2.180000000000000000e+02,0.000000000000000000e+00,0.000000000000000000e+00,1.000000000000000000e+00
1.650000000000000000e+03,-1.282914572864321599e+03,-2.180000000000000000e+02,0.000000000000000000e+00,0.000000000000000000e+00,1.000000000000000000e+00
1.650000000000000000e+03,-1.283417085427135589e+03,-2.180000000000000000e+02,0.000000000000000000e+00,0.000000000000000000e+00,1.000000000000000000e+00
1.650000000000000000e+03,-1.283919597989949807e+03,-2.180000000000000000e+02,0.000000000000000000e+00,0.000000000000000000e+00,1.000000000000000000e+00
1.650000000000000000e+03,-1.284422110552763797e+03,-2.180000000000000000e+02,0.000000000000000000e+00,0.000000000000000000e+00,1.000000000000000000e+00
1.650000000000000000e+03,-1.284924623115577788e+03,-2.180000000000000000e+02,0.000000000000000000e+00,0.000000000000000000e+00,1.000000000000000000e+00
1.650000000000000000e+03,-1.285427135678392006e+03,-2.180000000000000000e+02,0.000000000000000000e+00,0.000000000000000000e+00,1.000000000000000000e+00
1.650000000000000000e+03,-1.285929648241205996e+03,-2.180000000000000000e+02,0.000000000000000000e+00,0.000000000000000000e+00,1.000000000000000000e+00
1.650000000000000000e+03,-1.286432160804019986e+03,-2.180000000000000000e+02,0.000000000000000000e+00,0.000000000000000000e+00,1.000000000000000000e+00
1.650000000000000000e+03,-1.286934673366834204e+03,-2.180000000000000000e+02,0.000000000000000000e+00,0.000000000000000000e+00,1.000000000000000000e+00
1.650000000000000000e+03,-1.287437185929648194e+03,-2.180000000000000000e+02,0.000000000000000000e+00,0.000000000000000000e+00,1.000000000000000000e+00
1.650000000000000000e+03,-1.287939698492462412e+03,-2.180000000000000000e+02,0.000000000000000000e+00,0.000000000000000000e+00,1.000000000000000000e+00
1.650000000000000000e+03,-1.288442211055276402e+03,-2.180000000000000000e+02,0.000000000000000000e+00,0.000000000000000000e+00,1.000000000000000000e+00
1.650000000000000000e+03,-1.288944723618090393e+03,-2.180000000000000000e+02,0.000000000000000000e+00,0.000000000000000000e+00,1.000000000000000000e+00
1.650000000000000000e+03,-1.289447236180904611e+03,-2.180000000000000000e+02,0.000000000000000000e+00,0.000000000000000000e+00,1.000000000000000000e+00
1.650000000000000000e+03,-1.289949748743718601e+03,-2.180000000000000000e+02,0.000000000000000000e+00,0.000000000000000000e+00,1.000000000000000000e+00
1.650000000000000000e+03,-1.290452261306532591e+03,-2.180000000000000000e+02,0.000000000000000000e+00,0.000000000000000000e+00,1.000000000000000000e+00
1.650000000000000000e+03,-1.290954773869346809e+03,-2.180000000000000000e+02,0.000000000000000000e+00,0.000000000000000000e+00,1.000000000000000000e+00
1.650000000000000000e+03,-1.291457286432160799e+03,-2.180000000000000000e+02,0.000000000000000000e+00,0.000000000000000000e+00,1.000000000000000000e+00
1.650000000000000000e+03,-1.291959798994974790e+03,-2.180000000000000000e+02,0.000000000000000000e+00,0.000000000000000000e+00,1.000000000000000000e+00
1.650000000000000000e+03,-1.292462311557789008e+03,-2.180000000000000000e+02,0.000000000000000000e+00,0.000000000000000000e+00,1.000000000000000000e+00
1.650000000000000000e+03,-1.292964824120602998e+03,-2.180000000000000000e+02,0.000000000000000000e+00,0.000000000000000000e+00,1.000000000000000000e+00
1.650000000000000000e+03,-1.293467336683416988e+03,-2.180000000000000000e+02,0.000000000000000000e+00,0.000000000000000000e+00,1.000000000000000000e+00
1.650000000000000000e+03,-1.293969849246231206e+03,-2.180000000000000000e+02,0.000000000000000000e+00,0.000000000000000000e+00,1.000000000000000000e+00
1.650000000000000000e+03,-1.294472361809045196e+03,-2.180000000000000000e+02,0.000000000000000000e+00,0.000000000000000000e+00,1.000000000000000000e+00
1.650000000000000000e+03,-1.294974874371859187e+03,-2.180000000000000000e+02,0.000000000000000000e+00,0.000000000000000000e+00,1.000000000000000000e+00
1.650000000000000000e+03,-1.295477386934673405e+03,-2.180000000000000000e+02,0.000000000000000000e+00,0.000000000000000000e+00,1.000000000000000000e+00
1.650000000000000000e+03,-1.295979899497487395e+03,-2.180000000000000000e+02,0.000000000000000000e+00,0.000000000000000000e+00,1.000000000000000000e+00
1.650000000000000000e+03,-1.296482412060301613e+03,-2.180000000000000000e+02,0.000000000000000000e+00,0.000000000000000000e+00,1.000000000000000000e+00
1.650000000000000000e+03,-1.296984924623115603e+03,-2.180000000000000000e+02,0.000000000000000000e+00,0.000000000000000000e+00,1.000000000000000000e+00
1.650000000000000000e+03,-1.297487437185929593e+03,-2.180000000000000000e+02,0.000000000000000000e+00,0.000000000000000000e+00,1.000000000000000000e+00
1.650000000000000000e+03,-1.297989949748743811e+03,-2.180000000000000000e+02,0.000000000000000000e+00,0.000000000000000000e+00,1.000000000000000000e+00
1.650000000000000000e+03,-1.298492462311557802e+03,-2.180000000000000000e+02,0.000000000000000000e+00,0.000000000000000000e+00,1.000000000000000000e+00
1.650000000000000000e+03,-1.298994974874371792e+03,-2.180000000000000000e+02,0.000000000000000000e+00,0.000000000000000000e+00,1.000000000000000000e+00
1.650000000000000000e+03,-1.299497487437186010e+03,-2.180000000000000000e+02,0.000000000000000000e+00,0.000000000000000000e+00,1.000000000000000000e+00
1.650000000000000000e+03,-1.300000000000000000e+03,-2.180000000000000000e+02,0.000000000000000000e+00,0.000000000000000000e+00,1.000000000000000000e+00
