-4.135980067230118351e-01,7.306004637983295469e-01,3.226301719933200030e-01,1.887002354081707689e-01,-8.117610945501182451e-01,-4.776028628800101372e-01
-4.137147981660778129e-01,7.299262002848626585e-01,3.216371870429264312e-01,1.887034042148082180e-01,-8.114279229655212422e-01,-4.775401254128431860e-01
-4.138316517773947822e-01,7.292523899231933004e-01,3.206450860305127826e-01,1.887064878630851372e-01,-8.110951664449137510e-01,-4.774772008353934116e-01
-4.139485676034224682e-01,7.285790312513957812e-01,3.196538665270427515e-01,1.887094863305525394e-01,-8.107628240347330983e-01,-4.774140892060165786e-01
-4.140655456906596754e-01,7.279061228141219253e-01,3.186635261147283682e-01,1.887123995944143540e-01,-8.104308947860313639e-01,-4.773507905821471331e-01
-4.141825860856513941e-01,7.272336631625514469e-01,3.176740623869476199e-01,1.887152276315262334e-01,-8.100993777544424068e-01,-4.772873050202954270e-01
-4.142996888349816942e-01,7.265616508543559782e-01,3.166854729481811681e-01,1.887179704184012707e-01,-8.097682720001548873e-01,-4.772236325760609854e-01
-4.144168539852808308e-01,7.258900844536545494e-01,3.156977554139381859e-01,1.887206279312076684e-01,-8.094375765878838447e-01,-4.771597733041298972e-01
-4.145340815832199155e-01,7.252189625309732879e-01,3.147109074106868576e-01,1.887232001457737063e-01,-8.091072905868421650e-01,-4.770957272582860287e-01
-4.146513716755135803e-01,7.245482836632038959e-01,3.137249265757842132e-01,1.887256870375882412e-01,-8.087774130707106046e-01,-4.770314944914129107e-01
-4.147687243089190900e-01,7.238780464335617948e-01,3.127398105574066278e-01,1.887280885818020948e-01,-8.084479431176132547e-01,-4.769670750555001226e-01
-4.148861395302372301e-01,7.232082494315513754e-01,3.117555570144874277e-01,1.887304047532303852e-01,-8.081188798100873427e-01,-4.769024690016471224e-01
-4.150036173863114186e-01,7.225388912529179253e-01,3.107721636166380641e-01,1.887326355263542199e-01,-8.077902222350559214e-01,-4.768376763800690754e-01
-4.151211579240277061e-01,7.218699704996139888e-01,3.097896280440899375e-01,1.887347808753222500e-01,-8.074619694838013340e-01,-4.767726972401027385e-01
-4.152387611903165521e-01,7.212014857797588441e-01,3.088079479876244537e-01,1.887368407739522524e-01,-8.071341206519375699e-01,-4.767075316302084587e-01
-4.153564272321510487e-01,7.205334357075986462e-01,3.078271211485075209e-01,1.887388151957328786e-01,-8.068066748393848409e-01,-4.766421795979778331e-01
-4.154741560965469205e-01,7.198658189034674582e-01,3.068471452384216036e-01,1.887407041138255415e-01,-8.064796311503404924e-01,-4.765766411901375399e-01
-4.155919478305625248e-01,7.191986339937506134e-01,3.058680179794035503e-01,1.887425075010666087e-01,-8.061529886932550237e-01,-4.765109164525552221e-01
-4.157098024813024040e-01,7.185318796108435269e-01,3.048897371037764259e-01,1.887442253299669581e-01,-8.058267465808038876e-01,-4.764450054302400983e-01
-4.158277200959101805e-01,7.178655543931200533e-01,3.039123003540926682e-01,1.887458575727165855e-01,-8.055009039298647311e-01,-4.763789081673551196e-01
-4.159457007215774382e-01,7.171996569848868575e-01,3.029357054830590368e-01,1.887474042011830222e-01,-8.051754598614854208e-01,-4.763126247072116959e-01
-4.160637444055357292e-01,7.165341860363535487e-01,3.019599502534850988e-01,1.887488651869160539e-01,-8.048504135008668348e-01,-4.762461550922847953e-01
-4.161818511950619026e-01,7.158691402035900486e-01,3.009850324382106201e-01,1.887502405011469986e-01,-8.045257639773303326e-01,-4.761794993642096685e-01
-4.163000211374754400e-01,7.152045181484948388e-01,3.000109498200513869e-01,1.887515301147915381e-01,-8.042015104242958845e-01,-4.761126575637906200e-01
-4.164182542801402320e-01,7.145403185387587675e-01,2.990377001917376987e-01,1.887527339984503283e-01,-8.038776519792586450e-01,-4.760456297310031171e-01
-4.165365506704610254e-01,7.138765400478210843e-01,2.980652813558415382e-01,1.887538521224128019e-01,-8.035541877837589775e-01,-4.759784159050034491e-01
-4.166549103558914169e-01,7.132131813548455712e-01,2.970936911247321621e-01,1.887548844566543371e-01,-8.032311169833639131e-01,-4.759110161241216219e-01
-4.167733333839240828e-01,7.125502411446762441e-01,2.961229273205041590e-01,1.887558309708426696e-01,-8.029084387276380630e-01,-4.758434304258798431e-01
-4.168918198020978849e-01,7.118877181078067107e-01,2.951529877749248243e-01,1.887566916343361156e-01,-8.025861521701238566e-01,-4.757756588469865267e-01
-4.170103696579934294e-01,7.112256109403432003e-01,2.941838703293693236e-01,1.887574664161870697e-01,-8.022642564683122313e-01,-4.757077014233480061e-01
-4.171289829992375076e-01,7.105639183439694806e-01,2.932155728347640711e-01,1.887581552851418931e-01,-8.019427507836227598e-01,-4.756395581900659253e-01
-4.172476598734986553e-01,7.099026390259182140e-01,2.922480931515347713e-01,1.887587582096436067e-01,-8.016216342813814455e-01,-4.755712291814470083e-01
-4.173664003284915935e-01,7.092417716989276588e-01,2.912814291495360308e-01,1.887592751578322792e-01,-8.013009061307908576e-01,-4.755027144310028375e-01
-4.174852044119727879e-01,7.085813150812155792e-01,2.903155787080047290e-01,1.887597060975479135e-01,-8.009805655049140327e-01,-4.754340139714592350e-01
-4.176040721717431126e-01,7.079212678964419414e-01,2.893505397154974013e-01,1.887600509963311413e-01,-8.006606115806467194e-01,-4.753651278347573728e-01
-4.177230036556505155e-01,7.072616288736786050e-01,2.883863100698382809e-01,1.887603098214230557e-01,-8.003410435386966171e-01,-4.752960560520541056e-01
-4.178419989115820243e-01,7.066023967473715750e-01,2.874228876780571262e-01,1.887604825397707076e-01,-8.000218605635608382e-01,-4.752267986537360711e-01
-4.179610579874726284e-01,7.059435702573139126e-01,2.864602704563397051e-01,1.887605691180241074e-01,-7.997030618435011506e-01,-4.751573556694139167e-01
-4.180801809312990613e-01,7.052851481486093199e-01,2.854984563299689526e-01,1.887605695225409719e-01,-7.993846465705252147e-01,-4.750877271279329017e-01
-4.181993677910851304e-01,7.046271291716421636e-01,2.845374432332716808e-01,1.887604837193852247e-01,-7.990666139403598267e-01,-4.750179130573704556e-01
-4.183186186148963870e-01,7.039695120820440577e-01,2.835772291095650655e-01,1.887603116743308829e-01,-7.987489631524350431e-01,-4.749479134850479456e-01
-4.184379334508436799e-01,7.033122956406611115e-01,2.826178119110971387e-01,1.887600533528626390e-01,-7.984316934098555363e-01,-4.748777284375291230e-01
-4.185573123470831547e-01,7.026554786135290609e-01,2.816591895990054883e-01,1.887597087201759727e-01,-7.981148039193836086e-01,-4.748073579406248967e-01
-4.186767553518127016e-01,7.019990597718306358e-01,2.807013601432484240e-01,1.887592777411811473e-01,-7.977982938914169875e-01,-4.747368020194000504e-01
-4.187962625132772843e-01,7.013430378918760200e-01,2.797443215225663415e-01,1.887587603805017111e-01,-7.974821625399659553e-01,-4.746660606981737973e-01
-4.189158338797653869e-01,7.006874117550652148e-01,2.787880717244211048e-01,1.887581566024777169e-01,-7.971664090826339200e-01,-4.745951340005247210e-01
-4.190354694996099028e-01,7.000321801478579520e-01,2.778326087449451975e-01,1.887574663711661382e-01,-7.968510327405945448e-01,-4.745240219492950495e-01
-4.191551694211881340e-01,6.993773418617489357e-01,2.768779305888957598e-01,1.887566896503432845e-01,-7.965360327385724304e-01,-4.744527245665953186e-01
-4.192749336929235682e-01,6.987228956932299839e-01,2.759240352695955245e-01,1.887558264035041622e-01,-7.962214083048216873e-01,-4.743812418738043157e-01
-4.193947623632832133e-01,6.980688404437657146e-01,2.749709208088881862e-01,1.887548765938654449e-01,-7.959071586711063961e-01,-4.743095738915765747e-01
-4.195146554807784867e-01,6.974151749197621264e-01,2.740185852370851105e-01,1.887538401843668612e-01,-7.955932830726790694e-01,-4.742377206398467604e-01
-4.196346130939652141e-01,6.967618979325378437e-01,2.730670265929184826e-01,1.887527171376713886e-01,-7.952797807482612225e-01,-4.741656821378298359e-01
-4.197546352514454071e-01,6.961090082982931415e-01,2.721162429234857960e-01,1.887515074161673634e-01,-7.949666509400226122e-01,-4.740934584040277233e-01
-4.198747220018654858e-01,6.954565048380846326e-01,2.711662322842092188e-01,1.887502109819688689e-01,-7.946538928935620305e-01,-4.740210494562290267e-01
-4.199948733939162793e-01,6.948043863777924045e-01,2.702169927387785275e-01,1.887488277969180672e-01,-7.943415058578870980e-01,-4.739484553115181353e-01
-4.201150894763348020e-01,6.941526517480937075e-01,2.692685223591066990e-01,1.887473578225853932e-01,-7.940294890853949461e-01,-4.738756759862734480e-01
-4.202353702979015893e-01,6.935012997844361982e-01,2.683208192252841684e-01,1.887458010202720526e-01,-7.937178418318526774e-01,-4.738027114961750885e-01
-4.203557159074424732e-01,6.928503293270067420e-01,2.673738814255262053e-01,1.887441573510103277e-01,-7.934065633563777142e-01,-4.737295618562067934e-01
-4.204761263538294713e-01,6.921997392207054345e-01,2.664277070561289484e-01,1.887424267755644369e-01,-7.930956529214198136e-01,-4.736562270806577435e-01
-4.205966016859798984e-01,6.915495283151171790e-01,2.654822942214198900e-01,1.887406092544326175e-01,-7.927851097927396395e-01,-4.735827071831276713e-01
-4.207171419528537015e-01,6.908996954644858191e-01,2.645376410337147988e-01,1.887387047478488733e-01,-7.924749332393928869e-01,-4.735090021765324120e-01
-4.208377472034587896e-01,6.902502395276839398e-01,2.635937456132677603e-01,1.887367132157820315e-01,-7.921651225337099644e-01,-4.734351120731029039e-01
-4.209584174868465922e-01,6.896011593681891094e-01,2.626506060882267679e-01,1.887346346179393786e-01,-7.918556769512755666e-01,-4.733610368843923499e-01
-4.210791528521156124e-01,6.889524538540554577e-01,2.617082205945902018e-01,1.887324689137655498e-01,-7.915465957709156841e-01,-4.732867766212762173e-01
-4.211999533484096503e-01,6.883041218578876963e-01,2.607665872761590897e-01,1.887302160624450276e-01,-7.912378782746728456e-01,-4.732123312939562343e-01
-4.213208190249151386e-01,6.876561622568122534e-01,2.598257042844900333e-01,1.887278760229046393e-01,-7.909295237477917961e-01,-4.731377009119703270e-01
-4.214417499308673598e-01,6.870085739324555130e-01,2.588855697788570165e-01,1.887254487538110315e-01,-7.906215314787006232e-01,-4.730628854841841813e-01
-4.215627461155442290e-01,6.863613557709141721e-01,2.579461819262014455e-01,1.887229342135760546e-01,-7.903139007589928822e-01,-4.729878850188058981e-01
-4.216838076282725112e-01,6.857145066627294838e-01,2.570075389010899602e-01,1.887203323603537097e-01,-7.900066308834089446e-01,-4.729126995233787212e-01
-4.218049345184216037e-01,6.850680255028654964e-01,2.560696388856733563e-01,1.887176431520450059e-01,-7.896997211498203439e-01,-4.728373290047941935e-01
-4.219261268354088656e-01,6.844219111906785225e-01,2.551324800696392892e-01,1.887148665462965169e-01,-7.893931708592095697e-01,-4.727617734692874940e-01
-4.220473846286942887e-01,6.837761626298948237e-01,2.541960606501714182e-01,1.887120025005037116e-01,-7.890869793156557455e-01,-4.726860329224476520e-01
-4.221687079477876026e-01,6.831307787285852973e-01,2.532603788319072180e-01,1.887090509718090114e-01,-7.887811458263138675e-01,-4.726101073692119403e-01
-4.222900968422411694e-01,6.824857583991389420e-01,2.523254328268929036e-01,1.887060119171063699e-01,-7.884756697013999283e-01,-4.725339968138785318e-01
-4.224115513616553130e-01,6.818411005582404316e-01,2.513912208545463489e-01,1.887028852930391909e-01,-7.881705502541753727e-01,-4.724577012601011150e-01
-4.225330715556756545e-01,6.811968041268441354e-01,2.504577411416097910e-01,1.886996710560036872e-01,-7.878657868009257825e-01,-4.723812207108978867e-01
-4.226546574739913353e-01,6.805528680301518030e-01,2.495249919221151913e-01,1.886963691621501293e-01,-7.875613786609484412e-01,-4.723045551686555488e-01
-4.227763091663412354e-01,6.799092911975830322e-01,2.485929714373333876e-01,1.886929795673810695e-01,-7.872573251565331276e-01,-4.722277046351233687e-01
-4.228980266825086431e-01,6.792660725627586160e-01,2.476616779357434517e-01,1.886895022273554212e-01,-7.869536256129463503e-01,-4.721506691114258913e-01
-4.230198100723221444e-01,6.786232110634706771e-01,2.467311096729851716e-01,1.886859370974883487e-01,-7.866502793584152498e-01,-4.720734485980624950e-01
-4.231416593856565100e-01,6.779807056416623512e-01,2.458012649118224147e-01,1.886822841329525990e-01,-7.863472857241114999e-01,-4.719960430949102226e-01
-4.232635746724362491e-01,6.773385552434038059e-01,2.448721419221020490e-01,1.886785432886778080e-01,-7.860446440441332117e-01,-4.719184526012225600e-01
-4.233855559826267267e-01,6.766967588188674831e-01,2.439437389807141976e-01,1.886747145193550523e-01,-7.857423536554922761e-01,-4.718406771156423152e-01
-4.235076033662421580e-01,6.760553153223062273e-01,2.430160543715527144e-01,1.886707977794352675e-01,-7.854404138980949357e-01,-4.717627166361963997e-01
-4.236297168733447194e-01,6.754142237120313030e-01,2.420890863854781028e-01,1.886667930231295809e-01,-7.851388241147286839e-01,-4.716845711602982716e-01
-4.237518965540392202e-01,6.747734829503856391e-01,2.411628333202742169e-01,1.886627002044135859e-01,-7.848375836510443904e-01,-4.716062406847588151e-01
-4.238741424584810957e-01,6.741330920037265084e-01,2.402372934806156213e-01,1.886585192770245389e-01,-7.845366918555434221e-01,-4.715277252057781809e-01
-4.239964546368684140e-01,6.734930498424001044e-01,2.393124651780258461e-01,1.886542501944659667e-01,-7.842361480795589923e-01,-4.714490247189593308e-01
-4.241188331394480926e-01,6.728533554407167827e-01,2.383883467308369752e-01,1.886498929100054733e-01,-7.839359516772421710e-01,-4.713701392193027639e-01
-4.242412780165132347e-01,6.722140077769350741e-01,2.374649364641585603e-01,1.886454473766779327e-01,-7.836361020055483406e-01,-4.712910687012134003e-01
-4.243637893184022403e-01,6.715750058332333738e-01,2.365422327098340993e-01,1.886409135472857657e-01,-7.833365984242186553e-01,-4.712118131585032454e-01
-4.244863670955023593e-01,6.709363485956931772e-01,2.356202338064083968e-01,1.886362913743992453e-01,-7.830374402957690494e-01,-4.711323725843913346e-01
-4.246090113982461389e-01,6.702980350542740995e-01,2.346989380990869289e-01,1.886315808103583291e-01,-7.827386269854702538e-01,-4.710527469715096172e-01
-4.247317222771123113e-01,6.696600642027937811e-01,2.337783439397029817e-01,1.886267818072739633e-01,-7.824401578613392472e-01,-4.709729363119050105e-01
-4.248544997826275704e-01,6.690224350389051278e-01,2.328584496866761278e-01,1.886218943170279438e-01,-7.821420322941173842e-01,-4.708929405970407323e-01
-4.249773439653656837e-01,6.683851465640773259e-01,2.319392537049824732e-01,1.886169182912738607e-01,-7.818442496572624023e-01,-4.708127598177987982e-01
-4.251002548759466038e-01,6.677481977835727500e-01,2.310207543661131346e-01,1.886118536814393454e-01,-7.815468093269298810e-01,-4.707323939644848521e-01
-4.252232325650364686e-01,6.671115877064272004e-01,2.301029500480429313e-01,1.886067004387262380e-01,-7.812497106819601411e-01,-4.706518430268309960e-01
-4.253462770833502660e-01,6.664753153454272550e-01,2.291858391351901947e-01,1.886014585141111977e-01,-7.809529531038624794e-01,-4.705711069939940150e-01
-4.254693884816482807e-01,6.658393797170936157e-01,2.282694200183894573e-01,1.885961278583467016e-01,-7.806565359768051771e-01,-4.704901858545632587e-01
-4.255925668107396476e-01,6.652037798416559067e-01,2.273536910948468215e-01,1.885907084219626828e-01,-7.803604586875954041e-01,-4.704090795965594762e-01
-4.257158121214796864e-01,6.645685147430347994e-01,2.264386507681128702e-01,1.885852001552663082e-01,-7.800647206256702271e-01,-4.703277882074387017e-01
-4.258391244647690144e-01,6.639335834488225840e-01,2.255242974480453633e-01,1.885796030083452812e-01,-7.797693211830791782e-01,-4.702463116740993043e-01
-4.259625038915588746e-01,6.632989849902605206e-01,2.246106295507757089e-01,1.885739169310647612e-01,-7.794742597544748186e-01,-4.701646499828738834e-01
-4.260859504528458075e-01,6.626647184022212977e-01,2.236976454986738805e-01,1.885681418730719705e-01,-7.791795357370928654e-01,-4.700828031195423140e-01
-4.262094641996752031e-01,6.620307827231873832e-01,2.227853437203157760e-01,1.885622777837945574e-01,-7.788851485307431988e-01,-4.700007710693269725e-01
-4.263330451831368606e-01,6.613971769952343704e-01,2.218737226504519100e-01,1.885563246124442038e-01,-7.785910975377957621e-01,-4.699185538169025622e-01
-4.264566934543712051e-01,6.607639002640063319e-01,2.209627807299683333e-01,1.885502823080142665e-01,-7.782973821631659073e-01,-4.698361513463901740e-01
-4.265804090645648472e-01,6.601309515787019411e-01,2.200525164058606542e-01,1.885441508192828297e-01,-7.780040018143015157e-01,-4.697535636413653348e-01
-4.267041920649505826e-01,6.594983299920519348e-01,2.191429281311965127e-01,1.885379300948138159e-01,-7.777109559011702311e-01,-4.696707906848608394e-01
-4.268280425068109452e-01,6.588660345603005730e-01,2.182340143650842723e-01,1.885316200829558753e-01,-7.774182438362445824e-01,-4.695878324593649178e-01
-4.269519604414764302e-01,6.582340643431869864e-01,2.173257735726417117e-01,1.885252207318444395e-01,-7.771258650344918806e-01,-4.695046889468246221e-01
-4.270759459203219421e-01,6.576024184039274134e-01,2.164182042249644944e-01,1.885187319894035540e-01,-7.768338189133594529e-01,-4.694213601286545412e-01
-4.271999989947730114e-01,6.569710958091928843e-01,2.155113047990897535e-01,1.885121538033452948e-01,-7.765421048927603209e-01,-4.693378459857308060e-01
-4.273241197163022420e-01,6.563400956290961208e-01,2.146050737779718887e-01,1.885054861211705179e-01,-7.762507223950637636e-01,-4.692541464983968624e-01
-4.274483081364301995e-01,6.557094169371666670e-01,2.136995096504428204e-01,1.884987288901706359e-01,-7.759596708450797742e-01,-4.691702616464664133e-01
-4.275725643067236348e-01,6.550790588103394541e-01,2.127946109111902295e-01,1.884918820574287557e-01,-7.756689496700488462e-01,-4.690861914092266383e-01
-4.276968882787999249e-01,6.544490203289307084e-01,2.118903760607175890e-01,1.884849455698184295e-01,-7.753785582996264303e-01,-4.690019357654363064e-01
-4.278212801043226321e-01,6.538193005766225196e-01,2.109868036053179630e-01,1.884779193740068748e-01,-7.750884961658727201e-01,-4.689174946933323818e-01
-4.279457398350032804e-01,6.531898986404448548e-01,2.100838920570440305e-01,1.884708034164546686e-01,-7.747987627032405511e-01,-4.688328681706316337e-01
-4.280702675226031317e-01,6.525608136107577950e-01,2.091816399336758892e-01,1.884635976434158033e-01,-7.745093573485619665e-01,-4.687480561745285823e-01
-4.281948632189305215e-01,6.519320445812331055e-01,2.082800457586910792e-01,1.884563020009403511e-01,-7.742202795410356719e-01,-4.686630586817036592e-01
-4.283195269758390822e-01,6.513035906488368054e-01,2.073791080612357174e-01,1.884489164348751300e-01,-7.739315287222159334e-01,-4.685778756683262603e-01
-4.284442588452357370e-01,6.506754509138111819e-01,2.064788253760929670e-01,1.884414408908613170e-01,-7.736431043360016968e-01,-4.684925071100465854e-01
-4.285690588790735944e-01,6.500476244796606906e-01,2.055791962436570586e-01,1.884338753143390277e-01,-7.733550058286204898e-01,-4.684069529820080180e-01
-4.286939271293519482e-01,6.494201104531287516e-01,2.046802192098993167e-01,1.884262196505470388e-01,-7.730672326486224266e-01,-4.683212132588489562e-01
-4.288188636481216065e-01,6.487929079441858704e-01,2.037818928263412932e-01,1.884184738445223162e-01,-7.727797842468620004e-01,-4.682352879146979840e-01
-4.289438684874795626e-01,6.481660160660118741e-01,2.028842156500290095e-01,1.884106378411024851e-01,-7.724926600764933093e-01,-4.681491769231834188e-01
-4.290689416995734362e-01,6.475394339349753725e-01,2.019871862434974297e-01,1.884027115849245537e-01,-7.722058595929507385e-01,-4.680628802574288705e-01
-4.291940833365970320e-01,6.469131606706204352e-01,2.010908031747462577e-01,1.883946950204286319e-01,-7.719193822539447414e-01,-4.679763978900622901e-01
-4.293192934507938929e-01,6.462871953956502713e-01,2.001950650172124035e-01,1.883865880918561830e-01,-7.716332275194457413e-01,-4.678897297932133603e-01
-4.294445720944555234e-01,6.456615372359070237e-01,1.992999703497386754e-01,1.883783907432518001e-01,-7.713473948516740286e-01,-4.678028759385173818e-01
-4.295699193199222776e-01,6.450361853203596674e-01,1.984055177565482442e-01,1.883701029184638998e-01,-7.710618837150888805e-01,-4.677158362971164385e-01
-4.296953351795860243e-01,6.444111387810855796e-01,1.975117058272166659e-01,1.883617245611439450e-01,-7.707766935763770144e-01,-4.676286108396579544e-01
-4.298208197258812646e-01,6.437863967532519993e-01,1.966185331566405736e-01,1.883532556147518300e-01,-7.704918239044402650e-01,-4.675411995363096818e-01
-4.299463730112975668e-01,6.431619583751063685e-01,1.957259983450183594e-01,1.883446960225501621e-01,-7.702072741703874792e-01,-4.674536023567439913e-01
-4.300719950883689080e-01,6.425378227879526838e-01,1.948340999978128707e-01,1.883360457276105904e-01,-7.699230438475198612e-01,-4.673658192701544700e-01
-4.301976860096816679e-01,6.419139891361413941e-01,1.939428367257329811e-01,1.883273046728102806e-01,-7.696391324113225352e-01,-4.672778502452475391e-01
-4.303234458278684116e-01,6.412904565670497492e-01,1.930522071447002830e-01,1.883184728008364117e-01,-7.693555393394529984e-01,-4.671896952502530009e-01
-4.304492745956114419e-01,6.406672242310692544e-01,1.921622098758282160e-01,1.883095500541840939e-01,-7.690722641117313518e-01,-4.671013542529204310e-01
-4.305751723656419117e-01,6.400442912815881291e-01,1.912728435453903142e-01,1.883005363751591443e-01,-7.687893062101254227e-01,-4.670128272205248399e-01
-4.307011391907415998e-01,6.394216568749746532e-01,1.903841067847953372e-01,1.882914317058762277e-01,-7.685066651187463238e-01,-4.669241141198628986e-01
-4.308271751237411351e-01,6.387993201705665092e-01,1.894959982305657320e-01,1.882822359882615482e-01,-7.682243403238333546e-01,-4.668352149172598220e-01
-4.309532802175173316e-01,6.381772803306490216e-01,1.886085165243021056e-01,1.882729491640548203e-01,-7.679423313137441198e-01,-4.667461295785746422e-01
-4.310794545250011822e-01,6.375555365204457203e-01,1.877216603126681260e-01,1.882635711748056606e-01,-7.676606375789458703e-01,-4.666568580691902723e-01
-4.312056980991680888e-01,6.369340879080996887e-01,1.868354282473569938e-01,1.882541019618793332e-01,-7.673792586120046222e-01,-4.665674003540302706e-01
-4.313320109930458557e-01,6.363129336646607959e-01,1.859498189850694594e-01,1.882445414664538907e-01,-7.670981939075721678e-01,-4.664777563975484043e-01
-4.314583932597102489e-01,6.356920729640679335e-01,1.850648311874878438e-01,1.882348896295222562e-01,-7.668174429623810795e-01,-4.663879261637383089e-01
-4.315848449522885488e-01,6.350715049831386905e-01,1.841804635212511698e-01,1.882251463918921952e-01,-7.665370052752282781e-01,-4.662979096161293802e-01
-4.317113661239551092e-01,6.344512289015491469e-01,1.832967146579287387e-01,1.882153116941884530e-01,-7.662568803469705925e-01,-4.662077067177949896e-01
-4.318379568279349101e-01,6.338312439018238820e-01,1.824135832739961494e-01,1.882053854768521994e-01,-7.659770676805099932e-01,-4.661173174313502088e-01
-4.319646171175026694e-01,6.332115491693198761e-01,1.815310680508122054e-01,1.881953676801416953e-01,-7.656975667807870423e-01,-4.660267417189543071e-01
-4.320913470459828432e-01,6.325921438922101903e-01,1.806491676745913821e-01,1.881852582441336241e-01,-7.654183771547704573e-01,-4.659359795423131945e-01
-4.322181466667469607e-01,6.319730272614744182e-01,1.797678808363840641e-01,1.881750571087243418e-01,-7.651394983114456760e-01,-4.658450308626834180e-01
-4.323450160332225067e-01,6.313541984708785915e-01,1.788872062320452372e-01,1.881647642136272947e-01,-7.648609297618053082e-01,-4.657538956408651676e-01
-4.324719551988795985e-01,6.307356567169655204e-01,1.780071425622176129e-01,1.881543794983787377e-01,-7.645826710188419195e-01,-4.656625738372186518e-01
-4.325989642172434202e-01,6.301174011990381407e-01,1.771276885323032069e-01,1.881439029023339593e-01,-7.643047215975349307e-01,-4.655710654116513858e-01
-4.327260431418853415e-01,6.294994311191483005e-01,1.762488428524426887e-01,1.881333343646711675e-01,-7.640270810148440672e-01,-4.654793703236313474e-01
-4.328531920264317989e-01,6.288817456820788854e-01,1.753706042374882923e-01,1.881226738243883256e-01,-7.637497487896971471e-01,-4.653874885321770960e-01
-4.329804109245518617e-01,6.282643440953334935e-01,1.744929714069827220e-01,1.881119212203097857e-01,-7.634727244429823090e-01,-4.652954199958757586e-01
-4.331076998899714425e-01,6.276472255691233348e-01,1.736159430851385022e-01,1.881010764910800437e-01,-7.631960074975386865e-01,-4.652031646728668757e-01
-4.332350589764626392e-01,6.270303893163480247e-01,1.727395180008062248e-01,1.880901395751695404e-01,-7.629195974781456391e-01,-4.651107225208565565e-01
-4.333624882378508403e-01,6.264138345525898099e-01,1.718636948874627812e-01,1.880791104108722467e-01,-7.626434939115153133e-01,-4.650180934971130386e-01
-4.334899877280067315e-01,6.257975604960943627e-01,1.709884724831800540e-01,1.880679889363096602e-01,-7.623676963262824291e-01,-4.649252775584750141e-01
-4.336175575008560656e-01,6.251815663677593449e-01,1.701138495306051546e-01,1.880567750894270584e-01,-7.620922042529943985e-01,-4.648322746613443024e-01
-4.337451976103734452e-01,6.245658513911225285e-01,1.692398247769391073e-01,1.880454688079971903e-01,-7.618170172241039984e-01,-4.647390847616925114e-01
-4.338729081105832108e-01,6.239504147923451427e-01,1.683663969739113142e-01,1.880340700296203316e-01,-7.615421347739587121e-01,-4.646457078150649789e-01
-4.340006890555594410e-01,6.233352558002034360e-01,1.674935648777613473e-01,1.880225786917251174e-01,-7.612675564387928473e-01,-4.645521437765794959e-01
-4.341285404994286168e-01,6.227203736460712458e-01,1.666213272492125252e-01,1.880109947315679597e-01,-7.609932817567168772e-01,-4.644583926009265840e-01
-4.342564624963660691e-01,6.221057675639103390e-01,1.657496828534541500e-01,1.879993180862349900e-01,-7.607193102677114460e-01,-4.643644542423746580e-01
-4.343844551006004195e-01,6.214914367902557579e-01,1.648786304601168595e-01,1.879875486926410599e-01,-7.604456415136160441e-01,-4.642703286547667507e-01
-4.345125183664055868e-01,6.208773805642039401e-01,1.640081688432506457e-01,1.879756864875341826e-01,-7.601722750381210147e-01,-4.641760157915322815e-01
-4.346406523481132211e-01,6.202635981273992849e-01,1.631382967813062024e-01,1.879637314074896759e-01,-7.598992103867598935e-01,-4.640815156056729562e-01
-4.347688571000984936e-01,6.196500887240224964e-01,1.622690130571102785e-01,1.879516833889184058e-01,-7.596264471068983060e-01,-4.639868280497816966e-01
-4.348971326767934187e-01,6.190368516007770383e-01,1.614003164578461380e-01,1.879395423680604027e-01,-7.593539847477279725e-01,-4.638919530760290399e-01
-4.350254791326770842e-01,6.184238860068771437e-01,1.605322057750311338e-01,1.879273082809903295e-01,-7.590818228602562723e-01,-4.637968906361760180e-01
-4.351538965222800925e-01,6.178111911940367129e-01,1.596646798044989435e-01,1.879149810636165097e-01,-7.588099609972999149e-01,-4.637016406815706038e-01
-4.352823849001863366e-01,6.171987664164544363e-01,1.587977373463735908e-01,1.879025606516797342e-01,-7.585383987134736161e-01,-4.636062031631462688e-01
-4.354109443210276709e-01,6.165866109308053566e-01,1.579313772050550124e-01,1.878900469807572582e-01,-7.582671355651842138e-01,-4.635105780314322521e-01
-4.355395748394883526e-01,6.159747239962229948e-01,1.570655981891901920e-01,1.878774399862608302e-01,-7.579961711106202316e-01,-4.634147652365473991e-01
-4.356682765103023769e-01,6.153631048742934651e-01,1.562003991116607260e-01,1.878647396034388850e-01,-7.577255049097468831e-01,-4.633187647282066557e-01
-4.357970493882588059e-01,6.147517528290395994e-01,1.553357787895572883e-01,1.878519457673744342e-01,-7.574551365242926382e-01,-4.632225764557157954e-01
-4.359258935281928871e-01,6.141406671269113993e-01,1.544717360441629772e-01,1.878390584129902285e-01,-7.571850655177470024e-01,-4.631262003679834094e-01
-4.360548089849949349e-01,6.135298470367713808e-01,1.536082697009297782e-01,1.878260774750441509e-01,-7.569152914553478606e-01,-4.630296364135123022e-01
-4.361837958136032256e-01,6.129192918298860260e-01,1.527453785894601346e-01,1.878130028881347946e-01,-7.566458139040753705e-01,-4.629328845404093173e-01
-4.363128540690111024e-01,6.123090007799115719e-01,1.518830615434878517e-01,1.877998345866972452e-01,-7.563766324326436363e-01,-4.628359446963785651e-01
-4.364419838062598700e-01,6.116989731628841298e-01,1.510213174008576686e-01,1.877865725050080481e-01,-7.561077466114929369e-01,-4.627388168287310810e-01
-4.365711850804450123e-01,6.110892082572073614e-01,1.501601450035050522e-01,1.877732165771821560e-01,-7.558391560127807329e-01,-4.626415008843798859e-01
-4.367004579467117509e-01,6.104797053436401555e-01,1.492995431974373233e-01,1.877597667371760370e-01,-7.555708602103762273e-01,-4.625439968098455923e-01
-4.368298024602568219e-01,6.098704637052885236e-01,1.484395108327150048e-01,1.877462229187872034e-01,-7.553028587798498172e-01,-4.624463045512570702e-01
-4.369592186763302522e-01,6.092614826275895012e-01,1.475800467634309499e-01,1.877325850556541831e-01,-7.550351512984667668e-01,-4.623484240543494495e-01
-4.370887066502326945e-01,6.086527613983014895e-01,1.467211498476888032e-01,1.877188530812585188e-01,-7.547677373451778804e-01,-4.622503552644711133e-01
-4.372182664373145400e-01,6.080442993074988145e-01,1.458628189475945636e-01,1.877050269289250173e-01,-7.545006165006153953e-01,-4.621520981265837547e-01
-4.373478980929830229e-01,6.074360956475508555e-01,1.450050529292239432e-01,1.876911065318198624e-01,-7.542337883470817683e-01,-4.620536525852567689e-01
-4.374776016726915628e-01,6.068281497131187141e-01,1.441478506626134859e-01,1.876770918229555274e-01,-7.539672524685439026e-01,-4.619550185846809098e-01
-4.376073772319486466e-01,6.062204608011390050e-01,1.432912110217339219e-01,1.876629827351880553e-01,-7.537010084506235996e-01,-4.618561960686606294e-01
-4.377372248263151633e-01,6.056130282108193041e-01,1.424351328844830622e-01,1.876487792012176414e-01,-7.534350558805938958e-01,-4.617571849806162976e-01
-4.378671445114017402e-01,6.050058512436177205e-01,1.415796151326516039e-01,1.876344811535915480e-01,-7.531693943473676267e-01,-4.616579852635906422e-01
-4.379971363428722952e-01,6.043989292032434513e-01,1.407246566519217978e-01,1.876200885247025496e-01,-7.529040234414929866e-01,-4.615585968602460287e-01
-4.381272003764422607e-01,6.037922613956360207e-01,1.398702563318332537e-01,1.876056012467903766e-01,-7.526389427551426481e-01,-4.614590197128674021e-01
