2.717315309517886468e-01,5.390702351976150997e-01,-5.932173800622622117e-01,2.089843436380029243e-02,-4.359937831029197519e-01,-4.273902284884313896e-01
2.716931173618775119e-01,5.391616389503114393e-01,-5.930937618322484894e-01,2.094279772266553069e-02,-4.359670627354799155e-01,-4.273585939063550554e-01
2.716546471665934881e-01,5.392528364975344157e-01,-5.929704731258016448e-01,2.098643168837323672e-02,-4.359395016311088389e-01,-4.273279431655754301e-01
2.716161600017831246e-01,5.393438595557958903e-01,-5.928474168042585646e-01,2.102952010200711055e-02,-4.359113568337671940e-01,-4.272979574682360671e-01
2.715776773013848788e-01,5.394347374386384564e-01,-5.927245253371512534e-01,2.107219907423165534e-02,-4.358828034621272107e-01,-4.272684249416573432e-01
2.715392098639981544e-01,5.395254957410754448e-01,-5.926017513543321291e-01,2.111456978764643388e-02,-4.358539618974293650e-01,-4.272392037484516458e-01
2.715007624245914797e-01,5.396161560318498696e-01,-5.924790613321265775e-01,2.115670772104406502e-02,-4.358249156608627328e-01,-4.272101981991667241e-01
2.714623363846569992e-01,5.397067360556430105e-01,-5.923564313476619159e-01,2.119866934539529554e-02,-4.357957232328572017e-01,-4.271813432115164622e-01
2.714239314178138462e-01,5.397972501660897038e-01,-5.922338441914242191e-01,2.124049701368002988e-02,-4.357664259375536031e-01,-4.271525941502010149e-01
2.713855463937946966e-01,5.398877098302793387e-01,-5.921112873912434127e-01,2.128222255532954965e-02,-4.357370532352074499e-01,-4.271239201452042833e-01
2.713471798932107770e-01,5.399781241234600238e-01,-5.919887518483243349e-01,2.132386993008887621e-02,-4.357076263032154673e-01,-4.270952996671127377e-01
2.713088304808701778e-01,5.400685001772778104e-01,-5.918662308826798668e-01,2.136545719690220724e-02,-4.356781604882235537e-01,-4.270667175797257520e-01
2.712704968387104620e-01,5.401588435648894126e-01,-5.917437195635357750e-01,2.140699798074255020e-02,-4.356486669928880118e-01,-4.270381631595146499e-01
2.712321778194994315e-01,5.402491586220028452e-01,-5.916212142356473969e-01,2.144850256916588926e-02,-4.356191540465677581e-01,-4.270096287539189572e-01
2.711938724580996163e-01,5.403394487108271749e-01,-5.914987121758709110e-01,2.148997873332907094e-02,-4.355896277348461632e-01,-4.269811088673253763e-01
2.711555799605672723e-01,5.404297164311049340e-01,-5.913762113497357253e-01,2.153143234444204746e-02,-4.355600925796793144e-01,-4.269525995284522146e-01
2.711172996845117034e-01,5.405199637891644482e-01,-5.912537102310752024e-01,2.157286783878359024e-02,-4.355305519601387343e-01,-4.269240978541927189e-01
2.710790311162139532e-01,5.406101923302393253e-01,-5.911312076735143473e-01,2.161428856873008619e-02,-4.355010084095944922e-01,-4.268956017424751503e-01
2.710407738483354145e-01,5.407004032430179352e-01,-5.910087028135914133e-01,2.165569706575817474e-02,-4.354714638354022505e-01,-4.268671096545213484e-01
2.710025275601003480e-01,5.407905974409968897e-01,-5.908861949996324636e-01,2.169709524085220234e-02,-4.354419196787164825e-01,-4.268386204614201818e-01
2.709642920001548716e-01,5.408807756255742394e-01,-5.907636837392159501e-01,2.173848453553786989e-02,-4.354123770314844433e-01,-4.268101333331866809e-01
2.709260669722639014e-01,5.409709383348395573e-01,-5.906411686602047739e-01,2.177986603629904899e-02,-4.353828367226255658e-01,-4.267816476587233399e-01
2.708878523237359115e-01,5.410610859813032025e-01,-5.905186494812925124e-01,2.182124056135004153e-02,-4.353532993826490505e-01,-4.267531629881528010e-01
2.708496479359781550e-01,5.411512188819836977e-01,-5.903961259873153899e-01,2.186260872465231250e-02,-4.353237654963272307e-01,-4.267246789903226811e-01
2.708114537170607794e-01,5.412413372788944521e-01,-5.902735980179271147e-01,2.190397098851281504e-02,-4.352942354297828498e-01,-4.266961954215841013e-01
2.707732695958010583e-01,5.413314413580094797e-01,-5.901510654501884723e-01,2.194532769852367352e-02,-4.352647094660169746e-01,-4.266677121033168874e-01
2.707350955171103912e-01,5.414215312614940601e-01,-5.900285281918623559e-01,2.198667911333892014e-02,-4.352351878207467717e-01,-4.266392289046428421e-01
2.706969314384396474e-01,5.415116070986770724e-01,-5.899059861719290199e-01,2.202802542541274639e-02,-4.352056706619724102e-01,-4.266107457303619510e-01
2.706587773268014363e-01,5.416016689528194705e-01,-5.897834393380395612e-01,2.206936677796556348e-02,-4.351761581166956327e-01,-4.265822625109502164e-01
2.706206331567654888e-01,5.416917168877886102e-01,-5.896608876503359742e-01,2.211070327719731610e-02,-4.351466502835911188e-01,-4.265537791965691161e-01
2.705824989086258459e-01,5.417817509523369379e-01,-5.895383310791652010e-01,2.215203500125963176e-02,-4.351171472382808214e-01,-4.265252957512072896e-01
2.705443745672208578e-01,5.418717711842211404e-01,-5.894157696009207914e-01,2.219336200704920617e-02,-4.350876490416904496e-01,-4.264968121498510789e-01
2.705062601207893769e-01,5.419617776116270047e-01,-5.892932031998271425e-01,2.223468433673888786e-02,-4.350581557378250808e-01,-4.264683283745866471e-01
2.704681555602746479e-01,5.420517702564981999e-01,-5.891706318629675865e-01,2.227600202034109647e-02,-4.350286673630157086e-01,-4.264398444133892796e-01
2.704300608786506799e-01,5.421417491350780660e-01,-5.890480555821371311e-01,2.231731507976304416e-02,-4.349991839433001717e-01,-4.264113602578269990e-01
2.703919760705005837e-01,5.422317142601877915e-01,-5.889254743500688116e-01,2.235862352985781148e-02,-4.349697055013121982e-01,-4.263828759025418136e-01
2.703539011316433704e-01,5.423216656409051151e-01,-5.888028881632695333e-01,2.239992738170402259e-02,-4.349402320517762321e-01,-4.263543913439868382e-01
2.703158360588947540e-01,5.424116032849226610e-01,-5.886802970169751070e-01,2.244122664177311544e-02,-4.349107636104401764e-01,-4.263259065804144154e-01
2.702777808497465739e-01,5.425015271970259345e-01,-5.885577009105662505e-01,2.248252131520347627e-02,-4.348813001849574089e-01,-4.262974216103387892e-01
2.702397355023151704e-01,5.425914373811927538e-01,-5.884350998426548518e-01,2.252381140488353417e-02,-4.348518417835456340e-01,-4.262689364334525388e-01
2.702017000152042159e-01,5.426813338403921883e-01,-5.883124938121926384e-01,2.256509691228618039e-02,-4.348223884132256245e-01,-4.262404510498503662e-01
2.701636743872772861e-01,5.427712165763133312e-01,-5.881898828199781937e-01,2.260637783835955233e-02,-4.347929400772951314e-01,-4.262119654593748419e-01
2.701256586177256391e-01,5.428610855904021371e-01,-5.880672668660036351e-01,2.264765418304494349e-02,-4.347634967800233508e-01,-4.261834796623186761e-01
2.700876527060126486e-01,5.429509408834977124e-01,-5.879446459508139711e-01,2.268892594631123985e-02,-4.347340585244160449e-01,-4.261549936593113097e-01
2.700496566516672470e-01,5.430407824557111907e-01,-5.878220200761655745e-01,2.273019312782975296e-02,-4.347046253110561365e-01,-4.261265074503259864e-01
2.700116704544842650e-01,5.431306103078803460e-01,-5.876993892410558029e-01,2.277145572628522241e-02,-4.346751971450875662e-01,-4.260980210361905440e-01
2.699736941141939184e-01,5.432204244391897197e-01,-5.875767534486474597e-01,2.281271374150026579e-02,-4.346457740242340995e-01,-4.260695344164894260e-01
2.699357276307245979e-01,5.433102248496541886e-01,-5.874541126993192419e-01,2.285396717236557254e-02,-4.346163559508786634e-01,-4.260410475915796802e-01
2.698977710040277866e-01,5.434000115385643204e-01,-5.873314669951460454e-01,2.289521601837214357e-02,-4.345869429243274795e-01,-4.260125605613796496e-01
2.698598242342110654e-01,5.434897845057199417e-01,-5.872088163364570512e-01,2.293646027858553191e-02,-4.345575349468273618e-01,-4.259840733263552948e-01
2.698218873211845059e-01,5.435795437500652305e-01,-5.870861607259750814e-01,2.297769995223638076e-02,-4.345281320163193461e-01,-4.259555858855667565e-01
2.697839602651540547e-01,5.436692892712132741e-01,-5.869635001641498873e-01,2.301893503857353404e-02,-4.344987341346770449e-01,-4.259270982394452454e-01
2.697460430661837716e-01,5.437590210681642056e-01,-5.868408346531828190e-01,2.306016553705154959e-02,-4.344693413006281979e-01,-4.258986103874440876e-01
2.697081357244501265e-01,5.438487391402349047e-01,-5.867181641941954240e-01,2.310139144700924449e-02,-4.344399535147294156e-01,-4.258701223294449334e-01
2.696702382400437137e-01,5.439384434866665341e-01,-5.865954887885196367e-01,2.314261276737925727e-02,-4.344105707771021008e-01,-4.258416340647132592e-01
2.696323506132202175e-01,5.440281341064290288e-01,-5.864728084380934625e-01,2.318382949831481257e-02,-4.343811930868493598e-01,-4.258131455932989695e-01
2.695944728441769800e-01,5.441178109988568101e-01,-5.863501231437937555e-01,2.322504163897872939e-02,-4.343518204448126308e-01,-4.257846569148431293e-01
2.695566049330269665e-01,5.442074741628287748e-01,-5.862274329078316359e-01,2.326624918886479806e-02,-4.343224528495129300e-01,-4.257561680283741268e-01
2.695187468799934982e-01,5.442971235974121136e-01,-5.861047377317660789e-01,2.330745214765886711e-02,-4.342930903005858823e-01,-4.257276789335258660e-01
2.694808986853283184e-01,5.443867593019576789e-01,-5.859820376163157318e-01,2.334865051470001729e-02,-4.342637327991034635e-01,-4.256991896300225120e-01
2.694430603492017906e-01,5.444763812751061138e-01,-5.858593325642246219e-01,2.338984429003682086e-02,-4.342343803426200188e-01,-4.256707001169822702e-01
2.694052318718118122e-01,5.445659895163180719e-01,-5.857366225759338407e-01,2.343103347263909494e-02,-4.342050329326285207e-01,-4.256422103938013457e-01
2.693674132534410459e-01,5.446555840241101842e-01,-5.856139076544031319e-01,2.347221806321237239e-02,-4.341756905663234911e-01,-4.256137204601214141e-01
2.693296044942827261e-01,5.447451647979870692e-01,-5.854911877999120495e-01,2.351339806056542900e-02,-4.341463532454612473e-01,-4.255852303152015681e-01
2.692918055945204281e-01,5.448347318369153314e-01,-5.853684630142705903e-01,2.355457346437509619e-02,-4.341170209691553872e-01,-4.255567399582195764e-01
2.692540165544068942e-01,5.449242851396871590e-01,-5.852457332996400252e-01,2.359574427472450539e-02,-4.340876937359239851e-01,-4.255282493885770290e-01
2.692162373741471271e-01,5.450138247052582763e-01,-5.851229986578402320e-01,2.363691049142410336e-02,-4.340583715448693702e-01,-4.254997586055515590e-01
2.691784680540133534e-01,5.451033505330360462e-01,-5.850002590893212950e-01,2.367807211376773621e-02,-4.340290543974568704e-01,-4.254712676087149537e-01
2.691407085941250887e-01,5.451928626219164631e-01,-5.848775145961093713e-01,2.371922914122654227e-02,-4.339997422923837500e-01,-4.254427763968098297e-01
2.691029589948321643e-01,5.452823609706173302e-01,-5.847547651805027336e-01,2.376038157451662580e-02,-4.339704352279587507e-01,-4.254142849697674644e-01
2.690652192563054435e-01,5.453718455785042662e-01,-5.846320108431664053e-01,2.380152941258742785e-02,-4.339411332052556247e-01,-4.253857933265543512e-01
2.690274893788005550e-01,5.454613164445833995e-01,-5.845092515856792348e-01,2.384267265531771207e-02,-4.339118362237722182e-01,-4.253573014666710006e-01
2.689897693624656028e-01,5.455507735675535486e-01,-5.843864874105521023e-01,2.388381130253330528e-02,-4.338825442813838418e-01,-4.253288093888670796e-01
2.689520592076723449e-01,5.456402169467535757e-01,-5.842637183183454486e-01,2.392494535415824741e-02,-4.338532573793832392e-01,-4.253003170932860844e-01
2.689143589145329138e-01,5.457296465808633146e-01,-5.841409443116798439e-01,2.396607480997293635e-02,-4.338239755154394972e-01,-4.252718245786005213e-01
2.688766684833783782e-01,5.458190624692952353e-01,-5.840181653909163328e-01,2.400719966951339948e-02,-4.337946986912010749e-01,-4.252433318445398847e-01
2.688389879143466832e-01,5.459084646105992755e-01,-5.838953815590059993e-01,2.404831993286776770e-02,-4.337654269037714561e-01,-4.252148388899289477e-01
2.688013172077085566e-01,5.459978530041176281e-01,-5.837725928165607980e-01,2.408943559943736365e-02,-4.337361601543300305e-01,-4.251863457142331382e-01
2.687636563636909282e-01,5.460872276490188471e-01,-5.836497991647416894e-01,2.413054666878242105e-02,-4.337068984430995089e-01,-4.251578523167879320e-01
2.687260053824723216e-01,5.461765885438469859e-01,-5.835270006064350312e-01,2.417165314106016136e-02,-4.336776417673141037e-01,-4.251293586965066429e-01
2.686883642643682624e-01,5.462659356878638572e-01,-5.834041971424778206e-01,2.421275501613728842e-02,-4.336483901277762842e-01,-4.251008648532371148e-01
2.686507330095669888e-01,5.463552690801644074e-01,-5.832813887742368530e-01,2.425385229341679716e-02,-4.336191435243608172e-01,-4.250723707859270784e-01
2.686131116183191336e-01,5.464445887195082951e-01,-5.831585755039584429e-01,2.429494497311907031e-02,-4.335899019554337319e-01,-4.250438764939752923e-01
2.685755000908356949e-01,5.465338946050504187e-01,-5.830357573328631693e-01,2.433603305479549450e-02,-4.335606654211094924e-01,-4.250153819766291918e-01
2.685378984273425473e-01,5.466231867357864704e-01,-5.829129342625296584e-01,2.437711653810677517e-02,-4.335314339209018764e-01,-4.249868872330368474e-01
2.685003066280695627e-01,5.467124651106469724e-01,-5.827901062947693500e-01,2.441819542300470783e-02,-4.335022074539096604e-01,-4.249583922625565502e-01
2.684627246932134170e-01,5.468017297287643963e-01,-5.826672734308526724e-01,2.445926970892786656e-02,-4.334729860201767537e-01,-4.249298970642867435e-01
2.684251526230442830e-01,5.468909805892568921e-01,-5.825444356720062000e-01,2.450033939563744587e-02,-4.334437696198336076e-01,-4.249014016376871927e-01
2.683875904177770999e-01,5.469802176905936841e-01,-5.824215930213219039e-01,2.454140448367628929e-02,-4.334145582498090121e-01,-4.248729059818928677e-01
2.683500380776441263e-01,5.470694410321229606e-01,-5.822987454794226192e-01,2.458246497228749536e-02,-4.333853519112416119e-01,-4.248444100963146286e-01
2.683124956028669628e-01,5.471586506128188754e-01,-5.821758930479952188e-01,2.462352086129083670e-02,-4.333561506034770971e-01,-4.248159139801128137e-01
2.682749629937560276e-01,5.472478464318902835e-01,-5.820530357279760647e-01,2.466457215048327087e-02,-4.333269543271572322e-01,-4.247874176330557749e-01
2.682374402504666411e-01,5.473370284881532433e-01,-5.819301735215741678e-01,2.470561883969033673e-02,-4.332977630807182678e-01,-4.247589210540103632e-01
2.681999273731449640e-01,5.474261967801222761e-01,-5.818073064317456078e-01,2.474666092892332039e-02,-4.332685768612696831e-01,-4.247304242417042075e-01
2.681624243621310577e-01,5.475153513075958767e-01,-5.816844344578211423e-01,2.478769841735287485e-02,-4.332393956722437323e-01,-4.247019271961898212e-01
2.681249312176182120e-01,5.476044920692746398e-01,-5.815615576022561406e-01,2.482873130505690307e-02,-4.332102195116578902e-01,-4.246734299164843240e-01
2.680874479398121513e-01,5.476936190640759872e-01,-5.814386758668755872e-01,2.486975959179071188e-02,-4.331810483786076027e-01,-4.246449324017187998e-01
2.680499745289707803e-01,5.477827322911603680e-01,-5.813157892528227899e-01,2.491078327728841330e-02,-4.331518822733714247e-01,-4.246164346513927046e-01
2.680125109854016863e-01,5.478718317491791945e-01,-5.811928977625665516e-01,2.495180236214699157e-02,-4.331227211939956412e-01,-4.245879366651059139e-01
2.679750573091553845e-01,5.479609174374099334e-01,-5.810700013970733213e-01,2.499281684488393121e-02,-4.330935651410020015e-01,-4.245594384411931488e-01
2.679376135005958615e-01,5.480499893548312906e-01,-5.809471001578982996e-01,2.503382672599948483e-02,-4.330644141140078673e-01,-4.245309399797232430e-01
2.679001795598517366e-01,5.481390475003778961e-01,-5.808241940469347497e-01,2.507483200500563655e-02,-4.330352681119947755e-01,-4.245024412794679014e-01
2.678627554872053951e-01,5.482280918731009534e-01,-5.807012830655576829e-01,2.511583268178556663e-02,-4.330061271348532581e-01,-4.244739423400095135e-01
2.678253412829009195e-01,5.483171224719863845e-01,-5.805783672153848052e-01,2.515682875621525968e-02,-4.329769911820675610e-01,-4.244454431606988210e-01
2.677879369470647086e-01,5.484061392957880754e-01,-5.804554464987800033e-01,2.519782022800853144e-02,-4.329478602518059827e-01,-4.244169437402485201e-01
2.677505424799629941e-01,5.484951423436484896e-01,-5.803325209168921361e-01,2.523880709686996543e-02,-4.329187343443510194e-01,-4.243884440781793832e-01
2.677131578819124669e-01,5.485841316145804170e-01,-5.802095904712202268e-01,2.527978936302451712e-02,-4.328896134594223954e-01,-4.243599441742868517e-01
2.676757831530447995e-01,5.486731071078188027e-01,-5.800866551627686940e-01,2.532076702539946822e-02,-4.328604975975266500e-01,-4.243314440272746291e-01
2.676384182936400458e-01,5.487620688222157872e-01,-5.799637149935179536e-01,2.536174008432292779e-02,-4.328313867575472318e-01,-4.243029436368024321e-01
2.676010633038548581e-01,5.488510167565315845e-01,-5.798407699657608383e-01,2.540270853957373245e-02,-4.328022809377806146e-01,-4.242744430017047486e-01
2.675637181839918277e-01,5.489399509101280383e-01,-5.797178200800398029e-01,2.544367239077523213e-02,-4.327731801395875433e-01,-4.242459421217462112e-01
2.675263829342049426e-01,5.490288712817866790e-01,-5.795948653385828431e-01,2.548463163763285341e-02,-4.327440843613818422e-01,-4.242174409957660264e-01
2.674890575547270166e-01,5.491177778705386148e-01,-5.794719057429071896e-01,2.552558627998781013e-02,-4.327149936028190091e-01,-4.241889396231462439e-01
2.674517420458324413e-01,5.492066706751878025e-01,-5.793489412950962869e-01,2.556653631811195079e-02,-4.326859078626201227e-01,-4.241604380033761057e-01
2.674144364077051805e-01,5.492955496948747074e-01,-5.792259719963802622e-01,2.560748175136981497e-02,-4.326568271409182431e-01,-4.241319361355820328e-01
2.673771406405925921e-01,5.493844149286264411e-01,-5.791029978482609142e-01,2.564842257961693142e-02,-4.326277514374222699e-01,-4.241034340191509044e-01
2.673398547447217166e-01,5.494732663754805513e-01,-5.789800188522048474e-01,2.568935880252994769e-02,-4.325986807518965582e-01,-4.240749316533292124e-01
2.680184721300580830e-01,5.503386003164737472e-01,-5.768866297472282634e-01,2.588195152410744868e-02,-4.399008831829442356e-01,-4.203094044167325349e-01
2.679792021626808407e-01,5.504217638177825167e-01,-5.767670631798136327e-01,2.595317905208315012e-02,-4.398572555740388745e-01,-4.202528450002683824e-01
2.679392482763893746e-01,5.505059272015657701e-01,-5.766473696190741460e-01,2.602063724830331465e-02,-4.398159683660258223e-01,-4.202002217117761784e-01
2.678987482390417507e-01,5.505908909889681846e-01,-5.765275751785601255e-01,2.608482349789242177e-02,-4.397766725574782654e-01,-4.201509106160009610e-01
2.678578084203441234e-01,5.506764985470753437e-01,-5.764077023184226434e-01,2.614617536337502171e-02,-4.397390642749319234e-01,-4.201043993529246512e-01
2.678165120795756304e-01,5.507626259684993419e-01,-5.762877695344166273e-01,2.620507650626358737e-02,-4.397028822950205806e-01,-4.200602623809096547e-01
2.677749251758401172e-01,5.508491745932965200e-01,-5.761677915802678740e-01,2.626186227394983891e-02,-4.396679039549771240e-01,-4.200181432353252142e-01
2.677331005088082749e-01,5.509360654034476390e-01,-5.760477799398436849e-01,2.631682493519434812e-02,-4.396339405228074093e-01,-4.199777414472355974e-01
2.679912576247381883e-01,5.507257668149448948e-01,-5.758686565444119942e-01,2.871697122888815581e-02,-4.390309572026065976e-01,-4.176510723776172274e-01
2.679524071487859871e-01,5.508090687601495672e-01,-5.757463172469539092e-01,2.880979519816772444e-02,-4.389875220408862577e-01,-4.175770164506148463e-01
2.679128860428993675e-01,5.508928516210687132e-01,-5.756245257372336610e-01,2.889493914388663667e-02,-4.389459634034224012e-01,-4.175100120091307376e-01
2.678728238507336323e-01,5.509770522462212883e-01,-5.755031425306937898e-01,2.897364998559169569e-02,-4.389061526257902468e-01,-4.174488141537564534e-01
2.678323185975137743e-01,5.510616177539936489e-01,-5.753820667463720451e-01,2.904696206085711011e-02,-4.388679306034891647e-01,-4.173924294871061980e-01
2.677914464769582947e-01,5.511465025168748033e-01,-5.752612245352026754e-01,2.911573607292544663e-02,-4.388311292922505991e-01,-4.173400554741261148e-01
2.677502681263471129e-01,5.512316664492902252e-01,-5.751405611837908660e-01,2.918069016194923052e-02,-4.387955840407120611e-01,-4.172910371420605613e-01
2.677088327585995797e-01,5.513170739919366348e-01,-5.750200356999154438e-01,2.924242489631668704e-02,-4.387611402547983430e-01,-4.172448355189725677e-01
2.678795351680789971e-01,5.510253353815071087e-01,-5.750758294054406639e-01,3.095403311442864597e-02,-4.376044891061405817e-01,-4.158140902343703260e-01
2.678309068578547669e-01,5.511197024045372261e-01,-5.749546008986741175e-01,3.095278169674022320e-02,-4.376059737365659008e-01,-4.158234203803989892e-01
2.677830689231396888e-01,5.512125818090003460e-01,-5.748338892399758038e-01,3.095764485343764638e-02,-4.376025054685487303e-01,-4.158275656521732144e-01
2.677359350709144770e-01,5.513042238995859989e-01,-5.747135317847874569e-01,3.096787305650743755e-02,-4.375950427515923891e-01,-4.158270300079220938e-01
2.676894173945857380e-01,5.513948391133044469e-01,-5.745934157941204878e-01,3.098278635893808586e-02,-4.375843311676543834e-01,-4.158223327916589218e-01
2.676434327886509368e-01,5.514846028040871762e-01,-5.744734628817970146e-01,3.100177534317758582e-02,-4.375709584965249976e-01,-4.158139750085457775e-01
2.675979059226546442e-01,5.515736602938553501e-01,-5.743536184007711487e-01,3.102429874794068038e-02,-4.375553935265498740e-01,-4.158024218017799534e-01
2.675527702548459175e-01,5.516621316006423692e-01,-5.742338442269758758e-01,3.104987921032357698e-02,-4.375380138481351766e-01,-4.157880946712765868e-01
2.675949479318004420e-01,5.513612641653619084e-01,-5.745089780441436922e-01,3.140970804730377347e-02,-4.362172937289008345e-01,-4.157561211117394295e-01
2.675463226246168058e-01,5.514625851080185992e-01,-5.743768228768701967e-01,3.144048491893334379e-02,-4.362439628901531585e-01,-4.157327557677757968e-01
2.674979181851558363e-01,5.515607218048685922e-01,-5.742482723900095287e-01,3.146994207865352888e-02,-4.362583634632107299e-01,-4.157135329246930966e-01
2.674499853640050495e-01,5.516562061837855246e-01,-5.741222732480925073e-01,3.149912961408999484e-02,-4.362637232134180532e-01,-4.156960510317241342e-01
2.674026163686563651e-01,5.517495102435353571e-01,-5.739980928641670310e-01,3.152871257876355138e-02,-4.362623245138078643e-01,-4.156788839069161523e-01
2.673558175425314598e-01,5.518410379184603975e-01,-5.738752172610218638e-01,3.155909255885055997e-02,-4.362558049983579767e-01,-4.156612164379956398e-01
2.673095519680130372e-01,5.519311269076165871e-01,-5.737532827687346071e-01,3.159049203548195545e-02,-4.362453569441844259e-01,-4.156426134929505078e-01
2.672637638969627139e-01,5.520200550935333572e-01,-5.736320300324073695e-01,3.162301312635072692e-02,-4.362318608317033442e-01,-4.156228734543161996e-01
2.671640461940871791e-01,5.519320856907309336e-01,-5.738629604121338046e-01,3.124124144974381803e-02,-4.353919236662308623e-01,-4.163654908681248545e-01
2.671210972822125607e-01,5.519932251149591851e-01,-5.737704829906711268e-01,3.125036381804779245e-02,-4.352886948251485921e-01,-4.163820938974089891e-01
2.670798158791779509e-01,5.520581730728660874e-01,-5.736704783927356610e-01,3.127099974675487393e-02,-4.352067779089222599e-01,-4.163793333537668673e-01
2.670391761455332968e-01,5.521264531417102717e-01,-5.735651861056666467e-01,3.129978636338229259e-02,-4.351398155879278029e-01,-4.163642807192836082e-01
2.669986240912502473e-01,5.521975501067972747e-01,-5.734561456602036422e-01,3.133431062337439094e-02,-4.350834826047218495e-01,-4.163414719656111096e-01
2.669578816228438956e-01,5.522709747939915648e-01,-5.733444254985412547e-01,3.137284055041558717e-02,-4.350348020971483431e-01,-4.163138210100725822e-01
2.669168281412119259e-01,5.523462927852181847e-01,-5.732307740821147579e-01,3.141413386580641648e-02,-4.349917004591339342e-01,-4.162832004258619767e-01
2.668754298193340424e-01,5.524231333636256958e-01,-5.731157205098372787e-01,3.145730130373411426e-02,-4.349527153855798911e-01,-4.162508120424288083e-01
2.667570691788516135e-01,5.523170802951805625e-01,-5.733915990243017013e-01,3.089584170120589918e-02,-4.339860541675259475e-01,-4.172017498649752687e-01
2.667134572416750005e-01,5.523725304204897268e-01,-5.733058310625167575e-01,3.088087266729376210e-02,-4.338731671520396072e-01,-4.172403890325577236e-01
2.666717503335742090e-01,5.524326766723159921e-01,-5.732108976643452980e-01,3.088251359439202204e-02,-4.337850408704882477e-01,-4.172541080365356758e-01
2.666307798324064060e-01,5.524968916076943293e-01,-5.731094934918479211e-01,3.089626478166672408e-02,-4.337142123766382085e-01,-4.172515443120876077e-01
2.665899174708647457e-01,5.525645193335235739e-01,-5.730034800136191153e-01,3.091884484761360519e-02,-4.336556096794511039e-01,-4.172383108047759137e-01
2.665488499261663424e-01,5.526349480417109827e-01,-5.728941553745129367e-01,3.094785516145456827e-02,-4.336057484369145731e-01,-4.172180736496739484e-01
2.665074428681483143e-01,5.527076406284585630e-01,-5.727824333313997762e-01,3.098153901469912971e-02,-4.335622082117825959e-01,-4.171932391743120583e-01
2.664656599691862526e-01,5.527821426739054633e-01,-5.726689629025176753e-01,3.101860822553793862e-02,-4.335232885149348236e-01,-4.171653940001207594e-01
2.663311894617965692e-01,5.526809486016420747e-01,-5.729569806366439089e-01,3.031324514585962901e-02,-4.325309042063930631e-01,-4.182605021058359296e-01
2.662860683317817001e-01,5.527342306407321271e-01,-5.728747193726902998e-01,3.027657494888465542e-02,-4.324191451324475577e-01,-4.183181881489727028e-01
2.662430577386758479e-01,5.527924163957572690e-01,-5.727825605296347211e-01,3.026042705129231014e-02,-4.323329035100355600e-01,-4.183471676060321331e-01
2.662009210029864237e-01,5.528548403569599756e-01,-5.726833940414853830e-01,3.025955306985135540e-02,-4.322643568598709130e-01,-4.183569352766536298e-01
2.661589892321598594e-01,5.529208082758939602e-01,-5.725792214832179372e-01,3.027007840961231516e-02,-4.322082071020450500e-01,-4.183537326565388570e-01
2.661169246238048736e-01,5.529896741373049318e-01,-5.724714423471779501e-01,3.028913147522884625e-02,-4.321608304466567074e-01,-4.183416957675804015e-01
2.660745777456516303e-01,5.530608723293344298e-01,-5.723610443099725886e-01,3.031457627966755233e-02,-4.321197231875358868e-01,-4.183235886415316296e-01
2.660319025446236663e-01,5.531339257312842816e-01,-5.722487307404536816e-01,3.034481888285738352e-02,-4.320831378368281128e-01,-4.183012747084060567e-01
2.658896908493658118e-01,5.530383510571877936e-01,-5.725340947632756583e-01,2.954683009398873308e-02,-4.310943772057255208e-01,-4.194710401722513970e-01
2.658435428538420964e-01,5.530898354340113565e-01,-5.724539258303479317e-01,2.949555954659286230e-02,-4.309856012163260086e-01,-4.195403514241021203e-01
2.657995163722327026e-01,5.531463586932393595e-01,-5.723635400960461750e-01,2.946735165310696014e-02,-4.309022976412235084e-01,-4.195789535143192306e-01
2.657563819389606730e-01,5.532072169233397396e-01,-5.722659013637976244e-01,2.945649830604105471e-02,-4.308365787679550030e-01,-4.195966955820401578e-01
2.657134755466615261e-01,5.532716852592129975e-01,-5.721630676161152396e-01,2.945875448633294633e-02,-4.307831108949177201e-01,-4.196001043698196487e-01
2.656704622816784545e-01,5.533390941188846002e-01,-5.720564814435755707e-01,2.947094862798872728e-02,-4.307382540411392458e-01,-4.195935474839217472e-01
2.656271940029172329e-01,5.534088602678842728e-01,-5.719471635146524680e-01,2.949070074262007124e-02,-4.306995008169690053e-01,-4.195799782517883880e-01
2.655836247398148386e-01,5.534804937687356485e-01,-5.718358425066858430e-01,2.951621762365289406e-02,-4.306651078761365992e-01,-4.195614156797907723e-01
2.654722548727050380e-01,5.531457744438904589e-01,-5.723850404029320327e-01,2.774816145733339026e-02,-4.291554937895690203e-01,-4.215497873076226587e-01
2.654258688537424193e-01,5.532482588822850156e-01,-5.722344646509273103e-01,2.789093204600964770e-02,-4.292081165783200869e-01,-4.214194600263975188e-01
2.653780161709909935e-01,5.533455492323930969e-01,-5.720932034624371942e-01,2.801109663021441806e-02,-4.292384929335080201e-01,-4.213168122256618631e-01
2.653296558831948482e-01,5.534384917556532946e-01,-5.719585772806078383e-01,2.811411404152610455e-02,-4.292534974429660921e-01,-4.212332734858021954e-01
2.652812870174382498e-01,5.535278778796839383e-01,-5.718287209570062091e-01,2.820406617166325638e-02,-4.292577901993802625e-01,-4.211630932854206755e-01
2.652331458806900799e-01,5.536144026605031021e-01,-5.717023225664485953e-01,2.828402326212779358e-02,-4.292545593335092557e-01,-4.211023729125323856e-01
2.651853231505553188e-01,5.536986532855140419e-01,-5.715784500294588399e-01,2.835630621976805571e-02,-4.292460060166858327e-01,-4.210484391217935163e-01
2.651378324735719216e-01,5.537811130741635557e-01,-5.714564348867663401e-01,2.842267715448426948e-02,-4.292336635923834631e-01,-4.209994368552016919e-01
2.650906499176992059e-01,5.538621725944679053e-01,-5.713357935659870712e-01,2.848447908370567438e-02,-4.292186092660155716e-01,-4.209540627533063795e-01
2.649888176366578807e-01,5.537179646156228374e-01,-5.716920427130666171e-01,2.763629084635690208e-02,-4.283213782732469554e-01,-4.221228150547763347e-01
2.649409473028975781e-01,5.537684416341598359e-01,-5.716115695715717759e-01,2.758163504558698229e-02,-4.282227975504279138e-01,-4.221925882679654629e-01
2.648950357934877209e-01,5.538235923742059752e-01,-5.715214407164244115e-01,2.755020536134712705e-02,-4.281476846915271972e-01,-4.222325115018913388e-01
2.648499543498823994e-01,5.538827613009872364e-01,-5.714244466827304025e-01,2.753638224761203665e-02,-4.280886980214869131e-01,-4.222519337307443221e-01
2.648050951239542816e-01,5.539452721291692194e-01,-5.713225275509160594e-01,2.753596619913285456e-02,-4.280408836811604445e-01,-4.222570885327595058e-01
2.647601526170987318e-01,5.540105000460130436e-01,-5.712170450691508305e-01,2.754580251508176661e-02,-4.280008698775788489e-01,-4.222521785112599568e-01
2.647149923587397979e-01,5.540779011389185271e-01,-5.711089640617692531e-01,2.756350959119736183e-02,-4.279663415264350901e-01,-4.222400706959116290e-01
2.646695730339791441e-01,5.541470190009981645e-01,-5.709989743398987683e-01,2.758728117313366188e-02,-4.279356953748985615e-01,-4.222227454865828400e-01
2.646239010838843386e-01,5.542174799672837660e-01,-5.708875733366154392e-01,2.761574156096733082e-02,-4.279078119078910114e-01,-4.222015885960195281e-01
2.645656660743417876e-01,5.538146700136030720e-01,-5.715197279854979939e-01,2.563852040895396589e-02,-4.265233187731079512e-01,-4.242786634097886478e-01
2.645168478120317190e-01,5.539142276088613315e-01,-5.713710967441609778e-01,2.579051612479475383e-02,-4.265728743220565389e-01,-4.241435478338425602e-01
2.644669371528234891e-01,5.540083960704781374e-01,-5.712316040731302280e-01,2.591862888769859083e-02,-4.266013381454545894e-01,-4.240358971316515735e-01
2.644167445928396476e-01,5.540981045019737206e-01,-5.710986518827533276e-01,2.602849770751472502e-02,-4.266152390911605585e-01,-4.239474679082519959e-01
2.643666761018201861e-01,5.541841963977715002e-01,-5.709704229769975159e-01,2.612436529223719286e-02,-4.266190096880129734e-01,-4.238726774252571383e-01
2.643169100261942850e-01,5.542673991063575833e-01,-5.708456329784404870e-01,2.620944234142705970e-02,-4.266156859348181341e-01,-4.238077002741935662e-01
2.642675012723613159e-01,5.543483194466793940e-01,-5.707233650657174140e-01,2.628617082730934709e-02,-4.266073652894648016e-01,-4.237498820374199227e-01
2.642184417247006589e-01,5.544274523029786295e-01,-5.706029587377058343e-01,2.635641634554406268e-02,-4.265955087204318374e-01,-4.236973564529921132e-01
2.641696945072662395e-01,5.545051947028387662e-01,-5.704839341289947852e-01,2.642160990287966554e-02,-4.265811415783447580e-01,-4.236487936519670039e-01
2.641146950438883478e-01,5.541300136774913732e-01,-5.710667740041501794e-01,2.457819229713960676e-02,-4.252592596921963009e-01,-4.255818512770305762e-01
2.640647084167012104e-01,5.542267872873127832e-01,-5.709209012904837843e-01,2.472400735124331839e-02,-4.253065384062200138e-01,-4.254527310073115687e-01
2.640137555385086432e-01,5.543184364451678725e-01,-5.707836765861110662e-01,2.484732141924662213e-02,-4.253337500922352854e-01,-4.253494070227079038e-01
2.639625869486476595e-01,5.544058424487834369e-01,-5.706526410254630921e-01,2.495346537733371048e-02,-4.253470943837737717e-01,-4.252641177504103975e-01
2.639115747046301141e-01,5.544898062932170912e-01,-5.705260747585595427e-01,2.504644672480046963e-02,-4.253507820232120262e-01,-4.251916103271334291e-01
2.638608785949902447e-01,5.545710191251669308e-01,-5.704027621986835772e-01,2.512929548111702757e-02,-4.253476986313265429e-01,-4.251282880139501397e-01
2.638105438767925359e-01,5.546500578067281584e-01,-5.702818356319515614e-01,2.520431406937147581e-02,-4.253398390835325671e-01,-4.250716570662899652e-01
2.637605578382434257e-01,5.547273929454542563e-01,-5.701626699441554313e-01,2.527325978412217275e-02,-4.253285939965862350e-01,-4.250199657512855889e-01
2.637108817791756765e-01,5.548034022031662627e-01,-5.700448109876706804e-01,2.533747920980416318e-02,-4.253149402682267488e-01,-4.249719670529838456e-01
2.636665383873155744e-01,5.544190398050735658e-01,-5.706164939202377218e-01,2.340788179424972346e-02,-4.240291809754465624e-01,-4.269244363754651217e-01
2.636148565537087540e-01,5.545151192702331144e-01,-5.704713967318004730e-01,2.355877906527311522e-02,-4.240758368056747329e-01,-4.267930903095434325e-01
2.635624799415711150e-01,5.546058086221284933e-01,-5.703349357849665235e-01,2.368636997973598904e-02,-4.241028238107599768e-01,-4.266874302329725088e-01
2.635100629019179741e-01,5.546920731728894882e-01,-5.702046756626231172e-01,2.379612480464863428e-02,-4.241162010379072034e-01,-4.265998569140473928e-01
2.634579151722954427e-01,5.547747711960054895e-01,-5.700789069234583062e-01,2.389216782021759064e-02,-4.241200929930854513e-01,-4.265251990895867484e-01
2.634061560607582897e-01,5.548546330686418004e-01,-5.699564171799827994e-01,2.397762588926068833e-02,-4.241173321987263267e-01,-4.264598943664694719e-01
2.633548044829177592e-01,5.549322626368926592e-01,-5.698363381480259227e-01,2.405488125894338081e-02,-4.241098805297202623e-01,-4.264014565769365661e-01
2.633038305716821070e-01,5.550081491338616502e-01,-5.697180423675596295e-01,2.412575679164135137e-02,-4.240991077216397787e-01,-4.263481271595753186e-01
2.632531844606856297e-01,5.550826831106437931e-01,-5.696010726828650839e-01,2.419165283618918139e-02,-4.240859770790128547e-01,-4.262986452108328828e-01
2.632203945120765720e-01,5.546864428866392638e-01,-5.701630879329804280e-01,2.218303630610171315e-02,-4.228289954561773034e-01,-4.282651056441456605e-01
2.631669336772500811e-01,5.547819959242920040e-01,-5.700187428898869646e-01,2.233869803306694560e-02,-4.228753642708911187e-01,-4.281318011636451315e-01
2.631130569542125541e-01,5.548718697933973099e-01,-5.698830397175851381e-01,2.247027767175596366e-02,-4.229023876037503182e-01,-4.280240622828267449e-01
2.630593224319660584e-01,5.549571185851706057e-01,-5.697535609902087961e-01,2.258338543220606703e-02,-4.229160019213722421e-01,-4.279344437763852316e-01
2.630059769704852224e-01,5.550386616294328279e-01,-5.696286039514197874e-01,2.268226148615453894e-02,-4.229202585635417067e-01,-4.278578522657925376e-01
2.629530986410303361e-01,5.551172715275141112e-01,-5.695069568589935516e-01,2.277012782294101853e-02,-4.229179465823102446e-01,-4.277907587392632549e-01
2.629006792170269780e-01,5.551935814808789393e-01,-5.693877491014880388e-01,2.284944436171229554e-02,-4.229110020428589745e-01,-4.277306852135737136e-01
2.628486709118533771e-01,5.552681012288694928e-01,-5.692703496549703646e-01,2.292209719876729668e-02,-4.229007792552045841e-01,-4.276758677541507847e-01
2.627970120015524214e-01,5.553412357035703018e-01,-5.691542975115008174e-01,2.298953809216243080e-02,-4.228882321199992633e-01,-4.276250334218320015e-01
2.627754892767269479e-01,5.549309437716929416e-01,-5.697097271886046865e-01,2.088798849273429056e-02,-4.216574666694305473e-01,-4.296184427178258436e-01
2.627055965189583620e-01,5.550132518900646739e-01,-5.695824085100693601e-01,2.105540978168551208e-02,-4.217101246005613424e-01,-4.294773882109992891e-01
2.626355544667951514e-01,5.550895940620866886e-01,-5.694637620248080845e-01,2.119782870204791475e-02,-4.217437255676481644e-01,-4.293619465274697289e-01
2.625658296532630831e-01,5.551611127502058540e-01,-5.693513801630559756e-01,2.132102352764864150e-02,-4.217641009012644271e-01,-4.292647847106948467e-01
2.624966088226232674e-01,5.552287883802096147e-01,-5.692435612881444618e-01,2.142937240709728158e-02,-4.217752394360738122e-01,-4.291808576425499844e-01
2.624279304216300401e-01,5.552934360461659891e-01,-5.691390904398727635e-01,2.152620997688489690e-02,-4.217798930824903092e-01,-4.291066482833555407e-01
2.623597600190816226e-01,5.553557186666088219e-01,-5.690370919605488575e-01,2.161408783347241666e-02,-4.217799756785280962e-01,-4.290396710644146516e-01
2.623733286343608584e-01,5.546240613881298076e-01,-5.700305441844109033e-01,1.949000202203927945e-02,-4.191404749526948526e-01,-4.314146105960072752e-01
2.622996454488525919e-01,5.547114462959588099e-01,-5.699042679524793931e-01,1.961549766987848512e-02,-4.192061544535971573e-01,-4.313144921954831790e-01
2.622268400798043464e-01,5.547920456211768991e-01,-5.697860686806038855e-01,1.972237085463683995e-02,-4.192515992406601888e-01,-4.312328093868784684e-01
2.621551053336698689e-01,5.548671954984557564e-01,-5.696737217772088746e-01,1.981538256022428654e-02,-4.192825163878668993e-01,-4.311637122262274024e-01
2.620844404807749495e-01,5.549380136656157925e-01,-5.695656462137329568e-01,1.989806850881204250e-02,-4.193029004221570655e-01,-4.311032635388826195e-01
2.620147527216583061e-01,5.550054148698170264e-01,-5.694607078488881369e-01,1.997306134289274920e-02,-4.193155778392444466e-01,-4.310487923707604363e-01
2.619459135680610173e-01,5.550701361837613312e-01,-5.693580861529204951e-01,2.004232491843892586e-02,-4.193225696465018859e-01,-4.309984724526047528e-01
2.618443892481608359e-01,5.546724435666812170e-01,-5.700543496550680711e-01,1.840116253780883435e-02,-4.174371429942311251e-01,-4.330131054260739076e-01
2.617869303335784714e-01,5.546949006740837795e-01,-5.699917844301525260e-01,1.836722482478126556e-02,-4.173501391775022440e-01,-4.330432096276014553e-01
2.617285891769779993e-01,5.547242822121364325e-01,-5.699206842895664371e-01,1.835479853732089467e-02,-4.172839513074966811e-01,-4.330524524659674634e-01
2.616691762028328649e-01,5.547592413637740805e-01,-5.698433759376865249e-01,1.835853204668240479e-02,-4.172326265838884884e-01,-4.330472208731245276e-01
2.616086978206048075e-01,5.547986385210019744e-01,-5.697615199911988393e-01,1.837443042475705654e-02,-4.171920096159420499e-01,-4.330318464472888151e-01
2.615472531335315542e-01,5.548415347065064340e-01,-5.696763117213852201e-01,1.839950201630812313e-02,-4.171591706298523050e-01,-4.330092973900473985e-01
2.614849764838877433e-01,5.548871703818131218e-01,-5.695886182181110202e-01,1.843150033074450467e-02,-4.171320240138550739e-01,-4.329816286522414903e-01
2.615088198116882756e-01,5.541418318478752436e-01,-5.705362023135045479e-01,1.587623647333541790e-02,-4.146636027824552873e-01,-4.355452783234355918e-01
2.614328026927834614e-01,5.542283967530150512e-01,-5.704112281788040750e-01,1.601983039811541443e-02,-4.147253149917216053e-01,-4.354327898152631215e-01
2.613580532283471536e-01,5.543077709869763670e-01,-5.702944555532420967e-01,1.614185958182260197e-02,-4.147676571668932333e-01,-4.353400689413178815e-01
2.612846177914827650e-01,5.543814296595978020e-01,-5.701836605146262116e-01,1.624759163285363975e-02,-4.147961229343405942e-01,-4.352612485035014522e-01
2.612124004743414107e-01,5.544505846905191104e-01,-5.700772522025367994e-01,1.634098058832009551e-02,-4.148145645571002516e-01,-4.351923030951158067e-01
2.611412468149802435e-01,5.545162145930039310e-01,-5.699740822918701877e-01,1.642500386249410790e-02,-4.148257104168511233e-01,-4.351304418000073171e-01
2.610709886291481818e-01,5.545790994601862423e-01,-5.698733151176186285e-01,1.650190933138385996e-02,-4.148315110220704427e-01,-4.350737091541597157e-01
2.610014664374614712e-01,5.546398553001499199e-01,-5.697743381364924753e-01,1.657339779579808381e-02,-4.148333728202436843e-01,-4.350207208908529188e-01
2.610845894813929036e-01,5.538877500260579456e-01,-5.707278762286929208e-01,1.398117753993950545e-02,-4.125777949316536963e-01,-4.375252175933646570e-01
2.610072431074028088e-01,5.539710748593164036e-01,-5.706066871223818282e-01,1.412594307345476849e-02,-4.126344646915114378e-01,-4.374124321791482695e-01
2.609312438004570689e-01,5.540474970617297323e-01,-5.704932545179328685e-01,1.424941117135886809e-02,-4.126731913504405047e-01,-4.373186934205214871e-01
2.608565802095558217e-01,5.541184513570271974e-01,-5.703854858374312053e-01,1.435671557099114752e-02,-4.126990766892275619e-01,-4.372384744015486713e-01
2.607831258376307471e-01,5.541851098695182998e-01,-5.702818808619711799e-01,1.445172177818350966e-02,-4.127157001829243610e-01,-4.371679578726748727e-01
2.607107114597145281e-01,5.542484148800426169e-01,-5.701813544439802151e-01,1.453734997634150046e-02,-4.127255975029873736e-01,-4.371044776669948950e-01
2.606391631340839177e-01,5.543091149654629790e-01,-5.700831153736879431e-01,1.461581241020131448e-02,-4.127305809866693154e-01,-4.370461506513213523e-01
2.605683205558741444e-01,5.543677995027878058e-01,-5.699865826751152609e-01,1.468878909519148387e-02,-4.127319565311615146e-01,-4.369916321691039163e-01
2.606795127497227860e-01,5.535838158043707713e-01,-5.708985688038396011e-01,1.196919861242837571e-02,-4.105696528220159625e-01,-4.394531239498719599e-01
2.605995885147122104e-01,5.536666507678322802e-01,-5.707794538437056531e-01,1.212020694008174651e-02,-4.106254607550103852e-01,-4.393376510901738641e-01
2.605213882660261659e-01,5.537422035244304874e-01,-5.706680803888442011e-01,1.224891205196026837e-02,-4.106638164448818684e-01,-4.392411186623277342e-01
2.604447705494420395e-01,5.538120299913987798e-01,-5.705623861561865962e-01,1.236062377724041379e-02,-4.106896397514050445e-01,-4.391581921432589075e-01
2.603695239514792759e-01,5.538773842655303481e-01,-5.704608840764510136e-01,1.245935518405576897e-02,-4.107064011123714442e-01,-4.390851480299152731e-01
2.602954235625449808e-01,5.539392644063900750e-01,-5.703624928064168209e-01,1.254814867422534772e-02,-4.107165708087489597e-01,-4.390193570319212979e-01
2.602222587679154375e-01,5.539984571550961023e-01,-5.702664201468028438e-01,1.262931700041907725e-02,-4.107219217317051307e-01,-4.389589412716966010e-01
2.601498450183522548e-01,5.540555781279218328e-01,-5.701720819298106147e-01,1.270462247225486764e-02,-4.107237356368660941e-01,-4.389025447645323319e-01
2.602920595966331518e-01,5.532345173072122924e-01,-5.710396741992359582e-01,9.866707458463765817e-03,-4.086622024547234555e-01,-4.413019515674920790e-01
2.602096060259382337e-01,5.533170967470367740e-01,-5.709225271944097235e-01,1.002364781364545494e-02,-4.087170513220170776e-01,-4.411842395484634194e-01
2.601292885181331616e-01,5.533919827138673586e-01,-5.708130903141505064e-01,1.015731800157999680e-02,-4.087549806683861142e-01,-4.410852603036542474e-01
2.600508238969679864e-01,5.534608627276750292e-01,-5.707093380660092086e-01,1.027319623999364134e-02,-4.087807078657346715e-01,-4.409999033349217279e-01
2.599739082927898237e-01,5.535250796324431288e-01,-5.706098004048675287e-01,1.037543756599463088e-02,-4.087975825701768429e-01,-4.409245593446373124e-01
2.598982561662551150e-01,5.535856917185293380e-01,-5.705134021093735130e-01,1.046720237457479837e-02,-4.088080031292451455e-01,-4.408566494025127347e-01
2.598236169433476572e-01,5.536435268506910701e-01,-5.704193513838274887e-01,1.055090060177739895e-02,-4.088136994843591387e-01,-4.407943099581339008e-01
2.597497796176682083e-01,5.536992288781111826e-01,-5.703270617072064841e-01,1.062837416285651940e-02,-4.088159275110527791e-01,-4.407361799682122383e-01
2.596765712764652623e-01,5.537532962180067297e-01,-5.702360964207995320e-01,1.070103384981762815e-02,-4.088156039291776511e-01,-4.406812554516629787e-01
2.599246036944614091e-01,5.528381908878299278e-01,-5.711481349724242262e-01,7.685107931439936514e-03,-4.068605511052618695e-01,-4.430569415226301433e-01
2.598397074222871805e-01,5.529209087442559234e-01,-5.710326405577110798e-01,7.847972770672390422e-03,-4.069144546787967776e-01,-4.429371979098329359e-01
2.597573981223996187e-01,5.529954723507660708e-01,-5.709248285081237606e-01,7.986571152655639466e-03,-4.069519709906168070e-01,-4.428359377675645248e-01
2.596772390915155215e-01,5.530637149935534458e-01,-5.708227114809480973e-01,8.106557199612705183e-03,-4.069776065365331430e-01,-4.427482905028338744e-01
2.595988260414424653e-01,5.531270780948082111e-01,-5.707248365711122817e-01,8.212234045346988864e-03,-4.069945870592325821e-01,-4.426707702673765565e-01
2.595218073614537491e-01,5.531866870831800842e-01,-5.706301342208786043e-01,8.306884883764794475e-03,-4.070052385645785975e-01,-4.426008538856999186e-01
2.594458887505327049e-01,5.532434158575452177e-01,-5.705378123620716835e-01,8.393020496960734017e-03,-4.070112489445816828e-01,-4.425366953236717360e-01
2.593708301011439232e-01,5.532979400250276347e-01,-5.704472814214380794e-01,8.472565124193490171e-03,-4.070138496081611712e-01,-4.424769304033407402e-01
2.592964390343421299e-01,5.533507800308391511e-01,-5.703581006467148828e-01,8.546996527400829019e-03,-4.070139428809378401e-01,-4.424205417016113251e-01
2.594691453562655292e-01,5.526765104405392259e-01,-5.709885791033909586e-01,6.396003743885915471e-03,-4.055514460021060752e-01,-4.440615683500299671e-01
2.594082492154230479e-01,5.526923533806139544e-01,-5.709300037120700333e-01,6.358969086983851451e-03,-4.054997763268302635e-01,-4.440780350651671871e-01
2.593444503601902151e-01,5.527154894688884879e-01,-5.708654464190120459e-01,6.342720238294003929e-03,-4.054601612325180460e-01,-4.440808140710827967e-01
2.592783969770387498e-01,5.527442144425097625e-01,-5.707963771173751866e-01,6.342474953055753095e-03,-4.054294426003706153e-01,-4.440731928950735763e-01
2.592106044611369731e-01,5.527772121767851043e-01,-5.707238964269469861e-01,6.354578154011043117e-03,-4.054053003435211244e-01,-4.440576186287859550e-01
2.591414782024423769e-01,5.528134698592781504e-01,-5.706488309969693917e-01,6.376230126951277707e-03,-4.053860237486643925e-01,-4.440359269407576082e-01
2.590713343949527792e-01,5.528522103046895619e-01,-5.705718033513352827e-01,6.405281911244872610e-03,-4.053703477479975170e-01,-4.440095045122338102e-01
2.590004180228566155e-01,5.528928385252512845e-01,-5.704932833556012328e-01,6.440080763564620323e-03,-4.053573348030952150e-01,-4.439794055099759995e-01
2.589289178720305951e-01,5.529348998995624598e-01,-5.704136263430569231e-01,6.479353099562244062e-03,-4.053462890821660780e-01,-4.439464359385931203e-01
2.588569787672907463e-01,5.529780476307939452e-01,-5.703331014777762720e-01,6.522115601521463052e-03,-4.053366937288698790e-01,-4.439112153040592479e-01
2.591377474050162166e-01,5.522056260595794575e-01,-5.710108105905582487e-01,4.192798551748090109e-03,-4.039613805563236348e-01,-4.455346005379171581e-01
2.590774074285058237e-01,5.522188865744367403e-01,-5.709542379764867004e-01,4.147437329860385012e-03,-4.039116305118614081e-01,-4.455551151176101454e-01
2.590137362585701042e-01,5.522399536654400976e-01,-5.708915858105062524e-01,4.124407628582048464e-03,-4.038735894152931105e-01,-4.455616199533409816e-01
2.589475249199703621e-01,5.522669689143135940e-01,-5.708243199287422742e-01,4.118640010132765088e-03,-4.038442360282913923e-01,-4.455573010099436737e-01
2.588793834232226421e-01,5.522985093056270722e-01,-5.707535480405735440e-01,4.126244922572690384e-03,-4.038213263733086422e-01,-4.455445822516233001e-01
2.588097802248000012e-01,5.523334874192665778e-01,-5.706801085180315258e-01,4.144232109629681499e-03,-4.038031913754193680e-01,-4.455253172408040752e-01
2.587390738021641545e-01,5.523710736900980800e-01,-5.706046367457354718e-01,4.170298202632951451e-03,-4.037885885189193003e-01,-4.455009299585919180e-01
2.586675376337122523e-01,5.524106361739986593e-01,-5.705276148358877641e-01,4.202665497096502376e-03,-4.037765925784160825e-01,-4.454725190894931464e-01
2.585953797855400360e-01,5.524516940742715265e-01,-5.704494089794202027e-01,4.239959300405415563e-03,-4.037665147831185353e-01,-4.454409357702967531e-01
2.585227581631861504e-01,5.524938820039733134e-01,-5.703702975699891375e-01,4.281114434083730692e-03,-4.037578428081692317e-01,-4.454068419057551909e-01
2.588299344249498368e-01,5.516957845843721842e-01,-5.709895814799966773e-01,1.939180162720565521e-03,-4.024925435436548238e-01,-4.468962070569387768e-01
2.587699829304174193e-01,5.517075977382686069e-01,-5.709338400808390279e-01,1.891034224003200308e-03,-4.024451813234332653e-01,-4.469168008005604542e-01
2.587063713355144956e-01,5.517274808347802928e-01,-5.708721319513941905e-01,1.865688399767595658e-03,-4.024089446895748878e-01,-4.469237783476610049e-01
2.586400060646253385e-01,5.517534842304507858e-01,-5.708058695770452662e-01,1.858005546929519716e-03,-4.023810226737953299e-01,-4.469200906965739573e-01
2.585715715614701482e-01,5.517841254480024826e-01,-5.707361301371454143e-01,1.864033950520989358e-03,-4.023593006442725550e-01,-4.469080310383646282e-01
2.585015845344079688e-01,5.518182781420355454e-01,-5.706637349975234308e-01,1.880728618349463994e-03,-4.023421895185546049e-01,-4.468893838524281015e-01
2.584304348983113564e-01,5.518550871710595773e-01,-5.705893104335786337e-01,1.905739196348056781e-03,-4.023284967421455471e-01,-4.468655400399700883e-01
2.583584167121744657e-01,5.518939037340486742e-01,-5.705133339843743157e-01,1.937248285232904925e-03,-4.023173287725856362e-01,-4.468375857564230169e-01
2.582857515736104448e-01,5.519342359023884370e-01,-5.704361698094952970e-01,1.973847993068734812e-03,-4.023080173821936834e-01,-4.468063709452976817e-01
2.582126063163917018e-01,5.519757109333219836e-01,-5.703580956476096420e-01,2.014445544530525829e-03,-4.023000639663068534e-01,-4.467725622152181608e-01
2.585455023725075074e-01,5.511545177947583252e-01,-5.709171348884188868e-01,-3.202325715119767879e-04,-4.011477842896510881e-01,-4.481161573978924562e-01
2.584860261154494077e-01,5.511651430916816308e-01,-5.708618770042457324e-01,-3.700900610439185117e-04,-4.011027198392139725e-01,-4.481360384073221903e-01
2.584225742228829503e-01,5.511840654090495173e-01,-5.708007994288543108e-01,-3.968816691384197733e-04,-4.010681811079373493e-01,-4.481428301635354550e-01
2.583561642721758367e-01,5.512092537559095673e-01,-5.707352527977047618e-01,-4.057725289267860407e-04,-4.010415760038110733e-01,-4.481392267476247970e-01
2.582875521137564800e-01,5.512391734401163035e-01,-5.706662775384558906e-01,-4.007452504907609860e-04,-4.010209247532207644e-01,-4.481273722244664137e-01
2.582173005743504390e-01,5.512726645082152155e-01,-5.705946733888130895e-01,-3.848747511021449459e-04,-4.010047217617540571e-01,-4.481089666463103360e-01
2.581458295170140915e-01,5.513088501382039652e-01,-5.705210540498977245e-01,-3.605385598005009132e-04,-4.009918265805145210e-01,-4.480853550049371803e-01
2.580734525542673907e-01,5.513470675222289508e-01,-5.704458898674350520e-01,-3.295778640250672108e-04,-4.009813785901668037e-01,-4.480576002142131475e-01
2.580004041164061235e-01,5.513868156794294872e-01,-5.703695409769311553e-01,-2.934209270543521411e-04,-4.009727307358586512e-01,-4.480265420834030898e-01
2.579268594987270680e-01,5.514277160249227983e-01,-5.702922829365018043e-01,-2.531777338117654672e-04,-4.009653983593819415e-01,-4.479928444698775825e-01
2.578529497625400291e-01,5.514694825582378002e-01,-5.702143264922721055e-01,-2.097126313044915937e-04,-4.009590198681434181e-01,-4.479570326945708225e-01
2.582852204481767555e-01,5.505851743011145327e-01,-5.707901922156511931e-01,-2.568881390931676209e-03,-3.999286776505427965e-01,-4.491852428573747669e-01
2.582262336963638272e-01,5.505949188241997527e-01,-5.707350433997960826e-01,-2.618958349691024624e-03,-3.998859588116928099e-01,-4.492032999961182438e-01
2.581629770687495773e-01,5.506131292848128744e-01,-5.706742786220513342e-01,-2.645991027995957430e-03,-3.998531090689944612e-01,-4.492089950943310428e-01
2.580965735675801453e-01,5.506377083095821412e-01,-5.706091721304545894e-01,-2.655114051567999522e-03,-3.998277764767098619e-01,-4.492047269726354708e-01
2.580278460947889596e-01,5.506670802099322692e-01,-5.705407170518449478e-01,-2.650295312556760850e-03,-3.998081303281585952e-01,-4.491924603720269249e-01
2.579574003338518384e-01,5.507000598156139848e-01,-5.704696837452112312e-01,-2.634603826144940337e-03,-3.997927580168533779e-01,-4.491737868674276490e-01
2.578856836834018673e-01,5.507357548831472993e-01,-5.703966675933423991e-01,-2.610415972762842110e-03,-3.997805775040854659e-01,-4.491499862227583129e-01
2.578130275439587948e-01,5.507734932564005703e-01,-5.703221274533015750e-01,-2.579574217053448408e-03,-3.997707652272096679e-01,-4.491220824868313866e-01
2.577396779005389771e-01,5.508127683613305292e-01,-5.702464162011151583e-01,-2.543509212550669994e-03,-3.997626979528814961e-01,-4.490908926377859545e-01
2.576658175946388574e-01,5.508531983310930302e-01,-5.701698047669667702e-01,-2.503333730344491862e-03,-3.997559065922649535e-01,-4.490570674164108267e-01
2.575915826418099797e-01,5.508944952977897769e-01,-5.700925009114368169e-01,-2.459914919381210596e-03,-3.997500399440377383e-01,-4.490211248870814020e-01
2.581675814406537706e-01,5.497311194895327935e-01,-5.708059729926752146e-01,-5.784356701259063885e-03,-3.985834448114237705e-01,-4.507385275836892080e-01
2.580775467549105695e-01,5.498054556779928825e-01,-5.707042348717386027e-01,-5.627946023078575499e-03,-3.986159394239320863e-01,-4.506311311776006745e-01
2.579912184324856805e-01,5.498721365087120283e-01,-5.706078566252287265e-01,-5.493016457162359055e-03,-3.986388509562250881e-01,-4.505362417175778900e-01
2.579076607289830791e-01,5.499330488618950907e-01,-5.705155783029602912e-01,-5.374791908676674126e-03,-3.986545665823297835e-01,-4.504512500743618197e-01
2.578261748360031747e-01,5.499896134458227559e-01,-5.704264333840961543e-01,-5.269580176677130662e-03,-3.986649052234951807e-01,-4.503740981270283328e-01
2.577462382500321780e-01,5.500429009534532065e-01,-5.703396814689792871e-01,-5.174524758815707975e-03,-3.986712463079032376e-01,-4.503031642137564350e-01
2.576674599807357025e-01,5.500937188068782957e-01,-5.702547559658716070e-01,-5.087413322783621711e-03,-3.986746315062696944e-01,-4.502371709510392117e-01
2.575895473338796204e-01,5.501426761190270076e-01,-5.701712236278075885e-01,-5.006530140851013500e-03,-3.986758442488557708e-01,-4.501751117594369744e-01
2.575122811945176338e-01,5.501902324675388423e-01,-5.700887533575829114e-01,-4.930542511650902633e-03,-3.986754713856002219e-01,-4.501161927046929412e-01
2.574354975845981053e-01,5.502367345909343621e-01,-5.700070922121296402e-01,-4.858413388117103354e-03,-3.986739507153996831e-01,-4.500597866930245439e-01
2.573590738718025128e-01,5.502824440339286749e-01,-5.699260469989946287e-01,-4.789334166785059847e-03,-3.986716074092062079e-01,-4.500053975172548792e-01
2.578389849457367600e-01,5.493736624339702335e-01,-5.703612220703230262e-01,-6.982156825400306910e-03,-3.978790254284318983e-01,-4.508414384117674922e-01
2.577810636546318257e-01,5.493821177902958874e-01,-5.703055406951377249e-01,-7.026966693771119488e-03,-3.978398944975604645e-01,-4.508513696147739558e-01
2.577183285934612766e-01,5.493992572558121790e-01,-5.702447724889523339e-01,-7.049753479570954745e-03,-3.978094096913883937e-01,-4.508510869556590084e-01
2.576520962514612934e-01,5.494228870224888706e-01,-5.701800094018639742e-01,-7.055413666616533637e-03,-3.977857042482831895e-01,-4.508422930518473093e-01
2.575833118349892814e-01,5.494513751994440920e-01,-5.701121282522316758e-01,-7.047743342777628740e-03,-3.977672445709316551e-01,-4.508265036208660703e-01
2.575126588574669917e-01,5.494835044646741995e-01,-5.700418244668857826e-01,-7.029684535279767145e-03,-3.977527996464710891e-01,-4.508050162704484998e-01
2.574406346332232531e-01,5.495183646641493835e-01,-5.699696445869288919e-01,-7.003517643919685703e-03,-3.977413981055287207e-01,-4.507789148933855072e-01
2.573676028671573746e-01,5.495552740564209060e-01,-5.698960152003104129e-01,-6.971011145703950689e-03,-3.977322835181584249e-01,-4.507490903928518811e-01
2.572938306703172473e-01,5.495937212624325552e-01,-5.698212675376898018e-01,-6.933537697674090408e-03,-3.977248730666207432e-01,-4.507162672364379286e-01
2.572195148649110696e-01,5.496333222850386946e-01,-5.697456577699888669e-01,-6.892163979342221664e-03,-3.977187216924931157e-01,-4.506810303932521355e-01
2.571448008426455156e-01,5.496737885646191257e-01,-5.696693834199988427e-01,-6.847720103794558734e-03,-3.977134921902657494e-01,-4.506438500718604190e-01
2.570697961897184802e-01,5.497149031599654068e-01,-5.695925964434997990e-01,-6.800853191279789683e-03,-3.977089309035569120e-01,-4.506051032397354050e-01
2.576556154973529411e-01,5.487349179960044898e-01,-5.700519082558862527e-01,-9.070046503167766144e-03,-3.970358685452158309e-01,-4.513679744719738540e-01
2.575983364512176021e-01,5.487422721003051285e-01,-5.699965731512762757e-01,-9.118107865257109312e-03,-3.969991823064495939e-01,-4.513784890639164771e-01
2.575359218811728024e-01,5.487585567833164202e-01,-5.699362776896111926e-01,-9.143629340175570344e-03,-3.969705367992387157e-01,-4.513790930554591463e-01
2.574698015967242237e-01,5.487814939147795945e-01,-5.698720520763050912e-01,-9.151577063165045392e-03,-3.969482853803724121e-01,-4.513712733324218851e-01
2.574009936572292379e-01,5.488093963549518506e-01,-5.698047384942082072e-01,-9.145813703150186547e-03,-3.969310278868948827e-01,-4.513564304007928740e-01
2.573302287261465815e-01,5.488410103838675669e-01,-5.697350135142426053e-01,-9.129341166489573015e-03,-3.969176147892250484e-01,-4.513358049043818543e-01
2.572580348290951502e-01,5.488754017517222250e-01,-5.696634138719022245e-01,-9.104491879971659055e-03,-3.969071251259683741e-01,-4.513104568978741349e-01
2.571847957931467366e-01,5.489118727042036072e-01,-5.695903614374189239e-01,-9.073078599746249237e-03,-3.968988342934239300e-01,-4.512812717467873935e-01
2.571107919793668706e-01,5.489499011923375527e-01,-5.695161855118346939e-01,-9.036511198318133292e-03,-3.968921801509882052e-01,-4.512489780091470393e-01
2.570362289679787304e-01,5.489890961031561600e-01,-5.694411417994910130e-01,-8.995887398693423048e-03,-3.968867315898410020e-01,-4.512141693802111386e-01
2.569612579507092875e-01,5.490291641371567444e-01,-5.693654280756408337e-01,-8.952063104120479287e-03,-3.968821612387416486e-01,-4.511773266067217736e-01
2.568859903536733214e-01,5.490698852086928206e-01,-5.692891968569352423e-01,-8.905706819784179121e-03,-3.968782227075712821e-01,-4.511388374683621416e-01
2.574994840608051394e-01,5.480726806406952534e-01,-5.696820760937760797e-01,-1.111729409745578975e-02,-3.963245425213843820e-01,-4.517257699186594255e-01
2.574428078269021536e-01,5.480792236367684200e-01,-5.696266561145019169e-01,-1.116424343388641542e-02,-3.962896341176489479e-01,-4.517334124993137023e-01
2.573807074689594132e-01,5.480948472261988336e-01,-5.695665018583903061e-01,-1.118888695949984621e-02,-3.962621962201229309e-01,-4.517320012076539992e-01
2.573147140700165481e-01,5.481172166581581573e-01,-5.695025580847675739e-01,-1.119612337505379238e-02,-3.962408138638968125e-01,-4.517227161904055488e-01
2.572459101434973472e-01,5.481446096150957015e-01,-5.694356146613620551e-01,-1.118977170286643459e-02,-3.962242256311191424e-01,-4.517067671255450279e-01
2.571750677285519204e-01,5.481757505055000479e-01,-5.693663159710059540e-01,-1.117280465109170458e-02,-3.962113648465635518e-01,-4.516852747693473891e-01
2.571027416602172377e-01,5.482096914703864510e-01,-5.692951788182347705e-01,-1.114753436874658769e-02,-3.962013598483088428e-01,-4.516592229095412470e-01
2.570293333122115609e-01,5.482457262853607238e-01,-5.692226126205628400e-01,-1.111575896793981152e-02,-3.961935152432965457e-01,-4.516294476452880624e-01
2.569551346531080416e-01,5.482833276311923631e-01,-5.691489388074232325e-01,-1.107887734339756472e-02,-3.961872861043981842e-01,-4.515966451248884517e-01
2.568803590271728776e-01,5.483221011179986171e-01,-5.690744080365506274e-01,-1.103797871760289241e-02,-3.961822513871624540e-01,-4.515613872694440034e-01
2.568051628789489449e-01,5.483617514127157033e-01,-5.689992147886477891e-01,-1.099391223714676902e-02,-3.961780895452223783e-01,-4.515241398572577558e-01
2.567296612292168656e-01,5.484020571696354152e-01,-5.689235093884494887e-01,-1.094734093029041400e-02,-3.961745575018597587e-01,-4.514852801243383063e-01
2.573719949043621336e-01,5.473871392397408053e-01,-5.692492476271737711e-01,-1.309474505992879248e-02,-3.957392484891942841e-01,-4.518903513531239424e-01
2.573159569654184242e-01,5.473928214217925747e-01,-5.691937534987757674e-01,-1.314015011102884212e-02,-3.957058768551494632e-01,-4.518947275303712430e-01
2.572542005318554925e-01,5.474077372348823411e-01,-5.691337549547073049e-01,-1.316354342580041206e-02,-3.956794449971400285e-01,-4.518909582230034028e-01
2.571883587490230716e-01,5.474294961145389493e-01,-5.690701090426174558e-01,-1.316974749777098490e-02,-3.956587652448377290e-01,-4.518799101678889207e-01
2.571195792309598493e-01,5.474563407204023902e-01,-5.690035522689128600e-01,-1.316253058816297707e-02,-3.956427100277701281e-01,-4.518625967064737181e-01
2.570486759614303840e-01,5.474869733913856340e-01,-5.689346964136585694e-01,-1.314483023860945135e-02,-3.956302908288444331e-01,-4.518400139010753103e-01
2.569762310983863540e-01,5.475204322981782612e-01,-5.688640382249205985e-01,-1.311893320900949997e-02,-3.956206811240499666e-01,-4.518130649856384462e-01
2.569026640244953530e-01,5.475560023244147034e-01,-5.687919746738657745e-01,-1.308661853994703972e-02,-3.956132111632053028e-01,-4.517825329401972678e-01
2.568282787269777767e-01,5.475931504593034571e-01,-5.687188193682313209e-01,-1.304927029438198577e-02,-3.956073502416386778e-01,-4.517490780497285807e-01
2.567532966751637780e-01,5.476314786458572614e-01,-5.686448179723398999e-01,-1.300796583452355250e-02,-3.956026849017404978e-01,-4.517132473848139984e-01
2.566778798794408512e-01,5.476706891684496314e-01,-5.685701617212656211e-01,-1.296354461978593831e-02,-3.955988973673218445e-01,-4.516754890320932581e-01
2.566021472240437862e-01,5.477105591197093393e-01,-5.684949987807119687e-01,-1.291666165027806866e-02,-3.955957461828418786e-01,-4.516361672921268000e-01
2.572744135288562162e-01,5.466774215590868291e-01,-5.687531180929044083e-01,-1.499713418639928020e-02,-3.952782841043756545e-01,-4.518565063736375009e-01
2.572190463592484710e-01,5.466821950412581455e-01,-5.686975769026547667e-01,-1.504080965470243336e-02,-3.952462614739445379e-01,-4.518574290759650447e-01
2.571576605189594411e-01,5.466963594644501656e-01,-5.686377608950872187e-01,-1.506278655389125913e-02,-3.952206828447161757e-01,-4.518511328071357358e-01
2.570919921634102212e-01,5.467174688835569896e-01,-5.685744379993794562e-01,-1.506780954001191337e-02,-3.952005832685638320e-01,-4.518381699230457071e-01
2.570232547563990888e-01,5.467437307785001366e-01,-5.685082910227015063e-01,-1.505959482532454735e-02,-3.951849641322508488e-01,-4.518193566031397657e-01
2.569523048597540660e-01,5.467738249820088825e-01,-5.684398992733389333e-01,-1.504104358077954645e-02,-3.951729105764134053e-01,-4.517955632686328493e-01
2.568797525030949158e-01,5.468067751515698349e-01,-5.683697397520846017e-01,-1.501441597067646946e-02,-3.951636373333463625e-01,-4.517676114875581184e-01
2.568060355541092465e-01,5.468418567302291144e-01,-5.682981973180609714e-01,-1.498147075031824177e-02,-3.951564970815013011e-01,-4.517362298910446716e-01
2.567314704287644300e-01,5.468785305062286994e-01,-5.682255780634046793e-01,-1.494357594615232897e-02,-3.951509707177509600e-01,-4.517020416183860632e-01
2.566562870712442712e-01,5.469163943067316680e-01,-5.681521229139481211e-01,-1.490179588797809103e-02,-3.951466502571918116e-01,-4.516655676180436063e-01
2.565806533528731115e-01,5.469551476521780087e-01,-5.680780200570765270e-01,-1.485695923348155992e-02,-3.951432200016476437e-01,-4.516272370679873527e-01
2.565046922677489127e-01,5.469945657557067076e-01,-5.680034156491700070e-01,-1.480971191386384715e-02,-3.951404387599664059e-01,-4.515874001980746955e-01
2.564284941682929975e-01,5.470344803055615657e-01,-5.679284227234862037e-01,-1.476055821235767486e-02,-3.951381242795130033e-01,-4.515463411010696704e-01
2.572079930506608880e-01,5.459425709559048157e-01,-5.681938340895389405e-01,-1.682430227700703815e-02,-3.949402211102613913e-01,-4.516234115959355533e-01
2.571533091032987550e-01,5.459464705811865048e-01,-5.681381851144925443e-01,-1.686568115704427384e-02,-3.949094451521093507e-01,-4.516203982426239549e-01
2.570923063568719691e-01,5.459599042522124135e-01,-5.680785107637082998e-01,-1.688577109342889737e-02,-3.948846188719511430e-01,-4.516111726138408167e-01
2.570268239004792621e-01,5.459803754035714718e-01,-5.680154829178849507e-01,-1.688922041399200380e-02,-3.948650066653902613e-01,-4.515959566941264436e-01
2.569581408156504931e-01,5.460060595487921109e-01,-5.679497264535039447e-01,-1.687967910204479088e-02,-3.948497414879998946e-01,-4.515753578767885412e-01
2.568871560162316325e-01,5.460356161800635766e-01,-5.678817855613955690e-01,-1.686000082198750583e-02,-3.948379826928344327e-01,-4.515501120652225531e-01
2.568145072379257599e-01,5.460680558980273158e-01,-5.678121157929788554e-01,-1.683241023461861524e-02,-3.948289858229571681e-01,-4.515209521169027962e-01
2.567406507366213897e-01,5.461026456808329987e-01,-5.677410887655476301e-01,-1.679863858062354345e-02,-3.948221250988407927e-01,-4.514885465749826632e-01
2.566659153181040653e-01,5.461388407676909251e-01,-5.676690022770554123e-01,-1.676003192397632763e-02,-3.948168919877159677e-01,-4.514534766747688721e-01
2.565905394052385713e-01,5.461762353013083215e-01,-5.675960919635878454e-01,-1.671763666744148502e-02,-3.948128829382627214e-01,-4.514162332526089894e-01
2.565146967628054164e-01,5.462145263220195002e-01,-5.675225425592308470e-01,-1.667226660209573941e-02,-3.948097833580512250e-01,-4.513772232142123086e-01
2.564385145451290038e-01,5.462534873451929673e-01,-5.674484979099454485e-01,-1.662455519651086233e-02,-3.948073514314730525e-01,-4.513367798736729886e-01
2.563620860851083538e-01,5.462929488771618436e-01,-5.673740694560406306e-01,-1.657499621882137925e-02,-3.948054034653870059e-01,-4.512951741776106696e-01
2.571736402522715181e-01,5.451828580249602485e-01,-5.675705004581240720e-01,-1.856998614756207380e-02,-3.947234745844056536e-01,-4.511855370710187163e-01
2.571197028119079353e-01,5.451857865305458350e-01,-5.675148433909655843e-01,-1.860948518315192618e-02,-3.946936906126773947e-01,-4.511788906794044207e-01
2.570591360659977842e-01,5.451984128255820128e-01,-5.674553854661361640e-01,-1.862800895727798056e-02,-3.946694331814710188e-01,-4.511669595002774091e-01
2.569938835379039221e-01,5.452181866454877124e-01,-5.673927077312325151e-01,-1.863013180978254774e-02,-3.946501778347110134e-01,-4.511496565578483886e-01
2.569252913858046106e-01,5.452432484508222821e-01,-5.673273815631012518e-01,-1.861945475665027078e-02,-3.946351751912542394e-01,-4.511273960839335406e-01
2.568543022151590360e-01,5.452722345871606757e-01,-5.672599196209059391e-01,-1.859879720637253389e-02,-3.946236483846407017e-01,-4.511007907922732207e-01
2.567815826466895435e-01,5.453041401832250390e-01,-5.671907588258490174e-01,-1.857035844645773051e-02,-3.946148860355134791e-01,-4.510704930224870290e-01
2.567076083282288645e-01,5.453382217461993919e-01,-5.671202597281649327e-01,-1.853584993331093209e-02,-3.946082782208547579e-01,-4.510371171537502777e-01
2.566327212890428533e-01,5.453739273385442843e-01,-5.670487134916560867e-01,-1.849660166136677178e-02,-3.946033228155064188e-01,-4.510012068113743444e-01
2.565571691095362428e-01,5.454108461224149718e-01,-5.669763517162672573e-01,-1.845364659828376691e-02,-3.945996176696962565e-01,-4.509632258480573141e-01
2.564811319918818278e-01,5.454486716375801514e-01,-5.669033566296782789e-01,-1.840778709425728785e-02,-3.945968470841648146e-01,-4.509235611860850645e-01
2.564047416805850799e-01,5.454871749083947119e-01,-5.668298704759860973e-01,-1.835964677360396938e-02,-3.945947670132120000e-01,-4.508825309095665368e-01
2.563280948257667946e-01,5.455261846462174935e-01,-5.667560036350176578e-01,-1.830971089029445609e-02,-3.945931911534727998e-01,-4.508403940707422786e-01
2.571723502886647528e-01,5.443982784527739982e-01,-5.668831275492682842e-01,-2.023633121207149207e-02,-3.946264489483359839e-01,-4.505447327179425421e-01
2.571191990707961117e-01,5.444002349952572484e-01,-5.668274618956540278e-01,-2.027396158877117424e-02,-3.945975002558219646e-01,-4.505344503264828160e-01
2.570591050494000496e-01,5.444120527683879995e-01,-5.667682161954593623e-01,-2.029091749039957718e-02,-3.945736901416238562e-01,-4.505197954548059713e-01
2.569941162235184207e-01,5.444311296615972351e-01,-5.667058802159434805e-01,-2.029170347497017551e-02,-3.945546985856973055e-01,-4.505003783742139722e-01
2.569256460022851796e-01,5.444555718226352647e-01,-5.666409722133497473e-01,-2.027987495945348870e-02,-3.945398878108868912e-01,-4.504764247081959883e-01
2.568546809510831586e-01,5.444839925893147914e-01,-5.665739739742078340e-01,-2.025821962209085891e-02,-3.945285396891879959e-01,-4.504484271029845499e-01
2.567819168888348380e-01,5.445153714611509210e-01,-5.665053044662718973e-01,-2.022891318797278432e-02,-3.945199719179803832e-01,-4.504169593867144994e-01
2.567078491767066928e-01,5.445489541901711306e-01,-5.664353137677468064e-01,-2.019364856651288329e-02,-3.945135873331629406e-01,-4.503825829734162123e-01
2.566328333714474330e-01,5.445841813449824320e-01,-5.663642868910159223e-01,-2.015374048734194790e-02,-3.945088878547280409e-01,-4.503458045163031831e-01
2.565571264845087907e-01,5.446206368028019273e-01,-5.662924517766116939e-01,-2.011020896871211147e-02,-3.945054709409125948e-01,-4.503070611502046905e-01
2.564809153928582219e-01,5.446580103334073275e-01,-5.662199884291733154e-01,-2.006384517915974636e-02,-3.945030184300040155e-01,-4.502667198447837249e-01
2.564043366320355455e-01,5.446960702423473411e-01,-5.661470376996748932e-01,-2.001526300008987097e-02,-3.945012830197604514e-01,-4.502250833452610124e-01
2.563274903357382062e-01,5.447346432583104470e-01,-5.660737090607873556e-01,-1.996493916873391672e-02,-3.945000750125749467e-01,-4.501823986194486427e-01
2.562504501509870192e-01,5.447735996771799760e-01,-5.660000871737824735e-01,-1.991324440251823411e-02,-3.944992504967533842e-01,-4.501388657017945660e-01
2.572049486720966449e-01,5.435895436111525258e-01,-5.661314404609821826e-01,-2.182575053738738946e-02,-3.946476530065554100e-01,-4.497038103940045883e-01
2.571525996353387078e-01,5.435906157494783120e-01,-5.660756739908666679e-01,-2.186118036992771435e-02,-3.946194817097852248e-01,-4.496896325401129602e-01
2.570929983933041285e-01,5.436016933132048479e-01,-5.660165641529689706e-01,-2.187629534189361111e-02,-3.945960608073824649e-01,-4.496720348231889597e-01
2.570282961273462341e-01,5.436201286533219879e-01,-5.659545035706101679e-01,-2.187551837616814876e-02,-3.945772794162728525e-01,-4.496503171568320689e-01
2.569599724651395189e-01,5.436439977937131962e-01,-5.658899539705884996e-01,-2.186235045213250766e-02,-3.945626129756457656e-01,-4.496245112608443506e-01
2.568890571750448992e-01,5.436718938654333533e-01,-5.658233642168098987e-01,-2.183954071263445249e-02,-3.945514022973918844e-01,-4.495949856613343232e-01
2.568162747517010458e-01,5.437027826216805915e-01,-5.657551340447442012e-01,-2.180923594023228412e-02,-3.945429937569940870e-01,-4.495622323612268323e-01
2.567421399263212223e-01,5.437359003321042827e-01,-5.656856022291989472e-01,-2.177310616501161589e-02,-3.945368023380298461e-01,-4.495267569919514927e-01
2.566670215697491320e-01,5.437706809379940776e-01,-5.656150470628945603e-01,-2.173244731379934958e-02,-3.945323333657573817e-01,-4.494890268020311774e-01
2.565911860001183764e-01,5.438067036262722587e-01,-5.655436924197013715e-01,-2.168826354286510980e-02,-3.945291833115874836e-01,-4.494494500955186767e-01
2.565148267042166030e-01,5.438436548067210330e-01,-5.654717157800627225e-01,-2.164133242461746195e-02,-3.945270310204374575e-01,-4.494083720561070638e-01
2.564380849817615160e-01,5.438813003499275434e-01,-5.653992563735030785e-01,-2.159225608826017759e-02,-3.945256254677817487e-01,-4.493660785025788140e-01
2.563610644474278999e-01,5.439194652006211772e-01,-5.653264225851005742e-01,-2.154150107361923680e-02,-3.945247731627991028e-01,-4.493228029558943848e-01
2.562838413225554945e-01,5.439580183326644391e-01,-5.652532983137402711e-01,-2.148942924626286166e-02,-3.945243266376695090e-01,-4.492787345760861917e-01
2.572718246308077217e-01,5.427587845096297769e-01,-5.653141138768105201e-01,-2.333533570882850502e-02,-3.947858088954981359e-01,-4.486618822239919480e-01
2.572203342189846587e-01,5.427589558888357146e-01,-5.652582842257789508e-01,-2.336898513328002081e-02,-3.947582052979207723e-01,-4.486441589990282641e-01
2.571612790851179331e-01,5.427692849256334773e-01,-5.651993251446183475e-01,-2.338258812578423301e-02,-3.947350294183380459e-01,-4.486238793856185403e-01
2.570969128898479283e-01,5.427870787673612085e-01,-5.651375372760218951e-01,-2.338050690343639743e-02,-3.947163605411768694e-01,-4.486000577110390020e-01
2.570287814534261694e-01,5.428103826330153980e-01,-5.650733300721930696e-01,-2.336620411037428069e-02,-3.947017734558679325e-01,-4.485725494457161733e-01
2.569579580758750148e-01,5.428377683612783944e-01,-5.650071228234873066e-01,-2.334240268719251638e-02,-3.946906579538106974e-01,-4.485416115406397619e-01
2.568851964098882723e-01,5.428681867925713167e-01,-5.649392985966020797e-01,-2.331122990322823454e-02,-3.946823820238019032e-01,-4.485076631026989613e-01
2.568110310735238211e-01,5.429008636270850063e-01,-5.648701867877831129e-01,-2.327434012665081930e-02,-3.946763678383238272e-01,-4.484711603642962396e-01
2.567358447394419985e-01,5.429352252357587671e-01,-5.648000604012509696e-01,-2.323301601603854419e-02,-3.946721206700798956e-01,-4.484325357674346924e-01
2.566599134618315348e-01,5.429708453312765970e-01,-5.647291403043360747e-01,-2.318825011964465235e-02,-3.946692336021027092e-01,-4.483921721301058483e-01
2.565834376986093068e-01,5.430074063323494515e-01,-5.646576022325170419e-01,-2.314080969643552213e-02,-3.946673808325564803e-01,-4.483503953113011087e-01
2.565065638085753386e-01,5.430446711767784596e-01,-5.645855843671550023e-01,-2.309128766376952052e-02,-3.946663064810195243e-01,-4.483074760389320068e-01
2.564293991218147273e-01,5.430824626382635412e-01,-5.645131944298651394e-01,-2.304014234164768887e-02,-3.946658124874048990e-01,-4.482636357682822648e-01
2.563520226176889127e-01,5.431206480723229646e-01,-5.644405158691173652e-01,-2.298772828614907560e-02,-3.946657473046197295e-01,-4.482190538424405402e-01
2.575584917001082497e-01,5.416146657969863609e-01,-5.645958786236076055e-01,-2.555829756036112274e-02,-3.947690400671199362e-01,-4.477904964926517350e-01
2.574572508393863646e-01,5.416888824841127326e-01,-5.645049500059491354e-01,-2.541686533338809520e-02,-3.948017578624455903e-01,-4.477093441679121932e-01
2.573623561673766269e-01,5.417540751764052809e-01,-5.644175954740872081e-01,-2.529420968043885262e-02,-3.948283627679959884e-01,-4.476329504428115391e-01
2.572719966317918994e-01,5.418126024926479545e-01,-5.643332469918103111e-01,-2.518615138886102361e-02,-3.948495804031720846e-01,-4.475612157610925346e-01
2.571849050618373878e-01,5.418661881509122535e-01,-5.642513516385033734e-01,-2.508940988996989641e-02,-3.948662915888924152e-01,-4.474936769649165424e-01
2.571001853074065813e-01,5.419160991277054418e-01,-5.641714178533207003e-01,-2.500142729050434248e-02,-3.948793564495271524e-01,-4.474297464245538536e-01
2.570171975029607037e-01,5.419632710963516731e-01,-5.640930301536376534e-01,-2.492021861942570957e-02,-3.948895379934769245e-01,-4.473688331564047438e-01
2.569354809307362597e-01,5.420083977201002323e-01,-5.640158482389019401e-01,-2.484424852547665458e-02,-3.948974778029287758e-01,-4.473103985778652536e-01
2.568547014797875616e-01,5.420519948381639086e-01,-5.639395991666703578e-01,-2.477233195024014858e-02,-3.949036974648159060e-01,-4.472539771455461000e-01
2.567746153979841295e-01,5.420944469930533138e-01,-5.638640671892106715e-01,-2.470355532399179030e-02,-3.949086113693949796e-01,-4.471991790098949204e-01
2.566950439803123984e-01,5.421360414002701633e-01,-5.637890835377221688e-01,-2.463721472015025296e-02,-3.949125433159311749e-01,-4.471456842083044725e-01
2.566158556957861547e-01,5.421769928974566888e-01,-5.637145171941986277e-01,-2.457276769195860036e-02,-3.949157431464291879e-01,-4.470932335454276818e-01
2.565369534398132534e-01,5.422174623609348210e-01,-5.636402670146304361e-01,-2.450979597546108085e-02,-3.949184017225504939e-01,-4.470416188227093190e-01
2.564582653608474261e-01,5.422575703548818682e-01,-5.635662552395398484e-01,-2.444797672585380041e-02,-3.949206636464143716e-01,-4.469906736852614637e-01
2.577022119208987050e-01,5.407437494443264603e-01,-5.636410249650135595e-01,-2.688443308849141483e-02,-3.951270522212067537e-01,-4.463231231603319027e-01
2.576000560922096505e-01,5.408179828969978953e-01,-5.635509197721612074e-01,-2.674590921769692126e-02,-3.951607280887316498e-01,-4.462454843907032176e-01
2.575044661116342448e-01,5.408831224114573066e-01,-5.634642169730221806e-01,-2.662570405750459140e-02,-3.951884324527119019e-01,-4.461718079700029982e-01
2.574135624478139928e-01,5.409415475705107168e-01,-5.633804154882761095e-01,-2.651972296128905782e-02,-3.952107762826619353e-01,-4.461022127266728310e-01
2.573260329620891684e-01,5.409949961725616374e-01,-5.632990014217004182e-01,-2.642474800065665666e-02,-3.952285845212948900e-01,-4.460363789572637239e-01
2.572409513683495685e-01,5.410447448205445431e-01,-5.632195062429261601e-01,-2.633826990994817679e-02,-3.952426930361676582e-01,-4.459738168878133457e-01
2.571576571863675165e-01,5.410917358806702770e-01,-5.631415283014000739e-01,-2.625834292193099731e-02,-3.952538571554566893e-01,-4.459140049451517096e-01
2.570756753163742081e-01,5.411366677373765643e-01,-5.630647358144713621e-01,-2.618346415164417990e-02,-3.952627190795151013e-01,-4.458564556636174236e-01
2.569946614260213980e-01,5.411800596055850177e-01,-5.629888612570970174e-01,-2.611247591031726212e-02,-3.952698048371717787e-01,-4.458007424178629385e-01
2.569143643750566031e-01,5.412222984724351926e-01,-5.629136924620741222e-01,-2.604448794952517535e-02,-3.952755347218694371e-01,-4.457465058193576524e-01
2.568346000366993342e-01,5.412636733456251958e-01,-5.628390631297264246e-01,-2.597881632953534178e-02,-3.952802386929517020e-01,-4.456934502710281354e-01
2.567552328473505785e-01,5.413044003934389670e-01,-5.627648440170001098e-01,-2.591493577814336230e-02,-3.952841724372405663e-01,-4.456413363891390533e-01
2.566761626666219653e-01,5.413446414930670469e-01,-5.626909353052321761e-01,-2.585244280249526447e-02,-3.952875321052972124e-01,-4.455899722747209135e-01
2.565973153335421308e-01,5.413845179700492727e-01,-5.626172602599089911e-01,-2.579102725378915745e-02,-3.952904669570116436e-01,-4.455392050987512786e-01
2.565186358242599329e-01,5.414241208137869910e-01,-5.625437600913205660e-01,-2.573045048908898652e-02,-3.952930898076251198e-01,-4.454889136305512087e-01
2.578807283724976473e-01,5.398589709852207319e-01,-5.626181126834951529e-01,-2.814774043210278159e-02,-3.956005128201504073e-01,-4.446765280830558553e-01
2.577776560565983588e-01,5.399334005454429208e-01,-5.625285625382772103e-01,-2.801043044093334128e-02,-3.956349957259303607e-01,-4.446010518334945760e-01
2.576813849845708271e-01,5.399986324607127797e-01,-5.624422834280915495e-01,-2.789128100634061941e-02,-3.956636325971134571e-01,-4.445289718979488214e-01
2.575899626870589709e-01,5.400570751678585024e-01,-5.623588327524114971e-01,-2.778622600667985526e-02,-3.956869308944536701e-01,-4.444605832297284231e-01
2.575020286962146354e-01,5.401104868738577647e-01,-5.622777286837337130e-01,-2.769206514716147233e-02,-3.957056674533865337e-01,-4.443956756429317534e-01
2.574166240650383464e-01,5.401601587886980527e-01,-5.621985201668874277e-01,-2.760630162189468481e-02,-3.957206589492845428e-01,-4.443338299465453556e-01
2.573330658220356337e-01,5.402070438215974546e-01,-5.621208150394458869e-01,-2.752699971820105410e-02,-3.957326560186965603e-01,-4.442745719906006086e-01
2.572508631085589914e-01,5.402518480164588688e-01,-5.620442866707258123e-01,-2.745266546021497139e-02,-3.957423029829149064e-01,-4.442174476089447710e-01
2.571696603789970781e-01,5.402950961812573727e-01,-5.619686703550643703e-01,-2.738214942283921649e-02,-3.957501307986020511e-01,-4.441620545811902909e-01
2.570891984060841851e-01,5.403371794023901220e-01,-5.618937555071715773e-01,-2.731456912543139826e-02,-3.957565654730331728e-01,-4.441080520912905061e-01
2.570092871628965048e-01,5.403783897018871185e-01,-5.618193767582467801e-01,-2.724924790702239891e-02,-3.957619425155239901e-01,-4.440551591176751245e-01
2.569297867385211820e-01,5.404189454715184748e-01,-5.617454054551421772e-01,-2.718566724915586277e-02,-3.957665226040373851e-01,-4.440031479869293585e-01
2.568505937620303992e-01,5.404590102334664303e-01,-5.616717421905668139e-01,-2.712342985330140274e-02,-3.957705062017182196e-01,-4.439518363683087609e-01
2.567716316539604970e-01,5.404987065355209008e-01,-5.615983105421002985e-01,-2.706223118906450967e-02,-3.957740462202833931e-01,-4.439010793440248959e-01
2.566928435681112841e-01,5.405381262781090435e-01,-5.615250519764478643e-01,-2.700183765597577099e-02,-3.957772585286344902e-01,-4.438507622770541117e-01
2.580939311386569734e-01,5.389646531149363540e-01,-5.615246536345526174e-01,-2.933956591661942767e-02,-3.961863889521906601e-01,-4.428470878650435649e-01
2.579899989464852772e-01,5.390392965388873803e-01,-5.614355508839394826e-01,-2.920347510637368721e-02,-3.962217986208242948e-01,-4.427737022694778202e-01
2.578930933180157981e-01,5.391046520033010436e-01,-5.613495972745216056e-01,-2.908539611665567071e-02,-3.962514455159327764e-01,-4.427031858185073721e-01
2.578011931753737551e-01,5.391631516788061296e-01,-5.612664052976180651e-01,-2.898128716616443779e-02,-3.962757483652168400e-01,-4.426359934650224148e-01
2.577128923187155252e-01,5.392165710769053488e-01,-5.611855228814368601e-01,-2.888796292168323981e-02,-3.962954456094729960e-01,-4.425720145462986310e-01
2.576272006671200820e-01,5.392662141192477998e-01,-5.611065149295244581e-01,-2.880293737426997333e-02,-3.963113410249909929e-01,-4.425108943815188045e-01
2.575434136330351786e-01,5.393130430942842946e-01,-5.610289977967904962e-01,-2.872428387323120932e-02,-3.963241846071418051e-01,-4.424522026386878970e-01
2.574610250836177339e-01,5.393577709858273783e-01,-5.609526493961316529e-01,-2.865051679274220955e-02,-3.963346253955755127e-01,-4.423955163761605913e-01
2.573796685154498554e-01,5.394009277417781689e-01,-5.608772074776754435e-01,-2.858049468142560834e-02,-3.963432009227016439e-01,-4.423404566341667121e-01
2.572990767377759669e-01,5.394429082591710722e-01,-5.608024628259502542e-01,-2.851334270598521875e-02,-3.963503439588777488e-01,-4.422867005809695828e-01
2.572190538738848842e-01,5.394840073871677300e-01,-5.607282508846945790e-01,-2.844839146344994157e-02,-3.963563962339420321e-01,-4.422339815096379412e-01
2.571394556764956540e-01,5.395244456163030833e-01,-5.606544435311863195e-01,-2.838512922717012846e-02,-3.963616238450862750e-01,-4.421820833782550419e-01
2.570601755360440444e-01,5.395643880287346317e-01,-5.605809417435355657e-01,-2.832316496007616230e-02,-3.963662318458442413e-01,-4.421308334470614443e-01
2.569811344379764884e-01,5.396039583346294854e-01,-5.605076694057715692e-01,-2.826219983121695811e-02,-3.963703769806870558e-01,-4.420800947815131110e-01
2.569022736946062757e-01,5.396432493019753807e-01,-5.604345682463233169e-01,-2.820200536834132146e-02,-3.963741782921947343e-01,-4.420297594302733390e-01
2.583415345680126207e-01,5.380649245725729335e-01,-5.603588718968722793e-01,-3.046216605412123066e-02,-3.968845596145337273e-01,-4.408400944429783919e-01
2.582368011799109908e-01,5.381397904700705448e-01,-5.602701221223651551e-01,-3.032724456804574906e-02,-3.969209368984165653e-01,-4.407686948579830344e-01
2.581393107674059273e-01,5.382052924799315408e-01,-5.601844039115168039e-01,-3.021019939512024216e-02,-3.969516128693652002e-01,-4.406996711952874679e-01
2.580469770629914006e-01,5.382638814977626085e-01,-5.601013833897180438e-01,-3.010700964446930139e-02,-3.969769260571437974e-01,-4.406336266003688107e-01
2.579583502724842603e-01,5.383173471954528777e-01,-5.600206371273057648e-01,-3.001450247238346414e-02,-3.969975821345032019e-01,-4.405705422456299702e-01
2.578724105007650924e-01,5.383670042041704962e-01,-5.599417452161656872e-01,-2.993020090404812858e-02,-3.970143755503348082e-01,-4.405101230147861480e-01
2.577884323491202445e-01,5.384138228988161190e-01,-5.598643320252487676e-01,-2.985218609254280953e-02,-3.970280578551643735e-01,-4.404519792356861307e-01
2.577058948969905838e-01,5.384585223495523820e-01,-5.597880797095534655e-01,-2.977897984788297620e-02,-3.970392840902255416e-01,-4.403957171777871382e-01
2.576244209741020419e-01,5.385016370716900758e-01,-5.597127283017896415e-01,-2.970944802186218855e-02,-3.970485990809663468e-01,-4.403409798514092977e-01
2.575437355998230760e-01,5.385435653796425415e-01,-5.596380698671916676e-01,-2.964272292054212499e-02,-3.970564427263914564e-01,-4.402874615764077459e-01
2.574636371504322452e-01,5.385846046732429837e-01,-5.595639406251569081e-01,-2.957814200873973981e-02,-3.970631631308642051e-01,-4.402349094082294023e-01
2.573839771038630708e-01,5.386249773435981547e-01,-5.594902129747323372e-01,-2.951520004182343546e-02,-3.970690318470468938e-01,-4.401831185642668398e-01
2.573046456485914013e-01,5.386648498882076197e-01,-5.594167882855780594e-01,-2.945351199708950291e-02,-3.970742584919409457e-01,-4.401319256327303475e-01
2.572255613576713840e-01,5.387043470711305737e-01,-5.593435907628955261e-01,-2.939278454011718528e-02,-3.970790035825124686e-01,-4.400812014701844244e-01
2.571466637163000724e-01,5.387435624468426276e-01,-5.592705624110694274e-01,-2.933279415998275158e-02,-3.970833892678777843e-01,-4.400308446664179529e-01
2.586232269816349238e-01,5.371640074390957587e-01,-5.591189114983470265e-01,-3.151728115788005741e-02,-3.976946930658234458e-01,-4.386603683572453116e-01
2.585177511159192365e-01,5.372391005427168409e-01,-5.590304234176372011e-01,-3.138348468661461554e-02,-3.977320759421219543e-01,-4.385908533708295365e-01
2.584197252437813730e-01,5.373047685772398552e-01,-5.589448536976593385e-01,-3.126744093161504257e-02,-3.977637977070582753e-01,-4.385232541157434993e-01
2.583270014638416878e-01,5.373634761096340862e-01,-5.588619205030487258e-01,-3.116514665324278746e-02,-3.977901253246167723e-01,-4.384583102335110616e-01
2.582380886179822532e-01,5.374170237830681041e-01,-5.587812278785442288e-01,-3.107343923884344633e-02,-3.978117372968198451e-01,-4.383960871911822266e-01
2.581519383801955669e-01,5.374667348967711034e-01,-5.587023703148338294e-01,-3.098984918471610686e-02,-3.978294222501083666e-01,-4.383363446400399543e-01
2.580678053919970849e-01,5.375135865762665777e-01,-5.586249797091342728e-01,-3.091246435021256095e-02,-3.978439353796816014e-01,-4.382787305377876530e-01
2.579851544656954765e-01,5.375583030900931147e-01,-5.585487421728182467e-01,-3.083981320121686673e-02,-3.978559389272497970e-01,-4.382228784582554160e-01
2.579035980815693740e-01,5.376014229166958813e-01,-5.584733998703751423e-01,-3.077076832288179811e-02,-3.978659856484427770e-01,-4.381684521755484507e-01
2.578228536624468936e-01,5.376433473675966690e-01,-5.583987460807254832e-01,-3.070446873272366164e-02,-3.978745228685757196e-01,-4.381151623867723943e-01
2.577427139559254066e-01,5.376843760958019969e-01,-5.583246177780184505e-01,-3.064025843269409244e-02,-3.978819051717925603e-01,-4.380627694028685903e-01
2.576630262384178582e-01,5.377247331777752493e-01,-5.582508878881524694e-01,-3.057763839639130246e-02,-3.978884095637423290e-01,-4.380110793580253015e-01
2.575836775426050274e-01,5.377645863675637461e-01,-5.581774581905398769e-01,-3.051622940022844649e-02,-3.978942501666739018e-01,-4.379599379269571990e-01
2.575045840589177959e-01,5.378040613647920853e-01,-5.581042532331237371e-01,-3.045574342801554354e-02,-3.978995911904353311e-01,-4.379092235803169197e-01
2.574256834653917414e-01,5.378432524202669818e-01,-5.580312153190827296e-01,-3.039596177979832572e-02,-3.979045578034481889e-01,-4.378588413128776669e-01
2.589386702167618126e-01,5.362661549782996584e-01,-5.578028502590912652e-01,-3.250664501756286157e-02,-3.986165813544012559e-01,-4.363125545341670075e-01
2.588325088583823264e-01,5.363414767864983501e-01,-5.577145369858149682e-01,-3.237393228207414986e-02,-3.986550068419077442e-01,-4.362448258268887269e-01
2.587339949496819114e-01,5.364073269576532521e-01,-5.576290334522071568e-01,-3.225885986030453678e-02,-3.986877904763581060e-01,-4.361785847298559338e-01
2.586409225537915080e-01,5.364661787730298226e-01,-5.575461080980443906e-01,-3.215743900682147688e-02,-3.987151364013438726e-01,-4.361146958404915064e-01
2.585517614066001890e-01,5.365198407133224823e-01,-5.574653911917364368e-01,-3.206651519100092024e-02,-3.987377015466868624e-01,-4.360533015559491243e-01
2.584654361550258184e-01,5.365696427260459034e-01,-5.573864908126957562e-01,-3.198362491588908202e-02,-3.987562721505450991e-01,-4.359942116588470529e-01
2.583811823460493984e-01,5.366165673638585432e-01,-5.573090458888608767e-01,-3.190686175138833514e-02,-3.987716090849660056e-01,-4.359371088387639648e-01
2.582984510570357495e-01,5.366613432042637299e-01,-5.572327462115402863e-01,-3.183476012028049057e-02,-3.987843829203953638e-01,-4.358816521668121280e-01
2.582168447459393112e-01,5.367045120786634316e-01,-5.571573359391369662e-01,-3.176619883496156066e-02,-3.987951549197387702e-01,-4.358275250495687314e-01
2.581360734403679857e-01,5.367464778697381700e-01,-5.570826095054910443e-01,-3.170032324898133802e-02,-3.988043800922272397e-01,-4.357744538413285684e-01
2.580559243850704121e-01,5.367875421775782918e-01,-5.570084046315109116e-01,-3.163648360437779083e-02,-3.988124195677635875e-01,-4.357222116411891832e-01
2.579762407337455876e-01,5.368279305419830782e-01,-5.569345947840544930e-01,-3.157418685772359068e-02,-3.988195557754792286e-01,-4.356706151820812778e-01
2.578969064142485057e-01,5.368678118094266649e-01,-5.568610821762332019e-01,-3.151305938901743930e-02,-3.988260072672915046e-01,-4.356195190021583952e-01
2.578178352681284591e-01,5.369073124915387796e-01,-5.567877917265999788e-01,-3.145281833530823301e-02,-3.988319418506074410e-01,-4.355688090203287399e-01
2.577389631891042199e-01,5.369465274416660439e-01,-5.567146660638263578e-01,-3.139324966785893983e-02,-3.988374876160328264e-01,-4.355183965067944696e-01
2.576602423910331341e-01,5.369855278115878150e-01,-5.566416615081305475e-01,-3.133419148661092946e-02,-3.988427418946772218e-01,-4.354682128472764924e-01
2.592875303586138491e-01,5.353756002587322094e-01,-5.564086441029819641e-01,-3.343169477239518739e-02,-3.996501922559843600e-01,-4.338006291906376100e-01
2.591807328124093313e-01,5.354511441679714601e-01,-5.563204448674791136e-01,-3.330009008954219057e-02,-3.996896642521626797e-01,-4.337346650059538677e-01
2.590817730453067735e-01,5.355171849891415814e-01,-5.562349443417861083e-01,-3.318601011506814441e-02,-3.997235083799695055e-01,-4.336697704746018123e-01
2.589883895006895864e-01,5.355761998850618877e-01,-5.561519620472044068e-01,-3.308548111084105847e-02,-3.997518683373087467e-01,-4.336069309985861042e-01
2.588990144229487700e-01,5.356300020358489844e-01,-5.560711547931240784e-01,-3.299535707306202464e-02,-3.997753812742542712e-01,-4.335463631723883160e-01
2.588125464946444687e-01,5.356799259543530978e-01,-5.559921444080226927e-01,-3.291318092541307971e-02,-3.997948321922736303e-01,-4.334879252298449726e-01
2.587282028632346131e-01,5.357269582061897628e-01,-5.559145769764219924e-01,-3.283705231737996805e-02,-3.998109882794077530e-01,-4.334313336308038833e-01
2.586454213233932986e-01,5.357718306988193957e-01,-5.558381460920674977e-01,-3.276551195295560048e-02,-3.998245287260433489e-01,-4.333762724312273384e-01
2.585637946053966907e-01,5.358150879266119215e-01,-5.557625980281637457e-01,-3.269744514643891514e-02,-3.998360233810289710e-01,-4.333224444256102426e-01
2.584830255354947925e-01,5.358571358461500234e-01,-5.556877284947440154e-01,-3.263200380419700036e-02,-3.998459348868012575e-01,-4.332695915334781045e-01
2.584028959831297656e-01,5.358982776441039153e-01,-5.556133760666418508e-01,-3.256854458375051803e-02,-3.998546308164803165e-01,-4.332174996255661048e-01
2.583232450651055112e-01,5.359387400564620263e-01,-5.555394148487302619e-01,-3.250658055514842049e-02,-3.998623988941321095e-01,-4.331659960542596499e-01
2.582439536624938081e-01,5.359786928235554804e-01,-5.554657475692547086e-01,-3.244574380005078168e-02,-3.998694619752848900e-01,-4.331149442544202643e-01
2.581649333079528708e-01,5.360182631194173597e-01,-5.553922995855580247e-01,-3.238575668001193036e-02,-3.998759913488361684e-01,-4.330642376269786542e-01
2.580861181388762748e-01,5.360575462864836105e-01,-5.553190139076996656e-01,-3.232640988725785786e-02,-3.998821179263146175e-01,-4.330137937481066124e-01
2.580074590282989133e-01,5.360966138372257328e-01,-5.552458471885913793e-01,-3.226754574155168281e-02,-3.998879413354692325e-01,-4.329635493232180665e-01
2.596694976771827257e-01,5.344963641264257603e-01,-5.549344476172446416e-01,-3.429470126467713126e-02,-4.007953914720114863e-01,-4.311292045009211815e-01
2.595621164628946764e-01,5.345721339751763335e-01,-5.548462660759747589e-01,-3.416411348107184498e-02,-4.008359905920345079e-01,-4.310648529672885254e-01
2.594627522183083346e-01,5.346383812876492891e-01,-5.547606846825033911e-01,-3.405095832400278216e-02,-4.008709384366129225e-01,-4.310012020784809716e-01
2.593690923110200108e-01,5.346975827608112519e-01,-5.546775692076238995e-01,-3.395127024960101908e-02,-4.009003337805758238e-01,-4.309393401058385642e-01
2.592795342166296924e-01,5.347515536331470809e-01,-5.545965999132190793e-01,-3.386190721526212422e-02,-4.009248035587424930e-01,-4.308795466947694663e-01
2.591929522661343133e-01,5.348016313477589323e-01,-5.545174104547160310e-01,-3.378041547213814222e-02,-4.009451373050621492e-01,-4.308217216305835207e-01
2.591085461526809741e-01,5.348488054479965115e-01,-5.544396529056855316e-01,-3.370489861848160323e-02,-4.009621119222379071e-01,-4.307656108657165195e-01
2.590257409370776420e-01,5.348938104981622033e-01,-5.543630239726773379e-01,-3.363390213299971565e-02,-4.009764171608658501e-01,-4.307109207709175491e-01
2.589441199377340297e-01,5.349371932057276346e-01,-5.542872716481689332e-01,-3.356631673795941462e-02,-4.009886325172411503e-01,-4.306573718360602321e-01
2.588633789599359969e-01,5.349793612927193909e-01,-5.542121926980860813e-01,-3.350130007578238506e-02,-4.009992288124075710e-01,-4.306047204479241941e-01
2.587832946009147594e-01,5.350206193139084299e-01,-5.541376264365821536e-01,-3.343821458932238339e-02,-4.010085803059715293e-01,-4.305527645145745264e-01
2.587037019993024267e-01,5.350611950446301224e-01,-5.540634475482197896e-01,-3.337657896799488266e-02,-4.010169800985025623e-01,-4.305013414967450713e-01
2.586244790233745428e-01,5.351012590020640669e-01,-5.539895592537559255e-01,-3.331603059745886358e-02,-4.010246553369894995e-01,-4.304503233531729589e-01
2.585455349171539852e-01,5.351409389355118451e-01,-5.539158873414224971e-01,-3.325629673921166873e-02,-4.010317807405170409e-01,-4.303996106868167582e-01
2.584668020744937955e-01,5.351803306095550550e-01,-5.538423752038428294e-01,-3.319717253849942956e-02,-4.010384899713560491e-01,-4.303491271597059686e-01
2.583882300360350603e-01,5.352195058453413923e-01,-5.537689798321150381e-01,-3.313850431194198531e-02,-4.010448848784312070e-01,-4.302988146190381280e-01
2.600843208389850836e-01,5.336323919591298148e-01,-5.533782065074942524e-01,-3.509712883801001382e-02,-4.020523331005946277e-01,-4.283015903304411287e-01
2.599763990934644275e-01,5.337083848152444077e-01,-5.532899727726529049e-01,-3.496752578546222234e-02,-4.020941074624717060e-01,-4.282387729715796398e-01
2.598766652105438113e-01,5.337748475859881436e-01,-5.532042464032838058e-01,-3.485527372845637073e-02,-4.021301851483491951e-01,-4.281763147898239863e-01
2.597827587301573815e-01,5.338342524687147428e-01,-5.531209370530527636e-01,-3.475641189454491825e-02,-4.021606292813082462e-01,-4.281153962853439521e-01
2.596930443550920509e-01,5.338884142432880342e-01,-5.530397468516056181e-01,-3.466780001734304228e-02,-4.021860624068377965e-01,-4.280563535867222824e-01
2.596063732770346189e-01,5.339386716677501088e-01,-5.529603202990805988e-01,-3.458698628756437521e-02,-4.022072821012079857e-01,-4.279991240457120538e-01
2.595219284653119129e-01,5.339860161982401543e-01,-5.528823148868637904e-01,-3.451207735977113167e-02,-4.022250770131070019e-01,-4.279434807272505248e-01
2.594391226839412035e-01,5.340311843347842480e-01,-5.528054301263907178e-01,-3.444162290477491284e-02,-4.022401485711116775e-01,-4.278891509032639040e-01
2.593575301014487966e-01,5.340747244954292539e-01,-5.527294155843515133e-01,-3.437451865081922464e-02,-4.022530864852920107e-01,-4.278358719249953923e-01
2.592768396585179991e-01,5.341170458106588859e-01,-5.526540690282266688e-01,-3.430992769257406455e-02,-4.022643700074856055e-01,-4.277834141451626881e-01
2.591968227741963116e-01,5.341584539448088753e-01,-5.525792305054333386e-01,-3.424721804538281844e-02,-4.022743801628136939e-01,-4.277315872014400000e-01
2.591173106663492987e-01,5.341991775212300286e-01,-5.525047752996898875e-01,-3.418591384887068041e-02,-4.022834154134139473e-01,-4.276802384659967871e-01
2.590381782264807864e-01,5.342393876910735973e-01,-5.524306071521203343e-01,-3.412565765231621862e-02,-4.022917071418879442e-01,-4.276292482901510872e-01
2.589593324323985479e-01,5.342792126705142586e-01,-5.523566523126787198e-01,-3.406618150208624851e-02,-4.022994334233802038e-01,-4.275785243791719314e-01
2.588807039492743711e-01,5.343187485640187306e-01,-5.522828545839764125e-01,-3.400728489687725176e-02,-4.023067305973084817e-01,-4.275279964060143545e-01
2.588022409954041092e-01,5.343580674380242757e-01,-5.522091713193988394e-01,-3.394881806483449754e-02,-4.023137026648035963e-01,-4.274776112977373699e-01
2.605318004646789420e-01,5.327874134756779290e-01,-5.517379412145091422e-01,-3.584081786268322051e-02,-4.034211819500208573e-01,-4.253209926427959364e-01
2.604233751477421643e-01,5.328636264603147099e-01,-5.516495910225076571e-01,-3.571216749451858186e-02,-4.034641854088594770e-01,-4.252596373356820059e-01
2.603233011040252398e-01,5.329303123239677031e-01,-5.515636617715071743e-01,-3.560079747112333132e-02,-4.035014240169275124e-01,-4.251983258737098703e-01
2.602291730710979412e-01,5.329899351800739815e-01,-5.514801043733399410e-01,-3.550274810094729283e-02,-4.035329347975620262e-01,-4.251383206383484992e-01
2.601393248102494837e-01,5.330443071295972723e-01,-5.513986411077846927e-01,-3.541487855592792555e-02,-4.035593418589558112e-01,-4.250800079211387583e-01
2.600525854670012182e-01,5.330947668322024713e-01,-5.513189262572039118e-01,-3.533473748914262719e-02,-4.035814544096380518e-01,-4.250233588666756934e-01
2.599681219307656832e-01,5.331423067262438531e-01,-5.512406221183191457e-01,-3.526043367251831262e-02,-4.036000749188919934e-01,-4.249681714280603706e-01
2.598853350453717570e-01,5.331876646154453114e-01,-5.511634306789747750e-01,-3.519052035351506041e-02,-4.036159176388412484e-01,-4.249141924872541498e-01
2.598037900467508599e-01,5.332313901886344132e-01,-5.510871029194286397e-01,-3.512389785642881790e-02,-4.036295830901756587e-01,-4.248611755055293204e-01
2.597231691364715878e-01,5.332738936696720389e-01,-5.510114375468331271e-01,-3.505973443597242695e-02,-4.036415592312189160e-01,-4.248089043647043095e-01
2.596432386276605886e-01,5.333154816024162637e-01,-5.509362753320391493e-01,-3.499740346289736959e-02,-4.036522339515246638e-01,-4.247572001719065460e-01
2.595638258590436953e-01,5.333563832873718935e-01,-5.508614921739114489e-01,-3.493643435794979019e-02,-4.036619110801372146e-01,-4.247059200482761754e-01
2.594848027690460079e-01,5.333967703822906081e-01,-5.507869923579420401e-01,-3.487647470090780855e-02,-4.036708261995636815e-01,-4.246549526281598874e-01
2.594060740838525225e-01,5.334367714730524623e-01,-5.507127026229408084e-01,-3.481726120843441075e-02,-4.036791606860014592e-01,-4.246042126442361453e-01
2.593275687481112479e-01,5.334764829291883670e-01,-5.506385672085213345e-01,-3.475859764012349806e-02,-4.036870534943651223e-01,-4.245536357168454566e-01
2.592492336633258065e-01,5.335159770052017025e-01,-5.505645438524305879e-01,-3.470033805404969252e-02,-4.036946107224164138e-01,-4.245031738054883541e-01
2.610118015484426124e-01,5.319649622801356781e-01,-5.500116874538655276e-01,-3.652772722231096419e-02,-4.049021703871222844e-01,-4.221902489291647353e-01
2.609029032174855489e-01,5.320413931549083930e-01,-5.499231617545811135e-01,-3.639999735758843447e-02,-4.049464629695301854e-01,-4.221302901894846138e-01
2.608025130059411500e-01,5.321083089217889528e-01,-5.498369775325295805e-01,-3.628948882176018936e-02,-4.049848988424686325e-01,-4.220700847076310769e-01
2.607081836266236796e-01,5.321681624951827283e-01,-5.497531240745315850e-01,-3.619223901386287717e-02,-4.050174987791018699e-01,-4.220109666661973624e-01
2.606182195466580365e-01,5.322227613957226655e-01,-5.496713419420867774e-01,-3.610510402668212077e-02,-4.050448945725624861e-01,-4.219533664525531025e-01
2.605314288237198794e-01,5.322734429823299251e-01,-5.495912940601209717e-01,-3.602563139436417566e-02,-4.050679107393390654e-01,-4.218972854311547893e-01
2.604469628149934102e-01,5.323211998867162231e-01,-5.495126468746480697e-01,-3.595193100074357828e-02,-4.050873657007411643e-01,-4.218425443811366637e-01
2.603642107504663961e-01,5.323667706813880462e-01,-5.494351044948304619e-01,-3.588255902081732840e-02,-4.051039877231859543e-01,-4.217889086202032956e-01
2.602827291019262357e-01,5.324107059496752115e-01,-5.493584191430834762e-01,-3.581641993685685116e-02,-4.051183887636527481e-01,-4.217361470581296179e-01
2.602021934216892096e-01,5.324534167391623551e-01,-5.492823903944621389e-01,-3.575268685946351305e-02,-4.051310657947612137e-01,-4.216840567330143452e-01
2.601223649636016932e-01,5.324952102742961380e-01,-5.492068597283042974e-01,-3.569073829093930006e-02,-4.051424136954407396e-01,-4.216324700071875653e-01
2.600430672103129504e-01,5.325363163850436177e-01,-5.491317036681419017e-01,-3.563010876342010552e-02,-4.051527416950890248e-01,-4.215812536234784802e-01
2.599641691576567992e-01,5.325769071232515639e-01,-5.490568270670177498e-01,-3.557045075248428667e-02,-4.051622895580426764e-01,-4.215303044158764667e-01
2.598855732842701993e-01,5.326171113593179962e-01,-5.489821571767951047e-01,-3.551150553680192112e-02,-4.051712419259211329e-01,-4.214795440862035281e-01
2.598072068156512260e-01,5.326570256627234379e-01,-5.489076386961764253e-01,-3.545308104529333593e-02,-4.051797403287001331e-01,-4.214289141608331679e-01
2.597290153360259368e-01,5.326967224249136157e-01,-5.488332297688452988e-01,-3.539503509146148252e-02,-4.051878929169303034e-01,-4.213783715938015373e-01
2.615242504937360657e-01,5.311683833272959898e-01,-5.481975035259728513e-01,-3.715999915565297573e-02,-4.064955902404420174e-01,-4.189118984339927909e-01
2.614149035081030914e-01,5.312450309781404645e-01,-5.481087477336583635e-01,-3.703315578631998645e-02,-4.065412375772795017e-01,-4.188532760768820529e-01
2.613142158700321183e-01,5.313121831167783027e-01,-5.480222615398218089e-01,-3.692348732659632427e-02,-4.065809117513738413e-01,-4.187941399866372261e-01
2.612197007931658099e-01,5.313722788156413079e-01,-5.479380694559302656e-01,-3.682702390675445664e-02,-4.066146274512476566e-01,-4.187358862874140941e-01
2.611296349075221124e-01,5.314271194343961335e-01,-5.478559282991695145e-01,-3.674061581092393641e-02,-4.066430304591815426e-01,-4.186789836048811497e-01
2.610428060025207775e-01,5.314780400403620320e-01,-5.477755084166238131e-01,-3.666180773001334603e-02,-4.066669643664130862e-01,-4.186234601309860026e-01
2.609583503494122270e-01,5.315260328112197952e-01,-5.476964797046859346e-01,-3.658870956416877818e-02,-4.066872657309099637e-01,-4.185691575455726121e-01
2.608756457983704147e-01,5.315718366474391221e-01,-5.476185480171391617e-01,-3.651987970346920465e-02,-4.067046780585483745e-01,-4.185158585297596989e-01
2.607942401731241922e-01,5.316160027170420133e-01,-5.475414666294582400e-01,-3.645422631106743500e-02,-4.067198254056718087e-01,-4.184633468542665047e-01
2.607138024299021084e-01,5.316589426646424199e-01,-5.474650359071618899e-01,-3.639092701730415463e-02,-4.067332140892346848e-01,-4.184114323925998691e-01
2.606340887830544961e-01,5.317009642286042448e-01,-5.473890980141893348e-01,-3.632936521478818265e-02,-4.067452461319708279e-01,-4.183599585847656566e-01
2.605549188628015211e-01,5.317422976420305147e-01,-5.473135301053173585e-01,-3.626908036412739705e-02,-4.067562362165953460e-01,-4.183088016920115670e-01
2.604761587195092432e-01,5.317831152549570284e-01,-5.472382376182273189e-01,-3.620972969150311471e-02,-4.067664282951171106e-01,-4.182578666881308638e-01
2.603977085779264344e-01,5.318235461483745707e-01,-5.471631483398672335e-01,-3.615105892476671440e-02,-4.067760102547036127e-01,-4.182070821988607134e-01
2.603194939381639483e-01,5.318636870345913037e-01,-5.470882074488462310e-01,-3.609288006829154682e-02,-4.067851261727148393e-01,-4.181563956249624292e-01
2.602414590608937428e-01,5.319036103980361307e-01,-5.470133735126643248e-01,-3.603505461673833093e-02,-4.067938862239514619e-01,-4.181057688868516364e-01
2.620691267769375554e-01,5.304008548396466072e-01,-5.462934709493112440e-01,-3.773999691082677993e-02,-4.082017847331725902e-01,-4.154882479704737896e-01
2.619593498203361404e-01,5.304777195945513668e-01,-5.462044340936555997e-01,-3.761400308902321937e-02,-4.082488570666768513e-01,-4.154309058784625419e-01
2.618583787378782612e-01,5.305451146171924481e-01,-5.461176031789107821e-01,-3.750515143323287365e-02,-4.082898143219720888e-01,-4.153728057318052946e-01
2.617636895244532247e-01,5.306054629651734134e-01,-5.460330344862043273e-01,-3.740946009811963596e-02,-4.083246756471424765e-01,-4.153153958926151801e-01
2.616735322476502201e-01,5.306605585577316431e-01,-5.459504989189173374e-01,-3.732377058820651738e-02,-4.083541072724696241e-01,-4.152591775524021034e-01
2.615866751111429189e-01,5.307117333825374095e-01,-5.458696729444930673e-01,-3.724562288354475725e-02,-4.083789757174441926e-01,-4.152042024933509379e-01
2.615022396482438172e-01,5.307599786488029769e-01,-5.457902291697754871e-01,-3.717312570231569996e-02,-4.084001379066615200e-01,-4.151503314950014123e-01
2.614195924923868875e-01,5.308060332333995879e-01,-5.457118747936021697e-01,-3.710483886634905609e-02,-4.084183538420417259e-01,-4.150973636202207051e-01
2.613382728852692849e-01,5.308504486367259245e-01,-5.456343639478050678e-01,-3.703967368751094613e-02,-4.084342603580427555e-01,-4.150450969751641739e-01
2.612579432036400973e-01,5.308936369157900570e-01,-5.455574977006082404e-01,-3.697681194531349941e-02,-4.084483734714614567e-01,-4.149933539888512324e-01
2.611783546168779946e-01,5.309359061834549864e-01,-5.454811188733248439e-01,-3.691564164991337216e-02,-4.084611025193476963e-01,-4.149419890314769988e-01
2.610993228885188366e-01,5.309774869692485133e-01,-5.454051052544826028e-01,-3.685570698449454341e-02,-4.084727677083442865e-01,-4.148908878008921164e-01
2.610207111063881924e-01,5.310185518396975946e-01,-5.453293628808881799e-01,-3.679666976972615494e-02,-4.084836171984287945e-01,-4.148399633583548796e-01
2.609424172260627062e-01,5.310592300229195484e-01,-5.452538200928968015e-01,-3.673828005529185953e-02,-4.084938421179701851e-01,-4.147891512219880616e-01
2.608643650082266841e-01,5.310996183249396818e-01,-5.451784225670890383e-01,-3.668035382332579530e-02,-4.085035890764275868e-01,-4.147384046383091882e-01
2.607864973791446106e-01,5.311397892840936663e-01,-5.451031293118765442e-01,-3.662275616663285271e-02,-4.085129702525038820e-01,-4.146876904735158909e-01
2.607087715393265337e-01,5.311797972688517833e-01,-5.450279095057504186e-01,-3.656538865008850114e-02,-4.085220713694016070e-01,-4.146369858427630950e-01
2.624111291643543287e-01,5.299370205671714018e-01,-5.441789139480964765e-01,-3.782698408569091370e-02,-4.103858293273954794e-01,-4.119063179682662112e-01
2.623624680909729112e-01,5.299458674550373560e-01,-5.441134557473432665e-01,-3.782360574179951390e-02,-4.103641445379921926e-01,-4.118527773747560627e-01
2.623059116496780363e-01,5.299624936114494256e-01,-5.440470147247050692e-01,-3.780666433646893976e-02,-4.103461123711086844e-01,-4.118022212943039939e-01
2.622437873335130565e-01,5.299849351574412726e-01,-5.439791595341542108e-01,-3.777926996551207034e-02,-4.103324351966958772e-01,-4.117525353397147869e-01
2.621776839708184204e-01,5.300117265617749762e-01,-5.439098664597465937e-01,-3.774393086941807418e-02,-4.103229440185852117e-01,-4.117027803548019005e-01
2.621087057450852131e-01,5.300417732050293207e-01,-5.438392850440750825e-01,-3.770261814677201839e-02,-4.103171204327864530e-01,-4.116526071416787835e-01
2.620376320549671623e-01,5.300742569166222440e-01,-5.437676206312485050e-01,-3.765685369640418834e-02,-4.103143547598499530e-01,-4.116019469491135063e-01
2.619650203371853281e-01,5.301085658044489834e-01,-5.436950789690421226e-01,-3.760779776750680647e-02,-4.103140647291775855e-01,-4.115508515896499908e-01
2.618912736467185476e-01,5.301442420382540543e-01,-5.436218429714402278e-01,-3.755632643543850568e-02,-4.103157424635709427e-01,-4.114994138016443981e-01
2.618166860079175207e-01,5.301809429337818180e-01,-5.435480655393379879e-01,-3.750309614173373551e-02,-4.103189661483430117e-01,-4.114477299254571951e-01
2.617414734438491264e-01,5.302184119154405018e-01,-5.434738699019605601e-01,-3.744859556720236959e-02,-4.103233955767775498e-01,-4.113958843479453287e-01
2.616657955771838351e-01,5.302564568303915760e-01,-5.433993530682289519e-01,-3.739318637864305628e-02,-4.103287614069617839e-01,-4.113439447124971893e-01
2.615897708963436652e-01,5.302949337402469432e-01,-5.433245901969973035e-01,-3.733713473261902893e-02,-4.103348529502106046e-01,-4.112919621115397883e-01
2.615134876806211595e-01,5.303337348016846642e-01,-5.432496388634382445e-01,-3.728063537234067859e-02,-4.103415066812025058e-01,-4.112399732890775761e-01
2.614370119022964567e-01,5.303727791988628315e-01,-5.431745428092273897e-01,-3.722382989920471064e-02,-4.103485963033402517e-01,-4.111880034050585109e-01
2.613603929890309097e-01,5.304120063579905731e-01,-5.430993350581153623e-01,-3.716682054892694875e-02,-4.103560245532390516e-01,-4.111360686863977931e-01
2.612836680551826052e-01,5.304513708682178086e-01,-5.430240404185193714e-01,-3.710968052115839327e-02,-4.103637166298091943e-01,-4.110841787120748658e-01
2.630151921630084488e-01,5.292366225820326342e-01,-5.420914328921659919e-01,-3.832797696566093981e-02,-4.123298810930746683e-01,-4.082204828497564275e-01
2.629673716062313482e-01,5.292457676717354786e-01,-5.420252276039292383e-01,-3.832365576615160557e-02,-4.123077820818975003e-01,-4.081648831480707562e-01
2.629115056532650985e-01,5.292626631949255422e-01,-5.419581213013550114e-01,-3.830583077526553137e-02,-4.122894719741922454e-01,-4.081125664525985242e-01
2.628499609553052174e-01,5.292853652731349667e-01,-5.418896394965282415e-01,-3.827762034382872075e-02,-4.122756651427352814e-01,-4.080613469910662205e-01
2.627843534800486935e-01,5.293124173663067422e-01,-5.418197394419983492e-01,-3.824153932919364257e-02,-4.122661776304684111e-01,-4.080102435199028932e-01
2.627158070805496459e-01,5.293427283285789819e-01,-5.417485625834075336e-01,-3.819956188896451998e-02,-4.122604687865239481e-01,-4.079588781683285981e-01
2.626451158409442432e-01,5.293754808370716436e-01,-5.416763109032557422e-01,-3.815320959173499477e-02,-4.122579073119251869e-01,-4.079071600306466427e-01
2.625728483583892325e-01,5.294100627097920730e-01,-5.416031886969641107e-01,-3.810363978552293307e-02,-4.122578925766933189e-01,-4.078551224174826184e-01
2.624994162502420347e-01,5.294460154225774096e-01,-5.415293781198224909e-01,-3.805172395432853544e-02,-4.122599019960045408e-01,-4.078028420572254453e-01
2.624251201397296285e-01,5.294829955369919627e-01,-5.414550315174613271e-01,-3.799811299831661743e-02,-4.122635022863856413e-01,-4.077504012944412337e-01
2.623501811449864829e-01,5.295207458051950367e-01,-5.413802716003580651e-01,-3.794328965614424121e-02,-4.122683443835071793e-01,-4.076978722968856994e-01
2.622747628257676711e-01,5.295590735280667483e-01,-5.413051948573942562e-01,-3.788760962885062700e-02,-4.122741521016244359e-01,-4.076453120962753029e-01
2.621989867134891239e-01,5.295978343484243345e-01,-5.412298759297892170e-01,-3.783133333188007374e-02,-4.122807094342759160e-01,-4.075927626217796806e-01
2.621229434417305382e-01,5.296369201132113957e-01,-5.411543718953030213e-01,-3.777465013180825171e-02,-4.122878486824643751e-01,-4.075402527473649394e-01
2.620467008058341429e-01,5.296762497841409623e-01,-5.410787260326520576e-01,-3.771769669673884912e-02,-4.122954402359687576e-01,-4.074878008960468034e-01
2.619703096484605753e-01,5.297157626321215007e-01,-5.410029709436134926e-01,-3.766057079704267924e-02,-4.123033841730049387e-01,-4.074354175483448359e-01
2.618938081846095556e-01,5.297554131400910027e-01,-5.409271310607034478e-01,-3.760334163690267489e-02,-4.123116035339520202e-01,-4.073831073853734219e-01
2.636521252895734357e-01,5.285737324508075208e-01,-5.399084383392754871e-01,-3.878272397369726676e-02,-4.143866097949652216e-01,-4.043931086297563593e-01
2.636050731014500936e-01,5.285832769229328321e-01,-5.398414552307539971e-01,-3.877779356732138222e-02,-4.143643330727187490e-01,-4.043358101595141418e-01
2.635498436288263302e-01,5.286005223022416377e-01,-5.397736545021452059e-01,-3.875938250309884925e-02,-4.143459507383935314e-01,-4.042820391014433357e-01
2.634888379536525216e-01,5.286235503610842157e-01,-5.397045181498278943e-01,-3.873062065365235479e-02,-4.143321925431112107e-01,-4.042295479762851862e-01
2.634236958131537243e-01,5.286509174360947139e-01,-5.396339842515116558e-01,-3.869403253193900993e-02,-4.143228627653574025e-01,-4.041773208724135924e-01
2.633555583102137332e-01,5.286815386226438873e-01,-5.395621860077735032e-01,-3.865159820849174005e-02,-4.143174016336569898e-01,-4.041249569794016505e-01
2.632852324560049362e-01,5.287145994718100983e-01,-5.394893218469414276e-01,-3.860484161023797212e-02,-4.143151592066474653e-01,-4.040723477847754652e-01
2.632132967114936273e-01,5.287494890175511442e-01,-5.394155944106486800e-01,-3.855491970972962229e-02,-4.143155192032653145e-01,-4.040195118034078936e-01
2.631401702850783564e-01,5.287857491770813212e-01,-5.393411849017791804e-01,-3.850270176371515390e-02,-4.143179467325059928e-01,-4.039665128539207672e-01
2.630661596608436792e-01,5.288230366177919528e-01,-5.392662449477896303e-01,-3.844883531985456709e-02,-4.143219991130392410e-01,-4.039134219286841243e-01
2.629914904836015976e-01,5.288610940749944866e-01,-5.391908966110205981e-01,-3.839379918624957755e-02,-4.143273201856877974e-01,-4.038603012573488416e-01
2.629163298072620392e-01,5.288997288044060552e-01,-5.391152357641535442e-01,-3.833794493036999512e-02,-4.143336284057065333e-01,-4.038071992432425428e-01
2.628408018580909444e-01,5.289387964131500031e-01,-5.390393364655922115e-01,-3.828152887872917493e-02,-4.143407036893173023e-01,-4.037541503826513889e-01
2.627649993475477674e-01,5.289781887322028142e-01,-5.389632552550539524e-01,-3.822473650270189621e-02,-4.143483751976750895e-01,-4.037011771885510858e-01
2.626889916736416253e-01,5.290178247269970990e-01,-5.388870349248751079e-01,-3.816770085408887486e-02,-4.143565108705868361e-01,-4.036482926668223947e-01
2.626128309165123853e-01,5.290576436865376264e-01,-5.388107076472168355e-01,-3.811051640553325681e-02,-4.143650088443068258e-01,-4.035955026974959448e-01
2.625365562486373650e-01,5.290976001220638603e-01,-5.387342974787490135e-01,-3.805324939247756166e-02,-4.143737906015361183e-01,-4.035428080643347348e-01
2.643215069314583388e-01,5.279515244929710027e-01,-5.376281390759256595e-01,-3.919705000195483624e-02,-4.165579060407080814e-01,-4.004288941772180532e-01
2.642752307951843904e-01,5.279614993765853193e-01,-5.375603622292516315e-01,-3.919159268097473225e-02,-4.165354401881156132e-01,-4.003699447815229351e-01
2.642206466726077507e-01,5.279791219266301017e-01,-5.374918464866570433e-01,-3.917266078688232817e-02,-4.165169888233007378e-01,-4.003147520593889896e-01
2.641601891670858904e-01,5.280025010731381752e-01,-5.374220319024914927e-01,-3.914340052115856949e-02,-4.165032913641298906e-01,-4.002610123059321956e-01
2.640955213336427798e-01,5.280302067815610956e-01,-5.373508386410248416e-01,-3.910634930450037489e-02,-4.164941364155195225e-01,-4.002076784097419182e-01
2.640278013435793936e-01,5.280611607968141996e-01,-5.372783925026484164e-01,-3.906349534246874450e-02,-4.164889426404878581e-01,-4.001543287235003743e-01
2.639578490983505166e-01,5.280945517878615769e-01,-5.372048888807253730e-01,-3.901636646899599159e-02,-4.164870400061413402e-01,-4.001008383729514617e-01
2.638862529530960344e-01,5.281297701727898364e-01,-5.371305290491947826e-01,-3.896612039781591902e-02,-4.164877957833159616e-01,-4.000472118191763515e-01
2.638134397634848138e-01,5.281663584339285622e-01,-5.370554934079124765e-01,-3.891362498314949320e-02,-4.164906623574619604e-01,-3.999935004278573070e-01
2.637397219344866928e-01,5.282039734422230293e-01,-5.369799329331388371e-01,-3.885952505091673503e-02,-4.164951874564286616e-01,-3.999397641381113311e-01
2.636653296920613010e-01,5.282423579936377234e-01,-5.369039690653352181e-01,-3.880429597013118626e-02,-4.165010077504860408e-01,-3.998860554538667955e-01
2.635904336293464212e-01,5.282813193626633153e-01,-5.368276970633295564e-01,-3.874828556791547890e-02,-4.165078363280912410e-01,-3.998324143146994580e-01
2.635151607038528909e-01,5.283207131710871973e-01,-5.367511903987136623e-01,-3.869174639595816118e-02,-4.165154490463034986e-01,-3.997788679203096440e-01
2.634396057326243157e-01,5.283604312755999510e-01,-5.366745050638824788e-01,-3.863486028883126450e-02,-4.165236719613909511e-01,-3.997254325394749563e-01
2.633638397372760620e-01,5.284003926785293404e-01,-5.365976833564254367e-01,-3.857775689371376049e-02,-4.165323706003515314e-01,-3.996721158618316005e-01
2.632879160510271932e-01,5.284405367142976928e-01,-5.365207570102427104e-01,-3.852052755993946864e-02,-4.165414411962567454e-01,-3.996189192570514526e-01
2.632118748156124233e-01,5.284808179434908881e-01,-5.364437497010088318e-01,-3.846323569662655345e-02,-4.165508037067225944e-01,-3.995658396897759923e-01
2.650232604182839458e-01,5.273728924183432865e-01,-5.352487708149380463e-01,-3.957490073042492507e-02,-4.188441824259243051e-01,-3.963304417419665215e-01
2.649777686456210590e-01,5.273833297985192070e-01,-5.351801823322768215e-01,-3.956899661081464403e-02,-4.188215174233645977e-01,-3.962698844981955015e-01
2.649238391930296421e-01,5.274013580911451893e-01,-5.351109290766897786e-01,-3.954960755885102153e-02,-4.188030012722280815e-01,-3.962132992655694186e-01
2.648639393272134157e-01,5.274251147813063811e-01,-5.350404107855644131e-01,-3.951990081430752783e-02,-4.187893773657976881e-01,-3.961583313245650717e-01
2.647997550104930764e-01,5.274531841526893805e-01,-5.349685309757871154e-01,-3.948242985326135684e-02,-4.187804147935456633e-01,-3.961039055988803126e-01
2.647324613314350761e-01,5.274844949730039811e-01,-5.348954088835227161e-01,-3.943919314494961220e-02,-4.187755082701649090e-01,-3.960495815118189600e-01
2.646628910654145739e-01,5.275182392636686979e-01,-5.348212373552884147e-01,-3.939172390817084063e-02,-4.187739663010601743e-01,-3.959952189301489955e-01
2.645916425061979882e-01,5.275538089895910332e-01,-5.347462165660410438e-01,-3.934118165454437294e-02,-4.187751389536984448e-01,-3.959408088939160297e-01
2.645191502215897827e-01,5.275907473245060597e-01,-5.346705262410299531e-01,-3.928843361897021297e-02,-4.187784655118427790e-01,-3.958863906961870849e-01
2.644457326026878330e-01,5.276287114434649039e-01,-5.345943167594346956e-01,-3.923412250378282423e-02,-4.187834839402201914e-01,-3.958320134668812940e-01
2.643716245139814958e-01,5.276674442858594327e-01,-5.345177089523840408e-01,-3.917872070746924312e-02,-4.187898236826957388e-01,-3.957777201611032414e-01
2.642970001351114817e-01,5.277067532103085767e-01,-5.344407974636669056e-01,-3.912257268934193899e-02,-4.187971924547355118e-01,-3.957235423920806849e-01
2.642219891912395147e-01,5.277464939082713302e-01,-5.343636551654149525e-01,-3.906592753236026727e-02,-4.188053620824109813e-01,-3.956695001792964739e-01
2.641466886333413422e-01,5.277865583049939913e-01,-5.342863374919029074e-01,-3.900896368105118139e-02,-4.188141555505623947e-01,-3.956156036499923756e-01
2.640711711280825380e-01,5.278268654747579891e-01,-5.342088862343603584e-01,-3.895180758059999665e-02,-4.188234360124171163e-01,-3.955618552715403635e-01
2.639954912775633322e-01,5.278673548251220371e-01,-5.341313326795856797e-01,-3.889454762487388334e-02,-4.188330978339656063e-01,-3.955082519849348888e-01
2.639196902042980630e-01,5.279079809880691254e-01,-5.340537001157218411e-01,-3.883724453571651969e-02,-4.188430594801139106e-01,-3.954547870072859794e-01
2.657572239725221608e-01,5.268407797033259898e-01,-5.327686126797793742e-01,-3.992049304704151785e-02,-4.212457901490525014e-01,-3.921006175555689088e-01
2.657125241856880260e-01,5.268517144307276467e-01,-5.326991917678706168e-01,-3.991423050036656955e-02,-4.212229232057919104e-01,-3.920385013563700283e-01
2.656592581822430077e-01,5.268701797708595924e-01,-5.326291757075688471e-01,-3.989445561843360522e-02,-4.212043523760875541e-01,-3.919805584054314451e-01
2.655999250162193737e-01,5.268943431087036444e-01,-5.325579255716736959e-01,-3.986436140068461836e-02,-4.211908195507054198e-01,-3.919243880770360011e-01
2.655362331355970995e-01,5.269228037134395803e-01,-5.324853294909785983e-01,-3.982652052520442576e-02,-4.211820706698396477e-01,-3.918688904816489682e-01
2.654693743852809540e-01,5.269544977517306439e-01,-5.324115009427268230e-01,-3.978294386365808372e-02,-4.211774743192927550e-01,-3.918136079729954702e-01
2.654001943868403712e-01,5.269886208408877115e-01,-5.323366306927727054e-01,-3.973517152207353686e-02,-4.211763163218720796e-01,-3.917583862301520226e-01
2.653293014060326693e-01,5.270245666735594581e-01,-5.322609180546504781e-01,-3.968436590026348104e-02,-4.211779289238598012e-01,-3.917032035106916554e-01
2.652571377760950533e-01,5.270618792562837829e-01,-5.321845421897575257e-01,-3.963139443744601725e-02,-4.211817380237556363e-01,-3.916480874319679950e-01
2.651840279286044599e-01,5.271002161835840472e-01,-5.321076529188984994e-01,-3.957689835453357535e-02,-4.211872717275398359e-01,-3.915930765889221732e-01
2.651102114140602706e-01,5.271393206317385172e-01,-5.320303704693981617e-01,-3.952134759246692108e-02,-4.211941522490766365e-01,-3.915382045967591984e-01
2.650358660366237684e-01,5.271790001198015663e-01,-5.319527888599516752e-01,-3.946508366092584680e-02,-4.212020819727060328e-01,-3.914834949161234423e-01
2.649611243187707244e-01,5.272191104695456154e-01,-5.318749803502226259e-01,-3.940835251587596066e-02,-4.212108287498967374e-01,-3.914289605396950034e-01
2.648860853672579396e-01,5.272595437241219818e-01,-5.317969998017002542e-01,-3.935132949689536253e-02,-4.212202125572007128e-01,-3.913746055906816013e-01
2.648108235094118745e-01,5.273002190682726242e-01,-5.317188884888288669e-01,-3.929413808516280665e-02,-4.212300942308301877e-01,-3.913204274348224820e-01
2.647353946277907211e-01,5.273410760131577169e-01,-5.316406772430127825e-01,-3.923686391549464220e-02,-4.212403663218242111e-01,-3.912664186949623146e-01
2.646598408338214914e-01,5.273820692877853045e-01,-5.315623889554800252e-01,-3.917956518768352103e-02,-4.212509458541687235e-01,-3.912125689413950558e-01
2.665231142461800262e-01,5.263582078934487818e-01,-5.301860018150359455e-01,-4.023837437156155272e-02,-4.237630371775338856e-01,-3.877426940957344748e-01
2.664792127968453328e-01,5.263696789002977328e-01,-5.301157234666478146e-01,-4.023185001709671249e-02,-4.237399744806531476e-01,-3.876790747139818305e-01
2.664266181024703140e-01,5.263886164560512837e-01,-5.300449153196608032e-01,-4.021176854760240282e-02,-4.237213662484632382e-01,-3.876198154762567349e-01
2.663678600659508677e-01,5.264132191816636164e-01,-5.299729014283249828e-01,-4.018135333752013288e-02,-4.237079477163286922e-01,-3.875624748419331245e-01
2.663046691513675790e-01,5.264421020166596410e-01,-5.298995557589261107e-01,-4.014319934827837583e-02,-4.236994383475525816e-01,-3.875059311678501484e-01
2.662382537612781874e-01,5.264742089289800031e-01,-5.298249867950336478e-01,-4.009933195495286873e-02,-4.236951786652778940e-01,-3.874497115395311719e-01
2.661694723045703870e-01,5.265087394091596540e-01,-5.297493836418630808e-01,-4.005129964200752901e-02,-4.236944308012036142e-01,-3.873936485062381974e-01
2.660989430234536601e-01,5.265450890889629143e-01,-5.296729449572243897e-01,-4.000026880667561374e-02,-4.236965087176145506e-01,-3.873377081823835555e-01
2.660271160458598239e-01,5.265828029768120366e-01,-5.295958494225743163e-01,-3.994710794552978894e-02,-4.237008247675742023e-01,-3.872819069326426944e-01
2.659543218775683449e-01,5.266215392248756455e-01,-5.295182463202459111e-01,-3.989245747828464722e-02,-4.237068971957204111e-01,-3.872262731282942183e-01
2.658808047849959277e-01,5.266610413574119853e-01,-5.294402552678497687e-01,-3.983678544344931849e-02,-4.237143410508308894e-01,-3.871708312940546071e-01
2.658067462207743259e-01,5.267011171442611550e-01,-5.293619696404129327e-01,-3.978043086023600600e-02,-4.237228534825928650e-01,-3.871155969577256828e-01
2.657322815219584355e-01,5.267416226089487452e-01,-5.292834610672287887e-01,-3.972363694255304223e-02,-4.237321984659082608e-01,-3.870605762788151827e-01
2.656575119630756876e-01,5.267824499686605266e-01,-5.292047838222557754e-01,-3.966657624863147852e-02,-4.237421930604354792e-01,-3.870057675507097561e-01
2.655825135404166204e-01,5.268235185630028017e-01,-5.291259786508401008e-01,-3.960936956651250201e-02,-4.237526958692769408e-01,-3.869511631977912147e-01
2.655073434220255324e-01,5.268647680419084045e-01,-5.290470759194687567e-01,-3.955210000148738636e-02,-4.237635977031574686e-01,-3.868967516680238972e-01
2.654320447107264558e-01,5.269061532579454310e-01,-5.289680981184441411e-01,-3.949482342623877873e-02,-4.237748142054159062e-01,-3.868425190077266485e-01
2.673204964557739372e-01,5.259282935862706898e-01,-5.274993495292799039e-01,-4.053340786890322761e-02,-4.263961751198692141e-01,-3.832604194211592930e-01
2.672773978408128914e-01,5.259403449275349418e-01,-5.274281834391065793e-01,-4.052672622574275685e-02,-4.263729333152793122e-01,-3.831953601819128030e-01
2.672254810006755577e-01,5.259597946127694268e-01,-5.273565489712501719e-01,-4.050642525590627402e-02,-4.263543131941959219e-01,-3.831348333964832986e-01
2.671673056412969816e-01,5.259848738709556049e-01,-5.272837347535526131e-01,-4.047576312607401028e-02,-4.263410386396665475e-01,-3.830763614517492255e-01
2.671046236953418251e-01,5.260142140400314581e-01,-5.272096017510407018e-01,-4.043736001235034849e-02,-4.263327996842898870e-01,-3.830188039031557912e-01
2.670386598594753358e-01,5.260467673455234694e-01,-5.271342541515969815e-01,-4.039325781705976198e-02,-4.263289071732018209e-01,-3.829616743018016689e-01
2.669702852186479070e-01,5.260817374782573719e-01,-5.270578797659634107e-01,-4.034501485793981490e-02,-4.263285987820641387e-01,-3.829047931016239525e-01
2.669001279533516624e-01,5.261185222642361659e-01,-5.269806767596065811e-01,-4.029380262966872350e-02,-4.263311699133332522e-01,-3.828481149260454797e-01
2.668286459791975318e-01,5.261566679206444164e-01,-5.269028233846626552e-01,-4.024049155720231530e-02,-4.263360193594757930e-01,-3.827916453413897635e-01
2.667561758802804994e-01,5.261958333234363350e-01,-5.268244683861008637e-01,-4.018572196821012382e-02,-4.263426556027113401e-01,-3.827354028467236380e-01
2.666829666445411084e-01,5.262357624801384803e-01,-5.267457307484139095e-01,-4.012996059134418814e-02,-4.263506866771910042e-01,-3.826794031762871251e-01
2.666092033768864833e-01,5.262762635174408343e-01,-5.266667031790790432e-01,-4.007354445501404988e-02,-4.263598046491660631e-01,-3.826236541879498021e-01
2.665350242307426010e-01,5.263171927442813480e-01,-5.265874566548024438e-01,-4.001671445401312754e-02,-4.263697697603128778e-01,-3.825681554492906256e-01
2.664605326477388347e-01,5.263584426185431431e-01,-5.265080448420667025e-01,-3.995964072689618674e-02,-4.263803962855273189e-01,-3.825128996447972329e-01
2.663858062907212276e-01,5.263999326856253491e-01,-5.264285079447550419e-01,-3.990244167743273174e-02,-4.263915407057862206e-01,-3.824578744540128583e-01
2.663109036097603965e-01,5.264416027740482784e-01,-5.263488758556564839e-01,-3.984519814513856617e-02,-4.264030921878954605e-01,-3.824030643265631246e-01
2.662358686956534659e-01,5.264834078905351600e-01,-5.262691706590029161e-01,-3.978796389737217221e-02,-4.264149650764838539e-01,-3.823484519447494789e-01
2.681487578665818217e-01,5.255542555571371954e-01,-5.247071593871879269e-01,-4.081074432856864748e-02,-4.291453866370379955e-01,-3.786580655703192244e-01
2.681064641536994864e-01,5.255669371683667768e-01,-5.246350691152712464e-01,-4.080401700195650933e-02,-4.291219940257387511e-01,-3.785916375551069413e-01
2.680552299894976009e-01,5.255869442740979114e-01,-5.245625684216399520e-01,-4.078359097963049629e-02,-4.291033965970109665e-01,-3.785298995459315807e-01
2.679976436951283514e-01,5.256125421490684957e-01,-5.244889120089177847e-01,-4.075276332684359820e-02,-4.290903027517848356e-01,-3.784703424909279246e-01
2.679354780136617431e-01,5.256423793318779625e-01,-5.244139489095384077e-01,-4.071418215923969935e-02,-4.290823706045310826e-01,-3.784118099517851941e-01
2.678699735879209731e-01,5.256754168328006127e-01,-5.243377796311678996e-01,-4.066990778743209689e-02,-4.290788800725047203e-01,-3.783538036137078509e-01
2.678020139967841606e-01,5.257108629345693673e-01,-5.242605909903736983e-01,-4.062150974670959702e-02,-4.290790438891483594e-01,-3.782961328409896740e-01
2.677322372636607994e-01,5.257481179681171568e-01,-5.241825807710366325e-01,-4.057016570174077491e-02,-4.290821388362202060e-01,-3.782387414291868422e-01
2.676611090378504532e-01,5.257867296093328147e-01,-5.241039268134340956e-01,-4.051674887726518931e-02,-4.290875502831544286e-01,-3.781816246303674189e-01
2.675889719477645978e-01,5.258263576601305278e-01,-5.240247772987834951e-01,-4.046190023806246067e-02,-4.290947771710057479e-01,-3.781247914697213330e-01
2.675160796781766437e-01,5.258667467709408072e-01,-5.239452505433316309e-01,-4.040608582254404807e-02,-4.291034207503087172e-01,-3.780682492390522453e-01
2.674426209658480325e-01,5.259077055517266119e-01,-5.238654385516517964e-01,-4.034964120202506888e-02,-4.291131682239520129e-01,-3.780119984430128643e-01
2.673687367623526767e-01,5.259490906963090184e-01,-5.237854116175847397e-01,-4.029280541420871692e-02,-4.291237762983207138e-01,-3.779560323472813677e-01
2.672945326603734517e-01,5.259907949782463010e-01,-5.237052227820311323e-01,-4.023574657431103901e-02,-4.291350566269016009e-01,-3.779003382896367613e-01
2.672200879745467161e-01,5.260327382081996239e-01,-5.236249116919315938e-01,-4.017858104580442763e-02,-4.291468637137471065e-01,-3.778448994444201792e-01
2.671454624238187026e-01,5.260748604384317684e-01,-5.235445077577300932e-01,-4.012138769770854513e-02,-4.291590852025364278e-01,-3.777896964774107857e-01
2.670707010751061650e-01,5.261171168644607210e-01,-5.234640326529469423e-01,-4.006421844698183216e-02,-4.291716342413279262e-01,-3.777347088956881649e-01
2.692528580063311971e-01,5.250106552203559485e-01,-5.218996039600073411e-01,-4.134363754621592224e-02,-4.316015919467355855e-01,-3.737980444237838373e-01
2.691495914889448504e-01,5.250813282070211363e-01,-5.218061604278415588e-01,-4.124067900739868120e-02,-4.316602244682553602e-01,-3.737471262263314387e-01
2.690535046800376917e-01,5.251450625165366981e-01,-5.217154479025735148e-01,-4.115132187953414455e-02,-4.317095114231576658e-01,-3.736964055701717524e-01
2.689627061466402513e-01,5.252035926169819069e-01,-5.216269992338690153e-01,-4.107199658673389014e-02,-4.317511918102232005e-01,-3.736460221677649352e-01
2.688758263702943352e-01,5.252582255702419323e-01,-5.215403493463689477e-01,-4.100000471315128764e-02,-4.317868323701112843e-01,-3.735959049903627704e-01
2.687918642630690025e-01,5.253099433384765815e-01,-5.214550912607159860e-01,-4.093332673236057401e-02,-4.318177474560520035e-01,-3.735459211582866645e-01
2.687100827904581046e-01,5.253594821474484311e-01,-5.213708907266959569e-01,-4.087046324435879979e-02,-4.318449977739149404e-01,-3.734959398456199620e-01
2.686299364030120262e-01,5.254073932229160748e-01,-5.212874829965166157e-01,-4.081030865133826457e-02,-4.318694200823872675e-01,-3.734458555415602898e-01
2.685510196475729972e-01,5.254540888931105158e-01,-5.212046630497212396e-01,-4.075205294782151266e-02,-4.318916654331317329e-01,-3.733955928469326890e-01
2.684730302493041343e-01,5.254998773919744570e-01,-5.211222744688208675e-01,-4.069510652040911336e-02,-4.319122361663071952e-01,-3.733451036623925967e-01
2.683957422954236227e-01,5.255449890378225408e-01,-5.210401991489471696e-01,-4.063904317419048812e-02,-4.319315179948166050e-01,-3.732943618936729324e-01
2.683189865957131826e-01,5.255895958780527621e-01,-5.209583485859669016e-01,-4.058355729591235639e-02,-4.319498063407852251e-01,-3.732433579567510096e-01
2.682426362118231489e-01,5.256338264040141262e-01,-5.208766568479455961e-01,-4.052843182494548363e-02,-4.319673272750579329e-01,-3.731920939768930690e-01
2.681665957458909677e-01,5.256777765639056854e-01,-5.207950750562589937e-01,-4.047351442216551992e-02,-4.319842538600218718e-01,-3.731405799299294390e-01
2.680907933870133597e-01,5.257215179961283180e-01,-5.207135671338530836e-01,-4.041869979834902121e-02,-4.320007187445827346e-01,-3.730888307004006643e-01
2.680151749889245760e-01,5.257651041843557360e-01,-5.206321065632421030e-01,-4.036391666780111964e-02,-4.320168238059727828e-01,-3.730368639164483580e-01
2.679396996535700071e-01,5.258085750548384674e-01,-5.205506739387911752e-01,-4.030911813938038712e-02,-4.320326474894424784e-01,-3.729846984127187515e-01
2.678643364315959063e-01,5.258519604106109968e-01,-5.204692551273154555e-01,-4.025427467211823568e-02,-4.320482503835944010e-01,-3.729323531711319917e-01
2.701439985292337087e-01,5.247601105656695131e-01,-5.188911103944022774e-01,-4.160175932782023828e-02,-4.345790033394584251e-01,-3.689639285664482182e-01
2.700406936483302212e-01,5.248311284914435326e-01,-5.187967777388052815e-01,-4.149833247040438100e-02,-4.346388823872918139e-01,-3.689127395540356402e-01
2.699446339406965101e-01,5.248952453107201821e-01,-5.187052271020257121e-01,-4.140868905491541796e-02,-4.346891733279720782e-01,-3.688618149522643330e-01
2.698539192371101625e-01,5.249541862755291444e-01,-5.186159610723591884e-01,-4.132920241437691711e-02,-4.347317202989290919e-01,-3.688112420136502312e-01
2.697671698605135227e-01,5.250092520217325420e-01,-5.185284990130345495e-01,-4.125713694765854173e-02,-4.347681510346507183e-01,-3.687609267163955429e-01
2.696833751167547755e-01,5.250614197872945921e-01,-5.184424265418683397e-01,-4.119044842241195714e-02,-4.347998150200372836e-01,-3.687107282070881675e-01
2.696017896961464544e-01,5.251114222021329159e-01,-5.183574063755818084e-01,-4.112762066253870114e-02,-4.348277930339745079e-01,-3.686605148357903761e-01
2.695218612839058725e-01,5.251598076985312114e-01,-5.182731729620154715e-01,-4.106753641825863776e-02,-4.348529331838565382e-01,-3.686101832787529453e-01
2.694431790734719834e-01,5.252069864106730934e-01,-5.181895215297743773e-01,-4.100937740773518553e-02,-4.348758928349117925e-01,-3.685596612575022246e-01
2.693654366439269254e-01,5.252532648399564907e-01,-5.181062963408888944e-01,-4.095254801769205449e-02,-4.348971777446269948e-01,-3.685089037523253674e-01
2.692884049196299645e-01,5.252988719344595658e-01,-5.180233800818214718e-01,-4.089661761992054168e-02,-4.349171753906541094e-01,-3.684578873195794579e-01
2.692119123235146572e-01,5.253439786557099200e-01,-5.179406850068400958e-01,-4.084127726731241054e-02,-4.349361820177051197e-01,-3.684066044893047343e-01
2.691358301301963740e-01,5.253887126350411663e-01,-5.178581458472885091e-01,-4.078630735443214417e-02,-4.349544239945691837e-01,-3.683550589912164552e-01
2.690600616116835542e-01,5.254331691391174175e-01,-5.177757142779524369e-01,-4.073155357408524829e-02,-4.349720743944169854e-01,-3.683032619705299271e-01
2.689845339716007144e-01,5.254774192657336584e-01,-5.176933546708184508e-01,-4.067690909721660697e-02,-4.349892657267318552e-01,-3.682512291326696663e-01
2.689091923360282799e-01,5.255215160699676646e-01,-5.176110408652592199e-01,-4.062230142156911250e-02,-4.350060996599063867e-01,-3.681989786606371662e-01
2.688339952710263048e-01,5.255654991375924290e-01,-5.175287537365804713e-01,-4.056768268783193104e-02,-4.350226544042149479e-01,-3.681465297438837325e-01
2.687589114336098595e-01,5.256093980009595157e-01,-5.174464793708623001e-01,-4.051302257755086400e-02,-4.350389903126310465e-01,-3.680939015765772315e-01
2.710633931246591577e-01,5.245756209566094785e-01,-5.157731163832233179e-01,-4.185490072529741284e-02,-4.376705631050226142e-01,-3.640218751006359388e-01
2.709599656287366987e-01,5.246470612984112103e-01,-5.156778513984896506e-01,-4.175165308885214754e-02,-4.377320780189802307e-01,-3.639710547557623577e-01
2.708638651997142821e-01,5.247116261901967338e-01,-5.155854286722437729e-01,-4.166229886126839033e-02,-4.377836866881236189e-01,-3.639204889708623214e-01
2.707731806004685104e-01,5.247710359792050472e-01,-5.154953136959709026e-01,-4.158315957106909627e-02,-4.378273599112554315e-01,-3.638702165029380486e-01
2.706865196291224351e-01,5.248265874836931522e-01,-5.154070071989597102e-01,-4.151146871368718849e-02,-4.378647995049388397e-01,-3.638201274209600933e-01
2.706028598833832288e-01,5.248792548392169355e-01,-5.153200861372941866e-01,-4.144516374421332305e-02,-4.378973986608500346e-01,-3.637700806746440585e-01
2.705214460155252465e-01,5.249297681220153056e-01,-5.152342097825179934e-01,-4.138271781107322189e-02,-4.379262642870289102e-01,-3.637199512394792000e-01
2.704417175044854793e-01,5.249786736614225902e-01,-5.151491117516747709e-01,-4.132300765130420689e-02,-4.379522603841281558e-01,-3.636696447157870549e-01
2.703632570256633283e-01,5.250263798681857885e-01,-5.150645876603204831e-01,-4.126521182718542041e-02,-4.379760541970647569e-01,-3.636190978774466176e-01
2.702857530750753523e-01,5.250731918400529663e-01,-5.149804826469978059e-01,-4.120873331866131001e-02,-4.379981577858176323e-01,-3.635682739496191584e-01
2.702089726592694086e-01,5.251193373874701864e-01,-5.148966804032614197e-01,-4.115314115384208216e-02,-4.380189627631644322e-01,-3.635171566072760152e-01
2.701327412040324671e-01,5.251649865544393281e-01,-5.148130941466440014e-01,-4.109812667585197726e-02,-4.380387681724299265e-01,-3.634657443532074428e-01
2.700569277009048919e-01,5.252102662344069195e-01,-5.147296594626418198e-01,-4.104347093429129567e-02,-4.380578023346130556e-01,-3.634140458469126145e-01
2.699814336871005915e-01,5.252552711019378151e-01,-5.146463287521833019e-01,-4.098902046753841871e-02,-4.380762397265623997e-01,-3.633620762727957088e-01
2.699061850484401615e-01,5.253000717806802777e-01,-5.145630669896874565e-01,-4.093466937656995569e-02,-4.380942138966130162e-01,-3.633098546333102252e-01
2.698311259094708925e-01,5.253447209448973698e-01,-5.144798485100776642e-01,-4.088034610433394223e-02,-4.381118272978396511e-01,-3.632574018001179517e-01
2.697562140738253844e-01,5.253892578756438336e-01,-5.143966545907360244e-01,-4.082600371023786812e-02,-4.381291587507052387e-01,-3.632047391636157307e-01
2.696814176163179755e-01,5.254337118604003320e-01,-5.143134716447148591e-01,-4.077161274526313467e-02,-4.381462690890727263e-01,-3.631518877213502638e-01
2.720087817901503668e-01,5.244608881837731218e-01,-5.125450685833925490e-01,-4.211498568245052032e-02,-4.408787762576955038e-01,-3.589842303525573874e-01
2.719052718116378720e-01,5.245327733084389488e-01,-5.124488036401468882e-01,-4.201181726481071493e-02,-4.409418841522368959e-01,-3.589336638505387644e-01
2.718091649478268090e-01,5.245978121382605108e-01,-5.123554462119164210e-01,-4.192266552658667489e-02,-4.409947683705213173e-01,-3.588833590833340748e-01
2.717185407198313696e-01,5.246577203886489960e-01,-5.122644207547789597e-01,-4.184379851411715312e-02,-4.410395319208890719e-01,-3.588333010732258077e-01
2.716319954592319452e-01,5.247137906717541656e-01,-5.121752079855428352e-01,-4.177241772811156328e-02,-4.410779518969172863e-01,-3.587833616725474850e-01
2.715484957338247796e-01,5.247669934372761746e-01,-5.120873758670784204e-01,-4.170644140344537121e-02,-4.411114647475269379e-01,-3.587333984577805168e-01
2.714672766340371912e-01,5.248180556236152761e-01,-5.120005802866378630e-01,-4.164433114806320030e-02,-4.411412025498119838e-01,-3.586832922376535504e-01
2.713877697895728525e-01,5.248675209501436623e-01,-5.119145541966255708e-01,-4.158495683693261280e-02,-4.411680441984235368e-01,-3.586329568562168224e-01
2.713095516362254989e-01,5.249157956918819590e-01,-5.118290937652418826e-01,-4.152749304971511263e-02,-4.411926659342415569e-01,-3.585823374907474159e-01
2.712323058077317217e-01,5.249631832193799585e-01,-5.117440451407406776e-01,-4.147134057436178967e-02,-4.412155853836551844e-01,-3.585314049747856391e-01
2.711557955698151168e-01,5.250099099587008933e-01,-5.116592931121769494e-01,-4.141606736358656449e-02,-4.412371977022797598e-01,-3.584801494936736832e-01
2.710798434932066292e-01,5.250561448498608508e-01,-5.115747519212313632e-01,-4.136136438086855660e-02,-4.412578042543693346e-01,-3.584285749493386075e-01
2.710043164011997074e-01,5.251020139092100747e-01,-5.114903580434227992e-01,-4.130701272271765367e-02,-4.412776349288213273e-01,-3.583766944058334736e-01
2.709291141886292498e-01,5.251476111155948256e-01,-5.114060646250858655e-01,-4.125285922953871726e-02,-4.412968652931207325e-01,-3.583245266083015523e-01
2.708541614980906620e-01,5.251930065418917160e-01,-5.113218372505714537e-01,-4.119879845063870172e-02,-4.413156296782105303e-01,-3.582720934267302759e-01
2.707794015135020493e-01,5.252382524254115559e-01,-5.112376507492868427e-01,-4.114475934612261965e-02,-4.413340311120088622e-01,-3.582194180446212628e-01
2.707047913250827942e-01,5.252833877004047247e-01,-5.111534867970444207e-01,-4.109069552051806268e-02,-4.413521488473912679e-01,-3.581665237154860737e-01
2.706302984655042931e-01,5.253284413790599849e-01,-5.110693321261700062e-01,-4.103657806701770799e-02,-4.413700440522664858e-01,-3.581134329461087562e-01
2.729783787383227023e-01,5.244193811970474517e-01,-5.092063374977529033e-01,-4.238800682001230002e-02,-4.442032194353706664e-01,-3.538581318685558030e-01
2.728748301423344902e-01,5.244917344954851401e-01,-5.091090036226362248e-01,-4.228483748594739217e-02,-4.442678747949769247e-01,-3.538077167749578145e-01
2.727787542060009507e-01,5.245572745673536819e-01,-5.090146468403083935e-01,-4.219581742891496262e-02,-4.443219912767928936e-01,-3.537575849670432371e-01
2.726882231608679930e-01,5.246177127573752319e-01,-5.089226467454728287e-01,-4.211716049999656569e-02,-4.443678091739043379e-01,-3.537076631505421398e-01
2.726018230376655582e-01,5.246743370104614002e-01,-5.088324628160839636e-01,-4.204603581543046864e-02,-4.444071816459415070e-01,-3.536578031641500197e-01
2.725185101455114833e-01,5.247281134215115994e-01,-5.087436538304944689e-01,-4.198034198958198321e-02,-4.444415876409193999e-01,-3.536078603864829528e-01
2.724375105675850839e-01,5.247797651369944250e-01,-5.086558724481393678e-01,-4.191852860030520489e-02,-4.444721832551459251e-01,-3.535577209141615995e-01
2.723582485039212631e-01,5.248298327055327395e-01,-5.085688511885015917e-01,-4.185945809723934374e-02,-4.444998611618241058e-01,-3.535073063295743889e-01
2.722802944775278289e-01,5.248787198149788003e-01,-5.084823869809990127e-01,-4.180230047455063547e-02,-4.445253056485750087e-01,-3.534565696867232321e-01
2.722033275187507040e-01,5.249267277587703617e-01,-5.083963271409898121e-01,-4.174645371447393422e-02,-4.445490391439814171e-01,-3.534054888942145811e-01
2.721271073576419508e-01,5.249740813118957128e-01,-5.083105576665928327e-01,-4.169148410056314202e-02,-4.445714597371466792e-01,-3.533540601135004011e-01
2.720514538735787635e-01,5.250209481105148068e-01,-5.082249938962304370e-01,-4.163708165369867792e-02,-4.445928706317616164e-01,-3.533022921384213477e-01
2.719762318516268373e-01,5.250674531454939675e-01,-5.081395732396567499e-01,-4.158302699974945199e-02,-4.446135029016838880e-01,-3.532502019624741418e-01
2.719013396481163025e-01,5.251136895900971879e-01,-5.080542496135633801e-01,-4.152916680932194904e-02,-4.446335328969556189e-01,-3.531978114579014116e-01
2.718267007457428330e-01,5.251597268848952060e-01,-5.079689892252475802e-01,-4.147539565351506669e-02,-4.446530954790116064e-01,-3.531451449723786995e-01
2.717522574536995750e-01,5.252056167716492308e-01,-5.078837674006192460e-01,-4.142164263434264249e-02,-4.446722940476230956e-01,-3.530922276514052993e-01
2.716779662022720809e-01,5.252513977946767776e-01,-5.077985662110866549e-01,-4.136786156619496474e-02,-4.446912081197808009e-01,-3.530390843045643767e-01
2.716037940250969340e-01,5.252970986592141456e-01,-5.077133727027480781e-01,-4.131402378920705915e-02,-4.447098990565361842e-01,-3.529857386769046368e-01
2.739701480699789915e-01,5.244544944024551736e-01,-5.057565847346304766e-01,-4.268014956812891253e-02,-4.476432946556997416e-01,-3.486513754021920986e-01
2.738666097867996085e-01,5.245273402370811411e-01,-5.056581107824613674e-01,-4.257689932899350049e-02,-4.477094427033863067e-01,-3.486010037756471780e-01
2.737706063405076495e-01,5.245934101761690060e-01,-5.055626873066972893e-01,-4.248793905939188265e-02,-4.477647414080780930e-01,-3.485509511975407038e-01
2.736802047708771779e-01,5.246544114536059178e-01,-5.054696453189063687e-01,-4.240942829801830349e-02,-4.478115727830337400e-01,-3.485010818172804004e-01
2.735939821057697952e-01,5.247116268104907721e-01,-5.053784219893949770e-01,-4.233850374743977629e-02,-4.478518662759030100e-01,-3.484512258648799210e-01
2.735108852830611670e-01,5.247660172429495784e-01,-5.052885668346203119e-01,-4.227304421910824117e-02,-4.478871421815124876e-01,-3.484012357925935222e-01
2.734301320292750748e-01,5.248183013907553596e-01,-5.051997295168518809e-01,-4.221148690873535725e-02,-4.479185791986435849e-01,-3.483510024561001783e-01
2.733511396147997874e-01,5.248690160246188841e-01,-5.051116423992646487e-01,-4.215268634963475342e-02,-4.479470824851561339e-01,-3.483004546493860820e-01
2.732734730411424673e-01,5.249185617610746535e-01,-5.050241034056092149e-01,-4.209580738412697226e-02,-4.479733433071150239e-01,-3.482495527405353730e-01
2.731968070435429330e-01,5.249672374437408529e-01,-5.049369611894621857e-01,-4.204024459651287127e-02,-4.479978880476767622e-01,-3.481982811283148016e-01
2.731208980613464288e-01,5.250152659146163359e-01,-5.048501030748140384e-01,-4.198556200767843832e-02,-4.480211170635238771e-01,-3.481466413762384637e-01
2.730455634759552108e-01,5.250628132955806882e-01,-5.047634455723248870e-01,-4.193144813164117329e-02,-4.480433348728397047e-01,-3.480946466168275966e-01
2.729706661881648455e-01,5.251100033967172065e-01,-5.046769270701157994e-01,-4.187768259387657233e-02,-4.480647733203233507e-01,-3.480423172640810248e-01
2.728961031373435264e-01,5.251569284720766229e-01,-5.045905022781397298e-01,-4.182411141295373086e-02,-4.480856092080958697e-01,-3.479896778503790977e-01
2.728217967433013702e-01,5.252036572469312992e-01,-5.045041380355909100e-01,-4.177062874353560523e-02,-4.481059776614691459e-01,-3.479367547835446328e-01
2.727476885179378474e-01,5.252502409058924515e-01,-5.044178101676047854e-01,-4.171716343635615415e-02,-4.481259822301911222e-01,-3.478835747964530434e-01
2.726737342936352282e-01,5.252967175589966509e-01,-5.043315011372995205e-01,-4.166366916582853186e-02,-4.481457025139273243e-01,-3.478301639251780153e-01
2.725999006547926706e-01,5.253431155726412394e-01,-5.042451982970296287e-01,-4.161011721027743637e-02,-4.481651999168037581e-01,-3.477765468630909518e-01
2.749818252942477503e-01,5.245694938433882459e-01,-5.021957919914830093e-01,-4.299760485216051753e-02,-4.511981345846126645e-01,-3.433722457268200690e-01
2.748783507668378645e-01,5.246428575158452734e-01,-5.020961052995588370e-01,-4.289419498514782797e-02,-4.512657125172264694e-01,-3.433218053262432345e-01
2.747824650872504604e-01,5.247094871374951008e-01,-5.019995457709663933e-01,-4.280522257443006989e-02,-4.513221377311412152e-01,-3.432717336668782981e-01
2.746922323279887834e-01,5.247710861022664153e-01,-5.019053922402973988e-01,-4.272679331105436185e-02,-4.513699377330981366e-01,-3.432218284822489696e-01
2.746062219303268548e-01,5.248289313568024195e-01,-5.018130586483187106e-01,-4.265601182243439204e-02,-4.514111179496779203e-01,-3.431718970117450529e-01
2.745233724554353438e-01,5.248839779922270798e-01,-5.017220852844443968e-01,-4.259073715725517767e-02,-4.514472384937416316e-01,-3.431217881425229765e-01
2.744428940175662190e-01,5.249369393749486745e-01,-5.016321191160492132e-01,-4.252939390061898778e-02,-4.514794990004031283e-01,-3.430713969797992147e-01
2.743641975331127525e-01,5.249883478538960313e-01,-5.015428926665799203e-01,-4.247082825704410342e-02,-4.515088156578809242e-01,-3.430206589793833305e-01
2.742868429341812631e-01,5.250386004660121397e-01,-5.014542051057737648e-01,-4.241419939425956215e-02,-4.515358855416293782e-01,-3.429695412266393628e-01
2.742105010172788404e-01,5.250879932153186269e-01,-5.013659066067560621e-01,-4.235889792702707962e-02,-4.515612380711294116e-01,-3.429180339859580484e-01
2.741349252123247981e-01,5.251367467186627280e-01,-5.012778859390952801e-01,-4.230448503365613622e-02,-4.515852751577057456e-01,-3.428661436065817414e-01
2.740599306252349265e-01,5.251850253675106606e-01,-5.011900608590126316e-01,-4.225064715654156672e-02,-4.516083020792245883e-01,-3.428138869769136177e-01
2.739853784476697918e-01,5.252329516315276114e-01,-5.011023707769296509e-01,-4.219716239081866549e-02,-4.516305510103484910e-01,-3.427612873858438269e-01
2.739111643411397679e-01,5.252806167287957795e-01,-5.010147712182916324e-01,-4.214387561077843208e-02,-4.516521988539172749e-01,-3.427083715338709591e-01
2.738372097722515108e-01,5.253280885845658110e-01,-5.009272296623527021e-01,-4.209068010970107993e-02,-4.516733807156765312e-01,-3.426551674443731876e-01
2.737634555434206307e-01,5.253754177650750146e-01,-5.008397224322458374e-01,-4.203750408313726428e-02,-4.516942000651544276e-01,-3.426017030463153756e-01
2.736898569585933250e-01,5.254226419025975758e-01,-5.007522323753856863e-01,-4.198430070843574280e-02,-4.517147363967122797e-01,-3.425480052544942478e-01
2.736163802091198249e-01,5.254697889928293675e-01,-5.006647471414606976e-01,-4.193104088229016729e-02,-4.517350509994853547e-01,-3.424940994054870291e-01
2.760109299403223360e-01,5.247674619690203546e-01,-4.985243000777581646e-01,-4.334653930946168188e-02,-4.548665641392071746e-01,-3.380294838712992744e-01
2.759075765141393854e-01,5.248413696707444620e-01,-4.984233271484427852e-01,-4.324289289659879326e-02,-4.549355022455010000e-01,-3.379788589635468465e-01
2.758118570600541775e-01,5.249085898326263377e-01,-4.983255608810673309e-01,-4.315383696048643442e-02,-4.549929935603223008e-01,-3.379286661097231081e-01
2.757218350092504044e-01,5.249708223020468356e-01,-4.982302244928189516e-01,-4.307542437344838437e-02,-4.550417141725274783e-01,-3.378786331426449352e-01
2.756360737398372285e-01,5.250293375997131529e-01,-4.981367079234649831e-01,-4.300472835668348037e-02,-4.550837446601251890e-01,-3.378285431523751492e-01
2.755535045292659135e-01,5.250850840566079203e-01,-4.980445423782007830e-01,-4.293958843928527558e-02,-4.551206830712785090e-01,-3.377782408983282525e-01
2.754733307103851003e-01,5.251387689610497178e-01,-4.979533724941330175e-01,-4.287841648534124195e-02,-4.551537480885970433e-01,-3.377276252387798050e-01
2.753949574916613741e-01,5.251909195721062851e-01,-4.978629313009679258e-01,-4.282005003160666012e-02,-4.551838653426317216e-01,-3.376766377194314050e-01
2.753179402437342382e-01,5.252419288227390126e-01,-4.977730194805974895e-01,-4.276364209513399545e-02,-4.552117364620983930e-01,-3.376252515042343361e-01
2.752419462262157834e-01,5.252920894772687976e-01,-4.976834889124213124e-01,-4.270857876831953004e-02,-4.552378929276049147e-01,-3.375734620645304274e-01
2.751667261747655080e-01,5.253416196300179086e-01,-4.975942299312327011e-01,-4.265441782109388735e-02,-4.552627374548992578e-01,-3.375212798818689741e-01
2.750920931684282533e-01,5.253906817225187931e-01,-4.975051616115385156e-01,-4.260084306552505695e-02,-4.552865754980695012e-01,-3.374687249830909397e-01
2.750179068854035624e-01,5.254393967233474960e-01,-4.974162244267647526e-01,-4.254763053547898355e-02,-4.553096391025988066e-01,-3.374158229614229731e-01
2.749440618638409051e-01,5.254878546983150489e-01,-4.973273747359685526e-01,-4.249462346669555940e-02,-4.553321049084799732e-01,-3.373626021708578393e-01
2.748704787393894677e-01,5.255361226878669800e-01,-4.972385806643989659e-01,-4.244171383814675236e-02,-4.553541077067140841e-01,-3.373090917876025441e-01
2.747970977013578509e-01,5.255842505799911413e-01,-4.971498190285468244e-01,-4.238882878391532494e-02,-4.553757506493663620e-01,-3.372553205262921461e-01
2.747238736025240380e-01,5.256322754850609735e-01,-4.970610730532456500e-01,-4.233592061662779654e-02,-4.553971129262460171e-01,-3.372013158168782332e-01
2.746507723028221992e-01,5.256802249973518970e-01,-4.969723306743205060e-01,-4.228295952536377522e-02,-4.554182555485326023e-01,-3.371471033209152979e-01
2.770547820610723133e-01,5.250512424330771033e-01,-4.947428466077558595e-01,-4.373306493827775615e-02,-4.586470603490271913e-01,-3.326322495230820686e-01
2.769516102965629001e-01,5.251257212161575261e-01,-4.946405137631443294e-01,-4.362910729292918816e-02,-4.587172832073166395e-01,-3.325813216719095133e-01
2.768561081210632047e-01,5.251935636718291223e-01,-4.945414694442562542e-01,-4.353989747402443183e-02,-4.587757765044018776e-01,-3.325309024773981936e-01
2.767663407224772443e-01,5.252564664424128615e-01,-4.944448779602365618e-01,-4.346143710007423222e-02,-4.588253673479358308e-01,-3.324806467888666295e-01
2.766808670261294845e-01,5.253156929635740546e-01,-4.943501046353087625e-01,-4.339076897031491492e-02,-4.588682101330224805e-01,-3.324303125688399252e-01
2.765986122083461396e-01,5.253721839196086041e-01,-4.942566718278957327e-01,-4.332571350833097634e-02,-4.589059386460683787e-01,-3.323797399689917276e-01
2.765187737271536106e-01,5.254266396937959938e-01,-4.941642222602070644e-01,-4.326466986115280050e-02,-4.589397885378361797e-01,-3.323288311003111395e-01
2.764407517943615611e-01,5.254795817721760187e-01,-4.940724898394153186e-01,-4.320646661916919401e-02,-4.589706931761556308e-01,-3.322775330005354189e-01
2.763640977793105358e-01,5.255313984512696157e-01,-4.939812770353891880e-01,-4.315025020666725386e-02,-4.589993574155168399e-01,-3.322258242395811356e-01
2.762884758445492972e-01,5.255823788547577813e-01,-4.938904376183858025e-01,-4.309540167535023947e-02,-4.590263137839430962e-01,-3.321737047931623277e-01
2.762136343788839654e-01,5.256327382561873929e-01,-4.937998636056274426e-01,-4.304147482943450342e-02,-4.590519650229881732e-01,-3.321211885942257913e-01
2.761393847064602114e-01,5.256826369284494094e-01,-4.937094754594863466e-01,-4.298815030043808688e-02,-4.590766161593480832e-01,-3.320682981605673767e-01
2.760655852066702387e-01,5.257321941801293974e-01,-4.936192147523201790e-01,-4.293520152966658066e-02,-4.591004986380463060e-01,-3.320150608004116544e-01
2.759921294620567012e-01,5.257814988096652931e-01,-4.935290386930226147e-01,-4.288246962282653979e-02,-4.591237884597679786e-01,-3.319615059813134095e-01
2.759189374099239589e-01,5.258306168907178613e-01,-4.934389160539699448e-01,-4.282984479133071509e-02,-4.591466198007208566e-01,-3.319076635546574505e-01
2.758459487318397629e-01,5.258795975733469019e-01,-4.933488241403817809e-01,-4.277725269419822840e-02,-4.591690952479332566e-01,-3.318535625954412427e-01
2.757731179128864452e-01,5.259284774049637345e-01,-4.932587465424987383e-01,-4.272464440947709718e-02,-4.591912934874705643e-01,-3.317992306762578281e-01
2.757004105481760670e-01,5.259772835489777698e-01,-4.931686714695708851e-01,-4.267198908811820068e-02,-4.592132750852047640e-01,-3.317446934537594538e-01
2.781105210029450880e-01,5.254233870990397959e-01,-4.908526017174937861e-01,-4.416321361363222120e-02,-4.625377132998685914e-01,-3.271900854355149768e-01
2.780075939711974531e-01,5.254984648436723527e-01,-4.907488357233901755e-01,-4.405887246723804579e-02,-4.626091409210895122e-01,-3.271387342024708600e-01
2.779123621183312576e-01,5.255669621061824781e-01,-4.906484420717706629e-01,-4.396943975046570252e-02,-4.626685693135683120e-01,-3.270879811985979990e-01
2.778228948322046254e-01,5.256305727207851719e-01,-4.905505230474798695e-01,-4.389086787258240224e-02,-4.627189783793767552e-01,-3.270374055880121422e-01
2.777377482679119214e-01,5.256905523717582129e-01,-4.904544188870326171e-01,-4.382017045945025419e-02,-4.627625945386447670e-01,-3.269867394185994591e-01
2.776558427574116750e-01,5.257478331943640226e-01,-4.903596434272168292e-01,-4.375514939911521323e-02,-4.628010848339322858e-01,-3.269358178055145614e-01
2.775763708594984336e-01,5.258031078303425643e-01,-4.902658379323163174e-01,-4.369419121045232252e-02,-4.628356996428842907e-01,-3.268845456081356238e-01
2.774987285560144845e-01,5.258568913085041041e-01,-4.901727375714965973e-01,-4.363611531947880068e-02,-4.628673782779401669e-01,-3.268328747222225550e-01
2.774224638205184390e-01,5.259095667580148126e-01,-4.900801468810690453e-01,-4.358006115029763178e-02,-4.628968274394436033e-01,-3.267807884111075256e-01
2.773472381946225362e-01,5.259614192651551612e-01,-4.899879217022494737e-01,-4.352540421305209350e-02,-4.629245796603836949e-01,-3.267282904237851504e-01
2.772727980943169857e-01,5.260126609886702775e-01,-4.898959558477682941e-01,-4.347169380462421323e-02,-4.629510369087088129e-01,-3.266753974283757578e-01
2.771989533821267448e-01,5.260634498189773467e-01,-4.898041712310787776e-01,-4.341860683275616806e-02,-4.629765031691513988e-01,-3.266221337646091905e-01
2.771255613676871787e-01,5.261139032504292823e-01,-4.897125105546212831e-01,-4.336591362629690222e-02,-4.630012088061131181e-01,-3.265685278396993074e-01
2.770525148590423647e-01,5.261641087025308305e-01,-4.896209318888248285e-01,-4.331345266602470989e-02,-4.630253287989535282e-01,-3.265146096848688395e-01
2.769797332375090182e-01,5.262141312029594564e-01,-4.895294046514097053e-01,-4.326111194138455157e-02,-4.630489964035027772e-01,-3.264604093358132730e-01
2.769071557887055612e-01,5.262640191080774077e-01,-4.894379066269982648e-01,-4.320881522551746345e-02,-4.630723133937384439e-01,-3.264059557907070808e-01
2.768347367193551012e-01,5.263138083626377473e-01,-4.893464217586905862e-01,-4.315651198828145130e-02,-4.630953577471141891e-01,-3.263512763814510609e-01
2.767624414309013958e-01,5.263635256722203337e-01,-4.892549385133276307e-01,-4.310417000918428249e-02,-4.631181894167349933e-01,-3.262963964241749060e-01
2.791751263701847119e-01,5.258861071247307173e-01,-4.868551996738721410e-01,-4.464291019293143564e-02,-4.665361899801960810e-01,-3.217128796327066720e-01
2.790725089420738603e-01,5.259618125030119939e-01,-4.867499283172274649e-01,-4.453811583456463580e-02,-4.666087388936148717e-01,-3.216609832134817437e-01
2.789776018467375884e-01,5.260309977046377927e-01,-4.866481147100170657e-01,-4.444839280142039162e-02,-4.666690335814834834e-01,-3.216097872755516174e-01
2.788884811302019262e-01,5.260953542242092773e-01,-4.865487961736458256e-01,-4.436964677313595673e-02,-4.667202078854971736e-01,-3.215587929694257441e-01
2.788037019129662175e-01,5.261561293356087354e-01,-4.864512875231704614e-01,-4.429886367654133766e-02,-4.667645580341047706e-01,-3.215077058028762425e-01
2.787221809997497690e-01,5.262142457250443828e-01,-4.863550944703046164e-01,-4.423382756766864460e-02,-4.668037816049065980e-01,-3.214563554589234262e-01
2.786431070831195678e-01,5.262703874610993315e-01,-4.862598573090956555e-01,-4.417291249882086823e-02,-4.668391413304073256e-01,-3.214046490229485187e-01
2.785658727321791428e-01,5.263250624375713782e-01,-4.861653128656235889e-01,-4.411492854845738831e-02,-4.668715806019904102e-01,-3.213525425809792835e-01
2.784900231677863158e-01,5.263786480981813565e-01,-4.860712680132873720e-01,-4.405900776911619854e-02,-4.669018065581027610e-01,-3.213000233376431813e-01
2.784152178179123971e-01,5.264314251030902669e-01,-4.859775808409209641e-01,-4.400451964298920937e-02,-4.669303506695687278e-01,-3.212470980476281324e-01
2.783412015220033675e-01,5.264836022135086502e-01,-4.858841470586471312e-01,-4.395100843717997946e-02,-4.669576133266322704e-01,-3.211937853715656210e-01
2.782677829919742996e-01,5.265353347312501375e-01,-4.857908900877701552e-01,-4.389814680129505708e-02,-4.669838968506099808e-01,-3.211401107794862875e-01
2.781948187114439142e-01,5.265867381881583764e-01,-4.856977537867979144e-01,-4.384570143256954350e-02,-4.670094300402282128e-01,-3.210861031494401385e-01
2.781222009043554655e-01,5.266378985198948426e-01,-4.856046970929058237e-01,-4.379350770139280036e-02,-4.670343864718390914e-01,-3.210317925108607806e-01
2.780498485455698554e-01,5.266888796334444622e-01,-4.855116900641007205e-01,-4.374145092582328032e-02,-4.670588981727677447e-01,-3.209772085791847696e-01
2.779777006437505471e-01,5.267397290389848052e-01,-4.854187109520687882e-01,-4.368945257868347976e-02,-4.670830658547581726e-01,-3.209223798347577428e-01
2.779057112210269187e-01,5.267904820423215950e-01,-4.853257440371124276e-01,-4.363746014971430637e-02,-4.671069665821469541e-01,-3.208673329779624939e-01
2.778338455601055967e-01,5.268411648666802005e-01,-4.852327780258692824e-01,-4.358543971255610106e-02,-4.671306595272881057e-01,-3.208120926434420150e-01
2.802454400287465175e-01,5.264412290513502679e-01,-4.827527665061533413e-01,-4.517794942093678739e-02,-4.706397021419925220e-01,-3.162108317859310125e-01
2.801431982125294207e-01,5.265175914979781657e-01,-4.826459190753581985e-01,-4.507263461679657246e-02,-4.707132863727652161e-01,-3.161582675237012419e-01
2.800486711416189656e-01,5.265874982689888739e-01,-4.825426160812912313e-01,-4.498255552526073814e-02,-4.707743773898043771e-01,-3.161065184245775428e-01
2.799599439683033153e-01,5.266526390690123849e-01,-4.824418271249357182e-01,-4.490357394296790733e-02,-4.708262635187925871e-01,-3.160550056586694523e-01
2.798755725473439093e-01,5.267142521276718670e-01,-4.823428413898565581e-01,-4.483264976671422902e-02,-4.708713082059399757e-01,-3.160034076992765395e-01
2.797944715243221858e-01,5.267732497953309112e-01,-4.822451569240657210e-01,-4.476755000974263349e-02,-4.709112366328322419e-01,-3.159515484245387085e-01
2.797158268068508646e-01,5.268303067528985473e-01,-4.821484135594346077e-01,-4.470663646905092409e-02,-4.709473214138206743e-01,-3.158993365952327825e-01
2.796390284067257759e-01,5.268859231029979773e-01,-4.820523501688106505e-01,-4.464870973721374314e-02,-4.709805081147848127e-01,-3.158467317711101119e-01
2.795636194691681897e-01,5.269404701027083915e-01,-4.819567762259767130e-01,-4.459289413710559868e-02,-4.710115028826245553e-01,-3.157937243116041848e-01
2.794892578392735305e-01,5.269942236151222703e-01,-4.818615522306967103e-01,-4.453855266101025556e-02,-4.710408350555012613e-01,-3.157403231719633774e-01
2.794156871965707833e-01,5.270473887336577512e-01,-4.817665758836514600e-01,-4.448522403056783675e-02,-4.710689026372980037e-01,-3.156865482401877698e-01
2.793427154276998392e-01,5.271001179770795630e-01,-4.816717721612757130e-01,-4.443257611341550756e-02,-4.710960056658762829e-01,-3.156324254070118629e-01
2.792701984444901919e-01,5.271525247759319965e-01,-4.815770860964452282e-01,-4.438037146633665858e-02,-4.711223708912594121e-01,-3.155779833769431497e-01
2.791980280859900354e-01,5.272046934833054532e-01,-4.814824774946515618e-01,-4.432844186669041009e-02,-4.711481701031409175e-01,-3.155232516018457445e-01
2.791261230774167990e-01,5.272566868165400322e-01,-4.813879170441317523e-01,-4.427666951258558276e-02,-4.711735337945937019e-01,-3.154682589683482363e-01
2.790544222737996183e-01,5.273085513916633271e-01,-4.812933834484533491e-01,-4.422497316733931677e-02,-4.711985613661731076e-01,-3.154130329890914575e-01
2.789828796104855679e-01,5.273603218430578110e-01,-4.811988613062752052e-01,-4.417329797001125907e-02,-4.712233287665744674e-01,-3.153575993383991305e-01
2.789114603291781291e-01,5.274120238897599400e-01,-4.811043395446933935e-01,-4.412160795581555883e-02,-4.712478942195175158e-01,-3.153019816225387517e-01
2.813181889727228713e-01,5.270901578389703968e-01,-4.785479408366918874e-01,-4.577396939210118254e-02,-4.748449809453784143e-01,-3.106944169118554533e-01
2.812163893065573461e-01,5.271672075068147834e-01,-4.784394485365581207e-01,-4.566806929968941081e-02,-4.749195128566090496e-01,-3.106410617378708161e-01
2.811222978509499426e-01,5.272378698552918630e-01,-4.783345883787270547e-01,-4.557757014143502816e-02,-4.749813296957746678e-01,-3.105886486487378639e-01
2.810340112755586039e-01,5.273038334369544167e-01,-4.782322596728138531e-01,-4.549829299619824463e-02,-4.750338742480388898e-01,-3.105365171957368275e-01
2.809500879606382506e-01,5.273663268363221190e-01,-4.781317258797698200e-01,-4.542717352949589976e-02,-4.750795742472281868e-01,-3.104843184409458168e-01
2.808694417961739576e-01,5.274262512113359058e-01,-4.780324778918945694e-01,-4.536196257477091015e-02,-4.751201793854085142e-01,-3.104318700816284804e-01
2.807912570223238813e-01,5.274842710718130601e-01,-4.779341555930022856e-01,-4.530100992973943447e-02,-4.751569696200955706e-01,-3.103790819572748716e-01
2.807149219834399467e-01,5.275408781000942016e-01,-4.778365002852448251e-01,-4.524310657474837211e-02,-4.751908907606645083e-01,-3.103259163461458137e-01
2.806399784509914785e-01,5.275964368900201151e-01,-4.777393242933996031e-01,-4.518736876820768356e-02,-4.752226465254847931e-01,-3.102723659245248955e-01
2.805660832388916504e-01,5.276512181592405426e-01,-4.776424906740317500e-01,-4.513315256083180044e-02,-4.752527630576074413e-01,-3.102184410209559151e-01
2.804929792978604342e-01,5.277054230794391287e-01,-4.775458992016526349e-01,-4.507999062700246418e-02,-4.752816351669776340e-01,-3.101641619551409601e-01
2.804204740261357354e-01,5.277592012058904825e-01,-4.774494764447115847e-01,-4.502754553873775101e-02,-4.753095599938588767e-01,-3.101095543132765808e-01
2.803484230268784572e-01,5.278126637394281451e-01,-4.773531686220217063e-01,-4.497557520976866452e-02,-4.753367617595275485e-01,-3.100546459715889935e-01
2.802767179603437020e-01,5.278658933607014436e-01,-4.772569364019895177e-01,-4.492390734815297076e-02,-4.753634100891325209e-01,-3.099994652217988311e-01
2.802052774637864285e-01,5.279189515346346395e-01,-4.771607510896392901e-01,-4.487242058903146563e-02,-4.753896336371414844e-01,-3.099440396064762626e-01
2.801340403657717748e-01,5.279718839407374631e-01,-4.770645918208857306e-01,-4.482103058189770839e-02,-4.754155302484072143e-01,-3.098883952164713240e-01
2.800629606158998586e-01,5.280247245136119316e-01,-4.769684434910657078e-01,-4.476967974675079981e-02,-4.754411745561933911e-01,-3.098325563041554043e-01
2.799920034955665216e-01,5.280774984494014390e-01,-4.768722952260991965e-01,-4.471832974784650111e-02,-4.754666236702040361e-01,-3.097765451009540927e-01
2.823900083252717241e-01,5.278338467056906680e-01,-4.742438888534113994e-01,-4.643642655653992812e-02,-4.791482584054872484e-01,-3.051743521527784941e-01
2.822887173561686169e-01,5.279116144306139624e-01,-4.741336851019458121e-01,-4.632987852188021755e-02,-4.792236493949292853e-01,-3.051200828747099858e-01
2.821951169990367103e-01,5.279830666448942500e-01,-4.740272020059031477e-01,-4.623889696149383749e-02,-4.792861214962613192e-01,-3.050668947313512902e-01
2.821073177972229784e-01,5.280498914763959162e-01,-4.739232662009444930e-01,-4.615926565364650291e-02,-4.793392713945914818e-01,-3.050140443243523625e-01
2.820238824493795371e-01,5.281133073117892929e-01,-4.738211154360685295e-01,-4.608789794848195537e-02,-4.793855878947870242e-01,-3.049611549949466371e-01
2.819437255200135106e-01,5.281742033002579939e-01,-4.737202339909492022e-01,-4.602252940200188269e-02,-4.794268419783118684e-01,-3.049080378645466216e-01
2.818660307293112122e-01,5.282332330351230398e-01,-4.736202623163954240e-01,-4.596149808126194503e-02,-4.794643183601161596e-01,-3.048546032076739909e-01
2.817901856678533545e-01,5.282908791866414155e-01,-4.735209445087930624e-01,-4.590358524955683028e-02,-4.794989611591184975e-01,-3.048008152073837240e-01
2.817157314558818570e-01,5.283474992408356830e-01,-4.734220959735341294e-01,-4.584789877404350789e-02,-4.795314702398195128e-01,-3.047466679831451475e-01
2.816423244429407391e-01,5.284033584443014187e-01,-4.733235824582058271e-01,-4.579378732312103240e-02,-4.795623674899509581e-01,-3.046921723675867777e-01
2.815697072943521007e-01,5.284586538150611856e-01,-4.732253058766564546e-01,-4.574077702991906358e-02,-4.795920437349215915e-01,-3.046373483049482078e-01
2.814976872651404616e-01,5.285135317794342757e-01,-4.731271944174652022e-01,-4.568852466715443011e-02,-4.796207926090022555e-01,-3.045822203327834266e-01
2.814261199195309815e-01,5.285681011930617457e-01,-4.730291954873413474e-01,-4.563678301208626276e-02,-4.796488353344384170e-01,-3.045268148362403893e-01
2.813548969499229946e-01,5.286224429835226779e-01,-4.729312706067482774e-01,-4.558537523391757718e-02,-4.796763389988397130e-01,-3.044711583578810776e-01
2.812839370711407438e-01,5.286766173079978648e-01,-4.728333916790365965e-01,-4.553417596800783673e-02,-4.797034301194420536e-01,-3.044152765763565860e-01
2.812131792157264165e-01,5.287306688725171844e-01,-4.727355382497843705e-01,-4.548309734909450341e-02,-4.797302047444264583e-01,-3.043591937058786057e-01
2.811425774510939446e-01,5.287846308871467782e-01,-4.726376954880465719e-01,-4.543207871263479913e-02,-4.797567359930882125e-01,-3.043029321775074236e-01
2.810720971805167334e-01,5.288385280097822605e-01,-4.725398526951946621e-01,-4.538107902412668454e-02,-4.797830796981883417e-01,-3.042465124980497926e-01
2.834574642840010372e-01,5.286727752483892928e-01,-4.698443109208886859e-01,-4.717056706608386413e-02,-4.835452585650737989e-01,-2.996615623616861179e-01
2.833567481501504948e-01,5.287512924985441343e-01,-4.697323315614195804e-01,-4.706331039544357081e-02,-4.836214196102529006e-01,-2.996062558941408049e-01
2.832636939225214312e-01,5.288235690544935697e-01,-4.696241620106903492e-01,-4.697178568086728817e-02,-4.836844767230410458e-01,-2.995521817069062842e-01
2.831764283003770921e-01,5.288912934343847905e-01,-4.695185540399034463e-01,-4.689174302314775417e-02,-4.837381794247851419e-01,-2.994985123791518156e-01
2.830935200895511317e-01,5.289556733279358047e-01,-4.694147197869482646e-01,-4.682007543236490349e-02,-4.837850741299731250e-01,-2.994448432803319959e-01
2.830138859760663039e-01,5.290175851087540737e-01,-4.693121374849973937e-01,-4.675450410860239325e-02,-4.838269497944663322e-01,-2.993909785199140861e-01
2.829367103283080276e-01,5.290776707568503046e-01,-4.692104486541653352e-01,-4.669335566640610280e-02,-4.838650932892752388e-01,-2.993368281004678555e-01
2.828613809159393755e-01,5.291364033793474198e-01,-4.691094005313330983e-01,-4.663540154800352444e-02,-4.839004451137500218e-01,-2.992823572383476183e-01
2.827874389447864734e-01,5.291941329464087129e-01,-4.690088118080877333e-01,-4.657974091311970627e-02,-4.839336998736636364e-01,-2.992275605795780002e-01
2.827145408782835156e-01,5.292511189375530556e-01,-4.689085510361589715e-01,-4.652571461435626304e-02,-4.839653741622696459e-01,-2.991724485655573584e-01
2.826424295470307824e-01,5.293075540069663854e-01,-4.688085223212675734e-01,-4.647284176266658351e-02,-4.839958540414037724e-01,-2.991170399296493865e-01
2.825709124153765739e-01,5.293635813042369964e-01,-4.687086554874828614e-01,-4.642077283238437574e-02,-4.840254290452085661e-01,-2.990613574104905581e-01
2.824998452831348761e-01,5.294193072361210728e-01,-4.686088991258386960e-01,-4.636925497722130945e-02,-4.840543169313419880e-01,-2.990054252272254520e-01
2.824291200891300702e-01,5.294748109069651321e-01,-4.685092155912069511e-01,-4.631810636690158328e-02,-4.840826818853412594e-01,-2.989492675797256749e-01
2.823586557939622987e-01,5.295301511189719479e-01,-4.684095773615480351e-01,-4.626719720690502385e-02,-4.841106479957947850e-01,-2.988929077614271290e-01
2.822883915671496879e-01,5.295853715729247346e-01,-4.683099643671153056e-01,-4.621643571985736831e-02,-4.841383092764424689e-01,-2.988363676530840785e-01
2.822182816985630560e-01,5.296405047350833950e-01,-4.682103620236554575e-01,-4.616575779873662716e-02,-4.841657371407781518e-01,-2.987796674646795991e-01
2.821482917972420457e-01,5.296955747137933601e-01,-4.681107597813947141e-01,-4.611511938494988749e-02,-4.841929859874443687e-01,-2.987228256322456699e-01
2.845170768528545446e-01,5.296069353370721489e-01,-4.653534402472333520e-01,-4.798139660921418165e-02,-4.880311981108574892e-01,-2.941671436747624879e-01
2.844170009569428337e-01,5.296862341617025738e-01,-4.652396236674067875e-01,-4.787337236457051004e-02,-4.881080401861337403e-01,-2.941106771810459986e-01
2.843245471727855467e-01,5.297593696397889795e-01,-4.651297065715454537e-01,-4.778124522800739071e-02,-4.881716126082331630e-01,-2.940556062491986866e-01
2.842378605523058765e-01,5.298280315823062914e-01,-4.650223638575750051e-01,-4.770073540488257990e-02,-4.882258162181243866e-01,-2.940010186069731968e-01
2.841555177831023293e-01,5.298934165392431561e-01,-4.649167822367840097e-01,-4.762871757382500237e-02,-4.882732513647911610e-01,-2.939464814133866399e-01
2.840764391287606827e-01,5.299563874013004661e-01,-4.648124344681358600e-01,-4.756289950358141838e-02,-4.883157216094630715e-01,-2.938917912769006269e-01
2.839998107882483191e-01,5.300175738917565216e-01,-4.647089636256666600e-01,-4.750159663052288400e-02,-4.883545133775016867e-01,-2.938368571476568936e-01
2.839250216560832429e-01,5.300774390523409485e-01,-4.646061204029571234e-01,-4.744357047400674793e-02,-4.883905616476675315e-01,-2.937816443463303062e-01
2.838516137712759346e-01,5.301363249655203225e-01,-4.645037269632587562e-01,-4.738791116877440895e-02,-4.884245543796771893e-01,-2.937261470788951057e-01
2.837792442963558148e-01,5.301944850798803177e-01,-4.644016547529343231e-01,-4.733395132801819505e-02,-4.884570018590357887e-01,-2.936703744719201259e-01
2.837076566848287240e-01,5.302521074985919736e-01,-4.642998101073615436e-01,-4.728120256166964963e-02,-4.884882846213720042e-01,-2.936143431968645801e-01
2.836366589656327819e-01,5.303093319648538584e-01,-4.641981244910186044e-01,-4.722930856020720464e-02,-4.885186875186042221e-01,-2.935580734242744239e-01
2.835661074516833136e-01,5.303662623480057681e-01,-4.640965476647292420e-01,-4.717801037602580710e-02,-4.885484243931764725e-01,-2.935015865298585824e-01
2.834958945454701951e-01,5.304229758688087104e-01,-4.639950427949290357e-01,-4.712712072293981369e-02,-4.885776561710281074e-01,-2.934449037743423472e-01
2.834259396231951222e-01,5.304795299349298610e-01,-4.638935829065968797e-01,-4.707650495392137757e-02,-4.886065042265260172e-01,-2.933880455412507526e-01
2.833561822257119611e-01,5.305359672169329688e-01,-4.637921482849168830e-01,-4.702606698845487876e-02,-4.886350603092793343e-01,-2.933310309229133495e-01
2.832865769716250148e-01,5.305923194219246408e-01,-4.636907245638285935e-01,-4.697573892192635076e-02,-4.886633939382322711e-01,-2.932738775085888538e-01
2.832170897603291104e-01,5.306486101003047295e-01,-4.635893013153028486e-01,-4.692547335131425079e-02,-4.886915579224429540e-01,-2.932166013148742589e-01
2.855653423484062481e-01,5.306358250345118988e-01,-4.607760327266078315e-01,-4.887364841691835271e-02,-4.926007980219249127e-01,-2.887023264951442680e-01
2.854659711338867756e-01,5.307159380097501433e-01,-4.606603198920872777e-01,-4.876479919944383401e-02,-4.926782323896087834e-01,-2.886445774559442956e-01
2.853741712107483730e-01,5.307899670301030604e-01,-4.605485966543278464e-01,-4.867201174786760925e-02,-4.927422511199293642e-01,-2.885883995183292083e-01
2.852881080910660838e-01,5.308596041750124339e-01,-4.604394592202487591e-01,-4.859098024981914343e-02,-4.927969044201639393e-01,-2.885327949344644871e-01
2.852063680973164761e-01,5.309260344780978302e-01,-4.603320691180284863e-01,-4.851856307617374853e-02,-4.928448427436156742e-01,-2.884773024117175400e-01
2.851278765302471818e-01,5.309901067003098829e-01,-4.602258942083322646e-01,-4.845245547457487784e-02,-4.928878808477040740e-01,-2.884217104859124192e-01
2.850518226101459995e-01,5.310524377243700522e-01,-4.601205795760853201e-01,-4.839096196883983098e-02,-4.929273021322715387e-01,-2.883659261942289054e-01
2.849775973109237026e-01,5.311134800740261452e-01,-4.600158796585110399e-01,-4.833283404543790851e-02,-4.929640341851048713e-01,-2.883099139684117129e-01
2.849047442582861578e-01,5.311735676154211161e-01,-4.599116202448589319e-01,-4.827715250228997723e-02,-4.929987569704889494e-01,-2.882536665663909536e-01
2.848329219042957661e-01,5.312329475328259054e-01,-4.598076757482771892e-01,-4.822324129084105265e-02,-4.930319734736391402e-01,-2.881971908440558727e-01
2.847618747850778065e-01,5.312918032170581562e-01,-4.597039547542136062e-01,-4.817060405324619793e-02,-4.930640579635049980e-01,-2.881405005405898723e-01
2.846914118524817017e-01,5.313502708936144181e-01,-4.596003903611882713e-01,-4.811887721520104189e-02,-4.930952900423222762e-01,-2.880836124806065990e-01
2.846213902117281092e-01,5.314084518197295104e-01,-4.594969334775068637e-01,-4.806779525768990063e-02,-4.931258791973376354e-01,-2.880265445126739543e-01
2.845517029468156989e-01,5.314664212829833811e-01,-4.593935480523868020e-01,-4.801716499288193052e-02,-4.931559827463617429e-01,-2.879693143554903911e-01
2.844822700215669520e-01,5.315242352646966095e-01,-4.592902076256772381e-01,-4.796684650044600456e-02,-4.931857190716019135e-01,-2.879119389624730796e-01
2.844130314823081207e-01,5.315819353862466512e-01,-4.591868928051957566e-01,-4.791673901614612596e-02,-4.932151774338180417e-01,-2.878544341769465054e-01
2.843439423838461377e-01,5.316395525852088966e-01,-4.590835894111776061e-01,-4.786677048601160195e-02,-4.932444252754028535e-01,-2.877968145732276994e-01
2.842749690010413777e-01,5.316971098494341907e-01,-4.589802871078009772e-01,-4.781688984757745398e-02,-4.932735136657651065e-01,-2.877390934007562628e-01
2.865987554246561819e-01,5.317584503439319876e-01,-4.561173480537976666e-01,-4.985174939406045863e-02,-4.972483058585591698e-01,-2.832784348971710275e-01
2.865001522394306499e-01,5.318394105103204650e-01,-4.559996824787300729e-01,-4.974201919425333407e-02,-4.973262442601072419e-01,-2.832192811372634678e-01
2.864090585998261829e-01,5.319143676673784293e-01,-4.558860970013053904e-01,-4.964851481247688214e-02,-4.973906410628047281e-01,-2.831618864882247677e-01
2.863236624857956603e-01,5.319850172059599203e-01,-4.557751075045919920e-01,-4.956690837997496796e-02,-4.974456934897832916e-01,-2.831051672571471833e-01
2.862425615849676364e-01,5.320525323288343156e-01,-4.556658506329270830e-01,-4.949404396946248397e-02,-4.974940981335514434e-01,-2.830486334217973687e-01
2.861646876938702122e-01,5.321177470887002992e-01,-4.555577899101644901e-01,-4.942760519692001447e-02,-4.975376775362533865e-01,-2.829920647866420169e-01
2.860892342511132669e-01,5.321812650049168036e-01,-4.554505728573661760e-01,-4.936588591654662850e-02,-4.975777095253481330e-01,-2.829353655319369887e-01
2.860155952680855096e-01,5.322435276844295071e-01,-4.553439579067258269e-01,-4.930762747104158739e-02,-4.976151124707367535e-01,-2.828784981401178955e-01
2.859433167139344700e-01,5.323048604899369707e-01,-4.552377746009411696e-01,-4.925190100903489854e-02,-4.976505570248185850e-01,-2.828214528653327231e-01
2.858720589225489106e-01,5.323655041414354638e-01,-4.551319003693475307e-01,-4.919802140400401924e-02,-4.976845379092624810e-01,-2.827642333094806948e-01
2.858015679738065695e-01,5.324256371801766585e-01,-4.550262460535015596e-01,-4.914548386988414758e-02,-4.977174224041923112e-01,-2.827068493884020151e-01
2.857316541017679845e-01,5.324853922222820835e-01,-4.549207463665188023e-01,-4.909391709451300240e-02,-4.977494843130559343e-01,-2.826493137972477254e-01
2.856621754834811067e-01,5.325448678517106238e-01,-4.548153533349191258e-01,-4.904304852643132789e-02,-4.977809283380108529e-01,-2.825916401642895037e-01
2.855930261034847484e-01,5.326041373841738924e-01,-4.547100316550144461e-01,-4.899267863492128006e-02,-4.978119078513732476e-01,-2.825338420671432149e-01
2.855241266842226677e-01,5.326632553510041168e-01,-4.546047553453681500e-01,-4.894266181857392234e-02,-4.978425379725799349e-01,-2.824759325010300914e-01
2.854554179133307334e-01,5.327222623112568556e-01,-4.544995053005128072e-01,-4.889289224949445317e-02,-4.978729052559500712e-01,-2.824179236080588962e-01
2.853868553888318504e-01,5.327811884266536735e-01,-4.543942674939907000e-01,-4.884329338137527454e-02,-4.979030748886302260e-01,-2.823598265481117586e-01
2.853184058468391515e-01,5.328400561212565112e-01,-4.542890316508875204e-01,-4.879381017993127123e-02,-4.979330960548705720e-01,-2.823016514608713834e-01
2.876138308716159608e-01,5.329733343926086331e-01,-4.513831218409108947e-01,-5.091978537808108940e-02,-5.019675291016912899e-01,-2.779068425528037345e-01
2.875160579024872431e-01,5.330551751779417646e-01,-4.512634495220185782e-01,-5.080911947963322878e-02,-5.020458838787250633e-01,-2.778461622568903500e-01
2.874257219289246823e-01,5.331310949722551928e-01,-4.511479481715712780e-01,-5.071484278391358291e-02,-5.021105912935586169e-01,-2.777874418268903023e-01
2.873410353113413085e-01,5.332027935762064796e-01,-4.510350518944065135e-01,-5.063260936655807759e-02,-5.021659928739160561e-01,-2.777295112898545693e-01
2.872606088059248552e-01,5.332714321103999566e-01,-4.509238727939766656e-01,-5.055925099048669963e-02,-5.022148272845070593e-01,-2.776718515495821826e-01
2.871833821605878634e-01,5.333378294089080596e-01,-4.508138705996243556e-01,-5.049244049917088473e-02,-5.022589214526855805e-01,-2.776142329159805300e-01
2.871085542293895787e-01,5.334025751708630914e-01,-4.507046956527996362e-01,-5.043046130968315000e-02,-5.022995451381873089e-01,-2.775565556780158483e-01
2.870355230212769948e-01,5.334660997400826332e-01,-4.505961105976628023e-01,-5.037204450065567440e-02,-5.023376057097338476e-01,-2.774987792381712337e-01
2.869638376074178931e-01,5.335287197313641760e-01,-4.504879488279538435e-01,-5.031625125534421733e-02,-5.023737632305220746e-01,-2.774408902520509312e-01
2.868931607946206275e-01,5.335906692337899493e-01,-4.503800908164751204e-01,-5.026238696413676960e-02,-5.024085032247769256e-01,-2.773828880502378080e-01
2.868232406680377711e-01,5.336521218267060718e-01,-4.502724496508099250e-01,-5.020993795668760723e-02,-5.024421852837045455e-01,-2.773247778221044624e-01
2.867538891023992398e-01,5.337132064430060163e-01,-4.501649616297642709e-01,-5.015852472029382753e-02,-5.024750768760088970e-01,-2.772665673353222893e-01
2.866849656260984647e-01,5.337740189468115348e-01,-4.500575798592748034e-01,-5.010786721710226016e-02,-5.025073775037490753e-01,-2.772082653046627487e-01
2.866163653424360636e-01,5.338346306528815033e-01,-4.499502697430228237e-01,-5.005775914283090711e-02,-5.025392362633207544e-01,-2.771498805594825865e-01
2.865480099039981465e-01,5.338950946270102360e-01,-4.498430057370688129e-01,-5.000804881152220299e-02,-5.025707647501069797e-01,-2.770914216161611821e-01
2.864798407749606923e-01,5.339554503582083500e-01,-4.497357689846541717e-01,-4.995862496047789869e-02,-5.026020465994318620e-01,-2.770328964586432074e-01
2.864118142040046888e-01,5.340157272310087633e-01,-4.496285455759843064e-01,-4.990940621218201839e-02,-5.026331445723377644e-01,-2.769743124401625178e-01
2.863438974740720733e-01,5.340759471074046916e-01,-4.495213252647289881e-01,-4.986033325489032386e-02,-5.026641058259714301e-01,-2.769156762462794963e-01
2.883513177880448475e-01,5.344437562858673774e-01,-4.465060395891169431e-01,-5.158202614837178318e-02,-5.070974236153784620e-01,-2.726343390738630856e-01
2.883196796106218818e-01,5.344851095221483384e-01,-4.464013082618804029e-01,-5.160181524826396721e-02,-5.070931810201699808e-01,-2.725645890928018455e-01
2.882785689876996016e-01,5.345307225967343978e-01,-4.462976767411248602e-01,-5.160432227319578652e-02,-5.070939902056620374e-01,-2.724998282556015949e-01
2.882306476469823076e-01,5.345799889413985762e-01,-4.461936133803620086e-01,-5.159372389195259617e-02,-5.071008098037054213e-01,-2.724373096674524430e-01
2.881777574430968714e-01,5.346321858796581061e-01,-4.460886884799648566e-01,-5.157329060700288625e-02,-5.071130799730595440e-01,-2.723758481079906479e-01
2.881212103313811612e-01,5.346866577433131429e-01,-4.459828876585527624e-01,-5.154552237245813018e-02,-5.071298356538108676e-01,-2.723149281437969860e-01
2.880619581180298150e-01,5.347428651602450511e-01,-4.458763314965217828e-01,-5.151230543126454620e-02,-5.071501219770802038e-01,-2.722543214569243530e-01
2.880006991210273815e-01,5.348003841442353634e-01,-4.457691661167652031e-01,-5.147505254435987693e-02,-5.071731257581535424e-01,-2.721939228330172433e-01
2.879379491439033045e-01,5.348588891495916764e-01,-4.456615244388033581e-01,-5.143481723719309229e-02,-5.071981969794431278e-01,-2.721336799882388413e-01
2.878740907117443570e-01,5.349181334033467072e-01,-4.455535157025475312e-01,-5.139238297830227287e-02,-5.072248319546763806e-01,-2.720735636263205692e-01
2.878094081932145998e-01,5.349779311948353877e-01,-4.454452255695820484e-01,-5.134833128163804328e-02,-5.072526466879918594e-01,-2.720135547040055113e-01
2.877441133003023066e-01,5.350381433497677364e-01,-4.453367195964792469e-01,-5.130309310189744981e-02,-5.072813509752069905e-01,-2.719536390412443660e-01
2.876783638015211753e-01,5.350986658266689844e-01,-4.452280472806121603e-01,-5.125698737216756451e-02,-5.073107265132789090e-01,-2.718938050416900287e-01
2.876122773436698976e-01,5.351594209651701073e-01,-4.451192457001508784e-01,-5.121024978897670277e-02,-5.073406094751471418e-01,-2.718340427253953528e-01
2.875459416991951733e-01,5.352203508512740626e-01,-4.450103424961586174e-01,-5.116305426709822496e-02,-5.073708770415922276e-01,-2.717743432995128328e-01
2.874794223813832428e-01,5.352814123244815647e-01,-4.449013582063051087e-01,-5.111552890594089210e-02,-5.074014371606699880e-01,-2.717146989556918912e-01
2.874127683094900298e-01,5.353425732344061494e-01,-4.447923080533807139e-01,-5.106776786590772055e-02,-5.074322208217625363e-01,-2.716551027473220747e-01
2.873460160282171882e-01,5.354038096415539849e-01,-4.446832032966796522e-01,-5.101984018939862559e-02,-5.074631762577571648e-01,-2.715955485069450059e-01
2.893242495160992522e-01,5.358324758256280962e-01,-4.416396753626999905e-01,-5.281001540062853217e-02,-5.119255510987750224e-01,-2.673756544157203097e-01
2.892927048549490676e-01,5.358759726668271828e-01,-4.415326198372129807e-01,-5.283230029472942013e-02,-5.119235562803405859e-01,-2.673069648103056362e-01
2.892517812366950380e-01,5.359235074159337531e-01,-4.414267922074673889e-01,-5.283709793844869329e-02,-5.119263525155157701e-01,-2.672431764791620701e-01
2.892041158594708672e-01,5.359745525416742540e-01,-4.413205953751707100e-01,-5.282861170389843708e-02,-5.119349931635583939e-01,-2.671815247404247806e-01
2.891515332357569301e-01,5.360284296969937134e-01,-4.412135738424507458e-01,-5.281013136950927361e-02,-5.119489573467451704e-01,-2.671208258370382782e-01
2.890953332007180077e-01,5.360845112084546837e-01,-4.411057007538737307e-01,-5.278417241199180598e-02,-5.119673020631384519e-01,-2.670605698009421158e-01
2.890364589456339006e-01,5.361422768992328836e-01,-4.409970890467730942e-01,-5.275263472011178234e-02,-5.119890890139170425e-01,-2.670005343213833759e-01
2.889756024952760405e-01,5.362013165620889144e-01,-4.408878794032941029e-01,-5.271694362617618951e-02,-5.120135190155250537e-01,-2.669406202786640536e-01
2.889132749233291886e-01,5.362613147571707595e-01,-4.407782006670624142e-01,-5.267816442871745691e-02,-5.120399541079765360e-01,-2.668807816256785759e-01
2.888498551113834467e-01,5.363220321817671055e-01,-4.406681590337472310e-01,-5.263709161772044814e-02,-5.120679008741007010e-01,-2.668209954401903894e-01
2.887856245656919008e-01,5.363832886552537538e-01,-4.405578379426191016e-01,-5.259431695168782089e-02,-5.120969839462072848e-01,-2.667612490976908335e-01
2.887207927149396669e-01,5.364449490906600948e-01,-4.404473013776060153e-01,-5.255028082423768981e-02,-5.121269202995598624e-01,-2.667015347442065476e-01
2.886555154857265992e-01,5.365069124581558491e-01,-4.403365977645229967e-01,-5.250531078554547537e-02,-5.121574975733028667e-01,-2.666418468895025984e-01
2.885899090250086396e-01,5.365691033080246530e-01,-4.402257634864399360e-01,-5.245965033975186209e-02,-5.121885568492449137e-01,-2.665821813352802216e-01
2.885240598756237951e-01,5.366314653425818815e-01,-4.401148257631563032e-01,-5.241348042559231674e-02,-5.122199793689398151e-01,-2.665225346834618758e-01
2.884580325362035569e-01,5.366939565767628872e-01,-4.400038049080972069e-01,-5.236693542703049070e-02,-5.122516764448434845e-01,-2.664629040912581126e-01
2.883918750846923840e-01,5.367565457101606263e-01,-4.398927160564811145e-01,-5.232011509923450987e-02,-5.122835818633592053e-01,-2.664032871375642819e-01
2.902696719118061375e-01,5.373063105382314131e-01,-4.367171556940795951e-01,-5.413360267953504223e-02,-5.168026217518960630e-01,-2.621987543238603058e-01
2.902381121111367590e-01,5.373519917481726083e-01,-4.366077674092979088e-01,-5.415876488751571877e-02,-5.168031068406523376e-01,-2.621315690832392575e-01
2.901972900726481619e-01,5.374014847644267290e-01,-4.364997339696357059e-01,-5.416620283333310748e-02,-5.168080788896241007e-01,-2.620691404431330640e-01
2.901498130497631167e-01,5.374543427196607492e-01,-4.363913918632910671e-01,-5.416014743798295422e-02,-5.168186959901540645e-01,-2.620086935719783128e-01
2.900974842940457488e-01,5.375099324836869474e-01,-4.362822595744151877e-01,-5.414390905253851222e-02,-5.168344832843531078e-01,-2.619490526499593241e-01
2.900415885724220155e-01,5.375676549859251807e-01,-4.361722977457939132e-01,-5.412002044367005688e-02,-5.168545251811829111e-01,-2.618897187422616346e-01
2.899830581954311870e-01,5.376270096882835858e-01,-4.360616117329998986e-01,-5.409039722170669307e-02,-5.168779040810820291e-01,-2.618304803858800267e-01
2.899225771332257784e-01,5.376876004853174962e-01,-4.359503368922882927e-01,-5.405647951072957424e-02,-5.169038380136882216e-01,-2.617712487896510787e-01
2.898606503523345479e-01,5.377491222689484429e-01,-4.358385981439953927e-01,-5.401934661837574925e-02,-5.169317035852110109e-01,-2.617119878413654566e-01
2.897976520090134733e-01,5.378113433587961012e-01,-4.357264988111193560e-01,-5.397980622494849556e-02,-5.169610196242209188e-01,-2.616526842168256928e-01
2.897338598944407262e-01,5.378740892010194230e-01,-4.356141202880058905e-01,-5.393846238328362658e-02,-5.169914209625871004e-01,-2.615933345133540366e-01
2.896694804796949851e-01,5.379372288522714651e-01,-4.355015251603662207e-01,-5.389576682631189164e-02,-5.170226330153925298e-01,-2.615339396345672807e-01
2.896046673130339699e-01,5.380006643227993601e-01,-4.353887609475178277e-01,-5.385205746403089189e-02,-5.170544503848694129e-01,-2.614745023031292415e-01
2.895395346141291237e-01,5.380643223826918620e-01,-4.352758634896184975e-01,-5.380758718478433067e-02,-5.170867198963845501e-01,-2.614150259314008684e-01
2.894741673527426173e-01,5.381281483462071469e-01,-4.351628597254615927e-01,-5.376254537155007729e-02,-5.171193275364679431e-01,-2.613555140957025125e-01
2.894086287359347032e-01,5.381921013917517760e-01,-4.350497698695071636e-01,-5.371707396274174456e-02,-5.171521885504504201e-01,-2.612959702899167458e-01
2.893429657753537887e-01,5.382561510521338688e-01,-4.349366090815240948e-01,-5.367127943986338412e-02,-5.171852399952778789e-01,-2.612363978063150238e-01
2.911841427234067026e-01,5.388620710685446680e-01,-4.317458019426157478e-01,-5.555777299411987502e-02,-5.217220908829474091e-01,-2.571169209018929758e-01
2.911524872071423187e-01,5.389099884956491948e-01,-4.316340349168971136e-01,-5.558587375391039337e-02,-5.217252157030142223e-01,-2.570513930057253260e-01
2.911117048509865302e-01,5.389614834949975064e-01,-4.315237599098240562e-01,-5.559602538578493208e-02,-5.217324783061518811e-01,-2.569904651251208039e-01
2.910643686877730785e-01,5.390161933501508296e-01,-4.314132410429810660e-01,-5.559248054250590793e-02,-5.217451580569659741e-01,-2.569313501543002976e-01
2.910122574413708807e-01,5.390735318677760679e-01,-4.313019682482025496e-01,-5.557856612448661138e-02,-5.217628352328291808e-01,-2.568728804841821090e-01
2.909566382921667804e-01,5.391329295762440355e-01,-4.311898884946469557e-01,-5.555682953925686340e-02,-5.217846272378975359e-01,-2.568145693374950800e-01
2.908984307257651003e-01,5.391939062215275191e-01,-4.310770989788981211e-01,-5.552920044900922641e-02,-5.218096408577779233e-01,-2.567562174854991497e-01
2.908383091577511070e-01,5.392560802396053621e-01,-4.309637294462568824e-01,-5.549713277975446002e-02,-5.218371138783339802e-01,-2.566977478525409029e-01
2.907767712915596547e-01,5.393191571600052248e-01,-4.308499007605091080e-01,-5.546171932272366684e-02,-5.218664392830406618e-01,-2.566391355460424517e-01
2.907141856691405346e-01,5.393829131380896147e-01,-4.307357133201037969e-01,-5.542378073093835733e-02,-5.218971494670993083e-01,-2.565803779902938730e-01
2.906508256826864089e-01,5.394471793938602211e-01,-4.306212464689417874e-01,-5.538393333719891787e-02,-5.219288904398304840e-01,-2.565214820081959113e-01
2.905868943192854714e-01,5.395118292280047800e-01,-4.305065614129977014e-01,-5.534264032839535108e-02,-5.219613967922845932e-01,-2.564624581337247022e-01
2.905225423432322152e-01,5.395767677579291766e-01,-4.303917047956830610e-01,-5.530025016708570162e-02,-5.219944706511834287e-01,-2.564033180548805912e-01
2.904578817328431484e-01,5.396419240170475806e-01,-4.302767119505442328e-01,-5.525702536464167924e-02,-5.220279650176865571e-01,-2.563440734403203414e-01
2.903929956411535618e-01,5.397072449585870180e-01,-4.301616095729693945e-01,-5.521316400753873560e-02,-5.220617709599799650e-01,-2.562847353973251030e-01
2.903279457938975905e-01,5.397726909396324269e-01,-4.300464178158168727e-01,-5.516881585223447348e-02,-5.220958079198481094e-01,-2.562253142357718283e-01
2.902627779876251202e-01,5.398382323334106614e-01,-4.299311518990449055e-01,-5.512409436600345519e-02,-5.221300164330685556e-01,-2.561658193722520793e-01
2.920645118586272515e-01,5.404962956717270783e-01,-4.267329931836488233e-01,-5.708424486584636609e-02,-5.266765236613926149e-01,-2.521409305062152217e-01
2.920326998433985799e-01,5.405464790739225034e-01,-4.266188217042438113e-01,-5.711540250824352627e-02,-5.266824029413218478e-01,-2.520772342872125704e-01
2.919919102915113918e-01,5.406000034832664225e-01,-4.265062831275999722e-01,-5.712838390308291187e-02,-5.266920412074235225e-01,-2.520179625230260512e-01
2.919446786835392382e-01,5.406565918828694084e-01,-4.263935662282024031e-01,-5.712746150495216779e-02,-5.267068492641788779e-01,-2.519603170258664093e-01
2.918927568173169118e-01,5.407157055619472574e-01,-4.262801313065662234e-01,-5.711597746038458989e-02,-5.267264682659865693e-01,-2.519031402172150491e-01
2.918373924843034040e-01,5.407768048836885111e-01,-4.261659112445699282e-01,-5.709649312236444313e-02,-5.267500522799807294e-01,-2.518459593840799426e-01
2.917794909602567932e-01,5.408394300014431888e-01,-4.260509949363548987e-01,-5.707095197363178801e-02,-5.267767349810538180e-01,-2.517885893321887836e-01
2.917197160329506600e-01,5.409032139628933145e-01,-4.259355064962967452e-01,-5.704082182221319186e-02,-5.268057756863510077e-01,-2.517309663360217664e-01
2.916585573108642637e-01,5.409678729729779922e-01,-4.258195627711868769e-01,-5.700720921010356268e-02,-5.268365850458535116e-01,-2.516730781741500778e-01
2.915963770747901362e-01,5.410331910384893472e-01,-4.257032613039641311e-01,-5.697094814308294869e-02,-5.268687099726343526e-01,-2.516149342817221024e-01
2.915334438148389218e-01,5.410990051550406132e-01,-4.255866794666961495e-01,-5.693266766986185279e-02,-5.269018083701952904e-01,-2.515565527991946437e-01
2.914699566424461818e-01,5.411651928597064343e-01,-4.254698771652905553e-01,-5.689284288626505343e-02,-5.269356245528482585e-01,-2.514979548295884770e-01
2.914060632320242261e-01,5.412316623632944523e-01,-4.253529002440229467e-01,-5.685183325919688363e-02,-5.269699685939237543e-01,-2.514391618300739761e-01
2.913418730805348300e-01,5.412983449457559049e-01,-4.252357836005243308e-01,-5.680991135856109514e-02,-5.270047000008696303e-01,-2.513801944138961408e-01
2.912774673354371346e-01,5.413651891817989892e-01,-4.251185537493196720e-01,-5.676728438412380340e-02,-5.270397151871527575e-01,-2.513210718133232491e-01
2.912129060915409906e-01,5.414321565888942089e-01,-4.250012308384519266e-01,-5.672411029069168720e-02,-5.270749380002718310e-01,-2.512618116602607921e-01
2.911482338122775571e-01,5.414992183626825550e-01,-4.248838301982610366e-01,-5.668050987570281279e-02,-5.271103126235199277e-01,-2.512024299361353963e-01
2.929078478663392771e-01,5.422051454187444275e-01,-4.216863244585384862e-01,-5.871453306619549284e-02,-5.316582915299961076e-01,-2.472813801096619968e-01
2.928758190173600950e-01,5.422576195456407788e-01,-4.215697282384581746e-01,-5.874886296414196657e-02,-5.316670339058564565e-01,-2.472196930064793075e-01
2.928349757290641397e-01,5.423131964735957711e-01,-4.214549088585375913e-01,-5.876478729555129760e-02,-5.316791279962022054e-01,-2.471622347222079685e-01
2.927878125812415355e-01,5.423716862397905958e-01,-4.213399770199394712e-01,-5.876659643970347929e-02,-5.316961257914614158e-01,-2.471061976696836693e-01
2.927360520599299187e-01,5.424325980316785367e-01,-4.212243624473743786e-01,-5.875764651800673838e-02,-5.317177348433368422e-01,-2.470504363813797732e-01
2.926809207826845949e-01,5.424954221895958995e-01,-4.211079836046091041e-01,-5.874051215386502656e-02,-5.317431494140242298e-01,-2.469944942642806618e-01
2.926233084492581571e-01,5.425597193277619246e-01,-4.209909209948584086e-01,-5.871715041929678053e-02,-5.317715324818340639e-01,-2.469382020626983143e-01
2.925638671636510146e-01,5.426251371227428510e-01,-4.208732931200755978e-01,-5.868904307467658760e-02,-5.318021666067624942e-01,-2.468815111010154717e-01
2.925030776195292059e-01,5.426914024524455149e-01,-4.207552128788366597e-01,-5.865731067417340877e-02,-5.318344813455926356e-01,-2.468244233146261180e-01
2.924412952003055399e-01,5.427583071615453836e-01,-4.206367750462145505e-01,-5.862280094438288708e-02,-5.318680390482969367e-01,-2.467669614371064968e-01
2.923787829997913090e-01,5.428256940006471742e-01,-4.205180551152323809e-01,-5.858615607193290442e-02,-5.319025102032428620e-01,-2.467091560329460198e-01
2.923157358682770823e-01,5.428934447190836288e-01,-4.203991117817969525e-01,-5.854786350570907044e-02,-5.319376493749918833e-01,-2.466510397177800185e-01
2.922522980892386379e-01,5.429614705958692999e-01,-4.202799901738276112e-01,-5.850829415876954154e-02,-5.319732749921191051e-01,-2.465926445249712051e-01
2.921885764426642162e-01,5.430297051324560753e-01,-4.201607248274221718e-01,-5.846773108298859017e-02,-5.320092533889220210e-01,-2.465340007041136872e-01
2.921246498847437922e-01,5.430980985000448680e-01,-4.200413421441865358e-01,-5.842639099083826032e-02,-5.320454865749721929e-01,-2.464751361988811451e-01
2.920605767326692748e-01,5.431666133537079721e-01,-4.199218623260541627e-01,-5.838444040506832883e-02,-5.320819030055955468e-01,-2.464160764706591900e-01
2.919963999990143888e-01,5.432352216909929199e-01,-4.198023008648608112e-01,-5.834200779623131827e-02,-5.321184506752271171e-01,-2.463568444985987926e-01
2.937113798482451910e-01,5.439845073360599637e-01,-4.166134963851759743e-01,-6.044968409004659871e-02,-5.366597577416413190e-01,-2.425485459412159150e-01
2.936790745716093554e-01,5.440392918400411837e-01,-4.164944607450793423e-01,-6.048729790684189561e-02,-5.366714652525932383e-01,-2.424890477568239777e-01
2.936381315887360843e-01,5.440969399927511052e-01,-4.163773482370231038e-01,-6.050627474694074415e-02,-5.366860900280981950e-01,-2.424335616667385729e-01
2.935910012160988236e-01,5.441573500331273738e-01,-4.162601890506656965e-01,-6.051092110566256427e-02,-5.367053345011243426e-01,-2.423792728470924585e-01
2.935393742657423366e-01,5.442200793280571602e-01,-4.161423815371484425e-01,-6.050460582319738823e-02,-5.367289778856971783e-01,-2.423250502798268702e-01
2.934844544233807251e-01,5.442846482433034705e-01,-4.160238294976149609e-01,-6.048991612204859813e-02,-5.367562580184754850e-01,-2.422704556955261046e-01
2.934271144696204425e-01,5.443506378391276268e-01,-4.159046050114931781e-01,-6.046882243231478660e-02,-5.367863694957600851e-01,-2.422153377642856098e-01
2.933679937882779365e-01,5.444177103873523160e-01,-4.157848210247453991e-01,-6.044282052866669502e-02,-5.368186197627798917e-01,-2.421596646144153486e-01
2.933075633550976669e-01,5.444856033987719446e-01,-4.156645865818477947e-01,-6.041304522399826293e-02,-5.368524584754658102e-01,-2.421034538585744578e-01
2.932461710326800253e-01,5.445541165138363393e-01,-4.155439937968293806e-01,-6.038035832010095472e-02,-5.368874643019705406e-01,-2.420467428331794790e-01
2.931840740341213336e-01,5.446230981967727924e-01,-4.154231163894100964e-01,-6.034541555025068477e-02,-5.369233209789134875e-01,-2.419895756407697274e-01
2.931214625716934141e-01,5.446924343693310133e-01,-4.153020119449671310e-01,-6.030871714440507597e-02,-5.369597938264425441e-01,-2.419319973573356430e-01
2.930584772437238028e-01,5.447620393419905227e-01,-4.151807249645037556e-01,-6.027064588731952111e-02,-5.369967100201196164e-01,-2.418740513998993980e-01
2.929952218817682974e-01,5.448318488042087626e-01,-4.150592897022609140e-01,-6.023149572708338950e-02,-5.370339430272378367e-01,-2.418157783381063297e-01
2.929317730694975808e-01,5.449018144936060848e-01,-4.149377325161049401e-01,-6.019149327487113843e-02,-5.370714006967588494e-01,-2.417572154164679965e-01
2.928681872020495458e-01,5.449719001757734604e-01,-4.148160737231036399e-01,-6.015081398355514447e-02,-5.371090162847699245e-01,-2.416983964242571392e-01
2.928045057267673612e-01,5.450420786256314765e-01,-4.146943290303617968e-01,-6.010959432632730082e-02,-5.371467417512731934e-01,-2.416393517654425172e-01
2.944725146045073516e-01,5.458300356966341305e-01,-4.115222520903649706e-01,-6.229028538643490570e-02,-5.416733437539568152e-01,-2.379523281138593849e-01
2.944398743351493430e-01,5.458871449609600246e-01,-4.114007682578739722e-01,-6.233129075681471259e-02,-5.416881113797999969e-01,-2.378952005448740081e-01
2.943987864980348035e-01,5.459468784867385072e-01,-4.112813554574128450e-01,-6.235342577539423892e-02,-5.417053360987152955e-01,-2.378418462836958402e-01
2.943516537954328771e-01,5.460092236307340086e-01,-4.111619612600574403e-01,-6.236101127710452080e-02,-5.417268794641652008e-01,-2.377894459372122127e-01
2.943001330343181232e-01,5.460737860848932090e-01,-4.110419519993804283e-01,-6.235742759868274226e-02,-5.417525973375495463e-01,-2.377368855162849126e-01
2.942454032459124180e-01,5.461401161949682725e-01,-4.109212166580765158e-01,-6.234527389830119698e-02,-5.417817743418436027e-01,-2.376837474141264839e-01
2.941883189794714526e-01,5.462078153860204788e-01,-4.107998189126557675e-01,-6.232653373049676371e-02,-5.418136389006190656e-01,-2.376299002974895103e-01
2.941295058869666246e-01,5.462765604411959908e-01,-4.106778662482775122e-01,-6.230271693891469703e-02,-5.418475249093087642e-01,-2.375753308964875798e-01
2.940694244428514459e-01,5.463460994271436277e-01,-4.105554639756655577e-01,-6.227497283128900774e-02,-5.418829032606540252e-01,-2.375200740492939555e-01
2.940084143822857543e-01,5.464162397107232838e-01,-4.104327016720180632e-01,-6.224417762200264159e-02,-5.419193697834194801e-01,-2.374641830167031342e-01
2.939467265656457995e-01,5.464868354081163782e-01,-4.103096514024362484e-01,-6.221100098567098474e-02,-5.419566220953708768e-01,-2.374077165579560889e-01
2.938845461997829922e-01,5.465577765596345561e-01,-4.101863697488322691e-01,-6.217595634795904797e-02,-5.419944367568053645e-01,-2.373507331591688529e-01
2.938220099110168682e-01,5.466289804594252066e-01,-4.100629006815204036e-01,-6.213943877912720543e-02,-5.420326500629771838e-01,-2.372932884230183059e-01
2.937592183583447869e-01,5.467003849434579621e-01,-4.099392782565179916e-01,-6.210175351942649746e-02,-5.420711429065349085e-01,-2.372354339246648958e-01
2.936962455748499679e-01,5.467719432799912349e-01,-4.098155288609299784e-01,-6.206313745879795535e-02,-5.421098292064795432e-01,-2.371772167847600310e-01
2.936331458941005002e-01,5.468436203139341867e-01,-4.096916729897114862e-01,-6.202377532702148949e-02,-5.421486472040117910e-01,-2.371186796183235579e-01
2.935699590865861186e-01,5.469153895706391211e-01,-4.095677266196130484e-01,-6.198381192053477318e-02,-5.421875529727180343e-01,-2.370598606770826233e-01
2.951888520913932279e-01,5.477371933051646824e-01,-4.064203167703079322e-01,-6.423648640994732151e-02,-5.466915911247046678e-01,-2.335022019897841916e-01
2.951558195598438239e-01,5.477966362208458451e-01,-4.062963822600059172e-01,-6.428098674569431015e-02,-5.467095063045356307e-01,-2.334476280950664728e-01
2.951145427009181366e-01,5.478584644967554595e-01,-4.061746675086221892e-01,-6.430638147207506927e-02,-5.467293942897029080e-01,-2.333965657718366782e-01
2.950673732760492607e-01,5.479227552802661272e-01,-4.060530357175580196e-01,-6.431700405175636015e-02,-5.467532837952709945e-01,-2.333461942067359407e-01
2.950159318058750424e-01,5.479891625891688545e-01,-4.059308207294926030e-01,-6.431624511857693405e-02,-5.467811119896108796e-01,-2.332954192521211889e-01
2.949613709902141889e-01,5.480572666131241499e-01,-4.058078966376430508e-01,-6.430671511829531839e-02,-5.468122133199343482e-01,-2.332438464324145533e-01
2.949045258718436813e-01,5.481266889935942910e-01,-4.056843187945864404e-01,-6.429041050302793103e-02,-5.468458521238569459e-01,-2.331913665468205166e-01
2.948460073902300360e-01,5.481971208941436302e-01,-4.055601893538379743e-01,-6.426885523536761402e-02,-5.468813902348547140e-01,-2.331379867720839716e-01
2.947862647599943653e-01,5.482683208245578976e-01,-4.054356100375094973e-01,-6.424321334291788199e-02,-5.469183208619589065e-01,-2.330837607418156932e-01
2.947256290001797896e-01,5.483401037818715906e-01,-4.053106680293336872e-01,-6.421437578237244870e-02,-5.469562577908231304e-01,-2.330287589684361393e-01
2.946643441622838755e-01,5.484123294529512638e-01,-4.051854338705894176e-01,-6.418302654793139883e-02,-5.469949131205934512e-01,-2.329730559910504761e-01
2.946025900920168361e-01,5.484848919281862800e-01,-4.050599632561219798e-01,-6.414969266282134763e-02,-5.470340751097121368e-01,-2.329167246519611989e-01
2.945404991661866312e-01,5.485577114281312561e-01,-4.049342997260361177e-01,-6.411478188253630361e-02,-5.470735895290982365e-01,-2.328598335417515486e-01
2.944781686532668696e-01,5.486307278862772030e-01,-4.048084772263638165e-01,-6.407861112668886139e-02,-5.471133449729407294e-01,-2.328024459140916047e-01
2.944156698649784132e-01,5.487038960602367288e-01,-4.046825222486779561e-01,-6.404142792599561151e-02,-5.471532616492313927e-01,-2.327446193428316101e-01
2.943530549370205196e-01,5.487771818394042711e-01,-4.045564555306722099e-01,-6.400342662765030888e-02,-5.471932829584482683e-01,-2.326864057530082242e-01
2.942903618553424083e-01,5.488505594699302215e-01,-4.044302933741502071e-01,-6.396476066027249885e-02,-5.472333692279216510e-01,-2.326278516624140091e-01
2.958581988158358600e-01,5.497012921313862988e-01,-4.013153410572976587e-01,-6.628802999065416812e-02,-5.517072166593113280e-01,-2.292071746798134968e-01
2.958247183058502205e-01,5.497630718352005674e-01,-4.011889601093067692e-01,-6.633612436765431997e-02,-5.517283587933006217e-01,-2.291553383283255474e-01
2.957832094158927005e-01,5.498269992172956089e-01,-4.010649476609604580e-01,-6.636487603829789583e-02,-5.517509670906702857e-01,-2.291067280552861463e-01
2.957359696939514393e-01,5.498932416220262409e-01,-4.009410811868672764e-01,-6.637862943203123867e-02,-5.517772447459804441e-01,-2.290585252515055514e-01
2.956845811570383287e-01,5.499615012537413250e-01,-4.008166617289034561e-01,-6.638078432424884823e-02,-5.518072145633329262e-01,-2.290096586466455197e-01
2.956301685519202582e-01,5.500313879165320552e-01,-4.006915485130018162e-01,-6.637396183092482416e-02,-5.518402636495051139e-01,-2.289597594682208637e-01
2.955735461884412829e-01,5.501025432559524253e-01,-4.005657886989018035e-01,-6.636017107908001589e-02,-5.518756942187926784e-01,-2.289087428547796066e-01
2.955153093490020533e-01,5.501746726369832752e-01,-4.004394792760849198e-01,-6.634095020481402261e-02,-5.519128974373267438e-01,-2.288566383005239679e-01
2.954558952588821619e-01,5.502475448650376855e-01,-4.003127185480712114e-01,-6.631747817670426148e-02,-5.519513898448589195e-01,-2.288035198202436615e-01
2.953956256556242166e-01,5.503209824466076538e-01,-4.001855914632574951e-01,-6.629066101270662814e-02,-5.519908039363701224e-01,-2.287494765150685783e-01
2.953347373426638001e-01,5.503948505395765967e-01,-4.000581671816214047e-01,-6.626119739727318048e-02,-5.520308668568525423e-01,-2.286945998262275848e-01
2.952734044634887089e-01,5.504690472022922831e-01,-3.999305006351046576e-01,-6.622962833776512015e-02,-5.520713789940708827e-01,-2.286389778962465980e-01
2.952117548782272061e-01,5.505434955137480380e-01,-3.998026350414670693e-01,-6.619637466395990322e-02,-5.521121959263962653e-01,-2.285826930928943068e-01
2.951498822558296098e-01,5.506181374493808178e-01,-3.996746043276456772e-01,-6.616176534844768475e-02,-5.521532142109127905e-01,-2.285258210192035178e-01
2.950878550216227691e-01,5.506929292098802220e-01,-3.995464351677663339e-01,-6.612605891628688115e-02,-5.521943605499531893e-01,-2.284684302661204314e-01
2.950257229833180284e-01,5.507678376905493778e-01,-3.994181486086798571e-01,-6.608945965818086021e-02,-5.522355836668197959e-01,-2.284105825502564246e-01
2.949635222378504951e-01,5.508428378263455771e-01,-3.992897613339149165e-01,-6.605212993727603565e-02,-5.522768482738493745e-01,-2.283523330617105440e-01
2.966557132934565799e-01,5.515908208295974280e-01,-3.963028563827198369e-01,-6.935995281684013969e-02,-5.565620959287957970e-01,-2.254257599406883084e-01
2.965709245048258613e-01,5.516846147722410665e-01,-3.961580631914159434e-01,-6.923409358836649097e-02,-5.566391416553814198e-01,-2.253390549772103513e-01
2.964921039848114059e-01,5.517733274486626982e-01,-3.960185034963584205e-01,-6.912659971256569780e-02,-5.567027136633970752e-01,-2.252576515341513375e-01
2.964178333155032541e-01,5.518587865836037665e-01,-3.958816598026719813e-01,-6.903314755326528385e-02,-5.567584834233622049e-01,-2.251793952847466196e-01
2.963469715339149269e-01,5.519420233536306286e-01,-3.957463953494498865e-01,-6.895052346796190501e-02,-5.568093801866591530e-01,-2.251033718379088222e-01
2.962786388002457416e-01,5.520236774550018044e-01,-3.956121490799249796e-01,-6.887630683548798260e-02,-5.568570715909751945e-01,-2.250291441024745431e-01
2.962121706545533528e-01,5.521041759550179284e-01,-3.954786121676217570e-01,-6.880865835231725347e-02,-5.569025917021400707e-01,-2.249564590965409949e-01
2.961470708725704171e-01,5.521838183975497083e-01,-3.953455949771909617e-01,-6.874617144812555924e-02,-5.569466231786598387e-01,-2.248851368042056320e-01
2.960829712877885989e-01,5.522628213481997062e-01,-3.952129701047101262e-01,-6.868776472329751748e-02,-5.569896348106120332e-01,-2.248150290246397065e-01
2.960195999266599376e-01,5.523413441915829836e-01,-3.950806463825719539e-01,-6.863260265422471695e-02,-5.570319554947402718e-01,-2.247460046899046882e-01
2.959567565546636358e-01,5.524195054570805175e-01,-3.949485559051604810e-01,-6.858003650397787032e-02,-5.570738181261465360e-01,-2.246779448950922131e-01
2.958942942100697415e-01,5.524973938538855212e-01,-3.948166468303907495e-01,-6.852956001092704030e-02,-5.571153878376780000e-01,-2.246107412785441626e-01
2.958321053792462019e-01,5.525750760560447228e-01,-3.946848789549582404e-01,-6.848077600870447479e-02,-5.571567812261124519e-01,-2.245442954086369902e-01
2.957701116942450525e-01,5.526526023372482221e-01,-3.945532207638646205e-01,-6.843337119943349034e-02,-5.571980799029139231e-01,-2.244785183626273328e-01
2.957082562768641454e-01,5.527300107118047201e-01,-3.944216473455100513e-01,-6.838709703278653129e-02,-5.572393402378184035e-01,-2.244133302626743764e-01
2.956464980602062087e-01,5.528073300019953340e-01,-3.942901388681988029e-01,-6.834175516931884076e-02,-5.572806004290656867e-01,-2.243486597175227415e-01
2.955848075837467781e-01,5.528845821223329349e-01,-3.941586794409008276e-01,-6.829718639307888473e-02,-5.573218856579211788e-01,-2.242844432030628721e-01
2.972155721068779344e-01,5.536581959488534599e-01,-3.912154146998362836e-01,-7.165685537307978081e-02,-5.615722745714746278e-01,-2.215045241129380282e-01
2.971321299741744304e-01,5.537531579937758908e-01,-3.910683391044418866e-01,-7.153124044581289642e-02,-5.616491828896098548e-01,-2.214163857250101841e-01
2.970544811223957971e-01,5.538431170450818231e-01,-3.909265730301767494e-01,-7.142390715396866596e-02,-5.617126910377788773e-01,-2.213337386081050406e-01
2.969812474123820212e-01,5.539299159780461945e-01,-3.907875164189077433e-01,-7.133059113242520843e-02,-5.617685674622225900e-01,-2.212543650666855544e-01
2.969113184071925926e-01,5.540145734842738534e-01,-3.906500148770759018e-01,-7.124811506716711984e-02,-5.618197405721626625e-01,-2.211773301439088624e-01
2.968438377132166517e-01,5.540977118190562045e-01,-3.905135088179129133e-01,-7.117408025740692978e-02,-5.618678522687964305e-01,-2.211021877505036093e-01
2.967781589131917586e-01,5.541797423650881571e-01,-3.903776951312971644e-01,-7.110665999031079432e-02,-5.619139087258058218e-01,-2.210286782158943086e-01
2.967137996593959270e-01,5.542609521562640307e-01,-3.902423897369256545e-01,-7.104445412882276489e-02,-5.619585686266019842e-01,-2.209566148463639190e-01
2.966504024535223660e-01,5.543415482355974477e-01,-3.901074696024607880e-01,-7.098638363283379937e-02,-5.620022815490073320e-01,-2.208858424905490170e-01
2.965877035302920683e-01,5.544216828876086245e-01,-3.899728467364594886e-01,-7.093161266827807676e-02,-5.620453613490958844e-01,-2.208162230566244333e-01
2.965255089824810897e-01,5.545014694021871415e-01,-3.898384554438106830e-01,-7.087949048614684833e-02,-5.620880292171225312e-01,-2.207476307776859437e-01
2.964636767385724347e-01,5.545809926460586459e-01,-3.897042453698429942e-01,-7.082950778474572662e-02,-5.621304411682878088e-01,-2.206799507611076627e-01
2.964021030783305366e-01,5.546603164876727776e-01,-3.895701772768106474e-01,-7.078126379054165696e-02,-5.621727066664570227e-01,-2.206130784808785494e-01
2.963407125880865856e-01,5.547394891625123670e-01,-3.894362202426561170e-01,-7.073444135156006785e-02,-5.622149017172614061e-01,-2.205469194080877382e-01
2.962794507011044520e-01,5.548185472112618921e-01,-3.893023496891783730e-01,-7.068878802906994330e-02,-5.622570782576966630e-01,-2.204813885628501002e-01
2.962182781681619304e-01,5.548975183978391845e-01,-3.891685459383144030e-01,-7.064410170027835001e-02,-5.622992709616835283e-01,-2.204164099492246232e-01
2.961571669653851324e-01,5.549764238826218055e-01,-3.890347931315973340e-01,-7.060021955945683381e-02,-5.623415021911513101e-01,-2.203519159138726258e-01
2.977216444879149382e-01,5.557671437707678574e-01,-3.861485514035754574e-01,-7.407108935433309727e-02,-5.665634659354823466e-01,-2.177759270794705770e-01
2.976397109603853841e-01,5.558633804154922142e-01,-3.859990060618186392e-01,-7.394388222558936907e-02,-5.666397428082050602e-01,-2.176847290448457317e-01
2.975633773066304055e-01,5.559546748951799122e-01,-3.858548717836418063e-01,-7.383511900367256686e-02,-5.667027569236697815e-01,-2.175994269494508637e-01
2.974913067053623350e-01,5.560428886671562321e-01,-3.857134629770067047e-01,-7.374056213418009320e-02,-5.667583642434974589e-01,-2.175177137205297206e-01
2.974224208986598894e-01,5.561290304300595677e-01,-3.855736048309756359e-01,-7.365704200910005994e-02,-5.668094847247936441e-01,-2.174386096305182814e-01
2.973558886748847718e-01,5.562137069869635964e-01,-3.854347366186084978e-01,-7.358215699486891914e-02,-5.668577283306081016e-01,-2.173616379727030812e-01
2.972910832995777630e-01,5.562973156589604562e-01,-3.852965585956141248e-01,-7.351407148708456740e-02,-5.669040681269473803e-01,-2.172865134370861318e-01
2.972275377909139316e-01,5.563801322987381726e-01,-3.851588901773777551e-01,-7.345137323728670453e-02,-5.669491343363194380e-01,-2.172130261722316491e-01
2.971649066504746806e-01,5.564623555136226640e-01,-3.850216109261903608e-01,-7.339296954776677873e-02,-5.669933534169849798e-01,-2.171409997917800594e-01
2.971029355030218033e-01,5.565441313786257949e-01,-3.848846345020096038e-01,-7.333801043158304223e-02,-5.670370207653461225e-01,-2.170702768089085577e-01
2.970414378110850517e-01,5.566255686763355026e-01,-3.847478961145893717e-01,-7.328583116133140229e-02,-5.670803428708024452e-01,-2.170007138771744837e-01
2.969802773129138762e-01,5.567067490340966707e-01,-3.846113457794430590e-01,-7.323590903491007664e-02,-5.671234640037354779e-01,-2.169321802909301711e-01
2.969193548894464851e-01,5.567877340152679322e-01,-3.844749442649685323e-01,-7.318783070244921918e-02,-5.671664841976064020e-01,-2.168645573833241635e-01
2.968585987905516532e-01,5.568685702327443865e-01,-3.843386604198677503e-01,-7.314126738512552461e-02,-5.672094718397290292e-01,-2.167977380440761492e-01
2.967979573826061146e-01,5.569492931014806691e-01,-3.842024692912854311e-01,-7.309595601834190104e-02,-5.672524726775268755e-01,-2.167316261410754674e-01
2.967373937779427817e-01,5.570299296186961291e-01,-3.840663507459700088e-01,-7.305168485418431223e-02,-5.672955163251991451e-01,-2.166661358240658808e-01
2.981739747407877728e-01,5.579133516320046171e-01,-3.811077440253869408e-01,-7.658629685828180489e-02,-5.715254824426126978e-01,-2.142337531182637034e-01
2.980935586438343554e-01,5.580108751578336523e-01,-3.809557384642741629e-01,-7.645763300428574938e-02,-5.716011276651878914e-01,-2.141395695024697066e-01
2.980185463397980183e-01,5.581035132515265174e-01,-3.808092463509021308e-01,-7.634755406113244436e-02,-5.716636499773747326e-01,-2.140516817176751074e-01
2.979476423457803058e-01,5.581931473011860767e-01,-3.806654965149625647e-01,-7.625185390612844449e-02,-5.717189910063078528e-01,-2.139676950106662867e-01
2.978798010936490881e-01,5.582807767478628058e-01,-3.805232936749539663e-01,-7.616737380553084691e-02,-5.717700611418766732e-01,-2.138865852109766708e-01
2.978142170984725556e-01,5.583669934531618750e-01,-3.803820758235017530e-01,-7.609171157703312205e-02,-5.718184378675299495e-01,-2.138078449424013761e-01
2.977502837633432264e-01,5.584521810621388971e-01,-3.802415464174213056e-01,-7.602302460149457097e-02,-5.718650609223370207e-01,-2.137311631824460323e-01
2.976875498200965420e-01,5.585366045389611456e-01,-3.801015282230617576e-01,-7.595989003283783181e-02,-5.719105320089202804e-01,-2.136563069207143006e-01
2.976256820264178704e-01,5.586204542763681946e-01,-3.799619032830764964e-01,-7.590120275220854640e-02,-5.719552544907458014e-01,-2.135830786182424113e-01
2.975644355802579688e-01,5.587038703046397492e-01,-3.798225868265859839e-01,-7.584609964122174253e-02,-5.719995053692684683e-01,-2.135113015324430763e-01
2.975036314455372644e-01,5.587869570203405356e-01,-3.796835149112236518e-01,-7.579390283334040690e-02,-5.720434765180825165e-01,-2.134408149194551296e-01
2.974431392623048676e-01,5.588697929005662646e-01,-3.795446378846525914e-01,-7.574407692466128550e-02,-5.720873005574645953e-01,-2.133714724605564883e-01
2.973828645762426337e-01,5.589524372682778131e-01,-3.794059164979734500e-01,-7.569619657191938022e-02,-5.721310681864214542e-01,-2.133031415553238996e-01
2.973227393435367572e-01,5.590349351615282458e-01,-3.792673193554166877e-01,-7.564992185952049142e-02,-5.721748402710478132e-01,-2.132357027157908980e-01
2.972627148920648499e-01,5.591173209032054281e-01,-3.791288211226623295e-01,-7.560497950797931410e-02,-5.722186564592172120e-01,-2.131690488504992542e-01
2.972027567138836868e-01,5.591996207483381776e-01,-3.789904012081006801e-01,-7.556114849067153971e-02,-5.722625413912706405e-01,-2.131030844393796142e-01
2.985712515747240281e-01,5.600918529188544381e-01,-3.760998409380524876e-01,-7.920331047857875895e-02,-5.764531509565219425e-01,-2.108863990099509589e-01
2.984923976942044366e-01,5.601906767677746757e-01,-3.759453679041819818e-01,-7.907302193867107865e-02,-5.765280550205302834e-01,-2.107890210939170339e-01
2.984187432317554900e-01,5.602846689731088015e-01,-3.757965113594795570e-01,-7.896147529987232461e-02,-5.765899989012472915e-01,-2.106983687646208914e-01
2.983490348910778356e-01,5.603757309384079788e-01,-3.756504166302387926e-01,-7.886449613518412005e-02,-5.766450016646084142e-01,-2.106119584855160043e-01
2.982822610574651923e-01,5.604648531576514880e-01,-3.755058684246963541e-01,-7.877893584101293423e-02,-5.766959597381762226e-01,-2.105287183882077195e-01
2.982176431590813359e-01,5.605526129459660334e-01,-3.753623032790083247e-01,-7.870239057091743540e-02,-5.767444155754418711e-01,-2.104481068608056171e-01
2.981545957254292945e-01,5.606393806551102088e-01,-3.752194274815766617e-01,-7.863300945638541928e-02,-5.767912739425694602e-01,-2.103697838946026188e-01
2.980926839937420580e-01,5.607254106938005522e-01,-3.750770667579889084e-01,-7.856935780561792593e-02,-5.768371068609762231e-01,-2.102934905061845383e-01
2.980315876015561805e-01,5.608108855136905158e-01,-3.749351052807116669e-01,-7.851031687455554964e-02,-5.768822937197255474e-01,-2.102190056174642052e-01
2.979710718127358549e-01,5.608959393206099930e-01,-3.747934595481763886e-01,-7.845500927268278524e-02,-5.769270924366500797e-01,-2.101461312346605825e-01
2.979109654810224717e-01,5.609806723001148354e-01,-3.746520662169319782e-01,-7.840274293844161357e-02,-5.769716797147663723e-01,-2.100746875344204623e-01
2.978511444561578458e-01,5.610651599189717675e-01,-3.745108757590384085e-01,-7.835296880015696352e-02,-5.770161760748688806e-01,-2.100045111718191193e-01
2.977915191945552098e-01,5.611494593712758050e-01,-3.743698487355129889e-01,-7.830524864323391843e-02,-5.770606625131978751e-01,-2.099354544177087500e-01
2.977320255567784124e-01,5.612336142087022139e-01,-3.742289533633584853e-01,-7.825923062225449700e-02,-5.771051920682098713e-01,-2.098673843927267024e-01
2.976726179913273262e-01,5.613176577345195817e-01,-3.740881638054542324e-01,-7.821463053642584151e-02,-5.771497980371649295e-01,-2.098001821879789952e-01
2.976132644993947918e-01,5.614016155193235491e-01,-3.739474589112757874e-01,-7.817121745038330127e-02,-5.771944998746617594e-01,-2.097337418737515169e-01
2.988122180071244305e-01,5.623963617150289362e-01,-3.710384906590597498e-01,-8.088737048684263575e-02,-5.813609234565445538e-01,-2.071913661253049765e-01
2.987690571613325630e-01,5.624749330690729243e-01,-3.708963831741379780e-01,-8.093461279186731083e-02,-5.814076070968113852e-01,-2.071540057588180661e-01
2.987210497070092452e-01,5.625536520933145379e-01,-3.707575915084418972e-01,-8.096602689594908919e-02,-5.814510451265008095e-01,-2.071178406083761803e-01
2.986696571391688204e-01,5.626333208641295380e-01,-3.706194759786308190e-01,-8.098488229271012806e-02,-5.814947889386985480e-01,-2.070803610235656123e-01
2.986158641681364023e-01,5.627140300301229914e-01,-3.704811483183869103e-01,-8.099376220324784603e-02,-5.815396988042307314e-01,-2.070407666717498929e-01
2.985603603660410554e-01,5.627956535199080124e-01,-3.703423587597543531e-01,-8.099468905462896273e-02,-5.815857532991240975e-01,-2.069989049314344409e-01
2.985036387724079310e-01,5.628780225761104150e-01,-3.702030807267877033e-01,-8.098924377870730940e-02,-5.816326970338285829e-01,-2.069548640849304955e-01
2.984460553979192410e-01,5.629609817967581309e-01,-3.700633579854656907e-01,-8.097866479224576086e-02,-5.816802586517636486e-01,-2.069088160792123543e-01
2.983878681965861368e-01,5.630444030023418200e-01,-3.699232500234972965e-01,-8.096392605616956062e-02,-5.817282134446216668e-01,-2.068609550747347592e-01
2.983292640050467792e-01,5.631281849905007686e-01,-3.697828138068331438e-01,-8.094579735642741525e-02,-5.817763924778868168e-01,-2.068114732321334748e-01
2.982703777627816466e-01,5.632122493259621443e-01,-3.696420987226478050e-01,-8.092489046455185464e-02,-5.818246753629594537e-01,-2.067605512644026255e-01
2.982113064583442053e-01,5.632965356622359199e-01,-3.695011460761516986e-01,-8.090169441118068294e-02,-5.818729797095619771e-01,-2.067083550307933504e-01
2.981521193372450029e-01,5.633809976560131272e-01,-3.693599899856104818e-01,-8.087660244994641923e-02,-5.819212514291512983e-01,-2.066550347088668971e-01
2.980928654014234347e-01,5.634655996828756841e-01,-3.692186585602457161e-01,-8.084993271911809776e-02,-5.819694569127037420e-01,-2.066007251167423786e-01
2.980335789251772338e-01,5.635503142875873950e-01,-3.690771749991281214e-01,-8.082194412635806957e-02,-5.820175770581497154e-01,-2.065455465543817870e-01
2.979742835127867084e-01,5.636351202355841528e-01,-3.689355585170390195e-01,-8.079284860235853849e-02,-5.820656028368755841e-01,-2.064896058855017758e-01
2.991787823532077728e-01,5.645364241924456516e-01,-3.662023779285265568e-01,-8.465759225205524152e-02,-5.862003577194129234e-01,-2.047784807009984942e-01
2.991084404079816794e-01,5.646354810849152361e-01,-3.660439026400206242e-01,-8.453957147194841870e-02,-5.862681954119138839e-01,-2.046752969900856589e-01
2.990414591468624206e-01,5.647303475722513788e-01,-3.658911761935185747e-01,-8.443707636188654830e-02,-5.863247564315413607e-01,-2.045800309807478956e-01
2.989770439765013776e-01,5.648228589244375097e-01,-3.657411282380395590e-01,-8.434683751592533807e-02,-5.863759587839598719e-01,-2.044898365422866959e-01
2.989145271546967408e-01,5.649138904856622068e-01,-3.655925066625001496e-01,-8.426636337242242314e-02,-5.864244162666766291e-01,-2.044034468883910161e-01
2.988533879379262070e-01,5.650039113548859238e-01,-3.654447625804855271e-01,-8.419372836903006585e-02,-5.864713884545269540e-01,-2.043201952573223124e-01
2.987932340895856353e-01,5.650932038570769533e-01,-3.652976269595396563e-01,-8.412742971088259247e-02,-5.865175437814279524e-01,-2.042396507628923552e-01
2.987337756351199913e-01,5.651819545330534211e-01,-3.651509481495205378e-01,-8.406628542172310536e-02,-5.865632687221840058e-01,-2.041614838358574713e-01
2.986748007107478675e-01,5.652702946885806989e-01,-3.650046282246430795e-01,-8.400935950695556653e-02,-5.866088005258519589e-01,-2.040854167531183094e-01
2.986161559188161285e-01,5.653583203826466619e-01,-3.648585970473331996e-01,-8.395590600037156070e-02,-5.866542892708935808e-01,-2.040112053139606640e-01
2.985577311344843054e-01,5.654461034929192387e-01,-3.647128009619962086e-01,-8.390532666679623164e-02,-5.866998301100297963e-01,-2.039386316581790204e-01
2.984994480298637787e-01,5.655336985388983440e-01,-3.645671973309900782e-01,-8.385713879441336616e-02,-5.867454819121563636e-01,-2.038675009236387281e-01
2.984412515130318577e-01,5.656211472450597411e-01,-3.644217515331774626e-01,-8.381095052443784943e-02,-5.867912790132320255e-01,-2.037976391362756323e-01
2.983831033826721546e-01,5.657084817590637416e-01,-3.642764350923487493e-01,-8.376644187090288851e-02,-5.868372390683349593e-01,-2.037288914562662701e-01
2.983249776487881255e-01,5.657957269937686773e-01,-3.641312243853617736e-01,-8.372335003839188883e-02,-5.868833684789623861e-01,-2.036611205239167444e-01
2.982668570928735385e-01,5.658829023607601094e-01,-3.639860996928133141e-01,-8.368145801336510092e-02,-5.869296661980818453e-01,-2.035942048495571755e-01
2.994106731222347384e-01,5.667835077736607108e-01,-3.613276675392245174e-01,-8.754255861761725543e-02,-5.909837952479835010e-01,-2.020218639071548195e-01
2.993414588778650631e-01,5.668838689466595415e-01,-3.611670431074939236e-01,-8.742574502117143875e-02,-5.910518095641676961e-01,-2.019181290784300142e-01
2.992754723929093585e-01,5.669800685834563980e-01,-3.610122398685045586e-01,-8.732426666481267474e-02,-5.911085880196256248e-01,-2.018224101908178691e-01
2.992119448305251561e-01,5.670739675733001972e-01,-3.608601153292410602e-01,-8.723492737730718927e-02,-5.911601289549189842e-01,-2.017318245696128054e-01
2.991502315776137788e-01,5.671664377657850142e-01,-3.607094014328618981e-01,-8.715528176847248121e-02,-5.912090448848780211e-01,-2.016450948223419137e-01
2.990898308870934552e-01,5.672579382564721939e-01,-3.605595493526000395e-01,-8.708343459163994660e-02,-5.912565749058413811e-01,-2.015615497805136325e-01
2.990303655024723062e-01,5.673487415653730714e-01,-3.604102936852406347e-01,-8.701790331224937280e-02,-5.913033660634030575e-01,-2.014807551470830793e-01
2.989715570295316538e-01,5.674390262246812311e-01,-3.602614864469727562e-01,-8.695751950013749787e-02,-5.913497869709006816e-01,-2.014023778684390087e-01
2.989132024726988690e-01,5.675289173937677623e-01,-3.601130326191313569e-01,-8.690135608231279452e-02,-5.913960609259647505e-01,-2.013261366278278064e-01
2.988551551988857247e-01,5.676185065307786104e-01,-3.599648641909281577e-01,-8.684867278598396023e-02,-5.914423273456667074e-01,-2.012517836593584741e-01
2.987973102380909740e-01,5.677078621079599818e-01,-3.598169290050999836e-01,-8.679887481301194752e-02,-5.914886732845848760e-01,-2.011790976900239281e-01
2.987395931945930894e-01,5.677970361380861863e-01,-3.596691854542764522e-01,-8.675148131696534815e-02,-5.915351514582362080e-01,-2.011078806678467390e-01
2.986819519806619416e-01,5.678860685081430493e-01,-3.595215996079940690e-01,-8.670610122994971969e-02,-5.915817915163669172e-01,-2.010379556877063267e-01
2.986243506972748318e-01,5.679749900234293269e-01,-3.593741434379338906e-01,-8.666241463073350026e-02,-5.916286075332958250e-01,-2.009691652460571798e-01
2.985667651244801046e-01,5.680638246194307239e-01,-3.592267935983202154e-01,-8.662015831546830691e-02,-5.916756031621174250e-01,-2.009013695840341507e-01
2.985091794088544082e-01,5.681525910000426727e-01,-3.590795305267870385e-01,-8.657911457131046984e-02,-5.917227752392421047e-01,-2.008344450615812127e-01
2.995838718071497930e-01,5.690430475031642565e-01,-3.565116202631543052e-01,-9.054331226026920976e-02,-5.957175322202761247e-01,-1.994977117233821817e-01
2.995160431114344823e-01,5.691448285529948636e-01,-3.563485911308768017e-01,-9.042474018292542826e-02,-5.957849450282169945e-01,-1.993908150350749697e-01
2.994512766984215313e-01,5.692424558259560063e-01,-3.561914951662375484e-01,-9.032170503495148828e-02,-5.958412609548897620e-01,-1.992923758318283223e-01
2.993888326193626659e-01,5.693378188120206129e-01,-3.560371136681788062e-01,-9.023103138702420756e-02,-5.958925443657312471e-01,-1.991994321862087247e-01
2.993280926666496145e-01,5.694317886220704450e-01,-3.558841581763321216e-01,-9.015027461222999139e-02,-5.959413954531449509e-01,-1.991106572221643112e-01
2.992685771638745607e-01,5.695248167375163151e-01,-3.557320757677058798e-01,-9.007753055660273900e-02,-5.959890236152621812e-01,-1.990253410790318311e-01
2.992099266165618165e-01,5.696171678891160939e-01,-3.555806009992223404e-01,-9.001130305382970542e-02,-5.960360465325876822e-01,-1.989430161485556958e-01
2.991518766930574835e-01,5.697090142846727989e-01,-3.554295863755077556e-01,-8.995040790914170248e-02,-5.960828079697849669e-01,-1.988633199148217845e-01
2.990942354679819726e-01,5.698004763413341278e-01,-3.552789370498621868e-01,-8.989390159918107803e-02,-5.961295111323356988e-01,-1.987859449185593874e-01
2.990368650182995691e-01,5.698916420901970481e-01,-3.551285847854885880e-01,-8.984102757033386732e-02,-5.961762793831593132e-01,-1.987106202624933371e-01
2.989796672439538616e-01,5.699825775819177265e-01,-3.549784768989742711e-01,-8.979117541637296473e-02,-5.962231869474844403e-01,-1.986371042755439575e-01
2.989225731894323279e-01,5.700733331511899094e-01,-3.548285710679421334e-01,-8.974384964588533187e-02,-5.962702762447851246e-01,-1.985651809711409255e-01
2.988655350966601953e-01,5.701639475466067086e-01,-3.546788325477824855e-01,-8.969864565685430058e-02,-5.963175686127581976e-01,-1.984946577059581996e-01
2.988085205303508407e-01,5.702544508233923226e-01,-3.545292324594466193e-01,-8.965523116601535614e-02,-5.963650713748581689e-01,-1.984253631906564563e-01
2.987515080573291404e-01,5.703448664438214299e-01,-3.543797466109946392e-01,-8.961333177732863642e-02,-5.964127826695871937e-01,-1.983571456048491832e-01
2.986944840801528112e-01,5.704352128330599792e-01,-3.542303546260058833e-01,-8.957271971165335633e-02,-5.964606948015314103e-01,-1.982898707660346316e-01
2.996719029480791052e-01,5.713857734836451652e-01,-3.516630623990794624e-01,-9.259233071416890504e-02,-6.003065860431008316e-01,-1.965120430675630636e-01
2.996228913955604756e-01,5.714741718393289149e-01,-3.515114172566138340e-01,-9.263761231490759418e-02,-6.003684200132490822e-01,-1.964839676950681790e-01
2.995709901381518048e-01,5.715616239369822882e-01,-3.513637108206641990e-01,-9.266949868441981542e-02,-6.004239561499908895e-01,-1.964557890502442172e-01
2.995171412588230053e-01,5.716493207521897713e-01,-3.512169721355051233e-01,-9.269055071198825657e-02,-6.004777406823157415e-01,-1.964251740072933683e-01
2.994619610738411541e-01,5.717375698664733941e-01,-3.510701804537070814e-01,-9.270281180648974606e-02,-6.005312017164342597e-01,-1.963915029452514560e-01
2.994058713871420307e-01,5.718263835280507079e-01,-3.509230224022164002e-01,-9.270790653557332839e-02,-6.005846923544339022e-01,-1.963547763098903443e-01
2.993491677182783528e-01,5.719156886277603213e-01,-3.507754347550431917e-01,-9.270712868090996706e-02,-6.006382251017884366e-01,-1.963152071971667190e-01
2.992920590780355217e-01,5.720053985963408083e-01,-3.506274375121234965e-01,-9.270151284827836402e-02,-6.006917274583357669e-01,-1.962730693868407761e-01
2.992346934092904309e-01,5.720954356217752279e-01,-3.504790739595488036e-01,-9.269189072093879378e-02,-6.007451245984912758e-01,-1.962286409571289414e-01
2.991771749069214725e-01,5.721857355597282924e-01,-3.503303899383588549e-01,-9.267893467535680274e-02,-6.007983612766572001e-01,-1.961821839237342657e-01
2.991195762423435323e-01,5.722762472574618453e-01,-3.501814273146986456e-01,-9.266319148973142794e-02,-6.008514036319726470e-01,-1.961339376250399724e-01
2.990619473657566418e-01,5.723669304207379405e-01,-3.500322224690618489e-01,-9.264510839007537857e-02,-6.009042353041924578e-01,-1.960841174305714696e-01
2.990043218972771588e-01,5.724577534045922622e-01,-3.498828064556768758e-01,-9.262505325008432711e-02,-6.009568527365536372e-01,-1.960329155275213620e-01
2.989467217835347079e-01,5.725486913213216900e-01,-3.497332056374137244e-01,-9.260333031886340549e-02,-6.010092611166769627e-01,-1.959805025095192332e-01
2.988891606934389045e-01,5.726397245254323254e-01,-3.495834423838081739e-01,-9.258019251659115045e-02,-6.010614712400694781e-01,-1.959270292369459099e-01
2.988316464866123123e-01,5.727308374349602271e-01,-3.494335357037901546e-01,-9.255585110947812943e-02,-6.011134972149247968e-01,-1.958726287427488000e-01
2.997503056921768105e-01,5.735911319300003308e-01,-3.470643968483700381e-01,-9.675119719160246712e-02,-6.050075600663555875e-01,-1.950742497366097228e-01
2.996884383567047783e-01,5.736941874186493040e-01,-3.468974791246827727e-01,-9.664169038790626498e-02,-6.050707404812893930e-01,-1.949633783560499045e-01
2.996284150804101598e-01,5.737934443336810686e-01,-3.467366118277971365e-01,-9.654548473700799716e-02,-6.051239706502827831e-01,-1.948618079797658498e-01
2.995697878128119052e-01,5.738907719871610968e-01,-3.465784293111039971e-01,-9.646004272098596122e-02,-6.051732291877250924e-01,-1.947663507965089191e-01
2.995121648484373456e-01,5.739869779484407797e-01,-3.464216159565837172e-01,-9.638337662225403280e-02,-6.052209172048814700e-01,-1.946755452660083596e-01
2.994552391385926216e-01,5.740824504648167625e-01,-3.462656250069967578e-01,-9.631391261833500972e-02,-6.052680513165042964e-01,-1.945885875156563027e-01
2.993987815734918678e-01,5.741774021271035533e-01,-3.461102037013460420e-01,-9.625039413507212316e-02,-6.053150908759058479e-01,-1.945049385528195285e-01
2.993426258688295372e-01,5.742719648238260310e-01,-3.459552162130807296e-01,-9.619181066588369799e-02,-6.053622566313360265e-01,-1.944241795941221984e-01
2.992866536884123407e-01,5.743662285911919074e-01,-3.458005767910199979e-01,-9.613734422375018462e-02,-6.054096581770730401e-01,-1.943459581044085505e-01
2.992307823112980159e-01,5.744602588239379193e-01,-3.456462238526109010e-01,-9.608632854140743140e-02,-6.054573481729059736e-01,-1.942699667701376642e-01
2.991749550562485260e-01,5.745541047958853120e-01,-3.454921094256079295e-01,-9.603821770755530118e-02,-6.055053475507360394e-01,-1.941959343239468838e-01
2.991191340676431221e-01,5.746478044436594823e-01,-3.453381944444472440e-01,-9.599256189055566102e-02,-6.055536585454409648e-01,-1.941236205968229211e-01
2.990632949634749460e-01,5.747413873737049483e-01,-3.451844463597711909e-01,-9.594898843964115576e-02,-6.056022721538142362e-01,-1.940528130846443655e-01
2.990074229042899434e-01,5.748348769128589497e-01,-3.450308377250147496e-01,-9.590718707838015444e-02,-6.056511727452226213e-01,-1.939833241062849933e-01
2.989515097221798756e-01,5.749282915823066276e-01,-3.448773452390788696e-01,-9.586689824977288887e-02,-6.057003410512955544e-01,-1.939149882388682966e-01
2.988955518392810706e-01,5.750216461879983365e-01,-3.447239490358338654e-01,-9.582790387765603712e-02,-6.057497561409798115e-01,-1.938476599635610143e-01
2.997581620873876473e-01,5.758652942781380402e-01,-3.424450382408928406e-01,-9.999804547033186441e-02,-6.095415531662098374e-01,-1.931833763447564911e-01
2.996971751037989518e-01,5.759696485425932488e-01,-3.422761776911347198e-01,-9.988978012251426009e-02,-6.096050813665114809e-01,-1.930722720196812736e-01
2.996379428970158965e-01,5.760702018527789070e-01,-3.421134419930383919e-01,-9.979465014717933680e-02,-6.096586595956925425e-01,-1.929705394194911605e-01
2.995800302855510244e-01,5.761688538589623265e-01,-3.419534006738799148e-01,-9.971017925903236101e-02,-6.097083422321016855e-01,-1.928749666784769501e-01
2.995230607058489980e-01,5.762664143872174849e-01,-3.417947221239223121e-01,-9.963441767236341784e-02,-6.097565347992023321e-01,-1.927840843748463706e-01
2.994667406039539514e-01,5.763632667635927298e-01,-3.416368577505075055e-01,-9.956581643396723857e-02,-6.098042408844397411e-01,-1.926970844789486770e-01
2.994108518362296190e-01,5.764596178220366962e-01,-3.414795564303195752e-01,-9.950313576669994609e-02,-6.098519051408136660e-01,-1.926134245448769267e-01
2.993552366918493246e-01,5.765555945305753660e-01,-3.413226843680337019e-01,-9.944537661663348238e-02,-6.098997358732323182e-01,-1.925326825047437018e-01
2.992997834202556495e-01,5.766512830881755924e-01,-3.411661574874366720e-01,-9.939172877584899479e-02,-6.099478329592875614e-01,-1.924545027013712384e-01
2.992444143206168250e-01,5.767467459992101642e-01,-3.410099154376022290e-01,-9.934153117793631527e-02,-6.099962416729857173e-01,-1.923785749277676094e-01
2.991890765282813058e-01,5.768420303921500958e-01,-3.408539111074258554e-01,-9.929424128989397524e-02,-6.100449773793530373e-01,-1.923046252907086584e-01
2.991337350884762381e-01,5.769371726225474006e-01,-3.406981060139818163e-01,-9.924941137364021171e-02,-6.100940381239576826e-01,-1.922324112677388785e-01
2.990783678268508217e-01,5.770322011361224135e-01,-3.405424679901930540e-01,-9.920666997149162059e-02,-6.101434117463532258e-01,-1.921617182645010691e-01
2.990229615876066060e-01,5.771271384108929148e-01,-3.403869698287737000e-01,-9.916570737838088789e-02,-6.101930802329388337e-01,-1.920923567520017305e-01
2.989675094900158259e-01,5.772220023494725183e-01,-3.402315883682024422e-01,-9.912626418787714999e-02,-6.102430225119414020e-01,-1.920241596812105322e-01
2.989120089433649485e-01,5.773168073092518338e-01,-3.400763038123997273e-01,-9.908812219684161315e-02,-6.102932162850047693e-01,-1.919569801048350843e-01
2.997218284357673346e-01,5.781949926734611944e-01,-3.378097978772630072e-01,-1.023414605055478488e-01,-6.138704834745849492e-01,-1.908041028377364667e-01
2.996693674272891683e-01,5.782897917484524086e-01,-3.376517396664158732e-01,-1.023835136684248942e-01,-6.139413015435900567e-01,-1.907808012241379303e-01
2.996152430405754630e-01,5.783829853131576826e-01,-3.374980391587937834e-01,-1.024140213860104259e-01,-6.140039262261961506e-01,-1.907567020511786449e-01
2.995600609947101645e-01,5.784760162810291817e-01,-3.373454886919121654e-01,-1.024350548623527007e-01,-6.140635761099203505e-01,-1.907295792453306549e-01
2.995042038658798922e-01,5.785693239253701936e-01,-3.371929784672687558e-01,-1.024482788438892955e-01,-6.141220429808054160e-01,-1.906989221547422120e-01
2.994479255046946231e-01,5.786630004819883766e-01,-3.370401560815429187e-01,-1.024550341282638444e-01,-6.141799095754647553e-01,-1.906648216226352055e-01
2.993913984268090633e-01,5.787570266140911190e-01,-3.368869377106024632e-01,-1.024564054073027336e-01,-6.142373478985144741e-01,-1.906275623567261490e-01
2.993347405969202790e-01,5.788513539245140338e-01,-3.367333307246682672e-01,-1.024532748892128808e-01,-6.142944015666903512e-01,-1.905874746427485278e-01
2.992780321585256087e-01,5.789459323837687910e-01,-3.365793700009081513e-01,-1.024463641413748266e-01,-6.143510820324092903e-01,-1.905448814911968880e-01
2.992213266324616483e-01,5.790407182711875267e-01,-3.364250956134764992e-01,-1.024362666489861823e-01,-6.144073987019577077e-01,-1.905000810061450445e-01
2.991646587234556565e-01,5.791356754939037677e-01,-3.362705454752345502e-01,-1.024234731983591218e-01,-6.144633663422519598e-01,-1.904533417798032757e-01
2.991080498784032815e-01,5.792307748635527886e-01,-3.361157533034846989e-01,-1.024083917400261806e-01,-6.145190052483660015e-01,-1.904049030830504974e-01
2.990515122801993830e-01,5.793259929140068820e-01,-3.359607484142978495e-01,-1.023913630094621524e-01,-6.145743395435500078e-01,-1.903549767659645231e-01
2.989950517241271033e-01,5.794213107685913799e-01,-3.358055560905169323e-01,-1.023726728774440320e-01,-6.146293953601295046e-01,-1.903037496959608110e-01
2.989386696852270875e-01,5.795167131883027789e-01,-3.356501980857014011e-01,-1.023525621732958996e-01,-6.146841993771822166e-01,-1.902513862733030692e-01
2.988823647980271003e-01,5.796121878110027659e-01,-3.354946931146300937e-01,-1.023312345420640118e-01,-6.147387777791081254e-01,-1.901980308508314232e-01
2.995995510947411788e-01,5.804017676206815191e-01,-3.334362170646962276e-01,-1.067363494280795938e-01,-6.184021226136898752e-01,-1.900813884401927611e-01
2.995427328874550321e-01,5.805078480900978111e-01,-3.332637687919305924e-01,-1.066351209336861561e-01,-6.184633820165199580e-01,-1.899679175601176051e-01
2.994868639248487452e-01,5.806103130392903378e-01,-3.330975721309440973e-01,-1.065454372318935528e-01,-6.185153998067147718e-01,-1.898643923805325429e-01
2.994316935281564063e-01,5.807110735469944718e-01,-3.329340732943164571e-01,-1.064652751039008305e-01,-6.185642051640867223e-01,-1.897674534289407189e-01
2.993769942718314536e-01,5.808109075735888860e-01,-3.327719130725677599e-01,-1.063930066682568093e-01,-6.186120802877224101e-01,-1.896755388014023935e-01
2.993225882891193956e-01,5.809101616004912483e-01,-3.326105425168641716e-01,-1.063273150948091245e-01,-6.186599035167907878e-01,-1.895877737107263261e-01
2.992683454872211435e-01,5.810090108819657706e-01,-3.324497163061522764e-01,-1.062671290430486498e-01,-6.187080156396573827e-01,-1.895035643747365606e-01
2.992141745727680546e-01,5.811075576325767100e-01,-3.322893066072255541e-01,-1.062115718589575764e-01,-6.187565442056053300e-01,-1.894224482936769649e-01
2.991600136900695039e-01,5.812058692998426368e-01,-3.321292340883826855e-01,-1.061599221440429341e-01,-6.188055277674762156e-01,-1.893440376811868220e-01
2.991058225585249697e-01,5.813039943850698554e-01,-3.319694418612644249e-01,-1.061115830466669574e-01,-6.188549654238253428e-01,-1.892679966727392193e-01
2.990515763675882788e-01,5.814019696264950410e-01,-3.318098852367339369e-01,-1.060660582271258368e-01,-6.189048378574110165e-01,-1.891940307988909664e-01
2.989972612021664089e-01,5.814998236952955146e-01,-3.316505273747147320e-01,-1.060229329502747342e-01,-6.189551170646204747e-01,-1.891218809586290017e-01
2.989428706797505053e-01,5.815975793665745242e-01,-3.314913371854316670e-01,-1.059818591285849737e-01,-6.190057713017266261e-01,-1.890513191338380750e-01
2.988884035098096636e-01,5.816952549416369855e-01,-3.313322881365834416e-01,-1.059425434179586123e-01,-6.190567678104420546e-01,-1.889821448667692860e-01
2.988338617395989161e-01,5.817928652529739120e-01,-3.311733574582226280e-01,-1.059047376893453712e-01,-6.191080743983097268e-01,-1.889141821632255303e-01
2.994454241007393214e-01,5.826536243310390661e-01,-3.290542382485853179e-01,-1.102396505565079454e-01,-6.227091873542892619e-01,-1.888613873119068531e-01
2.993892556887876588e-01,5.827609346792040901e-01,-3.288800816558172802e-01,-1.101396497061734869e-01,-6.227709207532842184e-01,-1.887479875520537975e-01
2.993339836122259068e-01,5.828646105743729988e-01,-3.287122480023262905e-01,-1.100510524603723617e-01,-6.228233785567571790e-01,-1.886445700496000299e-01
2.992793601155312455e-01,5.829665946204872773e-01,-3.285471256568027743e-01,-1.099718846076764150e-01,-6.228726630572766210e-01,-1.885477627611387985e-01
2.992251663273789442e-01,5.830676701116900285e-01,-3.283833400527756408e-01,-1.099005484559924389e-01,-6.229210661871785737e-01,-1.884560000337393293e-01
2.991712331666529501e-01,5.831681816015074071e-01,-3.282203394697868482e-01,-1.098357471040431466e-01,-6.229694595709108773e-01,-1.883684049725424248e-01
2.991174380122180732e-01,5.832683010235925058e-01,-3.280578791346075440e-01,-1.097764229037025419e-01,-6.230181747626083455e-01,-1.882843818555086646e-01
2.990636955065856806e-01,5.833681275341761063e-01,-3.278958323550021925e-01,-1.097217087836081517e-01,-6.230673312085321935e-01,-1.882034662727126439e-01
2.990099483730282448e-01,5.834677261318919061e-01,-3.277341208185590160e-01,-1.096708900932038822e-01,-6.231169611021281085e-01,-1.881252686356041925e-01
2.989561598186461500e-01,5.835671434505277366e-01,-3.275726884075779166e-01,-1.096233747156915989e-01,-6.231670587359369184e-01,-1.880494514450951338e-01
2.989023076740540130e-01,5.836664148318307932e-01,-3.274114909797957718e-01,-1.095786696061941123e-01,-6.232176012102278451e-01,-1.879757187821634867e-01
2.988483800201712226e-01,5.837655679117977892e-01,-3.272504920694568886e-01,-1.095363622896465827e-01,-6.232685578651174785e-01,-1.879038102800385523e-01
2.987943719833187628e-01,5.838646247010117474e-01,-3.270896608357620194e-01,-1.094961061944540875e-01,-6.233198949904651398e-01,-1.878334968223131229e-01
2.987402834140570618e-01,5.839636029379078330e-01,-3.269289709057960347e-01,-1.094576089634246296e-01,-6.233715783744544492e-01,-1.877645770012213722e-01
2.986861172246347285e-01,5.840625170413905609e-01,-3.267683996059555507e-01,-1.094206230774585759e-01,-6.234235747512949510e-01,-1.876968740049895223e-01
2.992772659402725410e-01,5.849410829834603698e-01,-3.246676268320102809e-01,-1.128649896409330278e-01,-6.267684933810317993e-01,-1.871245523240575581e-01
2.992226765505123787e-01,5.850411706877274298e-01,-3.245040876731655199e-01,-1.129049373963175035e-01,-6.268457415535080290e-01,-1.871046723834442760e-01
2.991672786963882613e-01,5.851391803462464569e-01,-3.243452436886586909e-01,-1.129346639082777770e-01,-6.269134396321673908e-01,-1.870835194636174814e-01
2.991114311937145276e-01,5.852367540835402560e-01,-3.241876823924453865e-01,-1.129559051533880198e-01,-6.269773357601627906e-01,-1.870589511289335871e-01
2.990553517998528754e-01,5.853344268212622437e-01,-3.240302216816371428e-01,-1.129700617707783961e-01,-6.270394877163520952e-01,-1.870305373262680093e-01
2.989991785737076690e-01,5.854323448615371683e-01,-3.238724806289252633e-01,-1.129782744024746544e-01,-6.271006365936291349e-01,-1.869984337220796655e-01
2.989430002632965655e-01,5.855305235897128036e-01,-3.237143620841122504e-01,-1.129814789258882235e-01,-6.271610604762751784e-01,-1.869629751015166319e-01
2.988868732596501876e-01,5.856289386766847516e-01,-3.235558660015191990e-01,-1.129804480980551029e-01,-6.272208786733864949e-01,-1.869245303549612047e-01
2.988308320578201283e-01,5.857275574217329916e-01,-3.233970225983628377e-01,-1.129758235760730395e-01,-6.272801582229592388e-01,-1.868834525184552009e-01
2.987748961745902987e-01,5.858263487903456745e-01,-3.232378688483743545e-01,-1.129681408695877992e-01,-6.273389498431342082e-01,-1.868400632858427945e-01
2.987190749150402391e-01,5.859252860354574599e-01,-3.230784405754134059e-01,-1.129578489616502174e-01,-6.273972991504490615e-01,-1.867946499663804272e-01
2.986633707149964900e-01,5.860243468664163569e-01,-3.229187701075295625e-01,-1.129453258818918227e-01,-6.274552495255977247e-01,-1.867474667981191827e-01
2.986077815068900465e-01,5.861235129067594585e-01,-3.227588858655298099e-01,-1.129308911326241394e-01,-6.275128423886576767e-01,-1.866987376915121843e-01
2.985523023884123495e-01,5.862227690300473304e-01,-3.225988125877490287e-01,-1.129148156820580090e-01,-6.275701168420915188e-01,-1.866486592922597387e-01
2.984969267918926028e-01,5.863221027560661103e-01,-3.224385717279388830e-01,-1.128973300500828864e-01,-6.276271093023487735e-01,-1.865974039783061256e-01
2.989749122618068355e-01,5.871121743428683315e-01,-3.205522997514007599e-01,-1.174849736809514406e-01,-6.310835304592432582e-01,-1.871049737871817720e-01
2.989215752248248759e-01,5.872213461687982861e-01,-3.203750021187603547e-01,-1.173904610664678327e-01,-6.311442834756388898e-01,-1.869904362587478663e-01
2.988686181354167637e-01,5.873269631578480476e-01,-3.202041573806978514e-01,-1.173062268440333150e-01,-6.311961554791637452e-01,-1.868862515990959428e-01
2.988159030958139062e-01,5.874309980580062485e-01,-3.200360465662344667e-01,-1.172306143753401586e-01,-6.312452717141323610e-01,-1.867889566809379509e-01
2.987633062862486422e-01,5.875342222215236276e-01,-3.198692671827834122e-01,-1.171622504767676626e-01,-6.312938565712283845e-01,-1.866969251346520808e-01
2.987107343649288427e-01,5.876369601113712315e-01,-3.197032630459534230e-01,-1.171000000668481617e-01,-6.313427046254482811e-01,-1.866092346579536765e-01
2.986581230008536481e-01,5.877393651252316165e-01,-3.195377909987430765e-01,-1.170429231879826920e-01,-6.313920817513427597e-01,-1.865252542092787902e-01
2.986054309940806561e-01,5.878415215150083473e-01,-3.193727269314509121e-01,-1.169902386481423417e-01,-6.314420559549485112e-01,-1.864444916420728293e-01
2.985526342761246621e-01,5.879434828677753133e-01,-3.192079947560205744e-01,-1.169412944696210932e-01,-6.314926203564860119e-01,-1.863665355449818928e-01
2.984997209467907808e-01,5.880452872504047246e-01,-3.190435400061180649e-01,-1.168955441907122556e-01,-6.315437399061852863e-01,-1.862910312350152531e-01
2.984466874724467367e-01,5.881469636279292867e-01,-3.188793196878319525e-01,-1.168525279209693679e-01,-6.315953697597910255e-01,-1.862176692354544638e-01
2.983935358820518635e-01,5.882485349085171400e-01,-3.187152980999499174e-01,-1.168118571587256488e-01,-6.316474628637054334e-01,-1.861461784445762047e-01
2.983402717447330987e-01,5.883500196049845643e-01,-3.185514448880065186e-01,-1.167732025717330702e-01,-6.316999732600142581e-01,-1.860763212097873709e-01
2.982869027350162350e-01,5.884514328723389198e-01,-3.183877339679725416e-01,-1.167362841119094496e-01,-6.317528575829040038e-01,-1.860078893032572067e-01
2.982334376317413160e-01,5.885527872244812331e-01,-3.182241428178382292e-01,-1.167008629729958252e-01,-6.318060757205303801e-01,-1.859407004345010606e-01
2.986679152464752907e-01,5.893109447438541482e-01,-3.164376870516208973e-01,-1.212344161339206916e-01,-6.351376889745059540e-01,-1.865602868897459632e-01
2.986150233948774435e-01,5.894212262993900886e-01,-3.162589567139251212e-01,-1.211411005593392848e-01,-6.351989652193746894e-01,-1.864460866170402076e-01
2.985624849177259676e-01,5.895279271859159564e-01,-3.160867425438645961e-01,-1.210579385371811922e-01,-6.352513079788978390e-01,-1.863422430552590103e-01
2.985101577947494311e-01,5.896330500069707492e-01,-3.159172762146112423e-01,-1.209833125298748202e-01,-6.353009091659742591e-01,-1.862452917935145114e-01
2.984579220504012254e-01,5.897373726825098084e-01,-3.157491414411714437e-01,-1.209158738685314344e-01,-6.353500055248942902e-01,-1.861536070226559869e-01
2.984056897307222345e-01,5.898412194345201698e-01,-3.155817790098726094e-01,-1.208545040602753140e-01,-6.353993891511316994e-01,-1.860662665760364765e-01
2.983534014392835165e-01,5.899447418180170377e-01,-3.154149457323827677e-01,-1.207982748887310165e-01,-6.354493205398776823e-01,-1.859826391023698677e-01
2.983010199886081404e-01,5.900480221803076075e-01,-3.152485181290539118e-01,-1.207464136708964603e-01,-6.354998626949205365e-01,-1.859022319559602565e-01
2.982485244208079589e-01,5.901511125219388587e-01,-3.150824207566321755e-01,-1.206982746740095230e-01,-6.355510047792510830e-01,-1.858246332119342925e-01
2.981959051962700946e-01,5.902540496763877265e-01,-3.149165996634237796e-01,-1.206533160480325328e-01,-6.356027087846205514e-01,-1.857494877310177928e-01
2.981431605546449592e-01,5.903568616739410801e-01,-3.147510122361104057e-01,-1.206110813178716823e-01,-6.356549277061943615e-01,-1.856764856579567469e-01
2.980902938505628486e-01,5.904595707211942601e-01,-3.145856230462761860e-01,-1.205711845149340239e-01,-6.357076129320372582e-01,-1.856053555939793931e-01
2.980373116408681633e-01,5.905621948068445759e-01,-3.144204019308013964e-01,-1.205332981891396593e-01,-6.357607173927614097e-01,-1.855358596559029127e-01
2.979842223350283592e-01,5.906647486945202363e-01,-3.142553229381614965e-01,-1.204971436918731154e-01,-6.358141969373843905e-01,-1.854677894405700744e-01
2.979310352578921628e-01,5.907672446056965176e-01,-3.140903636369289376e-01,-1.204624832588136879e-01,-6.358680109059751118e-01,-1.854009625253933147e-01
2.983679797756481067e-01,5.915305845341599644e-01,-3.123266426497097181e-01,-1.241306535664016414e-01,-6.389184780347934023e-01,-1.854823914544074526e-01
2.983120769444206344e-01,5.916350347530188181e-01,-3.121585661948774182e-01,-1.241691771388360038e-01,-6.390002660899000153e-01,-1.854650060606918838e-01
2.982559610723747312e-01,5.917370659883288697e-01,-3.119954500392778662e-01,-1.241984361651235214e-01,-6.390715508115291099e-01,-1.854460219876764571e-01
2.981998063237152330e-01,5.918384764261731545e-01,-3.118337137284608596e-01,-1.242199358230502843e-01,-6.391384863558232654e-01,-1.854233728002269432e-01
2.981437137761003831e-01,5.919398708039936841e-01,-3.116721181598232082e-01,-1.242348920933372958e-01,-6.392033218427066732e-01,-1.853966900606361656e-01
2.980877421755162016e-01,5.920414322145713948e-01,-3.115102615875671721e-01,-1.242443042016088822e-01,-6.392669057719856385e-01,-1.853661752299095300e-01
2.980319239573134271e-01,5.921431985058236425e-01,-3.113480381525647878e-01,-1.242490018548261521e-01,-6.393295852912802557e-01,-1.853321967231303935e-01
2.979762745653674605e-01,5.922451604868170794e-01,-3.111854434573918526e-01,-1.242496788939487784e-01,-6.393915277758270843e-01,-1.852951483498984919e-01
2.979207983493166734e-01,5.923472962177862566e-01,-3.110225051749457847e-01,-1.242469186389494468e-01,-6.394528350058674704e-01,-1.852554018509381117e-01
2.978654924905731471e-01,5.924495825089142187e-01,-3.108592586439347660e-01,-1.242412136312510129e-01,-6.395135832128158171e-01,-1.852132931276544991e-01
2.978103496897016034e-01,5.925519983948591696e-01,-3.106957385969973950e-01,-1.242329812994856092e-01,-6.395738368589938272e-01,-1.851691203789355977e-01
2.977553600166954473e-01,5.926545258644492220e-01,-3.105319766326782860e-01,-1.242225765629559331e-01,-6.396336532671326180e-01,-1.851231462533919903e-01
2.977005121848740332e-01,5.927571497127029909e-01,-3.103680006951501369e-01,-1.242103020476090364e-01,-6.396930841674147716e-01,-1.850756011938833601e-01
2.976457944128410027e-01,5.928598571647692994e-01,-3.102038352230239160e-01,-1.241964164417981298e-01,-6.397521762810568502e-01,-1.850266869481284604e-01
2.975911949978262139e-01,5.929626374831836744e-01,-3.100395014945049876e-01,-1.241811413621210086e-01,-6.398109716459972063e-01,-1.849765799015407053e-01
2.979057778052228711e-01,5.936368945376114814e-01,-3.084926613126902639e-01,-1.289611989336292286e-01,-6.429827302283119828e-01,-1.861426103309508640e-01
2.978546674244212933e-01,5.937489534715195694e-01,-3.083113750898157646e-01,-1.288727546364006882e-01,-6.430439479779173073e-01,-1.860287048668545218e-01
2.978036003306653301e-01,5.938574543104317982e-01,-3.081367181137972810e-01,-1.287935945082080424e-01,-6.430964041014088917e-01,-1.859253039446902289e-01
2.977524923353527253e-01,5.939644372017408580e-01,-3.079648321273026901e-01,-1.287223303305728150e-01,-6.431463430111935553e-01,-1.858289052330409641e-01
2.977012805294180220e-01,5.940706790573321294e-01,-3.077942756204323227e-01,-1.286577772855286295e-01,-6.431959725490177249e-01,-1.857378546673596198e-01
2.976499244704901015e-01,5.941764937971424354e-01,-3.076244839001178177e-01,-1.285989366186576499e-01,-6.432460419200053403e-01,-1.856512079629806522e-01
2.975984019057322794e-01,5.942820221764167909e-01,-3.074552138667415169e-01,-1.285449686670677716e-01,-6.432967732331621447e-01,-1.855683166575110288e-01
2.975467038983541368e-01,5.943873374796556641e-01,-3.072863433857078164e-01,-1.284951666637132450e-01,-6.433481991397145272e-01,-1.854886751609995665e-01
2.974948307040456985e-01,5.944924846233409221e-01,-3.071177983957033009e-01,-1.284489341195327317e-01,-6.434002858552426707e-01,-1.854118619516993693e-01
2.974427886100388663e-01,5.945974950510147794e-01,-3.069495260839350537e-01,-1.284057660690741398e-01,-6.434529783423965643e-01,-1.853375148988239407e-01
2.973905876248634228e-01,5.947023927351275940e-01,-3.067814847153663704e-01,-1.283652337195152482e-01,-6.435062170715322161e-01,-1.852653191297005675e-01
2.973382398359397105e-01,5.948071968394553766e-01,-3.066136395238984180e-01,-1.283269719227046191e-01,-6.435599442688595406e-01,-1.851949996958789368e-01
2.972857582719760638e-01,5.949119230730326446e-01,-3.064459608426168824e-01,-1.282906689181746718e-01,-6.436141061922588946e-01,-1.851263162526016748e-01
2.972331561323761639e-01,5.950165844913414270e-01,-3.062784230913140893e-01,-1.282560579100599230e-01,-6.436686538537994551e-01,-1.850590587244039797e-01
2.971804462829549798e-01,5.951211920350151230e-01,-3.061110041164867845e-01,-1.282229101122081827e-01,-6.437235431070180702e-01,-1.849930435906082249e-01
2.974574775988658715e-01,5.957582901122459029e-01,-3.046657444973392415e-01,-1.329476396855878151e-01,-6.467671383837926280e-01,-1.862654713963821929e-01
2.974066467161246008e-01,5.958713254286175376e-01,-3.044832916654798272e-01,-1.328601561300270795e-01,-6.468288393622794175e-01,-1.861519725189382524e-01
2.973558504490356191e-01,5.959807743998696283e-01,-3.043075232104128780e-01,-1.327818694252611842e-01,-6.468817227344972887e-01,-1.860489721600514790e-01
2.973049955983175785e-01,5.960887039860316428e-01,-3.041345401759782408e-01,-1.327114183581551698e-01,-6.469320907139314292e-01,-1.859529746646918502e-01
2.972540197752354119e-01,5.961958979658915636e-01,-3.039628890329173494e-01,-1.326476351416077948e-01,-6.469821639167205873e-01,-1.858623284748809890e-01
2.972028855233836975e-01,5.963026710345203929e-01,-3.037920019744200784e-01,-1.325895325957450466e-01,-6.470326914436832499e-01,-1.857760897289677526e-01
2.971515737441434157e-01,5.964091630959705848e-01,-3.036216354074511292e-01,-1.325362792686978208e-01,-6.470838923554929067e-01,-1.856936095572266354e-01
2.971000781791326428e-01,5.965154463338020463e-01,-3.034516673797315045e-01,-1.324871743538397484e-01,-6.471357961716581730e-01,-1.856143817265713536e-01
2.970484011922203682e-01,5.966215646917631954e-01,-3.032820241197334288e-01,-1.324416257387737439e-01,-6.471883665646342987e-01,-1.855379840879641806e-01
2.969965506757581974e-01,5.967275488385070936e-01,-3.031126530649487782e-01,-1.323991316943910479e-01,-6.472415465860292816e-01,-1.854640539728412696e-01
2.969445378413755332e-01,5.968334221519639993e-01,-3.029435126670972922e-01,-1.323592658297489955e-01,-6.472952753183668362e-01,-1.853922760800617020e-01
2.968923756717576357e-01,5.969392033457922020e-01,-3.027745682916293535e-01,-1.323216647807839985e-01,-6.473494939987703978e-01,-1.853223751353819393e-01
2.968400778577008348e-01,5.970449077902042490e-01,-3.026057903608018185e-01,-1.322860181178075467e-01,-6.474041481921075647e-01,-1.852541105467565008e-01
2.967876580864007852e-01,5.971505482859779113e-01,-3.024371533528053546e-01,-1.322520600402196378e-01,-6.474591884337228542e-01,-1.851872720586779930e-01
2.967351295820475077e-01,5.972561355819616669e-01,-3.022686351509182856e-01,-1.322195625074788217e-01,-6.475145702565785477e-01,-1.851216760209782597e-01
2.969631027461595574e-01,5.978491267809786791e-01,-3.009391285430955687e-01,-1.370283048160647610e-01,-6.504642930291703040e-01,-1.866226751669237127e-01
2.969127514124995093e-01,5.979631854433369309e-01,-3.007553484314789416e-01,-1.369393606288192011e-01,-6.505258539201617118e-01,-1.865074696767571316e-01
2.968623962633317181e-01,5.980736177859764524e-01,-3.005783375794618406e-01,-1.368598408862589655e-01,-6.505786216895743657e-01,-1.864030328394646607e-01
2.968119389022766952e-01,5.981825179181735619e-01,-3.004041545580981021e-01,-1.367883687820204419e-01,-6.506289428511691231e-01,-1.863058414900559678e-01
2.967613207777904383e-01,5.982906776992059639e-01,-3.002313306966636341e-01,-1.367237572972357096e-01,-6.506790413761248670e-01,-1.862142154162248764e-01
2.967105103162610558e-01,5.983984139100876343e-01,-3.000592919194907116e-01,-1.366649996090412433e-01,-6.507296586808122285e-01,-1.861271837003435070e-01
2.966594941048792400e-01,5.985058668037134266e-01,-2.998877912857139116e-01,-1.366112454766406359e-01,-6.507810043197114203e-01,-1.860440730767193296e-01
2.966082707758042059e-01,5.986131085102988081e-01,-2.997167045268169794e-01,-1.365617766539607147e-01,-6.508330990703201646e-01,-1.859643557996262520e-01
2.965568467330336189e-01,5.987201829042929635e-01,-2.995459559918824954e-01,-1.365159851071758024e-01,-6.508858991676307326e-01,-1.858875909482718969e-01
2.965052331624765114e-01,5.988271206559346860e-01,-2.993754914891936236e-01,-1.364733547204771413e-01,-6.509393414798787525e-01,-1.858133995563820695e-01
2.964534439525983722e-01,5.989339452161172028e-01,-2.992052680293703082e-01,-1.364334462033743589e-01,-6.509933599738197962e-01,-1.857414521981917976e-01
2.964014942659664031e-01,5.990406754233876807e-01,-2.990352496984109987e-01,-1.363958846907421807e-01,-6.510478916481261535e-01,-1.856714613693262461e-01
2.963493995751261267e-01,5.991473268048352896e-01,-2.988654057845220313e-01,-1.363603495459242421e-01,-6.511028785434666011e-01,-1.856031758881368787e-01
2.962971750309473240e-01,5.992539123341074081e-01,-2.986957097635578040e-01,-1.363265659409741981e-01,-6.511582682524329480e-01,-1.855363763283401912e-01
2.962448350655882967e-01,5.993604429376667708e-01,-2.985261386355262392e-01,-1.362942978761019774e-01,-6.512140138405081435e-01,-1.854708710993647203e-01
2.964974808493804348e-01,5.999505058564742477e-01,-2.972163450856308842e-01,-1.402319724495149356e-01,-6.538632419070823376e-01,-1.863912886457883555e-01
2.964405401040016708e-01,6.000594645481353018e-01,-2.970437987186678730e-01,-1.402715089723480246e-01,-6.539492506706935382e-01,-1.863778498298051811e-01
2.963838811447585542e-01,6.001657117163941013e-01,-2.968764500080521285e-01,-1.403023056063149865e-01,-6.540239194047497984e-01,-1.863623473712996692e-01
2.963275077363539678e-01,6.002711964397287048e-01,-2.967105519255170409e-01,-1.403257256691157751e-01,-6.540937852410311226e-01,-1.863428349179262755e-01
2.962714229759499940e-01,6.003765852762065203e-01,-2.965448116250390398e-01,-1.403428717369832324e-01,-6.541612661017698338e-01,-1.863190246069719724e-01
2.962156229420072062e-01,6.004820905238996698e-01,-2.963788101754263327e-01,-1.403546576792314149e-01,-6.542272989654587256e-01,-1.862911743108945917e-01
2.961600970148099421e-01,6.005877661800107514e-01,-2.962124363772026259e-01,-1.403618508869307058e-01,-6.542922852095676145e-01,-1.862596937875809766e-01
2.961048297958396303e-01,6.006936132043264598e-01,-2.960456843700500773e-01,-1.403651005742815039e-01,-6.543564290832482033e-01,-1.862250082936236784e-01
2.960498030348674425e-01,6.007996165690415724e-01,-2.958785816732989460e-01,-1.403649586064413535e-01,-6.544198588583974852e-01,-1.861875141256587873e-01
2.959949971553335613e-01,6.009057579897667534e-01,-2.957111639369614520e-01,-1.403618957109040166e-01,-6.544826702966890508e-01,-1.861475667038056947e-01
2.959403923485748877e-01,6.010120200483155539e-01,-2.955434663781603133e-01,-1.403563144910174310e-01,-6.545449424260866289e-01,-1.861054799246956992e-01
2.958859693127269819e-01,6.011183873157984747e-01,-2.953755211411281945e-01,-1.403485600494630281e-01,-6.546067434890665560e-01,-1.860615291771262891e-01
2.958317097192670331e-01,6.012248464706972939e-01,-2.952073567256442432e-01,-1.403389287626812532e-01,-6.546681334280561870e-01,-1.860159553109582697e-01
2.957775964858199158e-01,6.013313861090847645e-01,-2.950389981113635263e-01,-1.403276755727794201e-01,-6.547291651503504006e-01,-1.859689686249395291e-01
2.957236139097385030e-01,6.014379964886942265e-01,-2.948704670885152757e-01,-1.403150200913355072e-01,-6.547898853624659621e-01,-1.859207525601393740e-01
2.958499522230033096e-01,6.019382638615009551e-01,-2.937775485849772883e-01,-1.453570977199271641e-01,-6.575735256364788617e-01,-1.879363590906258374e-01
2.958004535716929895e-01,6.020538109634009372e-01,-2.935920172833639263e-01,-1.452728948204499160e-01,-6.576356667974729842e-01,-1.878230167019552255e-01
2.957507988347546912e-01,6.021657285417945094e-01,-2.934133319550743524e-01,-1.451973805303619913e-01,-6.576890301652329462e-01,-1.877203536347136492e-01
2.957009088152647291e-01,6.022761458702554638e-01,-2.932374857232546983e-01,-1.451293447964664973e-01,-6.577400235565707964e-01,-1.876248635937195763e-01
2.956507535202685943e-01,6.023858588072562581e-01,-2.930629908696020802e-01,-1.450677249234555710e-01,-6.577908678117789787e-01,-1.875348716068346300e-01
2.956003275292702348e-01,6.024951795889806894e-01,-2.928892689683479378e-01,-1.450116083936815736e-01,-6.578422867172603050e-01,-1.874494088820219395e-01
2.955496384620510675e-01,6.026042425010904591e-01,-2.927160731562100660e-01,-1.449602172777679499e-01,-6.578944722941715284e-01,-1.873678042074063965e-01
2.954987010039412665e-01,6.027131143098882760e-01,-2.925432804073457849e-01,-1.449128892094733723e-01,-6.579474313280375686e-01,-1.872895326347989997e-01
2.954475335082042409e-01,6.028218345365252695e-01,-2.923708164814073363e-01,-1.448690596223031202e-01,-6.580011097522587837e-01,-1.872141567829879449e-01
2.953961559319537855e-01,6.029304304430671557e-01,-2.921986284866520123e-01,-1.448282464213198339e-01,-6.580554371616812448e-01,-1.871413017389089162e-01
2.953445885420823980e-01,6.030389228451138450e-01,-2.920266745654080398e-01,-1.447900371040814205e-01,-6.581103425447203392e-01,-1.870706423894438475e-01
2.952928511017690605e-01,6.031473285499366899e-01,-2.918549197721762023e-01,-1.447540780322640885e-01,-6.581657596031915691e-01,-1.870018955943176242e-01
2.952409623752614287e-01,6.032556615163018332e-01,-2.916833342218833058e-01,-1.447200654940155595e-01,-6.582216282866842905e-01,-1.869348144382729504e-01
2.951889398456722380e-01,6.033639335034526319e-01,-2.915118920959580695e-01,-1.446877382450534599e-01,-6.582778949513151678e-01,-1.868691835642274091e-01
2.951367995776085773e-01,6.034721544932369897e-01,-2.913405709982412883e-01,-1.446568712592464778e-01,-6.583345120212157342e-01,-1.868048151877798879e-01
2.952338842291855059e-01,6.039327208202484032e-01,-2.903450985791056205e-01,-1.496369959272367545e-01,-6.609916574237886255e-01,-1.889097097169976647e-01
2.951844823566509013e-01,6.040490527812945043e-01,-2.901587512019745962e-01,-1.495536092830140051e-01,-6.610542126457017442e-01,-1.887969460970836399e-01
2.951349304951186303e-01,6.041617306797290032e-01,-2.899792901581150772e-01,-1.494788419026375770e-01,-6.611079378485862357e-01,-1.886948307312958095e-01
2.950851368624979321e-01,6.042729050498015786e-01,-2.898026794952821561e-01,-1.494115008010192258e-01,-6.611592853940135850e-01,-1.885998747902823125e-01
2.950350693960630544e-01,6.043833777503287985e-01,-2.896274224465348879e-01,-1.493505353724775553e-01,-6.612104876082338656e-01,-1.885104096921297323e-01
2.949847237191542404e-01,6.044934621457696000e-01,-2.894529379963844962e-01,-1.492950419833002917e-01,-6.612622697547391182e-01,-1.884254688700385538e-01
2.949341091266111659e-01,6.046032922264619192e-01,-2.892789787071342045e-01,-1.492442493756408195e-01,-6.613148227147525038e-01,-1.883443818517715196e-01
2.948832418505973885e-01,6.047129341491077614e-01,-2.891054215625671331e-01,-1.491975002533856565e-01,-6.613681517675223942e-01,-1.882666239547215181e-01
2.948321414831289178e-01,6.048224268432002004e-01,-2.889321924700384847e-01,-1.491542339395794947e-01,-6.614222015749672279e-01,-1.881917579514630623e-01
2.947808289178297514e-01,6.049317970784038323e-01,-2.887592386914374365e-01,-1.491139713438609793e-01,-6.614769007943143153e-01,-1.881194090834092392e-01
2.947293251080435050e-01,6.050410652808669854e-01,-2.885865184978701481e-01,-1.490763023037275370e-01,-6.615321777675973181e-01,-1.880492524241456354e-01
2.946776503112272239e-01,6.051502479551714719e-01,-2.884139970447415768e-01,-1.490408750141947458e-01,-6.615879657746919218e-01,-1.879810050462180082e-01
2.946258236411377629e-01,6.052593588265665625e-01,-2.882416445238121239e-01,-1.490073872136665478e-01,-6.616442045089995228e-01,-1.879144202659681628e-01
2.945738628241648671e-01,6.053684094734068655e-01,-2.880694351757098204e-01,-1.489755788127938574e-01,-6.617008401864153955e-01,-1.878492829652974039e-01
2.945217840910258622e-01,6.054774097372739305e-01,-2.878973466493146560e-01,-1.489452257124513623e-01,-6.617578251727586069e-01,-1.877854055998827154e-01
2.945780911209935904e-01,6.058926920576358510e-01,-2.870117140816252355e-01,-1.540013097525465557e-01,-6.643243582344146025e-01,-1.900995879811812617e-01
2.945289598557209731e-01,6.060098468698681407e-01,-2.868244107303676294e-01,-1.539166262567399912e-01,-6.643867894007536856e-01,-1.899855592185992481e-01
2.944796585006133616e-01,6.061233133861855249e-01,-2.866440599983823279e-01,-1.538407673181041990e-01,-6.644404080824718450e-01,-1.898823887449342385e-01
2.944300862109466843e-01,6.062352635273933199e-01,-2.864665953383248587e-01,-1.537725197269494137e-01,-6.644916993856568865e-01,-1.897865751317664718e-01
2.943802118240045340e-01,6.063465061121622313e-01,-2.862905082346996477e-01,-1.537108133010118560e-01,-6.645428988892186917e-01,-1.896964289422840566e-01
2.943300345625482484e-01,6.064573567132068854e-01,-2.861152123420270255e-01,-1.536547260696272954e-01,-6.645947267290047700e-01,-1.896109618384823059e-01
2.942795676193930010e-01,6.065679500259585355e-01,-2.859404571645888793e-01,-1.536034699031945117e-01,-6.646473670301773495e-01,-1.895294831569687144e-01
2.942288307087858046e-01,6.066783524779869596e-01,-2.857661175164049050e-01,-1.535563721752817856e-01,-6.647008187002000357e-01,-1.894514502684785107e-01
2.941778463495161589e-01,6.067886031699626370e-01,-2.855921175573695736e-01,-1.535128583973436323e-01,-6.647550208926727988e-01,-1.893764102729340038e-01
2.941266378419649663e-01,6.068987290370841947e-01,-2.854184030607164746e-01,-1.534724371225254236e-01,-6.648098976327445619e-01,-1.893039748139979939e-01
2.940752281077168573e-01,6.070087506835569746e-01,-2.852449310022475149e-01,-1.534346871901778320e-01,-6.648653733970235624e-01,-1.892338072025692153e-01
2.940236390145004597e-01,6.071186848013888637e-01,-2.850716654032499631e-01,-1.533992470482976878e-01,-6.649213782405071216e-01,-1.891656143441473037e-01
2.939718909980834072e-01,6.072285453050905168e-01,-2.848985754618605926e-01,-1.533658058262585000e-01,-6.649778491587831075e-01,-1.890991407686430648e-01
2.939200028735723946e-01,6.073383439582027421e-01,-2.847256345487171880e-01,-1.533340958567786239e-01,-6.650347301041785730e-01,-1.890341637598881852e-01
2.938679917739769887e-01,6.074480907783418315e-01,-2.845528195520157233e-01,-1.533038863813561692e-01,-6.650919715359164819e-01,-1.889704892080485699e-01
2.939632336904167142e-01,6.078577126246760276e-01,-2.836793640723048737e-01,-1.575022945086231863e-01,-6.673595246299863781e-01,-1.906828978572864264e-01
2.939055335603210084e-01,6.079701968387200006e-01,-2.835036310508114443e-01,-1.575415561995252012e-01,-6.674480403435069098e-01,-1.906719241970920298e-01
2.938484482138646325e-01,6.080797626381635457e-01,-2.833332690381947794e-01,-1.575725770018372440e-01,-6.675246993377461635e-01,-1.906586238878167916e-01
2.937918489749403173e-01,6.081884686282791330e-01,-2.831644149687199130e-01,-1.575965992577265107e-01,-6.675963005203312539e-01,-1.906411677087922196e-01
2.937356698202557292e-01,6.082970252480495166e-01,-2.829957375263758568e-01,-1.576146329556739889e-01,-6.676653723792238537e-01,-1.906193262647432329e-01
2.936798660176547227e-01,6.084056646922902933e-01,-2.828268050341746775e-01,-1.576275221066456012e-01,-6.677329059047004689e-01,-1.905933896481107337e-01
2.936244004627118764e-01,6.085144514674583061e-01,-2.826575020591914345e-01,-1.576359816962822902e-01,-6.677993330803774219e-01,-1.905637871099508662e-01
2.935692395160317547e-01,6.086233929243092255e-01,-2.824878213289556128e-01,-1.576406216847702213e-01,-6.678648775601261356e-01,-1.905309565843805453e-01
2.935143519435624571e-01,6.087324783304530751e-01,-2.823177898940153474e-01,-1.576419645346453235e-01,-6.679296807603792852e-01,-1.904953029915288087e-01
2.934597087771027568e-01,6.088416924613307968e-01,-2.821474432584879510e-01,-1.576404589178798943e-01,-6.679938476291820137e-01,-1.904571877593569940e-01
2.934052833673191918e-01,6.089510201461955097e-01,-2.819768166085767080e-01,-1.576364908591002534e-01,-6.680574636838544356e-01,-1.904169290049403385e-01
2.933510514201453367e-01,6.090604476337674322e-01,-2.818059420993155872e-01,-1.576303929651012847e-01,-6.681206017495663341e-01,-1.903748050702748773e-01
2.932969909665872343e-01,6.091699628650375509e-01,-2.816348482586050750e-01,-1.576224521637516196e-01,-6.681833249774176142e-01,-1.903310588446046336e-01
2.932430822773749446e-01,6.092795553921483975e-01,-2.814635600988765751e-01,-1.576129162215271773e-01,-6.682456884927172602e-01,-1.902859020052139472e-01
2.931893077322920149e-01,6.093892162002052526e-01,-2.812920994437179689e-01,-1.576019992780873236e-01,-6.683077405043302832e-01,-1.902395188907032575e-01
2.931616403464944454e-01,6.097128984803027452e-01,-2.806257546706757422e-01,-1.628727745261419058e-01,-6.707188028774367927e-01,-1.930211495132677924e-01
2.931126832436867224e-01,6.098312170326177784e-01,-2.804374429709813876e-01,-1.627928727775750095e-01,-6.707821737893023828e-01,-1.929102679224497796e-01
2.930635079278943178e-01,6.099458390245303674e-01,-2.802561206032288532e-01,-1.627211215774554687e-01,-6.708366560401616274e-01,-1.928099588999510894e-01
2.930140083038139109e-01,6.100589646933393118e-01,-2.800776788359901071e-01,-1.626564335897566771e-01,-6.708887931093090451e-01,-1.927167821610759335e-01
2.929641632196046674e-01,6.101714078472674219e-01,-2.799005971057781372e-01,-1.625978392735060452e-01,-6.709408315842878556e-01,-1.926290811702541517e-01
2.929139839689919311e-01,6.102834820824682982e-01,-2.797242869484946604e-01,-1.625444969619755098e-01,-6.709934896467449894e-01,-1.925458899606334318e-01
2.928634940728345182e-01,6.103953185415006422e-01,-2.795484988694165174e-01,-1.624956827766813328e-01,-6.710469472877829133e-01,-1.924665359816257193e-01
2.928127211495126225e-01,6.105069801873244106e-01,-2.793731095255567731e-01,-1.624507757357467330e-01,-6.711012000978401337e-01,-1.923904926030242379e-01
2.927616934481382938e-01,6.106185031693884824e-01,-2.791980450198249808e-01,-1.624092431003552883e-01,-6.711561852592552446e-01,-1.923173214749494819e-01
2.927104382806909877e-01,6.107299120194257247e-01,-2.790232529397171923e-01,-1.623706273766302721e-01,-6.712118260015643711e-01,-1.922466475499631511e-01
2.926589812918443112e-01,6.108412254127019159e-01,-2.788486918886603494e-01,-1.623345351812061632e-01,-6.712680468737398654e-01,-1.921781462692447318e-01
2.926073461311565205e-01,6.109524584977096273e-01,-2.786743273264046805e-01,-1.623006278261663604e-01,-6.713247785906859555e-01,-1.921115355268647185e-01
2.925555543425858440e-01,6.110636239505289335e-01,-2.785001297152014943e-01,-1.622686133672706643e-01,-6.713819591747407500e-01,-1.920465697497303337e-01
2.925036253755179949e-01,6.111747325366483352e-01,-2.783260735327093838e-01,-1.622382398864051778e-01,-6.714395338127409074e-01,-1.919830350927132223e-01
2.924515766669967265e-01,6.112857934649685854e-01,-2.781521366359854808e-01,-1.622092898021114393e-01,-6.714974542928271450e-01,-1.919207453564917842e-01
2.924022289182028889e-01,6.115717946703778107e-01,-2.775726338108692737e-01,-1.674126801916346330e-01,-6.737923734033633982e-01,-1.947703907618519303e-01
2.923532201351304871e-01,6.116907184870021830e-01,-2.773838227702550840e-01,-1.673334717246124093e-01,-6.738560798269839225e-01,-1.946602339663563719e-01
2.923040091035438715e-01,6.118059268359802294e-01,-2.772020269614069443e-01,-1.672623560603692106e-01,-6.739108525285344431e-01,-1.945605957875075620e-01
2.922544751577352273e-01,6.119196356657499170e-01,-2.770231190037019675e-01,-1.671982548768604637e-01,-6.739632671268029895e-01,-1.944680623140411790e-01
2.922045934025152003e-01,6.120326635487234324e-01,-2.768455721977843287e-01,-1.671402071079534368e-01,-6.740155797798156323e-01,-1.943809869556481773e-01
2.921543748365097448e-01,6.121453251833184339e-01,-2.766687962014411917e-01,-1.670873782409629527e-01,-6.740685109212483095e-01,-1.942984078164609607e-01
2.921038436100131808e-01,6.122577516642467854e-01,-2.764925410592730115e-01,-1.670390502156370305e-01,-6.741222406292112224e-01,-1.942196543338908787e-01
2.920530280761111097e-01,6.123700056020328075e-01,-2.763166834212588130e-01,-1.669946067309251991e-01,-6.741767640893260305e-01,-1.941442011266555911e-01
2.920019570947709475e-01,6.124821227627667009e-01,-2.761411495093996082e-01,-1.669535188074992293e-01,-6.742320180952329212e-01,-1.940716108296818843e-01
2.919506584281067463e-01,6.125941273406205756e-01,-2.759658870521811691e-01,-1.669153319819519365e-01,-6.742879256201571581e-01,-1.940015092695061560e-01
2.918991580288313736e-01,6.127060377333575225e-01,-2.757908547839720281e-01,-1.668796553330140209e-01,-6.743444110908993760e-01,-1.939335726947779559e-01
2.918474797453200487e-01,6.128178688660345097e-01,-2.756160182786094870e-01,-1.668461521841398676e-01,-6.744014052039568607e-01,-1.938675197544384998e-01
2.917956452398027811e-01,6.129296332364189137e-01,-2.754413480948709192e-01,-1.668145322471308867e-01,-6.744588460378804218e-01,-1.938031055776020528e-01
2.917436740222422165e-01,6.130413414668283156e-01,-2.752668187933832722e-01,-1.667845449787781764e-01,-6.745166788819975112e-01,-1.937401169677661350e-01
2.916915835506189714e-01,6.131530026512437281e-01,-2.750924083014412713e-01,-1.667559739465110380e-01,-6.745748556564196141e-01,-1.936783683219275298e-01
2.916094530228913184e-01,6.133969973604063153e-01,-2.746103381415321287e-01,-1.720248364994033108e-01,-6.767896189824285091e-01,-1.967107374891881311e-01
2.915605357703291434e-01,6.135165530026975844e-01,-2.744209153080403030e-01,-1.719445326648364192e-01,-6.768532090273318147e-01,-1.965997464009157647e-01
2.915114101155000248e-01,6.136323664589259375e-01,-2.742385554141669735e-01,-1.718724962866921835e-01,-6.769078790821964065e-01,-1.964994240004109272e-01
2.914619439121368116e-01,6.137466693759753289e-01,-2.740591112034155841e-01,-1.718076263807199189e-01,-6.769602268226304620e-01,-1.964063571229391902e-01
2.914121110578567486e-01,6.138602858270668650e-01,-2.738810476029338026e-01,-1.717489435086177463e-01,-6.770125109564053556e-01,-1.963188860366418265e-01
2.913619244171048450e-01,6.139735324784979520e-01,-2.737037700978621757e-01,-1.716955972483644732e-01,-6.770654485701534941e-01,-1.962360326094727547e-01
2.913114106379174895e-01,6.140865411910521043e-01,-2.735270261824922500e-01,-1.716468554278073877e-01,-6.771192150896362394e-01,-1.961571105539341164e-01
2.912606004332018994e-01,6.141993749453269480e-01,-2.733506906576736450e-01,-1.716020891563047879e-01,-6.771738012059542733e-01,-1.960815803348996411e-01
2.912095246882283606e-01,6.143120697518867912e-01,-2.731746882619630057e-01,-1.715607582359773842e-01,-6.772291397668082080e-01,-1.960089921836729310e-01
2.911582128461179253e-01,6.144246500114474152e-01,-2.729989654726620585e-01,-1.715223982392085622e-01,-6.772851503948376095e-01,-1.959389611698988121e-01
2.911066922398350409e-01,6.145371343139047760e-01,-2.728234799484088868e-01,-1.714866094256047302e-01,-6.773417546993519833e-01,-1.958711542471598677e-01
2.910549878493222664e-01,6.146495377673877325e-01,-2.726481963297459621e-01,-1.714530473380978526e-01,-6.773988810143354300e-01,-1.958052820416860407e-01
2.910031222669676731e-01,6.147618730420657540e-01,-2.724730843649387224e-01,-1.714214148425967088e-01,-6.774564654326539204e-01,-1.957410927636321629e-01
2.909511157689964600e-01,6.148741509216593126e-01,-2.722981179088965753e-01,-1.713914553905785954e-01,-6.775144515735220807e-01,-1.956783672436453736e-01
2.908989864482474097e-01,6.149863806482872564e-01,-2.721232742758414314e-01,-1.713629472890825234e-01,-6.775727899460145531e-01,-1.956169147227836691e-01
2.907861824123399996e-01,6.151897398784683668e-01,-2.717346993426310586e-01,-1.766927850875116557e-01,-6.797102417753929648e-01,-1.988230826543953833e-01
2.907373204945130074e-01,6.153098790199058588e-01,-2.715447471823058123e-01,-1.766114208469811153e-01,-6.797737054146695268e-01,-1.987113349022596454e-01
2.906882456189548436e-01,6.154262514837431919e-01,-2.713619014180333466e-01,-1.765384916321481035e-01,-6.798282643070161502e-01,-1.986103951491325348e-01
2.906388140414763455e-01,6.155411031669876243e-01,-2.711819973982768639e-01,-1.764728735576580887e-01,-6.798805351755403681e-01,-1.985168534712480615e-01
2.905889982627957724e-01,6.156552632003866599e-01,-2.710034924836635661e-01,-1.764135692940171640e-01,-6.799327786753432967e-01,-1.984290383697580040e-01
2.905388128283661886e-01,6.157690500862180727e-01,-2.708257882698085206e-01,-1.763597131779228167e-01,-6.799857086279691432e-01,-1.983459564397501984e-01
2.904882867194366058e-01,6.158825964115542950e-01,-2.706486298236451260e-01,-1.763105596124980301e-01,-6.800394960475594219e-01,-1.982669064359826872e-01
2.904374528686642365e-01,6.159959655118015798e-01,-2.704718901703421774e-01,-1.762654677591003749e-01,-6.800941273798077891e-01,-1.981913353223423713e-01
2.903863440678237651e-01,6.161091936325497898e-01,-2.702954926208558928e-01,-1.762238867838212542e-01,-6.801495317491264014e-01,-1.981187814937866443e-01
2.903349913419792094e-01,6.162223053712556631e-01,-2.701193824501627039e-01,-1.761853428115620346e-01,-6.802056256159111358e-01,-1.980488497582009455e-01
2.902834233204648062e-01,6.163353195002686524e-01,-2.699435162840010394e-01,-1.761494277418819421e-01,-6.802623279328209316e-01,-1.979811982066015108e-01
2.902316660450458552e-01,6.164482512999976960e-01,-2.697678578690996254e-01,-1.761157897395697614e-01,-6.803195648052888789e-01,-1.979155298260872609e-01
2.901797429772273174e-01,6.165611136033870565e-01,-2.695923761776841121e-01,-1.760841251846568811e-01,-6.803772704565773655e-01,-1.978515862370291700e-01
2.901276751092350947e-01,6.166739173451122324e-01,-2.694170443909608692e-01,-1.760541718347938267e-01,-6.804353869318429116e-01,-1.977891425894066635e-01
2.900754811253919430e-01,6.167866719061505520e-01,-2.692418392378818082e-01,-1.760257030123416055e-01,-6.804938634125053953e-01,-1.977280032247737407e-01
2.900137061551281148e-01,6.169876605861621677e-01,-2.688484297172485937e-01,-1.805063203500754387e-01,-6.823480226660688652e-01,-2.003027833134076729e-01
2.899550829689567788e-01,6.171033247432524682e-01,-2.686704633612144177e-01,-1.805452405282260697e-01,-6.824382445726990820e-01,-2.002946691270242052e-01
2.898973453243989806e-01,6.172159058204277349e-01,-2.684979943871006469e-01,-1.805763259585910219e-01,-6.825162424637809533e-01,-2.002839395950736789e-01
2.898402372651391334e-01,6.173275521980404745e-01,-2.683270761437445695e-01,-1.806007083843026995e-01,-6.825890152670298638e-01,-2.002689293086143407e-01
2.897836337461777156e-01,6.174390099124676956e-01,-2.681563485291074134e-01,-1.806193238198408602e-01,-6.826591745440513392e-01,-2.002494772512471155e-01
2.897274590553624019e-01,6.175505266648004810e-01,-2.679853701604986704e-01,-1.806329639074437110e-01,-6.827277496410514290e-01,-2.002259047539322878e-01
2.896716578208559656e-01,6.176621746612944719e-01,-2.678140224885970366e-01,-1.806423053052785554e-01,-6.827951925299706737e-01,-2.001986569199592225e-01
2.896161846570490250e-01,6.177739656645206967e-01,-2.676422973602319288e-01,-1.806479293878840431e-01,-6.828617384596470385e-01,-2.001681805219935606e-01
2.895610003718938619e-01,6.178858917932898986e-01,-2.674702216722079084e-01,-1.806503370362125827e-01,-6.829275360796934757e-01,-2.001348857266356529e-01
2.895060704600471713e-01,6.179979398229212828e-01,-2.672978309865533530e-01,-1.806499604910094536e-01,-6.829926950167232169e-01,-2.000991371371746153e-01
2.894513643829809135e-01,6.181100960550941492e-01,-2.671251605877982827e-01,-1.806471731702196382e-01,-6.830573038338144665e-01,-2.000612547463800905e-01
2.893968551156452240e-01,6.182223478522541615e-01,-2.669522427198123826e-01,-1.806422979405916396e-01,-6.831214373006313512e-01,-2.000215179062808102e-01
2.893425187875348081e-01,6.183346840127911248e-01,-2.667791059744488713e-01,-1.806356141434207196e-01,-6.831851597576773516e-01,-1.999801699292871326e-01
2.892883343630840431e-01,6.184470947557449971e-01,-2.666057754060623952e-01,-1.806273635911542774e-01,-6.832485269935860694e-01,-1.999374225147180772e-01
2.892342833442823058e-01,6.185595715898507541e-01,-2.664322728608687907e-01,-1.806177557079010343e-01,-6.833115875190874933e-01,-1.998934597542581237e-01
2.891369596326021085e-01,6.187188581165473655e-01,-2.661342317030331861e-01,-1.852476400321393102e-01,-6.851172951015048751e-01,-2.027103075689975775e-01
2.890778672786889492e-01,6.188348785520053630e-01,-2.659563701463462104e-01,-1.852895706530351405e-01,-6.852084099215659529e-01,-2.027054572494451645e-01
2.890197324374165211e-01,6.189478103063421610e-01,-2.657839776365464313e-01,-1.853233106061144275e-01,-6.852871666461306521e-01,-2.026975825868969905e-01
2.889622741391617566e-01,6.190598117369561226e-01,-2.656131042142605425e-01,-1.853500295910466278e-01,-6.853606003138353886e-01,-2.026850989195631836e-01
2.889053550541890170e-01,6.191716318140816355e-01,-2.654423912995680368e-01,-1.853707015351397924e-01,-6.854313429022987902e-01,-2.026678986571504859e-01
2.888488923120751672e-01,6.192835186466973951e-01,-2.652714005101182715e-01,-1.853861530055812279e-01,-6.855004372404870372e-01,-2.026463434821336729e-01
2.887928256763599433e-01,6.193955439882100622e-01,-2.651000165353888938e-01,-1.853970918815855407e-01,-6.855683453144719719e-01,-2.026209112910716259e-01
2.887371060969705083e-01,6.195077188946637170e-01,-2.649282342709042837e-01,-1.854041270841011724e-01,-6.856353103522827563e-01,-2.025920764595733614e-01
2.886816914533384404e-01,6.196200347451823465e-01,-2.647560833465256169e-01,-1.854077836628161557e-01,-6.857014876035338879e-01,-2.025602727466445929e-01
2.886265448308349968e-01,6.197324776176521555e-01,-2.645836017263953344e-01,-1.854085149918560382e-01,-6.857669922555950093e-01,-2.025258850614293504e-01
2.885716336775844271e-01,6.198450331816790504e-01,-2.644108267891417952e-01,-1.854067129361376409e-01,-6.858319176004793460e-01,-2.024892509212360969e-01
2.885169292716478484e-01,6.199576882367837660e-01,-2.642377925976750475e-01,-1.854027164452050624e-01,-6.858963424496815620e-01,-2.024506648263255937e-01
2.884624063058440213e-01,6.200704310840183808e-01,-2.640645293213894074e-01,-1.853968188662717675e-01,-6.859603346080788144e-01,-2.024103831908644902e-01
2.884080425229099132e-01,6.201832515052054795e-01,-2.638910633822229013e-01,-1.853892742030072704e-01,-6.860239528392811925e-01,-2.023686290508610874e-01
2.881524965081744272e-01,6.203829651515813115e-01,-2.635947663181847922e-01,-1.909554029774104822e-01,-6.880314846760278158e-01,-2.060808879933107851e-01
2.881031482851147962e-01,6.205042700121771171e-01,-2.634044011979458921e-01,-1.908779826817475767e-01,-6.880959023887650572e-01,-2.059729581638601870e-01
2.880536161711153564e-01,6.206217898927155474e-01,-2.632211619378246326e-01,-1.908084891305014963e-01,-6.881513064154524129e-01,-2.058754713055706009e-01
2.880037224626679770e-01,6.207377981227963915e-01,-2.630408575950875516e-01,-1.907458706487559774e-01,-6.882043682803452578e-01,-2.057851303694462897e-01
2.879534342396452562e-01,6.208531309101035234e-01,-2.628619371028653173e-01,-1.906891988440748142e-01,-6.882573663529257812e-01,-2.057003153958296415e-01
2.879027687474004504e-01,6.209681069921046959e-01,-2.626838002808086214e-01,-1.906376675317669744e-01,-6.883110198078360442e-01,-2.056200623485919532e-01
2.878517590650170876e-01,6.210828571688838950e-01,-2.625061928070390183e-01,-1.905905806991520790e-01,-6.883655014152466611e-01,-2.055436908635243920e-01
2.878004416386940045e-01,6.211974426255167936e-01,-2.623289890953979797e-01,-1.905473384207321264e-01,-6.884207987009227647e-01,-2.054706650192025530e-01
2.877488517965902659e-01,6.213118976187296250e-01,-2.621521140188434740e-01,-1.905074235842142416e-01,-6.884768420366333963e-01,-2.054005381877490322e-01
2.876970222085341033e-01,6.214262450461410792e-01,-2.619755143705048139e-01,-1.904703901971203650e-01,-6.885335494339079876e-01,-2.053329285868853993e-01
2.876449824559869639e-01,6.215405022674321822e-01,-2.617991481748929150e-01,-1.904358533138332255e-01,-6.885908416327364279e-01,-2.052675063739778927e-01
2.875927590288013813e-01,6.216546833988945142e-01,-2.616229804402570025e-01,-1.904034804285469062e-01,-6.886486466531911432e-01,-2.052039853760974364e-01
2.875403754886416974e-01,6.217688003143190256e-01,-2.614469812642370439e-01,-1.903729841331158745e-01,-6.887069006653958603e-01,-2.051421169233205721e-01
2.874878526954909863e-01,6.218828631558782627e-01,-2.612711248265017772e-01,-1.903441158486645357e-01,-6.887655476236353991e-01,-2.050816848314897800e-01
2.873030483899994270e-01,6.220895626934921374e-01,-2.609434226236511112e-01,-1.949150508556489747e-01,-6.904642318234843756e-01,-2.080101467832152218e-01
2.872434589104028158e-01,6.222063576375674865e-01,-2.607654478864758207e-01,-1.949576215283050085e-01,-6.905557546958518422e-01,-2.080070879714782939e-01
2.871848996830713152e-01,6.223200309159810928e-01,-2.605929518397900879e-01,-1.949919847546357499e-01,-6.906348334625727059e-01,-2.080008076832275121e-01
2.871270502523426971e-01,6.224327606229040910e-01,-2.604219737034102478e-01,-1.950192927778983676e-01,-6.907085440139658639e-01,-2.079898037020581347e-01
2.870697571854395336e-01,6.225453034417570697e-01,-2.602511512293028684e-01,-1.950405156729081158e-01,-6.907795368064354458e-01,-2.079740047826532934e-01
2.870129303944476407e-01,6.226579105829767036e-01,-2.600800452046168609e-01,-1.950564811382340391e-01,-6.908488638348607713e-01,-2.079537914924321773e-01
2.869565059850904265e-01,6.227706551058151963e-01,-2.599085405444250818e-01,-1.950678999386621371e-01,-6.909169921864558583e-01,-2.079296534631714100e-01
2.869004328005824722e-01,6.228835486552275480e-01,-2.597366327095801952e-01,-1.950753844029877726e-01,-6.909841682769949367e-01,-2.079020734595168340e-01
2.868446673788186962e-01,6.229965828972546804e-01,-2.595643519610405514e-01,-1.950794630077632430e-01,-6.910505495355943051e-01,-2.078714917712985721e-01
2.867891718889359898e-01,6.231097440617556771e-01,-2.593917368598503970e-01,-1.950805923819257104e-01,-6.911162527355254603e-01,-2.078382986086832473e-01
2.867339131306077538e-01,6.232230179033706463e-01,-2.592188253173015045e-01,-1.950791673862189157e-01,-6.911813723642808993e-01,-2.078028358839896506e-01
2.866788619154236883e-01,6.233363912710513377e-01,-2.590456518586380930e-01,-1.950755296776183478e-01,-6.912459881553133512e-01,-2.077654017747025683e-01
2.866239925973078084e-01,6.234498524936966657e-01,-2.588722470527269892e-01,-1.950699750252082865e-01,-6.913101686299484294e-01,-2.077262557879998306e-01
2.865692826737035737e-01,6.235633913686121632e-01,-2.586986376626128625e-01,-1.950627595771224632e-01,-6.913739731154451285e-01,-2.076856235657144889e-01
2.862697389115619884e-01,6.236944510597878244e-01,-2.585565982281100017e-01,-2.007322298363249657e-01,-6.932527753096692225e-01,-2.116820042740737984e-01
2.862201269413030547e-01,6.238164651650596193e-01,-2.583659817210118281e-01,-2.006530282722524261e-01,-6.933168766485221512e-01,-2.115733465895074938e-01
2.861703428375078628e-01,6.239346640406772115e-01,-2.581825378553876393e-01,-2.005820256917242861e-01,-6.933720003776006058e-01,-2.114752969903387625e-01
2.861201832604796103e-01,6.240513372646591117e-01,-2.580020628055125775e-01,-2.005181216664516375e-01,-6.934248316358782027e-01,-2.113845892272409321e-01
2.860696095724586940e-01,6.241673273600062410e-01,-2.578229980152951795e-01,-2.004603553586341291e-01,-6.934776484310410938e-01,-2.112995946853684359e-01
2.860186397188205221e-01,6.242829556199728236e-01,-2.576447384958139297e-01,-2.004078954440113025e-01,-6.935311649668244316e-01,-2.112193296259455844e-01
2.859673092124094818e-01,6.243983539916035941e-01,-2.574670264908512363e-01,-2.003600248007664786e-01,-6.935855480536352591e-01,-2.111430925046486606e-01
2.859156571108031897e-01,6.245135842817117755e-01,-2.572897337482389912e-01,-2.003161251733887316e-01,-6.936407795600052495e-01,-2.110703277436929148e-01
2.858637210718413812e-01,6.246286811696609709e-01,-2.571127829590731939e-01,-2.002756633465046510e-01,-6.936967848847790385e-01,-2.110005713361368385e-01
2.858115357210267993e-01,6.247436678939006782e-01,-2.569361190795662608e-01,-2.002381791528442256e-01,-6.937534777957276022e-01,-2.109334264024236294e-01
2.857591322483867824e-01,6.248585621132703993e-01,-2.567596985650742458e-01,-2.002032751783233144e-01,-6.938107754516336101e-01,-2.108685500766767085e-01
2.857065384581156664e-01,6.249733782145565630e-01,-2.565834850747716334e-01,-2.001706079741400190e-01,-6.938686028600272726e-01,-2.108056449753309969e-01
2.856537789858068499e-01,6.250881283174105629e-01,-2.564074475428795852e-01,-2.001398805491893529e-01,-6.939268936566639345e-01,-2.107444527838586990e-01
2.856008755712877156e-01,6.252028227864810939e-01,-2.562315591446880925e-01,-2.001108359501170275e-01,-6.939855896599782525e-01,-2.106847490192157446e-01
2.852970347211692403e-01,6.253070221839678311e-01,-2.561459759180351736e-01,-2.056716921641899010e-01,-6.957645411695685400e-01,-2.146706574675481816e-01
2.852470603343605915e-01,6.254292342192095955e-01,-2.559555756580856323e-01,-2.055934377860587914e-01,-6.958288821643018318e-01,-2.145633547901774074e-01
2.851969441378964798e-01,6.255476291022078472e-01,-2.557723386851863401e-01,-2.055232711744555962e-01,-6.958842118864284609e-01,-2.144665144765285081e-01
2.851464669052176104e-01,6.256645009775586574e-01,-2.555920621710166540e-01,-2.054600987887123253e-01,-6.959372243761872134e-01,-2.143769171679213992e-01
2.850955843297192094e-01,6.257806936484278104e-01,-2.554131882041169033e-01,-2.054029715016356672e-01,-6.959902024625925776e-01,-2.142929563330328024e-01
2.850443122264435525e-01,6.258965284674897767e-01,-2.552351124986838027e-01,-2.053510699692306929e-01,-6.960438632742167453e-01,-2.142136609966408811e-01
2.849926851654913662e-01,6.260121370349479575e-01,-2.550575780424280126e-01,-2.053036879507426915e-01,-6.960983756889993490e-01,-2.141383385484777468e-01
2.849407416403533788e-01,6.261275807138858562e-01,-2.548804573080569180e-01,-2.052602166869368916e-01,-6.961537232383951945e-01,-2.140664404996662218e-01
2.848885188548297420e-01,6.262428937531457906e-01,-2.547036736582748984e-01,-2.052201311446563425e-01,-6.962098327635714012e-01,-2.139975088277078219e-01
2.848360510149402502e-01,6.263580990073338572e-01,-2.545271726527190692e-01,-2.051829781722935842e-01,-6.962666193262860848e-01,-2.139311518485072228e-01
2.847833689052228778e-01,6.264732138038855425e-01,-2.543509112821116247e-01,-2.051483663796514478e-01,-6.963240012578898464e-01,-2.138670312435226872e-01
2.847304999404192127e-01,6.265882522465241466e-01,-2.541748536770494504e-01,-2.051159574958918985e-01,-6.963819046282595515e-01,-2.138048536268905009e-01
2.846774683880597401e-01,6.267032262137135490e-01,-2.539989691851666787e-01,-2.050854589873227496e-01,-6.964402640320557225e-01,-2.137443642000169675e-01
2.846242956444955952e-01,6.268181458645369908e-01,-2.538232313438660848e-01,-2.050566177461833894e-01,-6.964990221493789768e-01,-2.136853415715868898e-01
2.843034770334964545e-01,6.268897298142483976e-01,-2.538088766819004416e-01,-2.106663145388701086e-01,-6.982159921431574379e-01,-2.177976173386798331e-01
2.842532739161714450e-01,6.270121544768241240e-01,-2.536185973926033954e-01,-2.105871683422614049e-01,-6.982801115384301704e-01,-2.176900642398724717e-01
2.842029370603982308e-01,6.271307523961466845e-01,-2.534354944884948391e-01,-2.105162381608326749e-01,-6.983352461810140577e-01,-2.175930384200230883e-01
2.841522345856162812e-01,6.272478223142208265e-01,-2.532553647165964317e-01,-2.104524049461587165e-01,-6.983880886804826327e-01,-2.175033405660953267e-01
2.841011191009981673e-01,6.273642099946254991e-01,-2.530766485669174726e-01,-2.103947035846448765e-01,-6.984409193134143434e-01,-2.174193623335024528e-01
2.840496064686062749e-01,6.274802376630779222e-01,-2.528987401589904427e-01,-2.103423028444652843e-01,-6.984944522752831730e-01,-2.173401245510921120e-01
2.839977321869447957e-01,6.275960373548564730e-01,-2.527213811083227069e-01,-2.102944867298067178e-01,-6.985488536081564392e-01,-2.172649252671836895e-01
2.839455358085708481e-01,6.277116706925472966e-01,-2.525444427329124886e-01,-2.102506381011682857e-01,-6.986041043079587176e-01,-2.171932071866453096e-01
2.838930554953648655e-01,6.278271721119739190e-01,-2.523678474208857492e-01,-2.102102246087093063e-01,-6.986601290298773970e-01,-2.171245044630667198e-01
2.838403262600727173e-01,6.279425646213372403e-01,-2.521915399030466576e-01,-2.101727866832203973e-01,-6.987168409820034842e-01,-2.170584186079406175e-01
2.837873795497286022e-01,6.280578656831886653e-01,-2.520154764598422359e-01,-2.101379273036352302e-01,-6.987741569361719529e-01,-2.169946054340828601e-01
2.837342433191317737e-01,6.281730895219845845e-01,-2.518396206124207115e-01,-2.101053032654626451e-01,-6.988320016500612075e-01,-2.169327665096671409e-01
2.836809422745471543e-01,6.282882481251662599e-01,-2.516639411839693974e-01,-2.100746177238807522e-01,-6.988903086150506372e-01,-2.168726426997633072e-01
2.836274981706243814e-01,6.284033517496671051e-01,-2.514884112598460009e-01,-2.100456138080893376e-01,-6.989490195819714202e-01,-2.168140088871823856e-01
2.832921134965800669e-01,6.284425225613607946e-01,-2.515437557669860102e-01,-2.157007491703945012e-01,-7.006025422625372645e-01,-2.210446142750319143e-01
2.832416376109083700e-01,6.285650975574508248e-01,-2.513537082379914689e-01,-2.156207407599253778e-01,-7.006664188463127552e-01,-2.209368839045240673e-01
2.831910373320121743e-01,6.286838387224233937e-01,-2.511708454225330955e-01,-2.155490694018244169e-01,-7.007213399847577184e-01,-2.208397349708485502e-01
2.831400681590950930e-01,6.288010479111179052e-01,-2.509909662008607545e-01,-2.154845907034242392e-01,-7.007739935052345048e-01,-2.207499905622510583e-01
2.830886794854776123e-01,6.289175723165596477e-01,-2.508125104317918685e-01,-2.154263241346466573e-01,-7.008266561904875624e-01,-2.206660419677030360e-01
2.830368870549166416e-01,6.290337348420823593e-01,-2.506348710387037437e-01,-2.153734272498002422e-01,-7.008800391714632427e-01,-2.205869028529713616e-01
2.829847271442550993e-01,6.291496678786455687e-01,-2.504577884556986045e-01,-2.153251749462439246e-01,-7.009343057722862147e-01,-2.205118627517752283e-01
2.829322402319339735e-01,6.292654332706142384e-01,-2.502811329587137923e-01,-2.152809423128369537e-01,-7.009894346334207826e-01,-2.204403562455711230e-01
2.828794653265424563e-01,6.293810656174064766e-01,-2.501048260407839341e-01,-2.152401902304581782e-01,-7.010453484029263160e-01,-2.203719102478971514e-01
2.828264381543705852e-01,6.294965880635267075e-01,-2.499288116659562631e-01,-2.152024531999752188e-01,-7.011019585973580215e-01,-2.203061199682714022e-01
2.827731907475505846e-01,6.296120181908304581e-01,-2.497530454582298776e-01,-2.151673290010210626e-01,-7.011591805664425525e-01,-2.202426357880698793e-01
2.827197515354227808e-01,6.297273703315506843e-01,-2.495774903738525452e-01,-2.151344698782536591e-01,-7.012169378767184602e-01,-2.201811546073562942e-01
2.826661456081621115e-01,6.298426565699470903e-01,-2.494021147509233316e-01,-2.151035750122874679e-01,-7.012751630185338758e-01,-2.201214132827450654e-01
2.826123950322300127e-01,6.299578872495542603e-01,-2.492268912577186024e-01,-2.150743840658742856e-01,-7.013337968999607819e-01,-2.200631832569924229e-01
2.822646893042300431e-01,6.299643520865095825e-01,-2.493513997776965196e-01,-2.207743288737592235e-01,-7.029219107980057002e-01,-2.244068271878459919e-01
2.822138818022628115e-01,6.300869908354229665e-01,-2.491617347560540763e-01,-2.206934459856261244e-01,-7.029855026540603458e-01,-2.242989662475701196e-01
2.821629600243243385e-01,6.302057916672346716e-01,-2.489792572559952344e-01,-2.206210179514788150e-01,-7.030401741585750042e-01,-2.242017331871311581e-01
2.821116670055590636e-01,6.303230576765719295e-01,-2.487997715284572808e-01,-2.205558747425776511e-01,-7.030926036165466853e-01,-2.241119757535612322e-01
2.820599488614481398e-01,6.304396368191896860e-01,-2.486217179964271273e-01,-2.204970205444132525e-01,-7.031450627902945394e-01,-2.240280860406819452e-01
2.820078211048765993e-01,6.305558524368969353e-01,-2.484444888474457713e-01,-2.204436019610732933e-01,-7.031982593365395662e-01,-2.239490712878052237e-01
2.819553206739734974e-01,6.306718371896117281e-01,-2.482678235277486212e-01,-2.203948850912239021e-01,-7.032523538293619092e-01,-2.238742130392316343e-01
2.819024888712850507e-01,6.307876531086095140e-01,-2.480915913674109907e-01,-2.203502375520656198e-01,-7.033073226331328920e-01,-2.238029381734878143e-01
2.818493654668066672e-01,6.309033349406619751e-01,-2.479157130214127980e-01,-2.203091137340756345e-01,-7.033630864944696581e-01,-2.237347667138775975e-01
2.817959868295993320e-01,6.310189059563833247e-01,-2.477401317281918147e-01,-2.202710424638663345e-01,-7.034195553394824163e-01,-2.236692878676652674e-01
2.817423855172967451e-01,6.311343838497806003e-01,-2.475648024872050545e-01,-2.202356165553750189e-01,-7.034766431873671344e-01,-2.236061468415916076e-01
2.816885903845585126e-01,6.312497830534121723e-01,-2.473896877186208820e-01,-2.202024839113119192e-01,-7.035342724888455912e-01,-2.235450360887042132e-01
2.816346268650534723e-01,6.313651157419304383e-01,-2.472147552992832453e-01,-2.201713399226021550e-01,-7.035923747987574695e-01,-2.234856886505996731e-01
2.815805173027522423e-01,6.314803923397362961e-01,-2.470399775010434507e-01,-2.201419209512860409e-01,-7.036508902385915087e-01,-2.234278726970370388e-01
2.813108253015950688e-01,6.314381115209887207e-01,-2.472271987913438329e-01,-2.249691415952127793e-01,-7.048342747232475558e-01,-2.271159083540431334e-01
2.812494410381132237e-01,6.315560484589766155e-01,-2.470506808000234311e-01,-2.250075818957043283e-01,-7.049248974821096247e-01,-2.271139801766065003e-01
2.811892405099891690e-01,6.316707950197502086e-01,-2.468796478921194970e-01,-2.250384827616539740e-01,-7.050031087363952675e-01,-2.271087609078482339e-01
2.811297984814297157e-01,6.317845560182261400e-01,-2.467101563510679940e-01,-2.250628285005795981e-01,-7.050759966494758446e-01,-2.270989523980695979e-01
2.810709210814444359e-01,6.318981016175539978e-01,-2.465408457930699238e-01,-2.250814889461788260e-01,-7.051462185038323005e-01,-2.270845392237959282e-01
2.810125022042799237e-01,6.320116903805572672e-01,-2.463712751988701433e-01,-2.250952228323802873e-01,-7.052148277974529256e-01,-2.270659067171249268e-01
2.809544715841398310e-01,6.321253998322611256e-01,-2.462013270713856450e-01,-2.251046887621909187e-01,-7.052822899348831776e-01,-2.270435324982523206e-01
2.808967757348553307e-01,6.322392446453640735e-01,-2.460309945711150748e-01,-2.251104574365043187e-01,-7.053488480649391379e-01,-2.270178826162392582e-01
2.808393706901384790e-01,6.323532187282068229e-01,-2.458603058882548043e-01,-2.251130231373421609e-01,-7.054146556958121872e-01,-2.269893801602593242e-01
2.807822190025337505e-01,6.324673100707376427e-01,-2.456892977352599094e-01,-2.251128139490221336e-01,-7.054798255143995833e-01,-2.269583990915302885e-01
2.807252883043468428e-01,6.325815058596478968e-01,-2.455180063699978765e-01,-2.251102006735897776e-01,-7.055444480109033245e-01,-2.269252664531185293e-01
2.806685504631602490e-01,6.326957941328502644e-01,-2.453464648386448066e-01,-2.251055045554433698e-01,-7.056085991341780606e-01,-2.268902670107248165e-01
2.806119809845348256e-01,6.328101642188220799e-01,-2.451747023874639997e-01,-2.250990039571178214e-01,-7.056723438931988834e-01,-2.268536482600537196e-01
2.805555585367009441e-01,6.329246067618246041e-01,-2.450027445989462760e-01,-2.250909401228442797e-01,-7.057357383971812892e-01,-2.268156251338017959e-01
2.802671964004829763e-01,6.328444600787006546e-01,-2.452700869812183271e-01,-2.300817684577551314e-01,-7.068785130215561319e-01,-2.307134067383981024e-01
2.802051819748045958e-01,6.329622529503322603e-01,-2.450944899046607894e-01,-2.301223259806898791e-01,-7.069694694668835488e-01,-2.307142332498170190e-01
2.801444002172729930e-01,6.330768695016424363e-01,-2.449243242525140640e-01,-2.301550593209287232e-01,-7.070479610445981056e-01,-2.307114165535431305e-01
2.800844074567739317e-01,6.331905106796583693e-01,-2.447556640688025309e-01,-2.301809778773949711e-01,-7.071210727501020532e-01,-2.307037399938132727e-01
2.800250012933986343e-01,6.333039447961831270e-01,-2.445871572333856714e-01,-2.302009814056232562e-01,-7.071914665481715545e-01,-2.306912367880314674e-01
2.799660709528806746e-01,6.334174292075447354e-01,-2.444183675713606785e-01,-2.302158575593563627e-01,-7.072602022061726945e-01,-2.306743265971716583e-01
2.799075431334421271e-01,6.335310404852780852e-01,-2.442491810327919455e-01,-2.302262911090955932e-01,-7.073277511776436821e-01,-2.306535139847682991e-01
2.798493621039848112e-01,6.336447924887415040e-01,-2.440795935228575464e-01,-2.302328758475321868e-01,-7.073943619950826545e-01,-2.306292873222283157e-01
2.797914821085358272e-01,6.337586784188481426e-01,-2.439096355290023832e-01,-2.302361262279669085e-01,-7.074601928461854428e-01,-2.306020886526965463e-01
2.797338642160443478e-01,6.338726856484487859e-01,-2.437393457260838836e-01,-2.302364878818355387e-01,-7.075253604562535825e-01,-2.305723081967785415e-01
2.796764748064604067e-01,6.339868008265979737e-01,-2.435687620610403614e-01,-2.302343468452283382e-01,-7.075899587946806735e-01,-2.305402870103113733e-01
2.796192846815538924e-01,6.341010115236713762e-01,-2.433979190374341017e-01,-2.302300375738882687e-01,-7.076540668080848473e-01,-2.305063219597681123e-01
2.795622684362484844e-01,6.342153066622421287e-01,-2.432268471598005855e-01,-2.302238498800693034e-01,-7.077177520898834118e-01,-2.304706709970687217e-01
2.795054039578394600e-01,6.343296765342147925e-01,-2.430555730985682616e-01,-2.302160349302234121e-01,-7.077810729771577547e-01,-2.304335580937393047e-01
2.792119528616702762e-01,6.342152751209261252e-01,-2.433910342396276294e-01,-2.352457384272771679e-01,-7.088494935683445908e-01,-2.344242538470358850e-01
2.791494317775840561e-01,6.343329224048329662e-01,-2.432162959340312680e-01,-2.352867225903461645e-01,-7.089403431685741275e-01,-2.344263461749313271e-01
2.790881706151490671e-01,6.344474011167181571e-01,-2.430469558536590691e-01,-2.353198167802819929e-01,-7.090187324293935056e-01,-2.344246396208701233e-01
2.790277106196482060e-01,6.345609080270113722e-01,-2.428791048317057999e-01,-2.353460263504302263e-01,-7.090917325345763578e-01,-2.344179738400250790e-01
2.789678434794856110e-01,6.346742100490909699e-01,-2.427113970678546062e-01,-2.353662558595601417e-01,-7.091620027509166757e-01,-2.344064082862903353e-01
2.789084559190313506e-01,6.347875639925564251e-01,-2.425433991341807982e-01,-2.353813001241722436e-01,-7.092306034059931985e-01,-2.343903773229389365e-01
2.788494734409680542e-01,6.349010461452099241e-01,-2.423749984593590034e-01,-2.353918512067660895e-01,-7.092980073062385982e-01,-2.343703953628824277e-01
2.787908396474759187e-01,6.350146701710920327e-01,-2.422061919308123867e-01,-2.353985096103718699e-01,-7.093644643937089267e-01,-2.343469582476016277e-01
2.787325083519821556e-01,6.351284291130443460e-01,-2.420370107869138920e-01,-2.354017957412058437e-01,-7.094301341246154191e-01,-2.343205140809267728e-01
2.786744403147186078e-01,6.352423102085086315e-01,-2.418674943170813496e-01,-2.354021604312554194e-01,-7.094951343191829851e-01,-2.342914581613019243e-01
2.786166016794935918e-01,6.353562999887829577e-01,-2.416976809864078424e-01,-2.353999942312556548e-01,-7.095595598793886793e-01,-2.342601358581303805e-01
2.785589630615704082e-01,6.354703859218521211e-01,-2.415276057398408338e-01,-2.353956355021884772e-01,-7.096234905439936513e-01,-2.342268477221917389e-01
2.785014989058226531e-01,6.355845568412371582e-01,-2.413572994601306532e-01,-2.353893774293828178e-01,-7.096869945782762201e-01,-2.341918548644107978e-01
2.784441869775225453e-01,6.356988029620908032e-01,-2.411867891414125886e-01,-2.353814740899900226e-01,-7.097501308910070250e-01,-2.341553839639892720e-01
2.781480459514915626e-01,6.355486716433416117e-01,-2.415920204568346996e-01,-2.404492357041969341e-01,-7.107387012513942670e-01,-2.382345443229761106e-01
2.780849963415254478e-01,6.356661077145664418e-01,-2.414182555230803551e-01,-2.404905626638858540e-01,-7.108293765894110328e-01,-2.382378594701104468e-01
2.780232318119832402e-01,6.357803853229127000e-01,-2.412498522900934639e-01,-2.405239401912751263e-01,-7.109076051257391393e-01,-2.382372248644308854e-01
2.779622792119555430e-01,6.358936954359107885e-01,-2.410829209468206280e-01,-2.405503686445189526e-01,-7.109804395450324277e-01,-2.382315367198079847e-01
2.779019246760230932e-01,6.360068029852931071e-01,-2.409161228938702382e-01,-2.405707566886203519e-01,-7.110505345415647493e-01,-2.382208803832953636e-01
2.778420526441361393e-01,6.361199640317779513e-01,-2.407490277223759412e-01,-2.405859057372374266e-01,-7.111189501856275408e-01,-2.382057044088628783e-01
2.777825875735044914e-01,6.362332545169686604e-01,-2.405815243935984227e-01,-2.405965146579717717e-01,-7.111861602305927788e-01,-2.381865325382860055e-01
2.777234725146241479e-01,6.363466878972187102e-01,-2.404136107565630065e-01,-2.406031902294967495e-01,-7.112524157900151911e-01,-2.381638676077506289e-01
2.776646609412577460e-01,6.364602570621018529e-01,-2.402453187590616879e-01,-2.406064584259116623e-01,-7.113178774248370972e-01,-2.381381633612112969e-01
2.776061133786099644e-01,6.365739491239236214e-01,-2.400766882604334351e-01,-2.406067749382113652e-01,-7.113826639253642004e-01,-2.381098198060888349e-01
2.775477957960590381e-01,6.366877505076521393e-01,-2.399077582014708943e-01,-2.406045345260749702e-01,-7.114468710255755779e-01,-2.380791863056543334e-01
2.774896786730827181e-01,6.368016485894920642e-01,-2.397385639317964057e-01,-2.406000791874747247e-01,-7.115105791710155669e-01,-2.380465668202783047e-01
2.774317363464869901e-01,6.369156321241161711e-01,-2.395691366795399679e-01,-2.405937052453425429e-01,-7.115738572277893192e-01,-2.380122253777751107e-01
2.773739464963078660e-01,6.370296912584020310e-01,-2.393995037344273102e-01,-2.405856694759309078e-01,-7.116367646141095182e-01,-2.379763911602817972e-01
2.770002138569480077e-01,6.368075543451653386e-01,-2.399722574729805102e-01,-2.465897122036088962e-01,-7.127455164618146100e-01,-2.429430426651693897e-01
2.769466989516981559e-01,6.369293417827524006e-01,-2.397868709299542933e-01,-2.465116213934753497e-01,-7.128087501427132766e-01,-2.428413393153149857e-01
2.768931953422893444e-01,6.370473473686235621e-01,-2.396085211304203877e-01,-2.464415547551053742e-01,-7.128630991308617659e-01,-2.427495881403644862e-01
2.768393800041317188e-01,6.371638506435413074e-01,-2.394330915692467476e-01,-2.463783462754944587e-01,-7.129151637928223817e-01,-2.426648906672256856e-01
2.767851759170577020e-01,6.372796901804202996e-01,-2.392590510918167490e-01,-2.463210416374797262e-01,-7.129671958074534910e-01,-2.425857489164822689e-01
2.767305902062252576e-01,6.373951845914040959e-01,-2.390858033453282516e-01,-2.462688358100610375e-01,-7.130199010871614007e-01,-2.425112273712841937e-01
2.766756562571044964e-01,6.375104634887590604e-01,-2.389130934898722192e-01,-2.462210403751460830e-01,-7.130734440516222072e-01,-2.424406444268921157e-01
2.766204132681311378e-01,6.376255865999026495e-01,-2.387407945159356615e-01,-2.461770630134990923e-01,-7.131278063998628403e-01,-2.423734549297288099e-01
2.765648992585027499e-01,6.377405867982491872e-01,-2.385688298975284782e-01,-2.461363926343714259e-01,-7.131829143846812880e-01,-2.423092021496729975e-01
2.765091489006343273e-01,6.378554857853802051e-01,-2.383971452544077774e-01,-2.460985875976637038e-01,-7.132386831789289117e-01,-2.422474954311639450e-01
2.764531930602252552e-01,6.379702999268356267e-01,-2.382256976701573048e-01,-2.460632659710871861e-01,-7.132950316557646886e-01,-2.421879976905238763e-01
2.763970589284012735e-01,6.380850425246702429e-01,-2.380544514087138130e-01,-2.460300972851379997e-01,-7.133518866929892122e-01,-2.421304170333763994e-01
2.763407703389033632e-01,6.381997247875886847e-01,-2.378833759818544669e-01,-2.459987954916078301e-01,-7.134091838466954938e-01,-2.420745003474181756e-01
2.762843481234938947e-01,6.383143563129746179e-01,-2.377124451102069491e-01,-2.459691129267781995e-01,-7.134668668337138531e-01,-2.420200280362512224e-01
2.760006252904278479e-01,6.380919212443060262e-01,-2.382512161399037987e-01,-2.509888575857894266e-01,-7.142483323921852145e-01,-2.461538402800574898e-01
2.759365972161099134e-01,6.382087959987078341e-01,-2.380795798393966212e-01,-2.510290656732404035e-01,-7.143380916746441267e-01,-2.461580700589953152e-01
2.758738799467903013e-01,6.383225314728231403e-01,-2.379132451529486769e-01,-2.510614315588725054e-01,-7.144155056975257656e-01,-2.461582496472207171e-01
2.758119761407561987e-01,6.384353032891453283e-01,-2.377483653967886468e-01,-2.510869154194906305e-01,-7.144875700466373214e-01,-2.461533641832756303e-01
2.757506640172853185e-01,6.385478716077622741e-01,-2.375836163380556088e-01,-2.511064082161387212e-01,-7.145569192043678131e-01,-2.461435281746474635e-01
2.756898259209732971e-01,6.386604911955099384e-01,-2.374185721322785436e-01,-2.511207021284299068e-01,-7.146246055163529842e-01,-2.461291983361480196e-01
2.756293862450573950e-01,6.387732378135453359e-01,-2.372531229961241106e-01,-2.511304901739778717e-01,-7.146910992709817334e-01,-2.461108993174188353e-01
2.755692886398166674e-01,6.388861250705980543e-01,-2.370872669412754929e-01,-2.511363747921282474e-01,-7.147566496115510537e-01,-2.460891324744703956e-01
2.755094873544877698e-01,6.389991460889975494e-01,-2.369210357351644869e-01,-2.511388784102269178e-01,-7.148214156997078073e-01,-2.460643493976147345e-01
2.754499436924209288e-01,6.391122882156828888e-01,-2.367544689662403334e-01,-2.511384536809262991e-01,-7.148855151866833069e-01,-2.460369478634629736e-01
2.753906243464268044e-01,6.392255380896415540e-01,-2.365876052974817678e-01,-2.511354927050063468e-01,-7.149490428193107094e-01,-2.460072751218835563e-01
2.753315004479407468e-01,6.393388832769593133e-01,-2.364204798188447865e-01,-2.511303351357398461e-01,-7.150120781695062933e-01,-2.459756331929980611e-01
2.752725469161774741e-01,6.394523126988386208e-01,-2.362531235225670545e-01,-2.511232752134347490e-01,-7.150746893248632885e-01,-2.459422843513533186e-01
2.752137419458903778e-01,6.395658166479504247e-01,-2.360855634876867226e-01,-2.511145678682347171e-01,-7.151369350088866428e-01,-2.459074561986351881e-01
2.748457799179969130e-01,6.392622559064844445e-01,-2.368122478506990425e-01,-2.572138033702191517e-01,-7.160576312040521918e-01,-2.510527400424247269e-01
2.747911434054161606e-01,6.393833260598396073e-01,-2.366291860926682256e-01,-2.571340256632265175e-01,-7.161198091113416542e-01,-2.509513927801766409e-01
2.747365481910589713e-01,6.395006406995934478e-01,-2.364531032239529096e-01,-2.570624590855714042e-01,-7.161732308482535725e-01,-2.508599941268904732e-01
2.746816484775118083e-01,6.396164605724463659e-01,-2.362799290737274405e-01,-2.569978862040998568e-01,-7.162244278374219064e-01,-2.507757197081212364e-01
2.746263599126345656e-01,6.397316180283140197e-01,-2.361081472615091381e-01,-2.569393252449601595e-01,-7.162756255957785090e-01,-2.506970873859931670e-01
2.745706876492130522e-01,6.398464297143329205e-01,-2.359371654941434804e-01,-2.568859534079586115e-01,-7.163275189394604503e-01,-2.506231583414715303e-01
2.745146648694886116e-01,6.399610247089646542e-01,-2.357667294503465738e-01,-2.568370689552370578e-01,-7.163802667019406600e-01,-2.505532421894141049e-01
2.744583310808849097e-01,6.400754626778456524e-01,-2.355967115497778208e-01,-2.567920687172224326e-01,-7.164338471796609653e-01,-2.504867841752490554e-01
2.744017247010172578e-01,6.401897765795877548e-01,-2.354270344320180952e-01,-2.567504324166770546e-01,-7.164881842173632664e-01,-2.504233186365529273e-01
2.743448807597301253e-01,6.403039882396237559e-01,-2.352576428849527945e-01,-2.567117105163974067e-01,-7.165431911282479360e-01,-2.503624470300598870e-01
2.742878304110343834e-01,6.404181141491600560e-01,-2.350884932415316930e-01,-2.566755142578818760e-01,-7.165987852835249416e-01,-2.503038254473140545e-01
2.742306010675605865e-01,6.405321677265732871e-01,-2.349195491111079614e-01,-2.566415072662323049e-01,-7.166548923233287960e-01,-2.502471561335815053e-01
2.741732167300479084e-01,6.406461602843925851e-01,-2.347507794416627547e-01,-2.566093983845749715e-01,-7.167114467738877615e-01,-2.501921809599326751e-01
2.741156983545791626e-01,6.407601015112274201e-01,-2.345821574705285462e-01,-2.565789355332757093e-01,-7.167683914909738219e-01,-2.501386760416003385e-01
2.737667967946146308e-01,6.404183868712930439e-01,-2.353741700673317727e-01,-2.625773409830192140e-01,-7.175507286103218751e-01,-2.552345327434122346e-01
2.737114257193680733e-01,6.405389324285326591e-01,-2.351926337105483544e-01,-2.624982109381004958e-01,-7.176126452797054744e-01,-2.551347580302666396e-01
2.736561285706919922e-01,6.406557478929328919e-01,-2.350180176823559453e-01,-2.624271822131866716e-01,-7.176658342825081860e-01,-2.550447434703646543e-01
2.736005462721051162e-01,6.407710807377187123e-01,-2.348462826737867104e-01,-2.623630384393156878e-01,-7.177167913525056564e-01,-2.549617279115744539e-01
2.735445888526837344e-01,6.408857582589825297e-01,-2.346759240002066760e-01,-2.623048074466844404e-01,-7.177677316537758312e-01,-2.548842589967499350e-01
2.734882586769585289e-01,6.410000949615368704e-01,-2.345063542588901040e-01,-2.622516778323270570e-01,-7.178193482180446061e-01,-2.548114148888366293e-01
2.734315872270743353e-01,6.411142188442257028e-01,-2.343373215452323743e-01,-2.622029588132555600e-01,-7.178718008626248093e-01,-2.547425168478637536e-01
2.733746127689632432e-01,6.412281889077960928e-01,-2.341686997450929397e-01,-2.621580570858673132e-01,-7.179250696441392687e-01,-2.546770191745255651e-01
2.733173727081337212e-01,6.413420376293962333e-01,-2.340004125557979542e-01,-2.621164610494722824e-01,-7.179790802709148378e-01,-2.546144637350233886e-01
2.732599012052340237e-01,6.414557864507507423e-01,-2.338324056125127837e-01,-2.620777287306745862e-01,-7.180337478074418911e-01,-2.545544584364066720e-01
2.732022286519041332e-01,6.415694515429571920e-01,-2.336646359618289315e-01,-2.620414779455611520e-01,-7.180889912060642866e-01,-2.544966649675738379e-01
2.731443817885960135e-01,6.416830460510414280e-01,-2.334970678281619305e-01,-2.620073780280735010e-01,-7.181447375100379338e-01,-2.544407904560893607e-01
2.730863840220830174e-01,6.417965810522833214e-01,-2.333296706940331811e-01,-2.619751427810290689e-01,-7.182009224830501193e-01,-2.543865810375163794e-01
2.730282557841361424e-01,6.419100660320412599e-01,-2.331624182627446418e-01,-2.619445244352356372e-01,-7.182574900688588615e-01,-2.543338165535845019e-01
2.726873592127456725e-01,6.415226135327184442e-01,-2.340383613767272053e-01,-2.679961064372514135e-01,-7.189307708742878056e-01,-2.595164630858543542e-01
2.726313603453182077e-01,6.416426170882824076e-01,-2.338583265580740922e-01,-2.679160693626393419e-01,-7.189920141442578405e-01,-2.594168994720126298e-01
2.725754499753454962e-01,6.417589109387951130e-01,-2.336851707757513774e-01,-2.678442273329040835e-01,-7.190446118065675352e-01,-2.593270877494899262e-01
2.725192586058471367e-01,6.418737285900063538e-01,-2.335148854278389363e-01,-2.677793379088698189e-01,-7.190950132852930166e-01,-2.592443069645711251e-01
2.724626928208115917e-01,6.419878925410821280e-01,-2.333459760583678488e-01,-2.677204149995441318e-01,-7.191454163726173077e-01,-2.591671140135097251e-01
2.724057539752884893e-01,6.421017156960235894e-01,-2.331778583809160921e-01,-2.676666382174314185e-01,-7.191965070511221469e-01,-2.590945860240366216e-01
2.723484733599857988e-01,6.422153255613073375e-01,-2.330102811794068085e-01,-2.676173100699049678e-01,-7.192484418631041043e-01,-2.590260401925913447e-01
2.722908892963282201e-01,6.423287810251763208e-01,-2.328431182366132168e-01,-2.675718318139546636e-01,-7.193011990454238891e-01,-2.589609262234262022e-01
2.722330392995417903e-01,6.424421145784525722e-01,-2.326762929190591689e-01,-2.675296872621606981e-01,-7.193547031090432586e-01,-2.588987816566687417e-01
2.721749576326117359e-01,6.425553477141179304e-01,-2.325097504954077576e-01,-2.674904305130514359e-01,-7.194088682307876459e-01,-2.588392105636065921e-01
2.721166747680728859e-01,6.426684966616592609e-01,-2.323434476702600227e-01,-2.674536759969288191e-01,-7.194636126600217896e-01,-2.587818713095721979e-01
2.720582175061193042e-01,6.427815746218816795e-01,-2.321773483653458425e-01,-2.674190901228546968e-01,-7.195188628660292851e-01,-2.587264681672419298e-01
2.719996092931301068e-01,6.428945927226146217e-01,-2.320114218015955354e-01,-2.673863841737607050e-01,-7.195745541371616483e-01,-2.586727448232734039e-01
2.719408705875044907e-01,6.430075604929635924e-01,-2.318456414584778857e-01,-2.673553082048479301e-01,-7.196306300185487670e-01,-2.586204790295115186e-01
2.716102182540566234e-01,6.425728814727771354e-01,-2.328073209449588454e-01,-2.734602201430172963e-01,-7.201891443911286883e-01,-2.638864838300210569e-01
2.715535621214599793e-01,6.426922590124906076e-01,-2.326289435349278012e-01,-2.733792734675152825e-01,-7.202496532625702885e-01,-2.637871653531227989e-01
2.714970091231916349e-01,6.428079506037650548e-01,-2.324573979788134848e-01,-2.733066125080364506e-01,-7.203016060104456830e-01,-2.636975851741747423e-01
2.714401797448837694e-01,6.429221737166382900e-01,-2.322887098210651147e-01,-2.732409691400795593e-01,-7.203514004564959272e-01,-2.636150642088581075e-01
2.713829771982495531e-01,6.430357452817455632e-01,-2.321213961504688950e-01,-2.731813436608506729e-01,-7.204012151454103341e-01,-2.635381694650024142e-01
2.713254017961240216e-01,6.431489763110055380e-01,-2.319548763176830786e-01,-2.731269069626874324e-01,-7.204517283915250481e-01,-2.634659775524056946e-01
2.712674845750597807e-01,6.432619937057770798e-01,-2.317889000166711289e-01,-2.730769550841413151e-01,-7.205030932981393299e-01,-2.633978019662893688e-01
2.712092638480808615e-01,6.433748561955807688e-01,-2.316233410326429820e-01,-2.730308840580933372e-01,-7.205552862780287837e-01,-2.633330880899476534e-01
2.711507771823685742e-01,6.434875962629343915e-01,-2.314581224622882516e-01,-2.729881733049303039e-01,-7.206082306886820721e-01,-2.632713693656170695e-01
2.710920588947450804e-01,6.436002354397324376e-01,-2.312931892480218077e-01,-2.729483731656883738e-01,-7.206618398752693277e-01,-2.632122462228323467e-01
2.710331394973712893e-01,6.437127900053394303e-01,-2.311284977832780974e-01,-2.729110948378009605e-01,-7.207160314381518829e-01,-2.631553738681222110e-01
2.709740458133554353e-01,6.438252732102308640e-01,-2.309640117123599179e-01,-2.728760019464535058e-01,-7.207707313221624057e-01,-2.631004538571976581e-01
2.709148013003862543e-01,6.439376962267526761e-01,-2.307997000160134371e-01,-2.728428033722816726e-01,-7.208258743815708636e-01,-2.630472275548074168e-01
2.708554264185161764e-01,6.440500686235337557e-01,-2.306355359668637028e-01,-2.728112471009449536e-01,-7.208814038013066083e-01,-2.629954707262593394e-01
2.705370886645379058e-01,6.435670015748372608e-01,-2.316842575716637764e-01,-2.789722134156942257e-01,-7.213207672675159277e-01,-2.683429653945649251e-01
2.704797448316403341e-01,6.436856586556313209e-01,-2.315077110158209606e-01,-2.788903296382469477e-01,-7.213804671397680002e-01,-2.682439064614616231e-01
2.704225185232783657e-01,6.438006571574664827e-01,-2.313379429203992754e-01,-2.788168221945747649e-01,-7.214317095682192260e-01,-2.681545694070560648e-01
2.703650206974853032e-01,6.439141962331202951e-01,-2.311710167739031152e-01,-2.787503973256729717e-01,-7.214808346975378761e-01,-2.680723184596567332e-01
2.703071513116215852e-01,6.440270864035997356e-01,-2.310054626354897944e-01,-2.786900416893124399e-01,-7.215299996208188738e-01,-2.679957313303941158e-01
2.702489096304639959e-01,6.441396364791694973e-01,-2.308407040365278995e-01,-2.786349174187529032e-01,-7.215798742065006044e-01,-2.679238843772130396e-01
2.701903263950816703e-01,6.442519726422212267e-01,-2.306764917954312599e-01,-2.785843140523001638e-01,-7.216306078626480991e-01,-2.678560875257999241e-01
2.701314398635114578e-01,6.443641534207311672e-01,-2.305126997918912901e-01,-2.785376223779229554e-01,-7.216821751065592982e-01,-2.677917819176457992e-01
2.700722876133452299e-01,6.444762112726639680e-01,-2.303492508960701679e-01,-2.784943174092592844e-01,-7.217344981368588597e-01,-2.677304969537931401e-01
2.700129039769074701e-01,6.445881677625346917e-01,-2.301860897493487601e-01,-2.784539457307038113e-01,-7.217874894824785059e-01,-2.676718294575176627e-01
2.699533194754854537e-01,6.447000392167796523e-01,-2.300231724498145169e-01,-2.784161153073588246e-01,-7.218410661154606167e-01,-2.676154315089859792e-01
2.698935609305710415e-01,6.448118389333906686e-01,-2.298604623767510347e-01,-2.783804869828426787e-01,-7.218951534746523846e-01,-2.675610019750584989e-01
2.698336517894248665e-01,6.449235781280604485e-01,-2.296979282806649314e-01,-2.783467672439038920e-01,-7.219496859976807235e-01,-2.675082799190350857e-01
2.697736124953517001e-01,6.450352664076732800e-01,-2.295355432363556103e-01,-2.783147020171613528e-01,-7.220046065233832744e-01,-2.674570391369410771e-01
2.694697312577017945e-01,6.445031106307173019e-01,-2.306717770672589984e-01,-2.845352851602211963e-01,-7.223213482185446566e-01,-2.728837802467826146e-01
2.694116641486314356e-01,6.446209356317421646e-01,-2.304972649075620883e-01,-2.844524297792698220e-01,-7.223801515273530205e-01,-2.727849942668025829e-01
2.693537286234323203e-01,6.447351335568388686e-01,-2.303294706690110216e-01,-2.843780416935311472e-01,-7.224306069658541496e-01,-2.726959108798981957e-01
2.692955266727991015e-01,6.448478826225116922e-01,-2.301645001820874226e-01,-2.843108015826399937e-01,-7.224789898804070409e-01,-2.726139392397706196e-01
2.692369551379545367e-01,6.449599859775169142e-01,-2.300008981199592739e-01,-2.842496823985534715e-01,-7.225274333253837167e-01,-2.725376684032197461e-01
2.691780122334189729e-01,6.450717498763459679e-01,-2.298380928195276063e-01,-2.841938374246261723e-01,-7.225765977999877299e-01,-2.724661747436883941e-01
2.691187283614562831e-01,6.451832996525342923e-01,-2.296758364686539156e-01,-2.841425496186996691e-01,-7.226266287033791258e-01,-2.723987647396172163e-01
2.690591416756048515e-01,6.452946935852196253e-01,-2.295140031429565575e-01,-2.840952044599055482e-01,-7.226774985648836136e-01,-2.723348753544049816e-01
2.689992897174690589e-01,6.454059640902402029e-01,-2.293525155340443711e-01,-2.840512725104304970e-01,-7.227291284077742572e-01,-2.722740319788881092e-01
2.689392067978514378e-01,6.455171327574922291e-01,-2.291913180080930867e-01,-2.840102965593561679e-01,-7.227814299524712993e-01,-2.722158278596345515e-01
2.688789234145370632e-01,6.456282159576716140e-01,-2.290303663845927873e-01,-2.839718813168253808e-01,-7.228343195581369285e-01,-2.721599119650761067e-01
2.688184663608013669e-01,6.457392270345287955e-01,-2.288696237904701558e-01,-2.839356848286210266e-01,-7.228877221726135449e-01,-2.721059804867244081e-01
2.687578590516460086e-01,6.458501772462469370e-01,-2.287090587552282894e-01,-2.839014111762843684e-01,-7.229415718316709594e-01,-2.720537701955594301e-01
2.686971218967404429e-01,6.459610762367020698e-01,-2.285486441638573119e-01,-2.838688042173833637e-01,-7.229958110394234527e-01,-2.720030529299506394e-01
2.684100117636411542e-01,6.453795824633650202e-01,-2.297720151947189871e-01,-2.901537751248269292e-01,-7.231872322399630626e-01,-2.775063570745918695e-01
2.683511780508346378e-01,6.454964389115268597e-01,-2.295997843298683005e-01,-2.900699036930105001e-01,-7.232450331118270848e-01,-2.774078568715408477e-01
2.682924895456963998e-01,6.456097046651313454e-01,-2.294342023565576760e-01,-2.899945914029799510e-01,-7.232946089924577882e-01,-2.773190369356110518e-01
2.682335399303609758e-01,6.457215339044812819e-01,-2.292714227039420738e-01,-2.899264934588919318e-01,-7.233421618137246822e-01,-2.772373532355715819e-01
2.681742230935089122e-01,6.458327212685046614e-01,-2.291100066191831541e-01,-2.898645689853742158e-01,-7.233897974532225161e-01,-2.771614069004276204e-01
2.681145361974128782e-01,6.459435700405938841e-01,-2.289493879836361212e-01,-2.898079622583086823e-01,-7.234381659180094681e-01,-2.770902745994111571e-01
2.680545092593074052e-01,6.460542045526587174e-01,-2.287893206427519255e-01,-2.897559495049307765e-01,-7.234874082051758748e-01,-2.770232594798971992e-01
2.679941802736856005e-01,6.461646827793756653e-01,-2.286296789865462920e-01,-2.897079107732308256e-01,-7.235374947297631421e-01,-2.769597943721616717e-01
2.679335866959442480e-01,6.462750370743148842e-01,-2.284703855819767981e-01,-2.896633120790473859e-01,-7.235883453080047545e-01,-2.768994006769999183e-01
2.678727627737049199e-01,6.463852890451342592e-01,-2.283113845482374060e-01,-2.896216923407496924e-01,-7.236398708515298095e-01,-2.768416680701862864e-01
2.678117389466379561e-01,6.464954551038792907e-01,-2.281526314435532721e-01,-2.895826529553441331e-01,-7.236919871162663664e-01,-2.767862424092021323e-01
2.677505419519718988e-01,6.466055486387455309e-01,-2.279940891544685322e-01,-2.895458491253637967e-01,-7.237446185704863311e-01,-2.767328172093677097e-01
2.676891951493666211e-01,6.467155809495733765e-01,-2.278357259989949590e-01,-2.895109824930727216e-01,-7.237976988585050897e-01,-2.766811269452461031e-01
2.676277188954524489e-01,6.468255617168775506e-01,-2.276775146797540561e-01,-2.894777948218488217e-01,-7.238511701595519154e-01,-2.766309414926535482e-01
2.673600083787247561e-01,6.461948299745022828e-01,-2.289869499514032847e-01,-2.958335479848410721e-01,-7.239149321055448061e-01,-2.822076569103698085e-01
2.673003545445800655e-01,6.463105472535322082e-01,-2.288173066211079687e-01,-2.957486031846757180e-01,-7.239715997735001185e-01,-2.821094554726628623e-01
2.672408589736112172e-01,6.464227161204134653e-01,-2.286542328123278567e-01,-2.956723109234604130e-01,-7.240201819188928356e-01,-2.820209085920832859e-01
2.671811078286791541e-01,6.465334629609654771e-01,-2.284939359890311439e-01,-2.956033010437869590e-01,-7.240667963959829256e-01,-2.819395213377000053e-01
2.671209922435683337e-01,6.466435725292921655e-01,-2.283349963617784251e-01,-2.955405186483184288e-01,-7.241135180224109735e-01,-2.818639077624882083e-01
2.670605083317590944e-01,6.467533446341552361e-01,-2.281768542564748814e-01,-2.954830987493441974e-01,-7.241609849078014527e-01,-2.817931451545351296e-01
2.669996856694750731e-01,6.468629024235146296e-01,-2.280192655229555110e-01,-2.954303106148695734e-01,-7.242093331522183597e-01,-2.817265334364493223e-01
2.669385620300799289e-01,6.469723035005313649e-01,-2.278621050076176102e-01,-2.953815286663373230e-01,-7.242585308860303162e-01,-2.816635013407089994e-01
2.668771747263697369e-01,6.470815801323049898e-01,-2.277052952157760102e-01,-2.953362142160700365e-01,-7.243084966666004654e-01,-2.816035662782016002e-01
2.668155578946863615e-01,6.471907539359950112e-01,-2.275487800511657166e-01,-2.952939021883280724e-01,-7.243591405872176203e-01,-2.815463143390627421e-01
2.667537418784348691e-01,6.472998413613402224e-01,-2.273925148303207189e-01,-2.952541905678202627e-01,-7.244103778017146889e-01,-2.814913882551067226e-01
2.666917533273451824e-01,6.474088558402429916e-01,-2.272364622113568766e-01,-2.952167316359967097e-01,-7.244621323064109886e-01,-2.814384788447734098e-01
2.666296155219912145e-01,6.475178087133773852e-01,-2.270805903098727652e-01,-2.951812245297433246e-01,-7.245143373602324077e-01,-2.813873182714464738e-01
2.665673487456221569e-01,6.476267096977715854e-01,-2.269248716530533616e-01,-2.951474088686008579e-01,-7.245669348239920371e-01,-2.813376744299359578e-01
2.663221598530924328e-01,6.469469659163776809e-01,-2.283189571769746740e-01,-3.015824244913472563e-01,-7.245003144332973211e-01,-2.869842364104099874e-01
2.662616205523400947e-01,6.470613287851357809e-01,-2.281522848078313959e-01,-3.014963333482292285e-01,-7.245556855901290616e-01,-2.868863477233177250e-01
2.662012518181450793e-01,6.471721927690515797e-01,-2.279920898269294782e-01,-3.014189905064901254e-01,-7.246031315735833589e-01,-2.867980839924194614e-01
2.661406332678910580e-01,6.472816518372590533e-01,-2.278346417092654286e-01,-3.013490005848366016e-01,-7.246486728161934954e-01,-2.867170021969490668e-01
2.660796535245369965e-01,6.473904791715875406e-01,-2.276785425824743858e-01,-3.012852943818647433e-01,-7.246943482142382820e-01,-2.866417303474650402e-01
2.660183076555330262e-01,6.474989704909417387e-01,-2.275232403251291335e-01,-3.012269972875529778e-01,-7.247407822167253322e-01,-2.865713467100728384e-01
2.659566247340101608e-01,6.476072475342535828e-01,-2.273684932185602303e-01,-3.011733712709959709e-01,-7.247881053895636194e-01,-2.865051481015913337e-01
2.658946422374088847e-01,6.477153674521688442e-01,-2.272141767375760735e-01,-3.011237848466983835e-01,-7.248362833546656558e-01,-2.864425591696231899e-01
2.658323972707869465e-01,6.478233623957214693e-01,-2.270602134010960838e-01,-3.010776943902266356e-01,-7.248852333334045994e-01,-2.863830933176407245e-01
2.657699238051984825e-01,6.479312539806029170e-01,-2.269065469350880493e-01,-3.010346306448339893e-01,-7.249348645753630471e-01,-2.863263330191094247e-01
2.657072520440152408e-01,6.480390586911611850e-01,-2.267531324341422461e-01,-3.009941880327133834e-01,-7.249850916283311353e-01,-2.862719178409802723e-01
2.656444085146686396e-01,6.481467900014828976e-01,-2.265999323418428357e-01,-3.009560157938809821e-01,-7.250358380158933302e-01,-2.862195358681580148e-01
2.655814163904269831e-01,6.482544592929062599e-01,-2.264469145806469186e-01,-3.009198104641693239e-01,-7.250870366138145728e-01,-2.861689169158498358e-01
2.655182958600320053e-01,6.483620763186859204e-01,-2.262940515089935656e-01,-3.008853094376663373e-01,-7.251386289661708728e-01,-2.861198268662287769e-01
2.652994570614735648e-01,6.476333017511679557e-01,-2.277716481272465954e-01,-3.074106167808088874e-01,-7.249373829921613721e-01,-2.918324206552166955e-01
2.652379550900881844e-01,6.477460395630003642e-01,-2.276084253450824380e-01,-3.073232886527468288e-01,-7.249912536823145404e-01,-2.917348605443530474e-01
2.651766349938404210e-01,6.478553369414589147e-01,-2.274515720370638705e-01,-3.072448078788824199e-01,-7.250373857738718897e-01,-2.916468912851517548e-01
2.651150710530611465e-01,6.479632497406185854e-01,-2.272974295813561252e-01,-3.071737540602169636e-01,-7.250816855958810425e-01,-2.915661252065998021e-01
2.650531496860988878e-01,6.480705374917554717e-01,-2.271446256793325236e-01,-3.071090433146823617e-01,-7.251261500406880334e-01,-2.914912055157987125e-01
2.649908649251244697e-01,6.481774910665444311e-01,-2.269926171297391715e-01,-3.070497909139389137e-01,-7.251713876818777216e-01,-2.914212118832286702e-01
2.649282452651281483e-01,6.482842305188919463e-01,-2.268411651708946153e-01,-3.069952510707731341e-01,-7.252175227439614513e-01,-2.913554381343339550e-01
2.648653278015104529e-01,6.483908124462768319e-01,-2.266901461169275878e-01,-3.069447860015682150e-01,-7.252645180453675122e-01,-2.912933048350144771e-01
2.648021493545064109e-01,6.484972688471615232e-01,-2.265394825915860166e-01,-3.068978468252244740e-01,-7.253122893629443402e-01,-2.912343213374330442e-01
2.647387436660461058e-01,6.486036213230012004e-01,-2.263891181866083402e-01,-3.068539598455530815e-01,-7.253607450626319286e-01,-2.911780664398119223e-01
2.646751407490118280e-01,6.487098863880275124e-01,-2.262390077988232218e-01,-3.068127157126713245e-01,-7.254097990693750830e-01,-2.911241764831462575e-01
2.646113669698004212e-01,6.488160775571030214e-01,-2.260891136711108140e-01,-3.067737604522655093e-01,-7.254593744270709799e-01,-2.910723367599031830e-01
2.645474453630241030e-01,6.489222062520103584e-01,-2.259394035422745695e-01,-3.067367878611362286e-01,-7.255094036245721689e-01,-2.910222746797269666e-01
2.644833959981396365e-01,6.490282822625101922e-01,-2.257898496084585205e-01,-3.067015329953952651e-01,-7.255598278869980211e-01,-2.909737540595398464e-01
2.642956749073229195e-01,6.482496761825167209e-01,-2.273510088566276788e-01,-3.133311025586151266e-01,-7.252166284182295364e-01,-2.967486073242757705e-01
2.642331237860026660e-01,6.483604533908614576e-01,-2.271918247218503994e-01,-3.132424286971963179e-01,-7.252687465961713542e-01,-2.966513942180332708e-01
2.641707645272484140e-01,6.484678595279275148e-01,-2.270388828221187316e-01,-3.131627055481948640e-01,-7.253133452823870009e-01,-2.965637327185354222e-01
2.641081675840143972e-01,6.485739053614592020e-01,-2.268886085826847254e-01,-3.130904880056951667e-01,-7.253561960794709940e-01,-2.964832946295149485e-01
2.640452175600980222e-01,6.486793342339775004e-01,-2.267396597560563387e-01,-3.130246770274449641e-01,-7.253992463590910322e-01,-2.964087398272599594e-01
2.639819074724860104e-01,6.487844312439360328e-01,-2.265915037362672968e-01,-3.129643771312462519e-01,-7.254430860691455374e-01,-2.963391498739207930e-01
2.639182651535302293e-01,6.488893144229004317e-01,-2.264439053588136463e-01,-3.129088341738564538e-01,-7.254878320829719618e-01,-2.962738157194033106e-01
2.638543272160153164e-01,6.489940396918457699e-01,-2.262967420333280855e-01,-3.128574035624981931e-01,-7.255334440381349115e-01,-2.962121538269135712e-01
2.637901301043372171e-01,6.490986388517169248e-01,-2.261499365986871790e-01,-3.128095307410206916e-01,-7.255798361211751590e-01,-2.961536694244612522e-01
2.637257072585675322e-01,6.492031334732218939e-01,-2.260034325640624953e-01,-3.127647372285802252e-01,-7.256269157535716330e-01,-2.960979375486783582e-01
2.636610884431056512e-01,6.493075400946900499e-01,-2.258571846557906881e-01,-3.127226096240880437e-01,-7.256745962088483326e-01,-2.960445912247564038e-01
2.635962998170577332e-01,6.494118722701238688e-01,-2.257111549321001720e-01,-3.126827905142648412e-01,-7.257228000355117059e-01,-2.959933128637497468e-01
2.635313642423620095e-01,6.495161414612742323e-01,-2.255653109574660975e-01,-3.126449707672647182e-01,-7.257714593247832635e-01,-2.959438273910312556e-01
2.634663016417090886e-01,6.496203574946336490e-01,-2.254196247720760549e-01,-3.126088829485865750e-01,-7.258205149748320206e-01,-2.958958964824597859e-01
2.633820167218441921e-01,6.488222198924871176e-01,-2.269732575132210051e-01,-3.184597370696238827e-01,-7.251247024189194645e-01,-3.009252042506986302e-01
2.633095961636266469e-01,6.489262116604379571e-01,-2.268313876673888896e-01,-3.184907791199861338e-01,-7.252012864611077081e-01,-3.009359497572013931e-01
2.632385001828673743e-01,6.490275295633347596e-01,-2.266938986309016413e-01,-3.185145037868719053e-01,-7.252671180930383432e-01,-3.009418430246130760e-01
2.631681576025944880e-01,6.491280347583052723e-01,-2.265575673301716275e-01,-3.185316707108177270e-01,-7.253282326493025733e-01,-3.009425298995182518e-01
2.630983288593923275e-01,6.492283769651245873e-01,-2.264212884826158345e-01,-3.185430867791683163e-01,-7.253869145830634801e-01,-3.009383453626696125e-01
2.630288974437633986e-01,6.493287731128053464e-01,-2.262847111354971685e-01,-3.185495025197035424e-01,-7.254440848520585794e-01,-3.009298107293165714e-01
2.629597946299549460e-01,6.494292868282970366e-01,-2.261477494116311826e-01,-3.185515852027485662e-01,-7.255001610523954536e-01,-3.009174610646681014e-01
2.628909720962888663e-01,6.495299285756538366e-01,-2.260104074242283156e-01,-3.185499179565179362e-01,-7.255553683089608352e-01,-3.009017901886338331e-01
2.628223917506840590e-01,6.496306913817766482e-01,-2.258727170291880970e-01,-3.185450069714401700e-01,-7.256098525332991267e-01,-3.008832370019751123e-01
2.627540217589855454e-01,6.497315634506259929e-01,-2.257347160452296830e-01,-3.185372905252924491e-01,-7.256637224620355875e-01,-3.008621858684766281e-01
2.626858348261243981e-01,6.498325325017545451e-01,-2.255964409453037611e-01,-3.185271477489867720e-01,-7.257170659247074163e-01,-3.008389713597043880e-01
2.626178073058910156e-01,6.499335871620833815e-01,-2.254579246859463038e-01,-3.185149065415451286e-01,-7.257699566985736928e-01,-3.008138839538326836e-01
2.625499186424727349e-01,6.500347173204061857e-01,-2.253191963222795913e-01,-3.185008504935505913e-01,-7.258224578466895283e-01,-3.007871755672980041e-01
2.624821509499774552e-01,6.501359141294041910e-01,-2.251802812167167656e-01,-3.184852249052018691e-01,-7.258746236763741200e-01,-3.007590645574310106e-01
2.624319146742826181e-01,6.492765859244916671e-01,-2.268391088541890088e-01,-3.245964807382678563e-01,-7.250321416799483387e-01,-3.059539096696587412e-01
2.623582917291007455e-01,6.493776712095025161e-01,-2.267030010044736033e-01,-3.246286079717551898e-01,-7.251067565026557693e-01,-3.059672726660946362e-01
2.622859897270214402e-01,6.494761901655136116e-01,-2.265710711134723832e-01,-3.246531423161325147e-01,-7.251708630979744052e-01,-3.059754340091633829e-01
2.622144413176760169e-01,6.495739387990581148e-01,-2.264402154443243276e-01,-3.246708787226919024e-01,-7.252303145852854183e-01,-3.059781482585725576e-01
2.621434085119218049e-01,6.496715428091659472e-01,-2.263093730771075507e-01,-3.246826571100900893e-01,-7.252873332304832221e-01,-3.059758047406387349e-01
2.620727754181346181e-01,6.497692100154125461e-01,-2.261782102285039564e-01,-3.246892571517508985e-01,-7.253428206515845078e-01,-3.059689575910632398e-01
2.620024734932518418e-01,6.498670003734642320e-01,-2.260466482562590584e-01,-3.246913713028524162e-01,-7.253971901389000276e-01,-3.059581652322937440e-01
2.619324543874521072e-01,6.499649226872440400e-01,-2.259146948116610432e-01,-3.246896042919758529e-01,-7.254506675610233879e-01,-3.059439399330280973e-01
2.618626798753326823e-01,6.500629690923324100e-01,-2.257823838494703583e-01,-3.246844807921676623e-01,-7.255034010727291482e-01,-3.059267359595859159e-01
2.617931179368948591e-01,6.501611272165619404e-01,-2.256497546722639469e-01,-3.246764548949126472e-01,-7.255555019172373887e-01,-3.059069507817083200e-01
2.617237410659840058e-01,6.502593843505818372e-01,-2.255168449288016408e-01,-3.246659192769337232e-01,-7.256070602875247522e-01,-3.058849302557564154e-01
2.616545254014870370e-01,6.503577287743884661e-01,-2.253836885606948226e-01,-3.246532134403227188e-01,-7.256581520680475128e-01,-3.058609746190677492e-01
2.615854501765345064e-01,6.504561500852753531e-01,-2.252503154695131293e-01,-3.246386309296467876e-01,-7.257088421616862961e-01,-3.058353442342616191e-01
2.615164973043814789e-01,6.505546391867909062e-01,-2.251167517517909666e-01,-3.246224255914834655e-01,-7.257591864685883909e-01,-3.058082647705818724e-01
2.615184628469600647e-01,6.496306608081938716e-01,-2.268799141336684533e-01,-3.308906079015812574e-01,-7.247125076608585958e-01,-3.110541426975010348e-01
2.614437011145240852e-01,6.497283654206961190e-01,-2.267503159136711188e-01,-3.309224623123434572e-01,-7.247844683409165878e-01,-3.110689932348741360e-01
2.613702353954819868e-01,6.498236208307228701e-01,-2.266246849106426375e-01,-3.309466145221047206e-01,-7.248462539105131608e-01,-3.110784449035560728e-01
2.612975079171957482e-01,6.499181482605890237e-01,-2.265000519427647629e-01,-3.309638756468614162e-01,-7.249034982946461758e-01,-3.110823445690922839e-01
2.612252854797464385e-01,6.500125463875835452e-01,-2.263754045334630538e-01,-3.309751002613653403e-01,-7.249583455722347081e-01,-3.110811190067676035e-01
2.611534549317522380e-01,6.501070132496123977e-01,-2.262504263304011554e-01,-3.309810805774480724e-01,-7.250116699502839879e-01,-3.110753396028063111e-01
2.610819494982996036e-01,6.502016052415259262e-01,-2.261250449813462238e-01,-3.309825195539943810e-01,-7.250638755084098941e-01,-3.110655743442947152e-01
2.610107220691493257e-01,6.502963298506475587e-01,-2.259992704446426026e-01,-3.309800306728972186e-01,-7.251151853600081854e-01,-3.110523419068475515e-01
2.609397353374920958e-01,6.503911787063491046e-01,-2.258731375653298401e-01,-3.309741458896905963e-01,-7.251657471404586719e-01,-3.110361014774103428e-01
2.608689579832013661e-01,6.504861392241082507e-01,-2.257466860383211538e-01,-3.309653253724354482e-01,-7.252156723008670314e-01,-3.110172545858902460e-01
2.607983630452567203e-01,6.505811985903398043e-01,-2.256199537290471679e-01,-3.309539668747368268e-01,-7.252650514394722858e-01,-3.109961505527908954e-01
2.607279270907597035e-01,6.506763450225755419e-01,-2.254929747330810252e-01,-3.309404141567853230e-01,-7.253139608633893953e-01,-3.109730926059159906e-01
2.606576296933517667e-01,6.507715680730250529e-01,-2.253657790807125916e-01,-3.309249643409819530e-01,-7.253624658586316221e-01,-3.109483437008894180e-01
2.605874530396288247e-01,6.508668586090269326e-01,-2.252383929831968112e-01,-3.309078742859548061e-01,-7.254106226569451144e-01,-3.109221317570482479e-01
2.606516098546597382e-01,6.498662459190439611e-01,-2.271250769025015270e-01,-3.373538543109306231e-01,-7.241181915655474644e-01,-3.162195052845092613e-01
2.605757124572411487e-01,6.499600358703290226e-01,-2.270028847734152366e-01,-3.373854470131696925e-01,-7.241870998667278014e-01,-3.162359313133150107e-01
2.605010782239884914e-01,6.500515105994273402e-01,-2.268844209071654017e-01,-3.374092136308261547e-01,-7.242462170024606127e-01,-3.162467510211181554e-01
2.604271631017747723e-01,6.501423055804311790e-01,-2.267668692355082061e-01,-3.374259867562545145e-01,-7.243009247420514329e-01,-3.162519086398023482e-01
2.603537403751096657e-01,6.502329885515525376e-01,-2.266492722965081086e-01,-3.374366382582636437e-01,-7.243532771946824544e-01,-3.162518702946822691e-01
2.602807003984019540e-01,6.503237463818678510e-01,-2.265313334509194976e-01,-3.374419744124894649e-01,-7.244041169827231119e-01,-3.162472254057122623e-01
2.602079785574478166e-01,6.504146314234461324e-01,-2.264129873970427975e-01,-3.374427096962555606e-01,-7.244538375251630136e-01,-3.162385519122249966e-01
2.601355292150700493e-01,6.505056496863644844e-01,-2.262942466278765330e-01,-3.374394670788315453e-01,-7.245026586988019268e-01,-3.162263751465330675e-01
2.600633161354807266e-01,6.505967922452778884e-01,-2.261751469289531025e-01,-3.374327863696632845e-01,-7.245507274758743455e-01,-3.162111594078300669e-01
2.599913088091001523e-01,6.506880462928769093e-01,-2.260557283804983664e-01,-3.374231342613333018e-01,-7.245981554873799357e-01,-3.161933104570430197e-01
2.599194809007284168e-01,6.507793989126525736e-01,-2.259360290457642639e-01,-3.374109139523639445e-01,-7.246450337437357891e-01,-3.161731812307261857e-01
2.598478094691016316e-01,6.508708382633460188e-01,-2.258160831552846748e-01,-3.373964737577149209e-01,-7.246914389892181729e-01,-3.161510780886813143e-01
2.597762744772104671e-01,6.509623538563736878e-01,-2.256959208519654925e-01,-3.373801146234454706e-01,-7.247374369090611168e-01,-3.161272667072859144e-01
2.597048584232944379e-01,6.510539365264879086e-01,-2.255755684495007463e-01,-3.373620966244876285e-01,-7.247830840804664332e-01,-3.161019773702570812e-01
2.598418255389775000e-01,6.499600895851146420e-01,-2.276133802517206484e-01,-3.440059612537414435e-01,-7.231915095186858267e-01,-3.214562164519909615e-01
2.597648529552757934e-01,6.500494973582839897e-01,-2.274993640535099837e-01,-3.440373572818785641e-01,-7.232570158582232178e-01,-3.214743186527144192e-01
2.596891034662432984e-01,6.501367387549292776e-01,-2.273888123234075742e-01,-3.440607874074921302e-01,-7.233131590456720605e-01,-3.214865961328630672e-01
2.596140506413630589e-01,6.502233538170919536e-01,-2.272790783728675934e-01,-3.440771110402229827e-01,-7.233650397260282805e-01,-3.214930945067187018e-01
2.595394758046545292e-01,6.503098758987618799e-01,-2.271692655064465882e-01,-3.440872200430171723e-01,-7.234146117782157548e-01,-3.214943209950715808e-01
2.594652734921833459e-01,6.503964794861347709e-01,-2.270590987994405840e-01,-3.440919363645098539e-01,-7.234626826662292620e-01,-3.214908839690773790e-01
2.593913815832138425e-01,6.504832124683102013e-01,-2.269485206754785489e-01,-3.440919871072844471e-01,-7.235096339493168882e-01,-3.214833719155110181e-01
2.593177561039238799e-01,6.505700792389704779e-01,-2.268375463719666529e-01,-3.440880055605560761e-01,-7.235556819051690569e-01,-3.214723172826767228e-01
2.592443620124026959e-01,6.506570702758123215e-01,-2.267262126690177959e-01,-3.440805400517605861e-01,-7.236009727645016376e-01,-3.214581898658965264e-01
2.591711696957519351e-01,6.507441725386321485e-01,-2.266145600381615499e-01,-3.440700643445071538e-01,-7.236456183500241668e-01,-3.214413999900207486e-01
2.590981535100317368e-01,6.508313730079788861e-01,-2.265026267325834231e-01,-3.440569875336623173e-01,-7.236897101214530004e-01,-3.214223045026772252e-01
2.590252910550394083e-01,6.509186597863915180e-01,-2.263904471089964732e-01,-3.440416628705217361e-01,-7.237333253001314581e-01,-3.214012131540532891e-01
2.589525627227558524e-01,6.510060223466133111e-01,-2.262780514163833523e-01,-3.440243954441835617e-01,-7.237765300051081097e-01,-3.213783945715084633e-01
2.588799513532034080e-01,6.510934514922169791e-01,-2.261654660678925066e-01,-3.440054488206177319e-01,-7.238193811873918637e-01,-3.213540816048846560e-01
2.590407315500705687e-01,6.498541237546598959e-01,-2.284811630945441097e-01,-3.517664883990903602e-01,-7.220592951623058253e-01,-3.275816526721277988e-01
2.589704470470081121e-01,6.499431555736121524e-01,-2.283635292057180632e-01,-3.516750862053885096e-01,-7.220951389334060444e-01,-3.274935211642550636e-01
2.589004022796839721e-01,6.500295817979208080e-01,-2.282507317437669769e-01,-3.515922941440043359e-01,-7.221255155735000208e-01,-3.274137481917988035e-01
2.588301938782233691e-01,6.501149364569348554e-01,-2.281400604545824051e-01,-3.515166934833292012e-01,-7.221548130207990912e-01,-3.273405709974373523e-01
2.587597073234837453e-01,6.501997887416227639e-01,-2.280304907626356792e-01,-3.514472154255562919e-01,-7.221844872437306329e-01,-3.272728793370362488e-01
2.586889286739617044e-01,6.502843591475934160e-01,-2.279216094761983280e-01,-3.513829942700639197e-01,-7.222149581235687288e-01,-3.272098601040552279e-01
2.586178771095109519e-01,6.503687409112798301e-01,-2.278132285226180942e-01,-3.513233036998008596e-01,-7.222462876820467947e-01,-3.271508616331928465e-01
2.585465809323697073e-01,6.504529797461280349e-01,-2.277052456757692744e-01,-3.512675245482504982e-01,-7.222784215636862681e-01,-3.270953378747907814e-01
2.584750691979064707e-01,6.505371026933456369e-01,-2.275975939758448641e-01,-3.512151252222537323e-01,-7.223112740446501201e-01,-3.270428221363209653e-01
2.584033689539291245e-01,6.506211286836379726e-01,-2.274902230374873102e-01,-3.511656478374448054e-01,-7.223447571193971628e-01,-3.269929122171446045e-01
2.583315044876547395e-01,6.507050725097160981e-01,-2.273830918578377824e-01,-3.511186973791604049e-01,-7.223787897144321457e-01,-3.269452603345492370e-01
2.582594972773754605e-01,6.507889464125391488e-01,-2.272761658046286992e-01,-3.510739327885655792e-01,-7.224132999415796563e-01,-3.268995653735098927e-01
2.581873661839991785e-01,6.508727607900676171e-01,-2.271694151536151063e-01,-3.510310594398382555e-01,-7.224482249957654423e-01,-3.268555665173685232e-01
2.581151277059178240e-01,6.509565245744467488e-01,-2.270628142281071460e-01,-3.509898227356407219e-01,-7.224835103342868159e-01,-3.268130378306980388e-01
2.584344588767713558e-01,6.496160473854687423e-01,-2.295015960675933497e-01,-3.579278347347584210e-01,-7.200742158495677669e-01,-3.322007104485439344e-01
2.583558831197055317e-01,6.496963271092848213e-01,-2.294043662229611480e-01,-3.579578538816267086e-01,-7.201322795168982882e-01,-3.322211182052572376e-01
2.582784278876700257e-01,6.497747454664077882e-01,-2.293100706938038802e-01,-3.579797833848212263e-01,-7.201819140025580435e-01,-3.322354148778901561e-01
2.582016093683455193e-01,6.498526431666507008e-01,-2.292164133767901346e-01,-3.579945206087351561e-01,-7.202276258308980550e-01,-3.322438256908157306e-01
2.581252284912588513e-01,6.499304823533325060e-01,-2.291226218419723237e-01,-3.580029802255551008e-01,-7.202711548353755155e-01,-3.322469218605824115e-01
2.580491902015875083e-01,6.500084123436848937e-01,-2.290284643365019801e-01,-3.580059994213795060e-01,-7.203132312962829964e-01,-3.322453345899419319e-01
2.579734387902388182e-01,6.500864723457425720e-01,-2.289338975990558023e-01,-3.580043161909574612e-01,-7.203542088057655057e-01,-3.322396606693808208e-01
2.578979347222825624e-01,6.501646639323843679e-01,-2.288389410679893543e-01,-3.579985719305411318e-01,-7.203942933350795386e-01,-3.322304357847096767e-01
2.578226462721612822e-01,6.502429768103779040e-01,-2.287436322926242882e-01,-3.579893211290099964e-01,-7.204336271309605966e-01,-3.322181312367588624e-01
2.577475464153982099e-01,6.503213978588826549e-01,-2.286480114401879260e-01,-3.579770422884344661e-01,-7.204723202890135347e-01,-3.322031582734825128e-01
2.576726115785074600e-01,6.503999141890088875e-01,-2.285521161970897608e-01,-3.579621481736254829e-01,-7.205104633496075550e-01,-3.321858744624862636e-01
2.575978210418513048e-01,6.504785140812614497e-01,-2.284559803525575417e-01,-3.579449948906150980e-01,-7.205481329132151780e-01,-3.321665901862991821e-01
2.575231565742172046e-01,6.505571871800245320e-01,-2.283596336619816980e-01,-3.579258897584632337e-01,-7.205853945967507501e-01,-3.321455746465988845e-01
2.574486021523832435e-01,6.506359244405248710e-01,-2.282631021266585403e-01,-3.579050980874847188e-01,-7.206223049105662248e-01,-3.321230612156881312e-01
2.577946844278135030e-01,6.491012478405615571e-01,-2.310729629418183662e-01,-3.660839147628221490e-01,-7.179544138198277192e-01,-3.385569210171309740e-01
2.577227990203873609e-01,6.491820763503726166e-01,-2.309704653033025357e-01,-3.659894055560754533e-01,-7.179834007377984273e-01,-3.384695118995666441e-01
2.576511349324480671e-01,6.492605817287715464e-01,-2.308723060477706202e-01,-3.659037286132593159e-01,-7.180077851722319604e-01,-3.383903884277382756e-01
2.575793116170525532e-01,6.493381158562062661e-01,-2.307760976307400291e-01,-3.658254415965470630e-01,-7.180314146289060728e-01,-3.383179292775339020e-01
2.575072207813097203e-01,6.494151822772928906e-01,-2.306809317624499422e-01,-3.657534493070025983e-01,-7.180555479631937077e-01,-3.382510624533553445e-01
2.574348491021720697e-01,6.494919778449929071e-01,-2.305864370646948103e-01,-3.656868614511525339e-01,-7.180805321019400056e-01,-3.381889775674962184e-01
2.573622146649173770e-01,6.495685873063162807e-01,-2.304924403846447534e-01,-3.656249301147687092e-01,-7.181064012008346875e-01,-3.381310143090258680e-01
2.572893443071824771e-01,6.496450533562649898e-01,-2.303988446914656818e-01,-3.655670175691000945e-01,-7.181330895661608427e-01,-3.380766151449263179e-01
2.572162656824779070e-01,6.497214019949488772e-01,-2.303055847005112955e-01,-3.655125763908124159e-01,-7.181605063207063822e-01,-3.380253019776295886e-01
2.571430046154587479e-01,6.497976518262191803e-01,-2.302126104307302690e-01,-3.654611352260948021e-01,-7.181885607196880628e-01,-3.379766621937739801e-01
2.570695843601822905e-01,6.498738175723581811e-01,-2.301198808313055233e-01,-3.654122875979626262e-01,-7.182171699715014235e-01,-3.379303387976833051e-01
2.569960255315659192e-01,6.499499114937280497e-01,-2.300273610698522486e-01,-3.653656826841327199e-01,-7.182462609616322435e-01,-3.378860226309668424e-01
2.569223462686010540e-01,6.500259440370415032e-01,-2.299350211811355127e-01,-3.653210175372821888e-01,-7.182757699385529104e-01,-3.378434458909200799e-01
2.568485624663241484e-01,6.501019241895836798e-01,-2.298428352478979753e-01,-3.652780304562532332e-01,-7.183056415970342501e-01,-3.378023765956957303e-01
2.572878049312249948e-01,6.484002912113231432e-01,-2.329328324913461368e-01,-3.734404478195864630e-01,-7.151051806696592239e-01,-3.442465141987990362e-01
2.572234740349144122e-01,6.485143327786381251e-01,-2.327720714381179001e-01,-3.733548406420686971e-01,-7.151599784997394460e-01,-3.441587232122611528e-01
2.571597574355769522e-01,6.486250349080834310e-01,-2.326174077879057389e-01,-3.732782283441893889e-01,-7.152069125721717269e-01,-3.440795834764127648e-01
2.570960334501419253e-01,6.487344075620774531e-01,-2.324653126238628020e-01,-3.732090189079044773e-01,-7.152519082972005338e-01,-3.440072019376310686e-01
2.570321060982252437e-01,6.488431896521676956e-01,-2.323144696372481943e-01,-3.731460699131172176e-01,-7.152969717998038934e-01,-3.439404140696569190e-01
2.569679295738537816e-01,6.489516619256251451e-01,-2.321643622151878805e-01,-3.730884796861747565e-01,-7.153427198242883200e-01,-3.438783806159430578e-01
2.569035094054075707e-01,6.490599387906723639e-01,-2.320147660381124965e-01,-3.730355010066132015e-01,-7.153892849139796839e-01,-3.438204346817258505e-01
2.568388671264884016e-01,6.491680732264811793e-01,-2.318655665012935851e-01,-3.729865005065623462e-01,-7.154366380983318008e-01,-3.437660196579769289e-01
2.567740277819329786e-01,6.492760946263504973e-01,-2.317166926776456914e-01,-3.729409358724072865e-01,-7.154847029343255338e-01,-3.437146606420139472e-01
2.567090156393503908e-01,6.493840225635834074e-01,-2.315680931256771657e-01,-3.728983406409471790e-01,-7.155333949589980369e-01,-3.436659486627958171e-01
2.566438528471721159e-01,6.494918719010354113e-01,-2.314197267511891032e-01,-3.728583127316120183e-01,-7.155826345995881521e-01,-3.436195302049260825e-01
2.565785591425733814e-01,6.495996547749312011e-01,-2.312715591185126873e-01,-3.728205051846944507e-01,-7.156323507351558533e-01,-3.435750992515486102e-01
2.563099408775922905e-01,6.486283915239307030e-01,-2.332765255031705176e-01,-3.783153925879003676e-01,-7.142911801288669427e-01,-3.493409729853387269e-01
2.562375687826763948e-01,6.487368723811678395e-01,-2.331308885505266604e-01,-3.783503012680809463e-01,-7.143699631939108841e-01,-3.493622845472351135e-01
2.561667916430970804e-01,6.488426545983579929e-01,-2.329895722948207848e-01,-3.783778394803642420e-01,-7.144376814191224501e-01,-3.493775757536675131e-01
2.560968605435875456e-01,6.489476201513605380e-01,-2.328493636291556479e-01,-3.783986213418079614e-01,-7.145005691449246576e-01,-3.493869544793435922e-01
2.560274687069530875e-01,6.490524240358139796e-01,-2.327091691477436997e-01,-3.784134180928184765e-01,-7.145609793980775004e-01,-3.493909685819127642e-01
2.559584734177796639e-01,6.491572839433861208e-01,-2.325686475707244849e-01,-3.784229840487610130e-01,-7.146198573506098439e-01,-3.493902544033539725e-01
2.558897954817663800e-01,6.492622631109657982e-01,-2.324277202969955436e-01,-3.784280038191276674e-01,-7.146776296798891259e-01,-3.493854202965231970e-01
2.558213824732971098e-01,6.493673714304877276e-01,-2.322863968533266377e-01,-3.784290817874267354e-01,-7.147345253570956958e-01,-3.493770130389569628e-01
2.557531949705992291e-01,6.494726014235149281e-01,-2.321447131498070582e-01,-3.784267456314237554e-01,-7.147906922594610135e-01,-3.493655128278183031e-01
2.556852011176020123e-01,6.495779408971127378e-01,-2.320027100740641446e-01,-3.784214539465021732e-01,-7.148462403494467710e-01,-3.493513375388849762e-01
2.556173742556944739e-01,6.496833772707265586e-01,-2.318604264436753548e-01,-3.784136044912516650e-01,-7.149012583371177065e-01,-3.493348494821957306e-01
2.555496917127938472e-01,6.497888989482772937e-01,-2.317178970179134823e-01,-3.784035419534675371e-01,-7.149558206822841377e-01,-3.493163623255197137e-01
2.552213232903557394e-01,6.487513917902089089e-01,-2.338880452209587679e-01,-3.851302999359617618e-01,-7.137793107755310285e-01,-3.561976787209827910e-01
2.551562381552722747e-01,6.488626976127850332e-01,-2.337329445883932211e-01,-3.850437070322422217e-01,-7.138313175297701374e-01,-3.561091692698856170e-01
2.550916314058777057e-01,6.489707590418456462e-01,-2.335838284153635425e-01,-3.849659314377972819e-01,-7.138757698303611621e-01,-3.560294907002915510e-01
2.550269188778071516e-01,6.490775164710821388e-01,-2.334372775251173648e-01,-3.848954211814786253e-01,-7.139183884079316478e-01,-3.559567685675711357e-01
2.549619316698935600e-01,6.491836858587963777e-01,-2.332920056491590843e-01,-3.848310748445227802e-01,-7.139611084125722096e-01,-3.558898172987849384e-01
2.548966436687440384e-01,6.492895412519642528e-01,-2.331474999555846472e-01,-3.847720240650591150e-01,-7.140045228938469712e-01,-3.558277685133949819e-01
2.548310747693461886e-01,6.493951958180674833e-01,-2.330035322576611556e-01,-3.847175463993828259e-01,-7.140487571022046120e-01,-3.557699280161146782e-01
2.547652569932679079e-01,6.495007029691666212e-01,-2.328599826703674769e-01,-3.846670260583330836e-01,-7.140937802388392930e-01,-3.557157161823644720e-01
2.546992230325743622e-01,6.496060929165063946e-01,-2.327167754734912331e-01,-3.846199327858295103e-01,-7.141395156920646858e-01,-3.556646394241489428e-01
2.546330027202252100e-01,6.497113860278181940e-01,-2.325738553454142765e-01,-3.845758081125806860e-01,-7.141858792172020021e-01,-3.556162738052925376e-01
2.545666222410003510e-01,6.498165978294315748e-01,-2.324311781924250364e-01,-3.845342550455949637e-01,-7.142327914523297627e-01,-3.555702538602762419e-01
2.545001042492894272e-01,6.499217409829604053e-01,-2.322887073033751693e-01,-3.844949296622445223e-01,-7.142801813907903030e-01,-3.555262640203525892e-01
2.541909464834830601e-01,6.488571283020465597e-01,-2.345051045070102591e-01,-3.912096981476752000e-01,-7.129953332327401139e-01,-3.623989469246303163e-01
2.541251874597661442e-01,6.489669076449998686e-01,-2.343533007950720504e-01,-3.911226062831901773e-01,-7.130458772011276647e-01,-3.623110429166029878e-01
2.540599129380067822e-01,6.490735068021413756e-01,-2.342073635720066105e-01,-3.910443268056372768e-01,-7.130890353636466505e-01,-3.622318849759499360e-01
2.539945396730916016e-01,6.491788256684269953e-01,-2.340639464454699337e-01,-3.909732955447818292e-01,-7.131304145555679153e-01,-3.621596433866968723e-01
2.539288985982811053e-01,6.492835655416988594e-01,-2.339217896396252605e-01,-3.909084087007640429e-01,-7.131719096580811934e-01,-3.620931494251954375e-01
2.538629630622908917e-01,6.493879951299921238e-01,-2.337803901127802619e-01,-3.908487987322154522e-01,-7.132140999062527298e-01,-3.620315415317634788e-01
2.537967523177203644e-01,6.494922256253926607e-01,-2.336395234393865150e-01,-3.907937449299905830e-01,-7.132571061756867170e-01,-3.619741286916553502e-01
2.537302977475028309e-01,6.495963096780872359e-01,-2.334990713112080341e-01,-3.907426333626259907e-01,-7.133008966045679689e-01,-3.619203331177646144e-01
2.536636314464628117e-01,6.497002771770428176e-01,-2.333589587839109136e-01,-3.906949355105072685e-01,-7.133453946358544462e-01,-3.618696625344446915e-01
2.535967827034208422e-01,6.498041483286381981e-01,-2.332191310086009217e-01,-3.906501944602876475e-01,-7.133905164175746716e-01,-3.618216940805319415e-01
2.535297772146669626e-01,6.499079385591353120e-01,-2.330795442383957750e-01,-3.906080145906422052e-01,-7.134361830496047663e-01,-3.617760632332748805e-01
2.534626371994108118e-01,6.500116604553549671e-01,-2.329401620477743462e-01,-3.905680531842045666e-01,-7.134823239667688055e-01,-3.617324552712108954e-01
2.531589191997715149e-01,6.489090716832668360e-01,-2.352315692736746122e-01,-3.974937735048584275e-01,-7.121247473056162569e-01,-3.688052459139155581e-01
2.530927612921771708e-01,6.490177747192347191e-01,-2.350822018593974327e-01,-3.974043719361098903e-01,-7.121736951208268440e-01,-3.687161901757372018e-01
2.530270820131662601e-01,6.491233412083283749e-01,-2.349386292732565940e-01,-3.973240420433866715e-01,-7.122154437942150862e-01,-3.686360388515292907e-01
2.529612987055570028e-01,6.492276392657064799e-01,-2.347975612677935531e-01,-3.972511704835790525e-01,-7.122555025549986985e-01,-3.685629712148376091e-01
2.528952431421664371e-01,6.493313592438704207e-01,-2.346577568449355056e-01,-3.971846199863784954e-01,-7.122957280333083174e-01,-3.684958063198915945e-01
2.528288894503803452e-01,6.494347663678069482e-01,-2.345187184533588931e-01,-3.971234972556760279e-01,-7.123366831130184540e-01,-3.684336649317278001e-01
2.527622575382937331e-01,6.495379709762673093e-01,-2.343802225519819038e-01,-3.970670604141450233e-01,-7.123784805779477258e-01,-3.683758382780585316e-01
2.526953793211013655e-01,6.496410257570686131e-01,-2.342421502229962982e-01,-3.970146776090608398e-01,-7.124210837486056880e-01,-3.683217323850168645e-01
2.526282873246957772e-01,6.497439609071885558e-01,-2.341044255148674591e-01,-3.969658049491326390e-01,-7.124644126823622692e-01,-3.682708407339893020e-01
2.525610111854683093e-01,6.498467969949464074e-01,-2.339669925489616664e-01,-3.969199722755418769e-01,-7.125083808757823878e-01,-3.682227280980173711e-01
2.524935768825223303e-01,6.499495497906222496e-01,-2.338298066411489129e-01,-3.968767725291169612e-01,-7.125529072313646628e-01,-3.681770192800978281e-01
2.524260068645099442e-01,6.500522321872345133e-01,-2.336928305476748680e-01,-3.968358531154468349e-01,-7.125979193160395520e-01,-3.681333903609690927e-01
2.521563221440485947e-01,6.490005451547631310e-01,-2.358740850023988977e-01,-4.030896809459035834e-01,-7.111411602553007194e-01,-3.745887304988324562e-01
2.520822499511852222e-01,6.491034596916788191e-01,-2.357404342292825916e-01,-4.031195175536136932e-01,-7.112132990262793886e-01,-3.746095618091085933e-01
2.520096908956198090e-01,6.492039036681821473e-01,-2.356107251963095450e-01,-4.031423491840121498e-01,-7.112751490821070943e-01,-3.746243899298147273e-01
2.519379136647577067e-01,6.493036050129699088e-01,-2.354820163780596276e-01,-4.031586964212942603e-01,-7.113324888155594383e-01,-3.746334562842023042e-01
2.518666231198949945e-01,6.494031640720528964e-01,-2.353533085546772041e-01,-4.031692811288485889e-01,-7.113875011737788023e-01,-3.746373378915419106e-01
2.517956850993078866e-01,6.495027796863390712e-01,-2.352242910750449445e-01,-4.031748255264260283e-01,-7.114410653828157072e-01,-3.746366652749175685e-01
2.517250271249923399e-01,6.496025090600560103e-01,-2.350948934944717128e-01,-4.031759897664437542e-01,-7.114935804130985142e-01,-3.746320305726009159e-01
2.516546022506193081e-01,6.497023605787073386e-01,-2.349651257952078687e-01,-4.031733578613460045e-01,-7.115452618460993417e-01,-3.746239624907539700e-01
2.515843756133043230e-01,6.498023268018241483e-01,-2.348350219178601539e-01,-4.031674398459632602e-01,-7.115962497700205613e-01,-3.746129240983351316e-01
2.515143191949467116e-01,6.499023960530702082e-01,-2.347046202069725251e-01,-4.031586787983710285e-01,-7.116466487504994332e-01,-3.745993178743854957e-01
2.514444095867414131e-01,6.500025563749878277e-01,-2.345739569856520323e-01,-4.031474587723447023e-01,-7.116965432918692658e-01,-3.745834925528455650e-01
2.513746268825161057e-01,6.501027967741842550e-01,-2.344430647551442037e-01,-4.031341123390757564e-01,-7.117460043597063635e-01,-3.745657499214603003e-01
2.510964174731084575e-01,6.490055272569539291e-01,-2.367222224994375013e-01,-4.097876431840052347e-01,-7.102494081035742868e-01,-3.814024396185845545e-01
2.510216930332394014e-01,6.491066814738420954e-01,-2.365925362271089349e-01,-4.098203081868183606e-01,-7.103203915550063696e-01,-3.814269235680495251e-01
2.509484932394093204e-01,6.492054536000488874e-01,-2.364666176825391264e-01,-4.098455042781310453e-01,-7.103812026733170581e-01,-3.814448921185573660e-01
2.508760884749202114e-01,6.493035229167894995e-01,-2.363416147618099539e-01,-4.098638045714550482e-01,-7.104374974907449181e-01,-3.814566920625213076e-01
2.508041829521425736e-01,6.494014709898333626e-01,-2.362165637854922728e-01,-4.098759832426694394e-01,-7.104914210002820640e-01,-3.814629689592596851e-01
2.507326411620177109e-01,6.494994888867002825e-01,-2.360911696382147207e-01,-4.098828101609627295e-01,-7.105438442943363686e-01,-3.814644043794541695e-01
2.506613891788034842e-01,6.495976301718781043e-01,-2.359653697703374686e-01,-4.098849875083780403e-01,-7.105951682876165965e-01,-3.814616315781461098e-01
2.505903787080721590e-01,6.496959012086419571e-01,-2.358391789634398383e-01,-4.098831359102950711e-01,-7.106456135062875212e-01,-3.814552136701367391e-01
2.505195736928951256e-01,6.497942932202575017e-01,-2.357126345605749240e-01,-4.098777971359924277e-01,-7.106953254961774213e-01,-3.814456430194371750e-01
2.504489450797034999e-01,6.498927935289483537e-01,-2.355857775643778462e-01,-4.098694417054954964e-01,-7.107444139715691778e-01,-3.814333472364563327e-01
2.503784685674506627e-01,6.499913893693033407e-01,-2.354586464872395202e-01,-4.098584773865008857e-01,-7.107929680389168947e-01,-3.814186966803523315e-01
2.503081234850138004e-01,6.500900690732237530e-01,-2.353312756751700097e-01,-4.098452572269674077e-01,-7.108410626966505941e-01,-3.814020117769288953e-01
2.499782348623053874e-01,6.489212983294091464e-01,-2.377839688242440186e-01,-4.176716289179616126e-01,-7.094623792067851209e-01,-3.893221372294765614e-01
2.499101999616130942e-01,6.490249989019556409e-01,-2.376457939624762039e-01,-4.175812643228846155e-01,-7.095061406514547864e-01,-3.892354614537465451e-01
2.498426666827045506e-01,6.491257846397342490e-01,-2.375129998625558070e-01,-4.174998993878087372e-01,-7.095432796989601387e-01,-3.891573527937066124e-01
2.497750584590546774e-01,6.492253859567521657e-01,-2.373825454506171551e-01,-4.174258934425118528e-01,-7.095789134656294017e-01,-3.890861387208179867e-01
2.497072065431664711e-01,6.493244427235277394e-01,-2.372532821053437990e-01,-4.173581076778050680e-01,-7.096147592512699331e-01,-3.890206996289714003e-01
2.496390824214271276e-01,6.494232014241982931e-01,-2.371247474752937456e-01,-4.172956555570100368e-01,-7.096513321133199881e-01,-3.889601853908126183e-01
2.495707029008830680e-01,6.495217652299365430e-01,-2.369967322610622151e-01,-4.172378041445257701e-01,-7.096887298863228111e-01,-3.889039039109753459e-01
2.495020969178894099e-01,6.496201839019541957e-01,-2.368691240048214908e-01,-4.171839306106637224e-01,-7.097269125519481969e-01,-3.888512726959481580e-01
2.494332943177485495e-01,6.497184862852399823e-01,-2.367418502368346944e-01,-4.171334994894992376e-01,-7.097658007591788332e-01,-3.888017941983914483e-01
2.493643223861065905e-01,6.498166921986524569e-01,-2.366148573432082236e-01,-4.170860482635362354e-01,-7.098053097766516828e-01,-3.887550407012428932e-01
2.492952050588685964e-01,6.499148169109090212e-01,-2.364881023417739758e-01,-4.170411767268554781e-01,-7.098453604997104760e-01,-3.887106434893370932e-01
2.492259630168982276e-01,6.500128729289572638e-01,-2.363615493793592981e-01,-4.169985383937906964e-01,-7.098858823882777669e-01,-3.886682843169610990e-01
2.489072642986550066e-01,6.488122236418493172e-01,-2.388757927924120561e-01,-4.249099065259381303e-01,-7.084052475581454900e-01,-3.966796775858131285e-01
2.488387355863832251e-01,6.489141741528546836e-01,-2.387415771072369242e-01,-4.248183280577859655e-01,-7.084468504720681237e-01,-3.965929013226585087e-01
2.487707016032867924e-01,6.490132854151159369e-01,-2.386126079214289097e-01,-4.247358420466376128e-01,-7.084820699474417838e-01,-3.965147035835347999e-01
2.487025919230466675e-01,6.491112384726206441e-01,-2.384859320662706395e-01,-4.246607857314196877e-01,-7.085158755979804601e-01,-3.964434436969247466e-01
2.486342400413405762e-01,6.492086554247975538e-01,-2.383604324115977113e-01,-4.245920071967930198e-01,-7.085499303716541464e-01,-3.963780074732619063e-01
2.485656181751865479e-01,6.493057764587853997e-01,-2.382356576651747937e-01,-4.245286106374613899e-01,-7.085847290176093827e-01,-3.963175416181963229e-01
2.484967432720970870e-01,6.494027025945049436e-01,-2.381114022408020170e-01,-4.244698558165357349e-01,-7.086203615233735986e-01,-3.962613485731978358e-01
2.484276441807910518e-01,6.494994829236284684e-01,-2.379875547921959655e-01,-4.244151138401871526e-01,-7.086567846097464596e-01,-3.962088402277669785e-01
2.483583505745824149e-01,6.495961461380970192e-01,-2.378640430708869602e-01,-4.243638440927317013e-01,-7.086939173772140999e-01,-3.961595139297436341e-01
2.482888895386363703e-01,6.496927120745619177e-01,-2.377408134032339970e-01,-4.243155796540770130e-01,-7.087316742127329761e-01,-3.961129375136977493e-01
2.482192848067513724e-01,6.497891960665753697e-01,-2.376178226789971148e-01,-4.242699165419121510e-01,-7.087699754089420434e-01,-3.960687384577246672e-01
2.481495568662205053e-01,6.498856106919833620e-01,-2.374950349168457597e-01,-4.242265050313035468e-01,-7.088087499613697773e-01,-3.960265952798451838e-01
2.478339301434917541e-01,6.486536655432586507e-01,-2.400754211472526101e-01,-4.324003188852148516e-01,-7.072777984815743491e-01,-4.042780711802771432e-01
2.477650009531412456e-01,6.487538316872422106e-01,-2.399452133137925935e-01,-4.323062776532733964e-01,-7.073168806522772689e-01,-4.041900534687644098e-01
2.476965496955299828e-01,6.488512314398748870e-01,-2.398201284889983353e-01,-4.322215926136669384e-01,-7.073498634648024419e-01,-4.041107804216476085e-01
2.476280142141576712e-01,6.489474954452049138e-01,-2.396973023700605387e-01,-4.321445565501298436e-01,-7.073815581851732315e-01,-4.040386220409691309e-01
2.475592315788774089e-01,6.490432280051294800e-01,-2.395756486634968152e-01,-4.320739844782254258e-01,-7.074135669332614063e-01,-4.039724513425299035e-01
2.474901757005570357e-01,6.491386633186514432e-01,-2.394547259970355724e-01,-4.320089538550387909e-01,-7.074463596664535281e-01,-4.039113961600251379e-01
2.474208644342686114e-01,6.492339006485318142e-01,-2.393343312902199149e-01,-4.319487019769663871e-01,-7.074800150783797648e-01,-4.038547399089921219e-01
2.473513271823731263e-01,6.493289888056931192e-01,-2.392143531789381328e-01,-4.318925807671407102e-01,-7.075144838133926584e-01,-4.038018771452605016e-01
2.472815939920317563e-01,6.494239566840641631e-01,-2.390947186265584279e-01,-4.318400331348494214e-01,-7.075496810553189020e-01,-4.037522899822461597e-01
2.472116922211846646e-01,6.495188244506179265e-01,-2.389753730147387012e-01,-4.317905779748285600e-01,-7.075855182846295666e-01,-4.037055330589441327e-01
2.471416458112686565e-01,6.496136077771266226e-01,-2.388562723334342330e-01,-4.317437990835752970e-01,-7.076219134543736411e-01,-4.036612224880608557e-01
2.470714754092876164e-01,6.497083195493082997e-01,-2.387373798056142415e-01,-4.316993362143901058e-01,-7.076587935985547695e-01,-4.036190270164040084e-01
2.468126288981998817e-01,6.484878172801222806e-01,-2.412706703603803016e-01,-4.391786089995005082e-01,-7.059087544473255926e-01,-4.112173643393262079e-01
2.467366684454255499e-01,6.485818829890649395e-01,-2.411567040645231641e-01,-4.392053883181937790e-01,-7.059704051456507923e-01,-4.112405474158778995e-01
2.466621116123098312e-01,6.486738660624061792e-01,-2.410460063613149018e-01,-4.392251421282211132e-01,-7.060229279618376319e-01,-4.112573163647959551e-01
2.465882682876935905e-01,6.487652445892436726e-01,-2.409360788879351400e-01,-4.392383579885009159e-01,-7.060713652228693960e-01,-4.112681464394389863e-01
2.465148627244474200e-01,6.488565280894720289e-01,-2.408260821180979727e-01,-4.392457563515779206e-01,-7.061176315409288806e-01,-4.112737048208460755e-01
2.464417713053529413e-01,6.489478825195907907e-01,-2.407157620483417193e-01,-4.392480670021410849e-01,-7.061625084593341484e-01,-4.112746593948977680e-01
2.463689282676577441e-01,6.490393532913782959e-01,-2.406050675587303456e-01,-4.392459591414846209e-01,-7.062063594336613903e-01,-4.112716197843926391e-01
2.462962915256670382e-01,6.491309446616638779e-01,-2.404940145462221568e-01,-4.392400250377453963e-01,-7.062493871228869846e-01,-4.112651242921668282e-01
2.462238300366183796e-01,6.492226478342345564e-01,-2.403826381363926845e-01,-4.392307816478497884e-01,-7.062917268652996183e-01,-4.112556421348746438e-01
2.461515189219115052e-01,6.493144507719791347e-01,-2.402709762644701375e-01,-4.392186776591681663e-01,-7.063334814115038718e-01,-4.112435801848229877e-01
2.460793374124303212e-01,6.494063415048167975e-01,-2.401590643744089537e-01,-4.392041015973480733e-01,-7.063747344860488164e-01,-4.112292905087472361e-01
2.460072678483748165e-01,6.494983091422332766e-01,-2.400469340085220893e-01,-4.391873895574276987e-01,-7.064155566329487490e-01,-4.112130774929746435e-01
2.457590314640260565e-01,6.482728993808698492e-01,-2.425936491145525009e-01,-4.469524912115031001e-01,-7.046903007882893144e-01,-4.190077478087238516e-01
2.456826833904605101e-01,6.483648469271515724e-01,-2.424842403162414117e-01,-4.469804050474239232e-01,-7.047499850802186883e-01,-4.190329017611218454e-01
2.456077224637171486e-01,6.484548047506801804e-01,-2.423779308631952289e-01,-4.470010500946661747e-01,-7.048007542654001201e-01,-4.190513547644624248e-01
2.455334686480867279e-01,6.485441949639122461e-01,-2.422723225635247113e-01,-4.470149441945172608e-01,-7.048474925158814131e-01,-4.190636555148141151e-01
2.454596500850834417e-01,6.486335061506791622e-01,-2.421666135665578312e-01,-4.470228367157441651e-01,-7.048920597603450799e-01,-4.190705129888541713e-01
2.453861446697736814e-01,6.487228962242066466e-01,-2.420605645405534967e-01,-4.470254831646310323e-01,-7.049352203438308262e-01,-4.190726233350944852e-01
2.453128872323181442e-01,6.488124073248345836e-01,-2.419541305059917380e-01,-4.470235750773243200e-01,-7.049773338568344760e-01,-4.190706177311214198e-01
2.452398359189880694e-01,6.489020422287562484e-01,-2.418473302794924007e-01,-4.470177239543848269e-01,-7.050186036261525402e-01,-4.190650520371452803e-01
2.451669597751046925e-01,6.489917913533617133e-01,-2.417402006382951829e-01,-4.470084632621637022e-01,-7.050591670180641479e-01,-4.190564102263945045e-01
2.450942339504934009e-01,6.490816421633243127e-01,-2.416327806264638167e-01,-4.469962558495549909e-01,-7.050991290536046119e-01,-4.190451117448987794e-01
2.450216376785846473e-01,6.491715823250336914e-01,-2.415251065300317024e-01,-4.469815023900244322e-01,-7.051385755967051194e-01,-4.190315194345826111e-01
2.449491532916086844e-01,6.492616006591268585e-01,-2.414172105753978614e-01,-4.469645493978161022e-01,-7.051775790954155632e-01,-4.190159469376390500e-01
2.448767656383883939e-01,6.493516873306258708e-01,-2.413091208924063036e-01,-4.469456964313539005e-01,-7.052162015223107927e-01,-4.189986652833668224e-01
2.447375982005063899e-01,6.480639525425153646e-01,-2.439005048549129084e-01,-4.547072530240584554e-01,-7.034749918521172596e-01,-4.266633588421723244e-01
2.446609932005046895e-01,6.481536912705500031e-01,-2.437955005852701085e-01,-4.547336473433062354e-01,-7.035322297933370717e-01,-4.266880234820544238e-01
2.445857365037761577e-01,6.482415193455235425e-01,-2.436934654924539645e-01,-4.547528888714444939e-01,-7.035808391270090834e-01,-4.267060404789316252e-01
2.445111621360596954e-01,6.483288052539051272e-01,-2.435920951452387462e-01,-4.547654793433725251e-01,-7.036255363391898943e-01,-4.267179838219672949e-01
2.444370051270174093e-01,6.484160183980046677e-01,-2.434906204137115282e-01,-4.547721555250917591e-01,-7.036681181082856673e-01,-4.267245635053142361e-01
2.443631472701741081e-01,6.485033100702333186e-01,-2.433888125763450372e-01,-4.547736621913631150e-01,-7.037093240875913480e-01,-4.267264690816123807e-01
2.442895259487860571e-01,6.485907203309709823e-01,-2.432866293836638827e-01,-4.547706814610143478e-01,-7.037495034934260207e-01,-4.267243233623056464e-01
2.442161011768046175e-01,6.486782514878421946e-01,-2.431840896784581707e-01,-4.547638165115486242e-01,-7.037888546802560930e-01,-4.267186740313023141e-01
2.441428434636605804e-01,6.487658940363242310e-01,-2.430812294238927640e-01,-4.547535934518445733e-01,-7.038275121589198102e-01,-4.267099976628216940e-01
2.440697291514523359e-01,6.488536356820544526e-01,-2.429780866684364549e-01,-4.547404686397871210e-01,-7.038655789910249760e-01,-4.266987071909286722e-01
2.439967384651570148e-01,6.489414643613730105e-01,-2.428746967392033662e-01,-4.547248370309531773e-01,-7.039031395199174534e-01,-4.266851597873212998e-01
2.439238545688015014e-01,6.490293691496229478e-01,-2.427710910052643944e-01,-4.547070401187938149e-01,-7.039402649319149718e-01,-4.266696641732939388e-01
2.438510630162391279e-01,6.491173404386975099e-01,-2.426672968485326098e-01,-4.546873730516245993e-01,-7.039770161196342579e-01,-4.266524871170331301e-01
2.437339808651114714e-01,6.478682234372347137e-01,-2.451859572488358507e-01,-4.630793109805542707e-01,-7.024752447166673353e-01,-4.346690153814022906e-01
2.436629902467305764e-01,6.479595270401902196e-01,-2.450740043952444047e-01,-4.629834941959636296e-01,-7.025058241666882752e-01,-4.345833768155443200e-01
2.435924775640147533e-01,6.480484139081430506e-01,-2.449665269547796342e-01,-4.628969982574853148e-01,-7.025312842693024473e-01,-4.345061252362735771e-01
2.435219088108480368e-01,6.481362974342295136e-01,-2.448610521457989242e-01,-4.628180983825320727e-01,-7.025557935449179281e-01,-4.344358107521165691e-01
2.434511273939750364e-01,6.482237016334434498e-01,-2.447566398943358812e-01,-4.627456062437759199e-01,-7.025807208635818091e-01,-4.343713771560043790e-01
2.433801059644342679e-01,6.483108307269777049e-01,-2.446529047606473828e-01,-4.626786008216866031e-01,-7.026064529980931006e-01,-4.343119828248730441e-01
2.433088588305915012e-01,6.483977725064808961e-01,-2.445496661934315197e-01,-4.626163226270645357e-01,-7.026330402150353649e-01,-4.342569265604996342e-01
2.432374114729556891e-01,6.484845711518832934e-01,-2.444468228412749189e-01,-4.625581273608369015e-01,-7.026604245423243578e-01,-4.342056122896839065e-01
2.431657902813449956e-01,6.485712534830109233e-01,-2.443443068554062014e-01,-4.625034618320378321e-01,-7.026885195713059584e-01,-4.341575288647037123e-01
2.430940193919357284e-01,6.486578385755219500e-01,-2.442420668301942821e-01,-4.624518487629963315e-01,-7.027172375616982380e-01,-4.341122363134146678e-01
2.430221199682740529e-01,6.487443414103679640e-01,-2.441400610667123772e-01,-4.624028756091980163e-01,-7.027464979395061651e-01,-4.340693553050042897e-01
2.429501102803872659e-01,6.488307743650858495e-01,-2.440382546153868903e-01,-4.623561855637099982e-01,-7.027762293153176909e-01,-4.340285585406076230e-01
2.428780060152808951e-01,6.489171479075425131e-01,-2.439366177479065090e-01,-4.623114699840407682e-01,-7.028063693228358000e-01,-4.339895635106280070e-01
2.428751608496076131e-01,6.477902004226262500e-01,-2.461676210813386612e-01,-4.699463103581766332e-01,-7.013696152227996139e-01,-4.409686299954935773e-01
2.428113822046475412e-01,6.479099815332109991e-01,-2.460025541806101501e-01,-4.698557444394035332e-01,-7.014251564399442973e-01,-4.408840269327590211e-01
2.427485314600841826e-01,6.480264296235692667e-01,-2.458435220625778406e-01,-4.697750801523754016e-01,-7.014726274901860181e-01,-4.408080939496041295e-01
2.426857917144085441e-01,6.481415528111207358e-01,-2.456870386500305536e-01,-4.697022834193261831e-01,-7.015181121391582675e-01,-4.407392431307170511e-01
2.426229046102884035e-01,6.482560857389791931e-01,-2.455318053346891849e-01,-4.696360467836798724e-01,-7.015636574450048180e-01,-4.406763646714085270e-01
2.425598056678225090e-01,6.483703070873603203e-01,-2.453773101689775415e-01,-4.695753991179885678e-01,-7.016098896763635073e-01,-4.406185936691677241e-01
2.424964952424079334e-01,6.484843308675144469e-01,-2.452233282120782620e-01,-4.695195565596696485e-01,-7.016569431561311410e-01,-4.405652167666488928e-01
2.424329932648606745e-01,6.485982104169952800e-01,-2.450697427121517336e-01,-4.694678605847715791e-01,-7.017047889806503624e-01,-4.405156300412313430e-01
2.423693236920929084e-01,6.487119756995518571e-01,-2.449164805985508675e-01,-4.694197482150363476e-01,-7.017533504264401589e-01,-4.404693163777445575e-01
2.423055094347624783e-01,6.488256468311380809e-01,-2.447634887778960266e-01,-4.693747346586152891e-01,-7.018025426613228035e-01,-4.404258308339468742e-01
2.422415709361969427e-01,6.489392391086075129e-01,-2.446107250628188068e-01,-4.693324012492391950e-01,-7.018522856932609688e-01,-4.403847897695408187e-01
2.422542868956150119e-01,6.489348996536360437e-01,-2.446119370742641796e-01,-4.691359255757521773e-01,-7.017740775531227104e-01,-4.402087458996959413e-01
2.421857679310515377e-01,6.490551734098389813e-01,-2.444485816114030097e-01,-4.691201137077515848e-01,-7.018544646677844501e-01,-4.401920002003788523e-01
2.421194832201727376e-01,6.491705842621120492e-01,-2.442935039423363430e-01,-4.691047001855374043e-01,-7.019187312955476044e-01,-4.401751120930683103e-01
2.420540105077740589e-01,6.492842948810221282e-01,-2.441412977640876059e-01,-4.690885191482660477e-01,-7.019770834102673218e-01,-4.401574427829576530e-01
2.419888449905009953e-01,6.493974267731087435e-01,-2.439900468843256287e-01,-4.690712878304036382e-01,-7.020331771724975800e-01,-4.401388621070008167e-01
2.419238071265769063e-01,6.495103762209728515e-01,-2.438390755610549132e-01,-4.690530175105109278e-01,-7.020883361413245982e-01,-4.401194083431464454e-01
2.418588324380337995e-01,6.496232819731041497e-01,-2.436881486623080628e-01,-4.690338073564502830e-01,-7.021430511314433742e-01,-4.400991688341666652e-01
2.417938970227542506e-01,6.497361914569811381e-01,-2.435371873036833723e-01,-4.690137737922786543e-01,-7.021975139006775279e-01,-4.400782388780676291e-01
2.417289912312675926e-01,6.498491198429315885e-01,-2.433861677452298644e-01,-4.689930275754464750e-01,-7.022518073213305234e-01,-4.400567082728880641e-01
2.416641104158344378e-01,6.499620710223649178e-01,-2.432350854475265334e-01,-4.689716674486220094e-01,-7.023059733771537250e-01,-4.400346575703957264e-01
2.415992517084262770e-01,6.500750450490048182e-01,-2.430839423048468950e-01,-4.689497793935454295e-01,-7.023600376716678806e-01,-4.400121576542754820e-01
2.415344129172363463e-01,6.501880407690442398e-01,-2.429327421250024044e-01,-4.689274376307719372e-01,-7.024140184259813902e-01,-4.399892703987720588e-01
2.414695921616293595e-01,6.503010567407123688e-01,-2.427814890462448860e-01,-4.689047060327817262e-01,-7.024679299152509770e-01,-4.399660496183330771e-01
2.414047877548710086e-01,6.504140915464268202e-01,-2.426301870035854069e-01,-4.688816395282288663e-01,-7.025217838891250066e-01,-4.399425420316295243e-01
2.413399981689693941e-01,6.505271438905823045e-01,-2.424788395664192742e-01,-4.688582853581593213e-01,-7.025755902464124736e-01,-4.399187881554491031e-01
2.412752220219055166e-01,6.506402126215540260e-01,-2.423274499102369417e-01,-4.688346841704643664e-01,-7.026293574158544164e-01,-4.398948231026504896e-01
2.412104580715806745e-01,6.507532967273892410e-01,-2.421760208342129683e-01,-4.688108709547827990e-01,-7.026830926094709273e-01,-4.398706772908053675e-01
2.411457052072888407e-01,6.508663953240376721e-01,-2.420245547938515984e-01,-4.687868758470807862e-01,-7.027368020142511496e-01,-4.398463770576371279e-01
2.410809624416075381e-01,6.509795076415527681e-01,-2.418730539360965937e-01,-4.687627248126829960e-01,-7.027904909457556304e-01,-4.398219452022322229e-01
2.410162289001442359e-01,6.510926330106555637e-01,-2.417215201344014019e-01,-4.687384402338273803e-01,-7.028441639751037417e-01,-4.397974014545269483e-01
2.409515038130513320e-01,6.512057708501244324e-01,-2.415699550201950985e-01,-4.687140414062894167e-01,-7.028978250355925050e-01,-4.397727628870365946e-01
2.408867865028992139e-01,6.513189206560163758e-01,-2.414183600129784779e-01,-4.686895449746893427e-01,-7.029514775140284222e-01,-4.397480442664729594e-01
2.408220763762310979e-01,6.514320819916196159e-01,-2.412667363460153092e-01,-4.686649652974484992e-01,-7.030051243277365414e-01,-4.397232583656610072e-01
2.407573729139912688e-01,6.515452544787931899e-01,-2.411150850899256293e-01,-4.686403147640788580e-01,-7.030587679906076248e-01,-4.396984162307177035e-01
2.406926756629598485e-01,6.516584377902533420e-01,-2.409634071736047878e-01,-4.686156040676804913e-01,-7.031124106693539266e-01,-4.396735274128523718e-01
2.406279842280598935e-01,6.517716316430270940e-01,-2.408117034021326208e-01,-4.685908424379867654e-01,-7.031660542324000840e-01,-4.396486001703029944e-01
2.405632982650153795e-01,6.518848357925577375e-01,-2.406599744731888202e-01,-4.685660378439243101e-01,-7.032197002911532158e-01,-4.396236416425516325e-01
2.404986174750129990e-01,6.519980500274967783e-01,-2.405082209906093671e-01,-4.685411971638687167e-01,-7.032733502355569266e-01,-4.395986580023604762e-01
2.404339415978561101e-01,6.521112741653212197e-01,-2.403564434775196101e-01,-4.685163263387476240e-01,-7.033270052645876902e-01,-4.395736545854028732e-01
2.403692704078431164e-01,6.522245080485167268e-01,-2.402046423863362368e-01,-4.684914304979300725e-01,-7.033806664129683694e-01,-4.395486360038630691e-01
2.403046037087298858e-01,6.523377515412747130e-01,-2.400528181085213597e-01,-4.684665140720429277e-01,-7.034343345738347519e-01,-4.395236062445020409e-01
2.402399413306463838e-01,6.524510045263833824e-01,-2.399009709825363212e-01,-4.684415808864871855e-01,-7.034880105177981902e-01,-4.394985687538247032e-01
2.401752831258031906e-01,6.525642669028475229e-01,-2.397491013013131889e-01,-4.684166342465150845e-01,-7.035416949099998485e-01,-4.394735265102818200e-01
2.401106289663273163e-01,6.526775385837323418e-01,-2.395972093177431150e-01,-4.683916770059181056e-01,-7.035953883248912133e-01,-4.394484820888862053e-01
2.400459787405300749e-01,6.527908194941133280e-01,-2.394452952511855470e-01,-4.683667116322612345e-01,-7.036490912579228540e-01,-4.394234377143937942e-01
2.399813323526112652e-01,6.529041095696467289e-01,-2.392933592901878015e-01,-4.683417402533088247e-01,-7.037028041374893128e-01,-4.393983953117160390e-01
2.399166897186712222e-01,6.530174087548984430e-01,-2.391414015985348640e-01,-4.683167647098550046e-01,-7.037565273328804105e-01,-4.393733565432849097e-01
2.398520507661411894e-01,6.531307170023372688e-01,-2.389894223174081900e-01,-4.682917865909212440e-01,-7.038102611632913730e-01,-4.393483228470665414e-01
2.397874154315698669e-01,6.532440342712843018e-01,-2.388374215689219870e-01,-4.682668072705158946e-01,-7.038640059045935260e-01,-4.393232954651167255e-01
2.397227836606033446e-01,6.533573605265851070e-01,-2.386853994586105310e-01,-4.682418279335049394e-01,-7.039177617942373733e-01,-4.392982754733661399e-01
2.396581554053434648e-01,6.534706957383933368e-01,-2.385333560776377038e-01,-4.682168496051135054e-01,-7.039715290379512380e-01,-4.392732638003106760e-01
2.395935306242323592e-01,6.535840398811308960e-01,-2.383812915048393044e-01,-4.681918731707817027e-01,-7.040253078132014952e-01,-4.392482612496655947e-01
2.395289092811130893e-01,6.536973929328854238e-01,-2.382292058084933273e-01,-4.681668993953611024e-01,-7.040790982729628888e-01,-4.392232685167006268e-01
2.394642913442891763e-01,6.538107548751084241e-01,-2.380770990475045423e-01,-4.681419289398776606e-01,-7.041329005496806959e-01,-4.391982862023764422e-01
2.393996767863172948e-01,6.539241256920873546e-01,-2.379249712725330923e-01,-4.681169623747047370e-01,-7.041867147579433661e-01,-4.391733148271964038e-01
2.393350655827948814e-01,6.540375053703954000e-01,-2.377728225279175933e-01,-4.680920001940272468e-01,-7.042405409962196883e-01,-4.391483548405248349e-01
2.392704577126691656e-01,6.541508938987644628e-01,-2.376206528516190686e-01,-4.680670428234839364e-01,-7.042943793498427363e-01,-4.391234066326187291e-01
2.392058531573885427e-01,6.542642912677115730e-01,-2.374684622765471098e-01,-4.680420906311351104e-01,-7.043482298924669260e-01,-4.390984705410433397e-01
2.391412519004343928e-01,6.543776974693347181e-01,-2.373162508312603169e-01,-4.680171439354450236e-01,-7.044020926877399003e-01,-4.390735468578746414e-01
2.390766539271091673e-01,6.544911124971025673e-01,-2.371640185405052559e-01,-4.679922030119569865e-01,-7.044559677907230588e-01,-4.390486358361690433e-01
2.390120592246616493e-01,6.546045363455378352e-01,-2.370117654257083428e-01,-4.679672680980442312e-01,-7.045098552487194521e-01,-4.390237376953594062e-01
2.389474677818296255e-01,6.547179690102787886e-01,-2.368594915051631944e-01,-4.679423393984181168e-01,-7.045637551029606538e-01,-4.389988526263239321e-01
2.388828795882381173e-01,6.548314104877400732e-01,-2.367071967951341060e-01,-4.679174170910709862e-01,-7.046176673887273312e-01,-4.389739807940769567e-01
2.388182946347495450e-01,6.549448607751497953e-01,-2.365548813094923153e-01,-4.678925013293823154e-01,-7.046715921367462387e-01,-4.389491223422627986e-01
2.387537129131321600e-01,6.550583198703537890e-01,-2.364025450603240708e-01,-4.678675922458911396e-01,-7.047255293735075199e-01,-4.389242773953090926e-01
2.386891344159922379e-01,6.551717877717170291e-01,-2.362501880581751867e-01,-4.678426899550683360e-01,-7.047794791217838473e-01,-4.388994460619989879e-01
2.386245591366514818e-01,6.552852644781393954e-01,-2.360978103120886240e-01,-4.678177945557824846e-01,-7.048334414014448823e-01,-4.388746284370301232e-01
2.385599870685047863e-01,6.553987499890205903e-01,-2.359454118301320680e-01,-4.677929061348044537e-01,-7.048874162298295332e-01,-4.388498246020346993e-01
2.384954182064709383e-01,6.555122443038358115e-01,-2.357929926191602577e-01,-4.677680247646389677e-01,-7.049414036213018653e-01,-4.388250346298311899e-01
2.384308525449941041e-01,6.556257474226460102e-01,-2.356405526852791699e-01,-4.677431505102248033e-01,-7.049954035888974513e-01,-4.388002585829958169e-01
2.383662900794166761e-01,6.557392593455479979e-01,-2.354880920339103845e-01,-4.677182834266049305e-01,-7.050494161433062956e-01,-4.387754965170377885e-01
2.383017308049595329e-01,6.558527800732124602e-01,-2.353356106694507177e-01,-4.676934235621043601e-01,-7.051034412947491115e-01,-4.387507484799543778e-01
2.382371747176418864e-01,6.559663096061565390e-01,-2.351831085960593148e-01,-4.676685709576040018e-01,-7.051574790511320190e-01,-4.387260145145878143e-01
2.381726218131410278e-01,6.560798479453264775e-01,-2.350305858173295237e-01,-4.676437256498876538e-01,-7.052115294199523543e-01,-4.387012946581151374e-01
2.381080720879514279e-01,6.561933950914236036e-01,-2.348780423367646253e-01,-4.676188876694943874e-01,-7.052655924066103532e-01,-4.386765889443266508e-01
2.380435255384076576e-01,6.563069510458746647e-01,-2.347254781565429049e-01,-4.675940570429624188e-01,-7.053196680175622957e-01,-4.386518974023813633e-01
2.379789821611218992e-01,6.564205158095989256e-01,-2.345728932797024879e-01,-4.675692337939234000e-01,-7.053737562565445263e-01,-4.386272200587324477e-01
2.379144419525384135e-01,6.565340893841127290e-01,-2.344202877082084968e-01,-4.675444179429442682e-01,-7.054278571282575072e-01,-4.386025569363528054e-01
2.378499049095764151e-01,6.566476717706889454e-01,-2.342676614441882854e-01,-4.675196095073803626e-01,-7.054819706358848030e-01,-4.385779080564619625e-01
2.377853710291270573e-01,6.567612629708450278e-01,-2.341150144893074658e-01,-4.674948085022835320e-01,-7.055360967826901364e-01,-4.385532734381928921e-01
2.377208403081532140e-01,6.568748629860582389e-01,-2.339623468452733113e-01,-4.674700149409918293e-01,-7.055902355712079244e-01,-4.385286530984803255e-01
2.376563127436390199e-01,6.569884718179609395e-01,-2.338096585134766536e-01,-4.674452288350968154e-01,-7.056443870039481592e-01,-4.385040470527966638e-01
2.375917883326968405e-01,6.571020894681163238e-01,-2.336569494953615600e-01,-4.674204501946276902e-01,-7.056985510827674668e-01,-4.384794553154445773e-01
2.375272670726850111e-01,6.572157159381962765e-01,-2.335042197919763307e-01,-4.673956790277036810e-01,-7.057527278095494516e-01,-4.384548778998277885e-01
2.374627489607244735e-01,6.573293512297995189e-01,-2.333514694047037208e-01,-4.673709153423408758e-01,-7.058069171855245738e-01,-4.384303148175550113e-01
2.373982339939777475e-01,6.574429953446917496e-01,-2.331986983345634701e-01,-4.673461591453342834e-01,-7.058611192121918565e-01,-4.384057660798944545e-01
2.373337221697524591e-01,6.575566482846212368e-01,-2.330459065825057352e-01,-4.673214104423774051e-01,-7.059153338907750985e-01,-4.383812316972723888e-01
2.372692134853877644e-01,6.576703100513918709e-01,-2.328930941493521367e-01,-4.672966692384120102e-01,-7.059695612224610173e-01,-4.383567116796413532e-01
2.372047079382700041e-01,6.577839806466988515e-01,-2.327402610361096469e-01,-4.672719355378667228e-01,-7.060238012079106396e-01,-4.383322060361708461e-01
2.371402055258041153e-01,6.578976600723668300e-01,-2.325874072435140660e-01,-4.672472093444393626e-01,-7.060780538480461166e-01,-4.383077147758988601e-01
2.370757062450531971e-01,6.580113483301817112e-01,-2.324345327726447252e-01,-4.672224906626399887e-01,-7.061323191434328850e-01,-4.382832379066016193e-01
2.370112100935929111e-01,6.581250454220386459e-01,-2.322816376239683345e-01,-4.671977794948252716e-01,-7.061865970950094162e-01,-4.382587754365103172e-01
2.369467170689872615e-01,6.582387513497034437e-01,-2.321287217982241635e-01,-4.671730758432257047e-01,-7.062408877031743915e-01,-4.382343273735785361e-01
2.368822271681218505e-01,6.583524661150477186e-01,-2.319757852964633160e-01,-4.671483797119414527e-01,-7.062951909684159757e-01,-4.382098937244355286e-01
2.368177403890639188e-01,6.584661897198462732e-01,-2.318228281190274076e-01,-4.671236911011813486e-01,-7.063495068911274100e-01,-4.381854744972447091e-01
2.367532567290112355e-01,6.585799221659780489e-01,-2.316698502667115245e-01,-4.670990100135519740e-01,-7.064038354717576684e-01,-4.381610696986633080e-01
2.366887761856980299e-01,6.586936634553426373e-01,-2.315168517398657755e-01,-4.670743364497891292e-01,-7.064581767108919497e-01,-4.381366793361333167e-01
2.366242987562351963e-01,6.588074135897195038e-01,-2.313638325395566409e-01,-4.670496704126921861e-01,-7.065125306085231482e-01,-4.381123034154567053e-01
2.365598244380107407e-01,6.589211725710168999e-01,-2.312107926663814483e-01,-4.670250119038152903e-01,-7.065668971650964636e-01,-4.380879419434104416e-01
2.364953532286783178e-01,6.590349404010630296e-01,-2.310577321208956980e-01,-4.670003609238219666e-01,-7.066212763808136232e-01,-4.380635949267232543e-01
2.364308851256153310e-01,6.591487170818159935e-01,-2.309046509036001837e-01,-4.669757174740665207e-01,-7.066756682562159719e-01,-4.380392623713584843e-01
2.363664201261835296e-01,6.592625026151273104e-01,-2.307515490152283744e-01,-4.669510815559059225e-01,-7.067300727914512803e-01,-4.380149442837395490e-01
2.363019582278485797e-01,6.593762970027396975e-01,-2.305984264566535158e-01,-4.669264531705744070e-01,-7.067844899863170438e-01,-4.379906406696550958e-01
2.362374994284849317e-01,6.594901002467026263e-01,-2.304452832278156282e-01,-4.669018323174468632e-01,-7.068389198417143193e-01,-4.379663515361886805e-01
2.361730437252808901e-01,6.596039123487045241e-01,-2.302921193299150016e-01,-4.668772189986115650e-01,-7.068933623571505009e-01,-4.379420768888681592e-01
2.361085911153541494e-01,6.597177333107024921e-01,-2.301389347636555727e-01,-4.668526132157519992e-01,-7.069478175329886316e-01,-4.379178167334592531e-01
2.360441415964456002e-01,6.598315631346011179e-01,-2.299857295293707971e-01,-4.668280149687752956e-01,-7.070022853695687726e-01,-4.378935710760950006e-01
2.359796951662222197e-01,6.599454018222418172e-01,-2.298325036275825073e-01,-4.668034242577742132e-01,-7.070567658669959510e-01,-4.378693399234549477e-01
2.359152518219290173e-01,6.600592493755846890e-01,-2.296792570588950533e-01,-4.667788410840900681e-01,-7.071112590256419805e-01,-4.378451232808786564e-01
2.358508115611254174e-01,6.601731057963787785e-01,-2.295259898240980534e-01,-4.667542654482761955e-01,-7.071657648452642775e-01,-4.378209211543999668e-01
2.357863743812363966e-01,6.602869710865427733e-01,-2.293727019237430664e-01,-4.667296973510641767e-01,-7.072202833261332922e-01,-4.377967335499534096e-01
2.357219402793911123e-01,6.604008452480536473e-01,-2.292193933584834586e-01,-4.667051367939116235e-01,-7.072748144686277216e-01,-4.377725604727802367e-01
2.356575092536642435e-01,6.605147282825779564e-01,-2.290660641288909671e-01,-4.666805837758589703e-01,-7.073293582723538808e-01,-4.377484019303252705e-01
2.355930813010318481e-01,6.606286201921710566e-01,-2.289127142355706634e-01,-4.666560382987138267e-01,-7.073839147379086256e-01,-4.377242579270247957e-01
2.355286564191426679e-01,6.607425209786156328e-01,-2.287593436791824364e-01,-4.666315003626288482e-01,-7.074384838651536223e-01,-4.377001284692593752e-01
2.354642346056407265e-01,6.608564306438627911e-01,-2.286059524600396187e-01,-4.666069699674147975e-01,-7.074930656545125318e-01,-4.376760135634476523e-01
2.353998158577194355e-01,6.609703491896741223e-01,-2.284525405791902330e-01,-4.665824471147219654e-01,-7.075476601056613912e-01,-4.376519132146488578e-01
2.353354001728594491e-01,6.610842766180448082e-01,-2.282991080369822512e-01,-4.665579318047519686e-01,-7.076022672191173424e-01,-4.376278274289292503e-01
2.352709875486355962e-01,6.611982129307365508e-01,-2.281456548341653789e-01,-4.665334240378354314e-01,-7.076568869946551210e-01,-4.376037562120050350e-01
2.352065779822213043e-01,6.613121581297071172e-01,-2.279921809714066105e-01,-4.665089238152223539e-01,-7.077115194325842573e-01,-4.375796995696970559e-01
2.351421714713807787e-01,6.614261122167811591e-01,-2.278386864491812325e-01,-4.664844311365476393e-01,-7.077661645329427209e-01,-4.375556575081221422e-01
2.350777680132129788e-01,6.615400751939584101e-01,-2.276851712681240980e-01,-4.664599460031947364e-01,-7.078208222961567264e-01,-4.375316300326589913e-01
2.350133676055134457e-01,6.616540470629254100e-01,-2.275316354289733667e-01,-4.664354684148946939e-01,-7.078754927218104953e-01,-4.375076171497859767e-01
2.349489702457208118e-01,6.617680278256070636e-01,-2.273780789322491780e-01,-4.664109983720428620e-01,-7.079301758101859132e-01,-4.374836188651991531e-01
2.348845759311656844e-01,6.618820174838839776e-01,-2.272245017786512222e-01,-4.663865358755385215e-01,-7.079848715613819010e-01,-4.374596351844769471e-01
2.348201846591734254e-01,6.619960160396607396e-01,-2.270709039688317832e-01,-4.663620809261934674e-01,-7.080395799755827557e-01,-4.374356661132980939e-01
2.347557964273859765e-01,6.621100234947836505e-01,-2.269172855033170788e-01,-4.663376335238572090e-01,-7.080943010528572001e-01,-4.374117116577684317e-01
2.334647070528075574e-01,6.681600260428739446e-01,-2.159243005155659367e-01,-4.684817002843950640e-01,-7.278917953258303708e-01,-4.356010810198608363e-01
