-6.429395695523603956e-15,-3.500000000000000000e+01,2.550000000000000000e+01,0.000000000000000000e+00,0.000000000000000000e+00,-1.000000000000000000e+00
-9.999986394563362135e-02,-3.499985714295432615e+01,2.550000000000000000e+01,0.000000000000000000e+00,0.000000000000000000e+00,-1.000000000000000000e+00
-1.999989115663961536e-01,-3.499942857298347576e+01,2.550000000000000000e+01,0.000000000000000000e+00,0.000000000000000000e+00,-1.000000000000000000e+00
-2.999963265440933058e-01,-3.499871429358599073e+01,2.550000000000000000e+01,0.000000000000000000e+00,0.000000000000000000e+00,-1.000000000000000000e+00
-3.999912925738519642e-01,-3.499771431059269844e+01,2.550000000000000000e+01,0.000000000000000000e+00,0.000000000000000000e+00,-1.000000000000000000e+00
-4.999829933707904406e-01,-3.499642863216674016e+01,2.550000000000000000e+01,0.000000000000000000e+00,0.000000000000000000e+00,-1.000000000000000000e+00
-5.999706126766820580e-01,-3.499485726880343606e+01,2.550000000000000000e+01,0.000000000000000000e+00,0.000000000000000000e+00,-1.000000000000000000e+00
-6.999533342666182101e-01,-3.499300023333022125e+01,2.550000000000000000e+01,0.000000000000000000e+00,0.000000000000000000e+00,-1.000000000000000000e+00
-7.999303419556718087e-01,-3.499085754090657474e+01,2.550000000000000000e+01,0.000000000000000000e+00,0.000000000000000000e+00,-1.000000000000000000e+00
-8.999008196055600095e-01,-3.498842920902384890e+01,2.550000000000000000e+01,0.000000000000000000e+00,0.000000000000000000e+00,-1.000000000000000000e+00
-9.998639511313058836e-01,-3.498571525750514155e+01,2.550000000000000000e+01,0.000000000000000000e+00,0.000000000000000000e+00,-1.000000000000000000e+00
-1.099818920507901199e+00,-3.498271570850514678e+01,2.550000000000000000e+01,0.000000000000000000e+00,0.000000000000000000e+00,-1.000000000000000000e+00
-1.199764911776966869e+00,-3.497943058650996306e+01,2.550000000000000000e+01,0.000000000000000000e+00,0.000000000000000000e+00,-1.000000000000000000e+00
-1.299701109053415626e+00,-3.497585991833689434e+01,2.550000000000000000e+01,0.000000000000000000e+00,0.000000000000000000e+00,-1.000000000000000000e+00
-1.399626696532110248e+00,-3.497200373313422972e+01,2.550000000000000000e+01,0.000000000000000000e+00,0.000000000000000000e+00,-1.000000000000000000e+00
-1.499540858494523565e+00,-3.496786206238101613e+01,2.550000000000000000e+01,0.000000000000000000e+00,0.000000000000000000e+00,-1.000000000000000000e+00
-1.599442779315399132e+00,-3.496343493988678119e+01,2.550000000000000000e+01,0.000000000000000000e+00,0.000000000000000000e+00,-1.000000000000000000e+00
-1.699331643469407460e+00,-3.495872240179127743e+01,2.550000000000000000e+01,0.000000000000000000e+00,0.000000000000000000e+00,-1.000000000000000000e+00
-1.799206635537803578e+00,-3.495372448656418385e+01,2.550000000000000000e+01,0.000000000000000000e+00,0.000000000000000000e+00,-1.000000000000000000e+00
-1.899066940215085042e+00,-3.494844123500477195e+01,2.550000000000000000e+01,0.000000000000000000e+00,0.000000000000000000e+00,-1.000000000000000000e+00
-1.998911742315645057e+00,-3.494287269024160736e+01,2.550000000000000000e+01,0.000000000000000000e+00,0.000000000000000000e+00,-1.000000000000000000e+00
-2.098740226780429818e+00,-3.493701889773215186e+01,2.550000000000000000e+01,0.000000000000000000e+00,0.000000000000000000e+00,-1.000000000000000000e+00
-2.198551578683589192e+00,-3.493087990526245079e+01,2.550000000000000000e+01,0.000000000000000000e+00,0.000000000000000000e+00,-1.000000000000000000e+00
-2.298344983239132056e+00,-3.492445576294667831e+01,2.550000000000000000e+01,0.000000000000000000e+00,0.000000000000000000e+00,-1.000000000000000000e+00
-2.398119625807574540e+00,-3.491774652322678918e+01,2.550000000000000000e+01,0.000000000000000000e+00,0.000000000000000000e+00,-1.000000000000000000e+00
-2.497874691902593369e+00,-3.491075224087204276e+01,2.550000000000000000e+01,0.000000000000000000e+00,0.000000000000000000e+00,-1.000000000000000000e+00
-2.597609367197672103e+00,-3.490347297297859086e+01,2.550000000000000000e+01,0.000000000000000000e+00,0.000000000000000000e+00,-1.000000000000000000e+00
-2.697322837532749595e+00,-3.489590877896898036e+01,2.550000000000000000e+01,0.000000000000000000e+00,0.000000000000000000e+00,-1.000000000000000000e+00
-2.797014288920867120e+00,-3.488805972059169136e+01,2.550000000000000000e+01,0.000000000000000000e+00,0.000000000000000000e+00,-1.000000000000000000e+00
-2.896682907554811504e+00,-3.487992586192063271e+01,2.550000000000000000e+01,0.000000000000000000e+00,0.000000000000000000e+00,-1.000000000000000000e+00
-2.996327879813760031e+00,-3.487150726935460199e+01,2.550000000000000000e+01,0.000000000000000000e+00,0.000000000000000000e+00,-1.000000000000000000e+00
-3.095948392269920468e+00,-3.486280401161675258e+01,2.550000000000000000e+01,0.000000000000000000e+00,0.000000000000000000e+00,-1.000000000000000000e+00
-3.195543631695173747e+00,-3.485381615975404657e+01,2.550000000000000000e+01,0.000000000000000000e+00,0.000000000000000000e+00,-1.000000000000000000e+00
-3.295112785067709549e+00,-3.484454378713665079e+01,2.550000000000000000e+01,0.000000000000000000e+00,0.000000000000000000e+00,-1.000000000000000000e+00
-3.394655039578665878e+00,-3.483498696945734707e+01,2.550000000000000000e+01,0.000000000000000000e+00,0.000000000000000000e+00,-1.000000000000000000e+00
-3.494169582638762872e+00,-3.482514578473092115e+01,2.550000000000000000e+01,0.000000000000000000e+00,0.000000000000000000e+00,-1.000000000000000000e+00
-3.593655601884935713e+00,-3.481502031329353031e+01,2.550000000000000000e+01,0.000000000000000000e+00,0.000000000000000000e+00,-1.000000000000000000e+00
-3.693112285186968435e+00,-3.480461063780201414e+01,2.550000000000000000e+01,0.000000000000000000e+00,0.000000000000000000e+00,-1.000000000000000000e+00
-3.792538820654120624e+00,-3.479391684323326928e+01,2.550000000000000000e+01,0.000000000000000000e+00,0.000000000000000000e+00,-1.000000000000000000e+00
-3.891934396641756777e+00,-3.478293901688350331e+01,2.550000000000000000e+01,0.000000000000000000e+00,0.000000000000000000e+00,-1.000000000000000000e+00
-3.991298201757972119e+00,-3.477167724836758111e+01,2.550000000000000000e+01,0.000000000000000000e+00,0.000000000000000000e+00,-1.000000000000000000e+00
-4.090629424870214415e+00,-3.476013162961823610e+01,2.550000000000000000e+01,0.000000000000000000e+00,0.000000000000000000e+00,-1.000000000000000000e+00
-4.189927255111910220e+00,-3.474830225488535262e+01,2.550000000000000000e+01,0.000000000000000000e+00,0.000000000000000000e+00,-1.000000000000000000e+00
-4.289190881889076046e+00,-3.473618922073519144e+01,2.550000000000000000e+01,0.000000000000000000e+00,0.000000000000000000e+00,-1.000000000000000000e+00
-4.388419494886942829e+00,-3.472379262604959393e+01,2.550000000000000000e+01,0.000000000000000000e+00,0.000000000000000000e+00,-1.000000000000000000e+00
-4.487612284076568869e+00,-3.471111257202518630e+01,2.550000000000000000e+01,0.000000000000000000e+00,0.000000000000000000e+00,-1.000000000000000000e+00
-4.586768439721449653e+00,-3.469814916217254108e+01,2.550000000000000000e+01,0.000000000000000000e+00,0.000000000000000000e+00,-1.000000000000000000e+00
-4.685887152384131227e+00,-3.468490250231534588e+01,2.550000000000000000e+01,0.000000000000000000e+00,0.000000000000000000e+00,-1.000000000000000000e+00
-4.784967612932814696e+00,-3.467137270058952225e+01,2.550000000000000000e+01,0.000000000000000000e+00,0.000000000000000000e+00,-1.000000000000000000e+00
-4.884009012547964268e+00,-3.465755986744234463e+01,2.550000000000000000e+01,0.000000000000000000e+00,0.000000000000000000e+00,-1.000000000000000000e+00
-4.983010542728909087e+00,-3.464346411563157346e+01,2.550000000000000000e+01,0.000000000000000000e+00,0.000000000000000000e+00,-1.000000000000000000e+00
-5.081971395300443284e+00,-3.462908556022448181e+01,2.550000000000000000e+01,0.000000000000000000e+00,0.000000000000000000e+00,-1.000000000000000000e+00
-5.180890762419419815e+00,-3.461442431859696711e+01,2.550000000000000000e+01,0.000000000000000000e+00,0.000000000000000000e+00,-1.000000000000000000e+00
-5.279767836581352292e+00,-3.459948051043254225e+01,2.550000000000000000e+01,0.000000000000000000e+00,0.000000000000000000e+00,-1.000000000000000000e+00
-5.378601810626999047e+00,-3.458425425772139050e+01,2.550000000000000000e+01,0.000000000000000000e+00,0.000000000000000000e+00,-1.000000000000000000e+00
-5.477391877748957860e+00,-3.456874568475937082e+01,2.550000000000000000e+01,0.000000000000000000e+00,0.000000000000000000e+00,-1.000000000000000000e+00
-5.576137231498251801e+00,-3.455295491814700171e+01,2.550000000000000000e+01,0.000000000000000000e+00,0.000000000000000000e+00,-1.000000000000000000e+00
-5.674837065790906188e+00,-3.453688208678840255e+01,2.550000000000000000e+01,0.000000000000000000e+00,0.000000000000000000e+00,-1.000000000000000000e+00
-5.773490574914537987e+00,-3.452052732189027751e+01,2.550000000000000000e+01,0.000000000000000000e+00,0.000000000000000000e+00,-1.000000000000000000e+00
-5.872096953534924779e+00,-3.450389075696081420e+01,2.550000000000000000e+01,0.000000000000000000e+00,0.000000000000000000e+00,-1.000000000000000000e+00
-5.970655396702587936e+00,-3.448697252780861788e+01,2.550000000000000000e+01,0.000000000000000000e+00,0.000000000000000000e+00,-1.000000000000000000e+00
-6.069165099859350931e+00,-3.446977277254158878e+01,2.550000000000000000e+01,0.000000000000000000e+00,0.000000000000000000e+00,-1.000000000000000000e+00
-6.167625258844921632e+00,-3.445229163156578522e+01,2.550000000000000000e+01,0.000000000000000000e+00,0.000000000000000000e+00,-1.000000000000000000e+00
-6.266035069903445276e+00,-3.443452924758432232e+01,2.550000000000000000e+01,0.000000000000000000e+00,0.000000000000000000e+00,-1.000000000000000000e+00
-6.364393729690072554e+00,-3.441648576559613559e+01,2.550000000000000000e+01,0.000000000000000000e+00,0.000000000000000000e+00,-1.000000000000000000e+00
-6.462700435277516142e+00,-3.439816133289487254e+01,2.550000000000000000e+01,0.000000000000000000e+00,0.000000000000000000e+00,-1.000000000000000000e+00
-6.560954384162600128e+00,-3.437955609906762078e+01,2.550000000000000000e+01,0.000000000000000000e+00,0.000000000000000000e+00,-1.000000000000000000e+00
-6.659154774272819211e+00,-3.436067021599374272e+01,2.550000000000000000e+01,0.000000000000000000e+00,0.000000000000000000e+00,-1.000000000000000000e+00
-6.757300803972881909e+00,-3.434150383784361082e+01,2.550000000000000000e+01,0.000000000000000000e+00,0.000000000000000000e+00,-1.000000000000000000e+00
-6.855391672071253772e+00,-3.432205712107734286e+01,2.550000000000000000e+01,0.000000000000000000e+00,0.000000000000000000e+00,-1.000000000000000000e+00
-6.953426577826697930e+00,-3.430233022444354418e+01,2.550000000000000000e+01,0.000000000000000000e+00,0.000000000000000000e+00,-1.000000000000000000e+00
-7.051404720954814742e+00,-3.428232330897799329e+01,2.550000000000000000e+01,0.000000000000000000e+00,0.000000000000000000e+00,-1.000000000000000000e+00
-7.149325301634572583e+00,-3.426203653800234150e+01,2.550000000000000000e+01,0.000000000000000000e+00,0.000000000000000000e+00,-1.000000000000000000e+00
-7.247187520514834169e+00,-3.424147007712277002e+01,2.550000000000000000e+01,0.000000000000000000e+00,0.000000000000000000e+00,-1.000000000000000000e+00
-7.344990578720889118e+00,-3.422062409422863283e+01,2.550000000000000000e+01,0.000000000000000000e+00,0.000000000000000000e+00,-1.000000000000000000e+00
-7.442733677860966957e+00,-3.419949875949111373e+01,2.550000000000000000e+01,0.000000000000000000e+00,0.000000000000000000e+00,-1.000000000000000000e+00
-7.540416020032760791e+00,-3.417809424536179819e+01,2.550000000000000000e+01,0.000000000000000000e+00,0.000000000000000000e+00,-1.000000000000000000e+00
-7.638036807829938546e+00,-3.415641072657130195e+01,2.550000000000000000e+01,0.000000000000000000e+00,0.000000000000000000e+00,-1.000000000000000000e+00
-7.735595244348651534e+00,-3.413444838012781446e+01,2.550000000000000000e+01,0.000000000000000000e+00,0.000000000000000000e+00,-1.000000000000000000e+00
-7.833090533194042138e+00,-3.411220738531568486e+01,2.550000000000000000e+01,0.000000000000000000e+00,0.000000000000000000e+00,-1.000000000000000000e+00
-7.930521878486742615e+00,-3.408968792369392276e+01,2.550000000000000000e+01,0.000000000000000000e+00,0.000000000000000000e+00,-1.000000000000000000e+00
-8.027888484869372121e+00,-3.406689017909474160e+01,2.550000000000000000e+01,0.000000000000000000e+00,0.000000000000000000e+00,-1.000000000000000000e+00
-8.125189557513033733e+00,-3.404381433762205944e+01,2.550000000000000000e+01,0.000000000000000000e+00,0.000000000000000000e+00,-1.000000000000000000e+00
-8.222424302123796380e+00,-3.402046058764995706e+01,2.550000000000000000e+01,0.000000000000000000e+00,0.000000000000000000e+00,-1.000000000000000000e+00
-8.319591924949181205e+00,-3.399682911982116451e+01,2.550000000000000000e+01,0.000000000000000000e+00,0.000000000000000000e+00,-1.000000000000000000e+00
-8.416691632784644383e+00,-3.397292012704549791e+01,2.550000000000000000e+01,0.000000000000000000e+00,0.000000000000000000e+00,-1.000000000000000000e+00
-8.513722632980050165e+00,-3.394873380449826783e+01,2.550000000000000000e+01,0.000000000000000000e+00,0.000000000000000000e+00,-1.000000000000000000e+00
-8.610684133446138588e+00,-3.392427034961870902e+01,2.550000000000000000e+01,0.000000000000000000e+00,0.000000000000000000e+00,-1.000000000000000000e+00
-8.707575342660994977e+00,-3.389952996210835323e+01,2.550000000000000000e+01,0.000000000000000000e+00,0.000000000000000000e+00,-1.000000000000000000e+00
-8.804395469676512320e+00,-3.387451284392942341e+01,2.550000000000000000e+01,0.000000000000000000e+00,0.000000000000000000e+00,-1.000000000000000000e+00
-8.901143724124843004e+00,-3.384921919930314971e+01,2.550000000000000000e+01,0.000000000000000000e+00,0.000000000000000000e+00,-1.000000000000000000e+00
-8.997819316224855868e+00,-3.382364923470811391e+01,2.550000000000000000e+01,0.000000000000000000e+00,0.000000000000000000e+00,-1.000000000000000000e+00
-9.094421456788582603e+00,-3.379780315887858677e+01,2.550000000000000000e+01,0.000000000000000000e+00,0.000000000000000000e+00,-1.000000000000000000e+00
-9.190949357227653493e+00,-3.377168118280280140e+01,2.550000000000000000e+01,0.000000000000000000e+00,0.000000000000000000e+00,-1.000000000000000000e+00
-9.287402229559747369e+00,-3.374528351972121953e+01,2.550000000000000000e+01,0.000000000000000000e+00,0.000000000000000000e+00,-1.000000000000000000e+00
-9.383779286415011356e+00,-3.371861038512484043e+01,2.550000000000000000e+01,0.000000000000000000e+00,0.000000000000000000e+00,-1.000000000000000000e+00
-9.480079741042494845e+00,-3.369166199675337481e+01,2.550000000000000000e+01,0.000000000000000000e+00,0.000000000000000000e+00,-1.000000000000000000e+00
-9.576302807316574572e+00,-3.366443857459352529e+01,2.550000000000000000e+01,0.000000000000000000e+00,0.000000000000000000e+00,-1.000000000000000000e+00
-9.672447699743367266e+00,-3.363694034087716034e+01,2.550000000000000000e+01,0.000000000000000000e+00,0.000000000000000000e+00,-1.000000000000000000e+00
-9.768513633467140522e+00,-3.360916752007949526e+01,2.550000000000000000e+01,0.000000000000000000e+00,0.000000000000000000e+00,-1.000000000000000000e+00
-9.864499824276723672e+00,-3.358112033891728743e+01,2.550000000000000000e+01,0.000000000000000000e+00,0.000000000000000000e+00,-1.000000000000000000e+00
-9.960405488611909774e+00,-3.355279902634696043e+01,2.550000000000000000e+01,0.000000000000000000e+00,0.000000000000000000e+00,-1.000000000000000000e+00
-1.005622984356984695e+01,-3.352420381356274959e+01,2.550000000000000000e+01,0.000000000000000000e+00,0.000000000000000000e+00,-1.000000000000000000e+00
-1.015197210691143859e+01,-3.349533493399479767e+01,2.550000000000000000e+01,0.000000000000000000e+00,0.000000000000000000e+00,-1.000000000000000000e+00
-1.024763149706771515e+01,-3.346619262330726485e+01,2.550000000000000000e+01,0.000000000000000000e+00,0.000000000000000000e+00,-1.000000000000000000e+00
-1.034320723314623081e+01,-3.343677711939641028e+01,2.550000000000000000e+01,0.000000000000000000e+00,0.000000000000000000e+00,-1.000000000000000000e+00
-1.043869853493742461e+01,-3.340708866238863806e+01,2.550000000000000000e+01,0.000000000000000000e+00,0.000000000000000000e+00,-1.000000000000000000e+00
-1.053410462292099581e+01,-3.337712749463851480e+01,2.550000000000000000e+01,0.000000000000000000e+00,0.000000000000000000e+00,-1.000000000000000000e+00
-1.062942471827226498e+01,-3.334689386072685835e+01,2.550000000000000000e+01,0.000000000000000000e+00,0.000000000000000000e+00,-1.000000000000000000e+00
-1.072465804286853519e+01,-3.331638800745865581e+01,2.550000000000000000e+01,0.000000000000000000e+00,0.000000000000000000e+00,-1.000000000000000000e+00
-1.081980381929544244e+01,-3.328561018386113091e+01,2.550000000000000000e+01,0.000000000000000000e+00,0.000000000000000000e+00,-1.000000000000000000e+00
-1.091486127085329549e+01,-3.325456064118163368e+01,2.550000000000000000e+01,0.000000000000000000e+00,0.000000000000000000e+00,-1.000000000000000000e+00
-1.100982962156342992e+01,-3.322323963288565807e+01,2.550000000000000000e+01,0.000000000000000000e+00,0.000000000000000000e+00,-1.000000000000000000e+00
-1.110470809617452659e+01,-3.319164741465472446e+01,2.550000000000000000e+01,0.000000000000000000e+00,0.000000000000000000e+00,-1.000000000000000000e+00
-1.119949592016895501e+01,-3.315978424438432626e+01,2.550000000000000000e+01,0.000000000000000000e+00,0.000000000000000000e+00,-1.000000000000000000e+00
-1.129419231976908655e+01,-3.312765038218178404e+01,2.550000000000000000e+01,0.000000000000000000e+00,0.000000000000000000e+00,-1.000000000000000000e+00
-1.138879652194361292e+01,-3.309524609036417075e+01,2.550000000000000000e+01,0.000000000000000000e+00,0.000000000000000000e+00,-1.000000000000000000e+00
-1.148330775441385398e+01,-3.306257163345613748e+01,2.550000000000000000e+01,0.000000000000000000e+00,0.000000000000000000e+00,-1.000000000000000000e+00
-1.157772524566007810e+01,-3.302962727818776045e+01,2.550000000000000000e+01,0.000000000000000000e+00,0.000000000000000000e+00,-1.000000000000000000e+00
-1.167204822492777438e+01,-3.299641329349237395e+01,2.550000000000000000e+01,0.000000000000000000e+00,0.000000000000000000e+00,-1.000000000000000000e+00
-1.176627592223395880e+01,-3.296292995050436048e+01,2.550000000000000000e+01,0.000000000000000000e+00,0.000000000000000000e+00,-1.000000000000000000e+00
-1.186040756837346777e+01,-3.292917752255694097e+01,2.550000000000000000e+01,0.000000000000000000e+00,0.000000000000000000e+00,-1.000000000000000000e+00
-1.195444239492522165e+01,-3.289515628517995793e+01,2.550000000000000000e+01,0.000000000000000000e+00,0.000000000000000000e+00,-1.000000000000000000e+00
-1.204837963425850589e+01,-3.286086651609760878e+01,2.550000000000000000e+01,0.000000000000000000e+00,0.000000000000000000e+00,-1.000000000000000000e+00
-1.214221851953923270e+01,-3.282630849522617922e+01,2.550000000000000000e+01,0.000000000000000000e+00,0.000000000000000000e+00,-1.000000000000000000e+00
-1.223595828473620806e+01,-3.279148250467178372e+01,2.550000000000000000e+01,0.000000000000000000e+00,0.000000000000000000e+00,-1.000000000000000000e+00
-1.232959816462738090e+01,-3.275638882872800650e+01,2.550000000000000000e+01,0.000000000000000000e+00,0.000000000000000000e+00,-1.000000000000000000e+00
-1.242313739480608525e+01,-3.272102775387366336e+01,2.550000000000000000e+01,0.000000000000000000e+00,0.000000000000000000e+00,-1.000000000000000000e+00
-1.251657521168729303e+01,-3.268539956877038577e+01,2.550000000000000000e+01,0.000000000000000000e+00,0.000000000000000000e+00,-1.000000000000000000e+00
-1.260991085251382948e+01,-3.264950456426029746e+01,2.550000000000000000e+01,0.000000000000000000e+00,0.000000000000000000e+00,-1.000000000000000000e+00
-1.270314355536261530e+01,-3.261334303336364826e+01,2.550000000000000000e+01,0.000000000000000000e+00,0.000000000000000000e+00,-1.000000000000000000e+00
-1.279627255915088213e+01,-3.257691527127641251e+01,2.550000000000000000e+01,0.000000000000000000e+00,0.000000000000000000e+00,-1.000000000000000000e+00
-1.288929710364237913e+01,-3.254022157536785897e+01,2.550000000000000000e+01,0.000000000000000000e+00,0.000000000000000000e+00,-1.000000000000000000e+00
-1.298221642945358667e+01,-3.250326224517817764e+01,2.550000000000000000e+01,0.000000000000000000e+00,0.000000000000000000e+00,-1.000000000000000000e+00
-1.307502977805991407e+01,-3.246603758241597859e+01,2.550000000000000000e+01,0.000000000000000000e+00,0.000000000000000000e+00,-1.000000000000000000e+00
-1.316773639180188482e+01,-3.242854789095584067e+01,2.550000000000000000e+01,0.000000000000000000e+00,0.000000000000000000e+00,-1.000000000000000000e+00
-1.326033551389133258e+01,-3.239079347683585297e+01,2.550000000000000000e+01,0.000000000000000000e+00,0.000000000000000000e+00,-1.000000000000000000e+00
-1.335282638841757219e+01,-3.235277464825512084e+01,2.550000000000000000e+01,0.000000000000000000e+00,0.000000000000000000e+00,-1.000000000000000000e+00
-1.344520826035356542e+01,-3.231449171557120792e+01,2.550000000000000000e+01,0.000000000000000000e+00,0.000000000000000000e+00,-1.000000000000000000e+00
-1.353748037556209738e+01,-3.227594499129764216e+01,2.550000000000000000e+01,0.000000000000000000e+00,0.000000000000000000e+00,-1.000000000000000000e+00
-1.362964198080192446e+01,-3.223713479010132943e+01,2.550000000000000000e+01,0.000000000000000000e+00,0.000000000000000000e+00,-1.000000000000000000e+00
-1.372169232373392589e+01,-3.219806142880005240e+01,2.550000000000000000e+01,0.000000000000000000e+00,0.000000000000000000e+00,-1.000000000000000000e+00
-1.381363065292723746e+01,-3.215872522635977759e+01,2.550000000000000000e+01,0.000000000000000000e+00,0.000000000000000000e+00,-1.000000000000000000e+00
-1.390545621786539776e+01,-3.211912650389216850e+01,2.550000000000000000e+01,0.000000000000000000e+00,0.000000000000000000e+00,-1.000000000000000000e+00
-1.399716826895247301e+01,-3.207926558465187128e+01,2.550000000000000000e+01,0.000000000000000000e+00,0.000000000000000000e+00,-1.000000000000000000e+00
-1.408876605751916067e+01,-3.203914279403392840e+01,2.550000000000000000e+01,0.000000000000000000e+00,0.000000000000000000e+00,-1.000000000000000000e+00
-1.418024883582892492e+01,-3.199875845957109277e+01,2.550000000000000000e+01,0.000000000000000000e+00,0.000000000000000000e+00,-1.000000000000000000e+00
-1.427161585708408076e+01,-3.195811291093118101e+01,2.550000000000000000e+01,0.000000000000000000e+00,0.000000000000000000e+00,-1.000000000000000000e+00
-1.436286637543190103e+01,-3.191720647991436621e+01,2.550000000000000000e+01,0.000000000000000000e+00,0.000000000000000000e+00,-1.000000000000000000e+00
-1.445399964597070586e+01,-3.187603950045047085e+01,2.550000000000000000e+01,0.000000000000000000e+00,0.000000000000000000e+00,-1.000000000000000000e+00
-1.454501492475593061e+01,-3.183461230859623825e+01,2.550000000000000000e+01,0.000000000000000000e+00,0.000000000000000000e+00,-1.000000000000000000e+00
-1.463591146880621530e+01,-3.179292524253260055e+01,2.550000000000000000e+01,0.000000000000000000e+00,0.000000000000000000e+00,-1.000000000000000000e+00
-1.472668853610945838e+01,-3.175097864256190405e+01,2.550000000000000000e+01,0.000000000000000000e+00,0.000000000000000000e+00,-1.000000000000000000e+00
-1.481734538562888126e+01,-3.170877285110513810e+01,2.550000000000000000e+01,0.000000000000000000e+00,0.000000000000000000e+00,-1.000000000000000000e+00
-1.490788127730907497e+01,-3.166630821269914975e+01,2.550000000000000000e+01,0.000000000000000000e+00,0.000000000000000000e+00,-1.000000000000000000e+00
-1.499829547208203628e+01,-3.162358507399379803e+01,2.550000000000000000e+01,0.000000000000000000e+00,0.000000000000000000e+00,-1.000000000000000000e+00
-1.508858723187321083e+01,-3.158060378374917576e+01,2.550000000000000000e+01,0.000000000000000000e+00,0.000000000000000000e+00,-1.000000000000000000e+00
-1.517875581960750608e+01,-3.153736469283271049e+01,2.550000000000000000e+01,0.000000000000000000e+00,0.000000000000000000e+00,-1.000000000000000000e+00
-1.526880049921531857e+01,-3.149386815421633656e+01,2.550000000000000000e+01,0.000000000000000000e+00,0.000000000000000000e+00,-1.000000000000000000e+00
-1.535872053563854145e+01,-3.145011452297359966e+01,2.550000000000000000e+01,0.000000000000000000e+00,0.000000000000000000e+00,-1.000000000000000000e+00
-1.544851519483656155e+01,-3.140610415627675422e+01,2.550000000000000000e+01,0.000000000000000000e+00,0.000000000000000000e+00,-1.000000000000000000e+00
-1.553818374379225098e+01,-3.136183741339385023e+01,2.550000000000000000e+01,0.000000000000000000e+00,0.000000000000000000e+00,-1.000000000000000000e+00
-1.562772545051794815e+01,-3.131731465568581640e+01,2.550000000000000000e+01,0.000000000000000000e+00,0.000000000000000000e+00,-1.000000000000000000e+00
-1.571713958406144762e+01,-3.127253624660348308e+01,2.550000000000000000e+01,0.000000000000000000e+00,0.000000000000000000e+00,-1.000000000000000000e+00
-1.580642541451195093e+01,-3.122750255168464051e+01,2.550000000000000000e+01,0.000000000000000000e+00,0.000000000000000000e+00,-1.000000000000000000e+00
-1.589558221300602980e+01,-3.118221393855103329e+01,2.550000000000000000e+01,0.000000000000000000e+00,0.000000000000000000e+00,-1.000000000000000000e+00
-1.598460925173358049e+01,-3.113667077690537610e+01,2.550000000000000000e+01,0.000000000000000000e+00,0.000000000000000000e+00,-1.000000000000000000e+00
-1.607350580394376394e+01,-3.109087343852832319e+01,2.550000000000000000e+01,0.000000000000000000e+00,0.000000000000000000e+00,-1.000000000000000000e+00
-1.616227114395092812e+01,-3.104482229727545572e+01,2.550000000000000000e+01,0.000000000000000000e+00,0.000000000000000000e+00,-1.000000000000000000e+00
-1.625090454714054644e+01,-3.099851772907418379e+01,2.550000000000000000e+01,0.000000000000000000e+00,0.000000000000000000e+00,-1.000000000000000000e+00
-1.633940528997512942e+01,-3.095196011192074437e+01,2.550000000000000000e+01,0.000000000000000000e+00,0.000000000000000000e+00,-1.000000000000000000e+00
-1.642777265000012221e+01,-3.090514982587704296e+01,2.550000000000000000e+01,0.000000000000000000e+00,0.000000000000000000e+00,-1.000000000000000000e+00
-1.651600590584980921e+01,-3.085808725306761957e+01,2.550000000000000000e+01,0.000000000000000000e+00,0.000000000000000000e+00,-1.000000000000000000e+00
-1.660410433725321155e+01,-3.081077277767646549e+01,2.550000000000000000e+01,0.000000000000000000e+00,0.000000000000000000e+00,-1.000000000000000000e+00
-1.669206722503994200e+01,-3.076320678594394309e+01,2.550000000000000000e+01,0.000000000000000000e+00,0.000000000000000000e+00,-1.000000000000000000e+00
-1.677989385114610243e+01,-3.071538966616359545e+01,2.550000000000000000e+01,0.000000000000000000e+00,0.000000000000000000e+00,-1.000000000000000000e+00
-1.686758349862012807e+01,-3.066732180867898805e+01,2.550000000000000000e+01,0.000000000000000000e+00,0.000000000000000000e+00,-1.000000000000000000e+00
-1.695513545162865299e+01,-3.061900360588053616e+01,2.550000000000000000e+01,0.000000000000000000e+00,0.000000000000000000e+00,-1.000000000000000000e+00
-1.704254899546234014e+01,-3.057043545220227188e+01,2.550000000000000000e+01,0.000000000000000000e+00,0.000000000000000000e+00,-1.000000000000000000e+00
-1.712982341654172913e+01,-3.052161774411865380e+01,2.550000000000000000e+01,0.000000000000000000e+00,0.000000000000000000e+00,-1.000000000000000000e+00
-1.721695800242304486e+01,-3.047255088014131275e+01,2.550000000000000000e+01,0.000000000000000000e+00,0.000000000000000000e+00,-1.000000000000000000e+00
-1.730395204180403113e+01,-3.042323526081580454e+01,2.550000000000000000e+01,0.000000000000000000e+00,0.000000000000000000e+00,-1.000000000000000000e+00
-1.739080482452975218e+01,-3.037367128871833799e+01,2.550000000000000000e+01,0.000000000000000000e+00,0.000000000000000000e+00,-1.000000000000000000e+00
-1.747751564159837656e+01,-3.032385936845249219e+01,2.550000000000000000e+01,0.000000000000000000e+00,0.000000000000000000e+00,-1.000000000000000000e+00
-1.756408378516698576e+01,-3.027379990664591602e+01,2.550000000000000000e+01,0.000000000000000000e+00,0.000000000000000000e+00,-1.000000000000000000e+00
-1.765050854855733320e+01,-3.022349331194699218e+01,2.550000000000000000e+01,0.000000000000000000e+00,0.000000000000000000e+00,-1.000000000000000000e+00
-1.773678922626162802e+01,-3.017293999502152246e+01,2.550000000000000000e+01,0.000000000000000000e+00,0.000000000000000000e+00,-1.000000000000000000e+00
-1.782292511394829049e+01,-3.012214036854936694e+01,2.550000000000000000e+01,0.000000000000000000e+00,0.000000000000000000e+00,-1.000000000000000000e+00
-1.790891550846768965e+01,-3.007109484722106885e+01,2.550000000000000000e+01,0.000000000000000000e+00,0.000000000000000000e+00,-1.000000000000000000e+00
-1.799475970785789514e+01,-3.001980384773447952e+01,2.550000000000000000e+01,0.000000000000000000e+00,0.000000000000000000e+00,-1.000000000000000000e+00
-1.808045701135042549e+01,-2.996826778879135134e+01,2.550000000000000000e+01,0.000000000000000000e+00,0.000000000000000000e+00,-1.000000000000000000e+00
-1.816600671937591116e+01,-2.991648709109392001e+01,2.550000000000000000e+01,0.000000000000000000e+00,0.000000000000000000e+00,-1.000000000000000000e+00
-1.825140813356987834e+01,-2.986446217734146913e+01,2.550000000000000000e+01,0.000000000000000000e+00,0.000000000000000000e+00,-1.000000000000000000e+00
-1.833666055677839779e+01,-2.981219347222688398e+01,2.550000000000000000e+01,0.000000000000000000e+00,0.000000000000000000e+00,-1.000000000000000000e+00
-1.842176329306378690e+01,-2.975968140243318416e+01,2.550000000000000000e+01,0.000000000000000000e+00,0.000000000000000000e+00,-1.000000000000000000e+00
-1.850671564771031541e+01,-2.970692639663003121e+01,2.550000000000000000e+01,0.000000000000000000e+00,0.000000000000000000e+00,-1.000000000000000000e+00
-1.859151692722983640e+01,-2.965392888547024342e+01,2.550000000000000000e+01,0.000000000000000000e+00,0.000000000000000000e+00,-1.000000000000000000e+00
-1.867616643936747778e+01,-2.960068930158627154e+01,2.550000000000000000e+01,0.000000000000000000e+00,0.000000000000000000e+00,-1.000000000000000000e+00
-1.876066349310728398e+01,-2.954720807958666740e+01,2.550000000000000000e+01,0.000000000000000000e+00,0.000000000000000000e+00,-1.000000000000000000e+00
-1.884500739867786478e+01,-2.949348565605253469e+01,2.550000000000000000e+01,0.000000000000000000e+00,0.000000000000000000e+00,-1.000000000000000000e+00
-1.892919746755800503e+01,-2.943952246953397278e+01,2.550000000000000000e+01,0.000000000000000000e+00,0.000000000000000000e+00,-1.000000000000000000e+00
-1.901323301248230280e+01,-2.938531896054649195e+01,2.550000000000000000e+01,0.000000000000000000e+00,0.000000000000000000e+00,-1.000000000000000000e+00
-1.909711334744677558e+01,-2.933087557156741809e+01,2.550000000000000000e+01,0.000000000000000000e+00,0.000000000000000000e+00,-1.000000000000000000e+00
-1.918083778771446291e+01,-2.927619274703226893e+01,2.550000000000000000e+01,0.000000000000000000e+00,0.000000000000000000e+00,-1.000000000000000000e+00
-1.926440564982101478e+01,-2.922127093333115155e+01,2.550000000000000000e+01,0.000000000000000000e+00,0.000000000000000000e+00,-1.000000000000000000e+00
-1.934781625158025875e+01,-2.916611057880510316e+01,2.550000000000000000e+01,0.000000000000000000e+00,0.000000000000000000e+00,-1.000000000000000000e+00
-1.943106891208979192e+01,-2.911071213374241040e+01,2.550000000000000000e+01,0.000000000000000000e+00,0.000000000000000000e+00,-1.000000000000000000e+00
-1.951416295173651960e+01,-2.905507605037497854e+01,2.550000000000000000e+01,0.000000000000000000e+00,0.000000000000000000e+00,-1.000000000000000000e+00
-1.959709769220221176e+01,-2.899920278287461173e+01,2.550000000000000000e+01,0.000000000000000000e+00,0.000000000000000000e+00,-1.000000000000000000e+00
-1.967987245646904171e+01,-2.894309278734930047e+01,2.550000000000000000e+01,0.000000000000000000e+00,0.000000000000000000e+00,-1.000000000000000000e+00
-1.976248656882510346e+01,-2.888674652183951608e+01,2.550000000000000000e+01,0.000000000000000000e+00,0.000000000000000000e+00,-1.000000000000000000e+00
-1.984493935486993976e+01,-2.883016444631445552e+01,2.550000000000000000e+01,0.000000000000000000e+00,0.000000000000000000e+00,-1.000000000000000000e+00
-1.992723014152004879e+01,-2.877334702266830391e+01,2.550000000000000000e+01,0.000000000000000000e+00,0.000000000000000000e+00,-1.000000000000000000e+00
-2.000935825701434823e+01,-2.871629471471644379e+01,2.550000000000000000e+01,0.000000000000000000e+00,0.000000000000000000e+00,-1.000000000000000000e+00
-2.009132303091971394e+01,-2.865900798819168926e+01,2.550000000000000000e+01,0.000000000000000000e+00,0.000000000000000000e+00,-1.000000000000000000e+00
-2.017312379413639434e+01,-2.860148731074046680e+01,2.550000000000000000e+01,0.000000000000000000e+00,0.000000000000000000e+00,-1.000000000000000000e+00
-2.025475987890352059e+01,-2.854373315191900673e+01,2.550000000000000000e+01,0.000000000000000000e+00,0.000000000000000000e+00,-1.000000000000000000e+00
-2.033623061880452454e+01,-2.848574598318951345e+01,2.550000000000000000e+01,0.000000000000000000e+00,0.000000000000000000e+00,-1.000000000000000000e+00
-2.041753534877258858e+01,-2.842752627791630005e+01,2.550000000000000000e+01,0.000000000000000000e+00,0.000000000000000000e+00,-1.000000000000000000e+00
-2.049867340509608482e+01,-2.836907451136195135e+01,2.550000000000000000e+01,0.000000000000000000e+00,0.000000000000000000e+00,-1.000000000000000000e+00
-2.057964412542398946e+01,-2.831039116068341954e+01,2.550000000000000000e+01,0.000000000000000000e+00,0.000000000000000000e+00,-1.000000000000000000e+00
-2.066044684877127935e+01,-2.825147670492813390e+01,2.550000000000000000e+01,0.000000000000000000e+00,0.000000000000000000e+00,-1.000000000000000000e+00
-2.074108091552432498e+01,-2.819233162503010348e+01,2.550000000000000000e+01,0.000000000000000000e+00,0.000000000000000000e+00,-1.000000000000000000e+00
-2.082154566744630486e+01,-2.813295640380598073e+01,2.550000000000000000e+01,0.000000000000000000e+00,0.000000000000000000e+00,-1.000000000000000000e+00
-2.090184044768254523e+01,-2.807335152595111794e+01,2.550000000000000000e+01,0.000000000000000000e+00,0.000000000000000000e+00,-1.000000000000000000e+00
-2.098196460076589887e+01,-2.801351747803560954e+01,2.550000000000000000e+01,0.000000000000000000e+00,0.000000000000000000e+00,-1.000000000000000000e+00
-2.106191747262209191e+01,-2.795345474850034151e+01,2.550000000000000000e+01,0.000000000000000000e+00,0.000000000000000000e+00,-1.000000000000000000e+00
-2.114169841057505650e+01,-2.789316382765296964e+01,2.550000000000000000e+01,0.000000000000000000e+00,0.000000000000000000e+00,-1.000000000000000000e+00
-2.122130676335228472e+01,-2.783264520766394412e+01,2.550000000000000000e+01,0.000000000000000000e+00,0.000000000000000000e+00,-1.000000000000000000e+00
-2.130074188109010080e+01,-2.777189938256247359e+01,2.550000000000000000e+01,0.000000000000000000e+00,0.000000000000000000e+00,-1.000000000000000000e+00
-2.138000311533902220e+01,-2.771092684823251773e+01,2.550000000000000000e+01,0.000000000000000000e+00,0.000000000000000000e+00,-1.000000000000000000e+00
-2.145908981906898916e+01,-2.764972810240870515e+01,2.550000000000000000e+01,0.000000000000000000e+00,0.000000000000000000e+00,-1.000000000000000000e+00
-2.153800134667470090e+01,-2.758830364467229401e+01,2.550000000000000000e+01,0.000000000000000000e+00,0.000000000000000000e+00,-1.000000000000000000e+00
-2.161673705398086653e+01,-2.752665397644709344e+01,2.550000000000000000e+01,0.000000000000000000e+00,0.000000000000000000e+00,-1.000000000000000000e+00
-2.169529629824745243e+01,-2.746477960099535309e+01,2.550000000000000000e+01,0.000000000000000000e+00,0.000000000000000000e+00,-1.000000000000000000e+00
-2.177367843817493309e+01,-2.740268102341367396e+01,2.550000000000000000e+01,0.000000000000000000e+00,0.000000000000000000e+00,-1.000000000000000000e+00
-2.185188283390955277e+01,-2.734035875062887655e+01,2.550000000000000000e+01,0.000000000000000000e+00,0.000000000000000000e+00,-1.000000000000000000e+00
-2.192990884704850885e+01,-2.727781329139386202e+01,2.550000000000000000e+01,0.000000000000000000e+00,0.000000000000000000e+00,-1.000000000000000000e+00
-2.200775584064518853e+01,-2.721504515628345544e+01,2.550000000000000000e+01,0.000000000000000000e+00,0.000000000000000000e+00,-1.000000000000000000e+00
-2.208542317921435938e+01,-2.715205485769025628e+01,2.550000000000000000e+01,0.000000000000000000e+00,0.000000000000000000e+00,-1.000000000000000000e+00
-2.216291022873737049e+01,-2.708884290982042842e+01,2.550000000000000000e+01,0.000000000000000000e+00,0.000000000000000000e+00,-1.000000000000000000e+00
-2.224021635666730390e+01,-2.702540982868951858e+01,2.550000000000000000e+01,0.000000000000000000e+00,0.000000000000000000e+00,-1.000000000000000000e+00
-2.231734093193415802e+01,-2.696175613211825350e+01,2.550000000000000000e+01,0.000000000000000000e+00,0.000000000000000000e+00,-1.000000000000000000e+00
-2.239428332494998841e+01,-2.689788233972828735e+01,2.550000000000000000e+01,0.000000000000000000e+00,0.000000000000000000e+00,-1.000000000000000000e+00
-2.247104290761406276e+01,-2.683378897293797749e+01,2.550000000000000000e+01,0.000000000000000000e+00,0.000000000000000000e+00,-1.000000000000000000e+00
-2.254761905331796257e+01,-2.676947655495812839e+01,2.550000000000000000e+01,0.000000000000000000e+00,0.000000000000000000e+00,-1.000000000000000000e+00
-2.262401113695071686e+01,-2.670494561078771412e+01,2.550000000000000000e+01,0.000000000000000000e+00,0.000000000000000000e+00,-1.000000000000000000e+00
-2.270021853490391450e+01,-2.664019666720959023e+01,2.550000000000000000e+01,0.000000000000000000e+00,0.000000000000000000e+00,-1.000000000000000000e+00
-2.277624062507675973e+01,-2.657523025278620565e+01,2.550000000000000000e+01,0.000000000000000000e+00,0.000000000000000000e+00,-1.000000000000000000e+00
-2.285207678688118449e+01,-2.651004689785527546e+01,2.550000000000000000e+01,0.000000000000000000e+00,0.000000000000000000e+00,-1.000000000000000000e+00
-2.292772640124691108e+01,-2.644464713452545013e+01,2.550000000000000000e+01,0.000000000000000000e+00,0.000000000000000000e+00,-1.000000000000000000e+00
-2.300318885062648278e+01,-2.637903149667200253e+01,2.550000000000000000e+01,0.000000000000000000e+00,0.000000000000000000e+00,-1.000000000000000000e+00
-2.307846351900031934e+01,-2.631320051993241549e+01,2.550000000000000000e+01,0.000000000000000000e+00,0.000000000000000000e+00,-1.000000000000000000e+00
-2.315354979188175477e+01,-2.624715474170205098e+01,2.550000000000000000e+01,0.000000000000000000e+00,0.000000000000000000e+00,-1.000000000000000000e+00
-2.322844705632203599e+01,-2.618089470112975903e+01,2.550000000000000000e+01,0.000000000000000000e+00,0.000000000000000000e+00,-1.000000000000000000e+00
-2.330315470091533925e+01,-2.611442093911345452e+01,2.550000000000000000e+01,0.000000000000000000e+00,0.000000000000000000e+00,-1.000000000000000000e+00
-2.337767211580375815e+01,-2.604773399829573322e+01,2.550000000000000000e+01,0.000000000000000000e+00,0.000000000000000000e+00,-1.000000000000000000e+00
-2.345199869268228099e+01,-2.598083442305940594e+01,2.550000000000000000e+01,0.000000000000000000e+00,0.000000000000000000e+00,-1.000000000000000000e+00
-2.352613382480374682e+01,-2.591372275952308613e+01,2.550000000000000000e+01,0.000000000000000000e+00,0.000000000000000000e+00,-1.000000000000000000e+00
-2.360007690698382632e+01,-2.584639955553672053e+01,2.550000000000000000e+01,0.000000000000000000e+00,0.000000000000000000e+00,-1.000000000000000000e+00
-2.367382733560591745e+01,-2.577886536067710210e+01,2.550000000000000000e+01,0.000000000000000000e+00,0.000000000000000000e+00,-1.000000000000000000e+00
-2.374738450862613348e+01,-2.571112072624341494e+01,2.550000000000000000e+01,0.000000000000000000e+00,0.000000000000000000e+00,-1.000000000000000000e+00
-2.382074782557814530e+01,-2.564316620525269741e+01,2.550000000000000000e+01,0.000000000000000000e+00,0.000000000000000000e+00,-1.000000000000000000e+00
-2.389391668757815168e+01,-2.557500235243536224e+01,2.550000000000000000e+01,0.000000000000000000e+00,0.000000000000000000e+00,-1.000000000000000000e+00
-2.396689049732972165e+01,-2.550662972423064190e+01,2.550000000000000000e+01,0.000000000000000000e+00,0.000000000000000000e+00,-1.000000000000000000e+00
-2.403966865912869721e+01,-2.543804887878206600e+01,2.550000000000000000e+01,0.000000000000000000e+00,0.000000000000000000e+00,-1.000000000000000000e+00
-2.411225057886803214e+01,-2.536926037593288186e+01,2.550000000000000000e+01,0.000000000000000000e+00,0.000000000000000000e+00,-1.000000000000000000e+00
-2.418463566404266984e+01,-2.530026477722151057e+01,2.550000000000000000e+01,0.000000000000000000e+00,0.000000000000000000e+00,-1.000000000000000000e+00
-2.425682332375434669e+01,-2.523106264587694980e+01,2.550000000000000000e+01,0.000000000000000000e+00,0.000000000000000000e+00,-1.000000000000000000e+00
-2.432881296871645560e+01,-2.516165454681416591e+01,2.550000000000000000e+01,0.000000000000000000e+00,0.000000000000000000e+00,-1.000000000000000000e+00
-2.440060401125882095e+01,-2.509204104662950385e+01,2.550000000000000000e+01,0.000000000000000000e+00,0.000000000000000000e+00,-1.000000000000000000e+00
-2.447219586533251601e+01,-2.502222271359605088e+01,2.550000000000000000e+01,0.000000000000000000e+00,0.000000000000000000e+00,-1.000000000000000000e+00
-2.454358794651463782e+01,-2.495220011765899315e+01,2.550000000000000000e+01,0.000000000000000000e+00,0.000000000000000000e+00,-1.000000000000000000e+00
-2.461477967201308559e+01,-2.488197383043096522e+01,2.550000000000000000e+01,0.000000000000000000e+00,0.000000000000000000e+00,-1.000000000000000000e+00
-2.468577046067131064e+01,-2.481154442518739600e+01,2.550000000000000000e+01,0.000000000000000000e+00,0.000000000000000000e+00,-1.000000000000000000e+00
-2.475655973297306289e+01,-2.474091247686181561e+01,2.550000000000000000e+01,0.000000000000000000e+00,0.000000000000000000e+00,-1.000000000000000000e+00
-2.482714691104713012e+01,-2.467007856204116223e+01,2.550000000000000000e+01,0.000000000000000000e+00,0.000000000000000000e+00,-1.000000000000000000e+00
-2.489753141867203823e+01,-2.459904325896108546e+01,2.550000000000000000e+01,0.000000000000000000e+00,0.000000000000000000e+00,-1.000000000000000000e+00
-2.496771268128077281e+01,-2.452780714750120694e+01,2.550000000000000000e+01,0.000000000000000000e+00,0.000000000000000000e+00,-1.000000000000000000e+00
-2.503769012596545096e+01,-2.445637080918042017e+01,2.550000000000000000e+01,0.000000000000000000e+00,0.000000000000000000e+00,-1.000000000000000000e+00
-2.510746318148201794e+01,-2.438473482715210494e+01,2.550000000000000000e+01,0.000000000000000000e+00,0.000000000000000000e+00,-1.000000000000000000e+00
-2.517703127825490483e+01,-2.431289978619938807e+01,2.550000000000000000e+01,0.000000000000000000e+00,0.000000000000000000e+00,-1.000000000000000000e+00
-2.524639384838165412e+01,-2.424086627273037209e+01,2.550000000000000000e+01,0.000000000000000000e+00,0.000000000000000000e+00,-1.000000000000000000e+00
-2.531555032563759866e+01,-2.416863487477333905e+01,2.550000000000000000e+01,0.000000000000000000e+00,0.000000000000000000e+00,-1.000000000000000000e+00
-2.538450014548044464e+01,-2.409620618197195085e+01,2.550000000000000000e+01,0.000000000000000000e+00,0.000000000000000000e+00,-1.000000000000000000e+00
-2.545324274505491147e+01,-2.402358078558043530e+01,2.550000000000000000e+01,0.000000000000000000e+00,0.000000000000000000e+00,-1.000000000000000000e+00
-2.552177756319729340e+01,-2.395075927845877573e+01,2.550000000000000000e+01,0.000000000000000000e+00,0.000000000000000000e+00,-1.000000000000000000e+00
-2.559010404044007458e+01,-2.387774225506784731e+01,2.550000000000000000e+01,0.000000000000000000e+00,0.000000000000000000e+00,-1.000000000000000000e+00
-2.565822161901646936e+01,-2.380453031146457832e+01,2.550000000000000000e+01,0.000000000000000000e+00,0.000000000000000000e+00,-1.000000000000000000e+00
-2.572612974286499110e+01,-2.373112404529708286e+01,2.550000000000000000e+01,0.000000000000000000e+00,0.000000000000000000e+00,-1.000000000000000000e+00
-2.579382785763398189e+01,-2.365752405579977591e+01,2.550000000000000000e+01,0.000000000000000000e+00,0.000000000000000000e+00,-1.000000000000000000e+00
-2.586131541068615292e+01,-2.358373094378849544e+01,2.550000000000000000e+01,0.000000000000000000e+00,0.000000000000000000e+00,-1.000000000000000000e+00
-2.592859185110307507e+01,-2.350974531165557124e+01,2.550000000000000000e+01,0.000000000000000000e+00,0.000000000000000000e+00,-1.000000000000000000e+00
-2.599565662968969093e+01,-2.343556776336495062e+01,2.550000000000000000e+01,0.000000000000000000e+00,0.000000000000000000e+00,-1.000000000000000000e+00
-2.606250919897878759e+01,-2.336119890444721747e+01,2.550000000000000000e+01,0.000000000000000000e+00,0.000000000000000000e+00,-1.000000000000000000e+00
-2.612914901323549088e+01,-2.328663934199468954e+01,2.550000000000000000e+01,0.000000000000000000e+00,0.000000000000000000e+00,-1.000000000000000000e+00
-2.619557552846166715e+01,-2.321188968465644464e+01,2.550000000000000000e+01,0.000000000000000000e+00,0.000000000000000000e+00,-1.000000000000000000e+00
-2.626178820240043521e+01,-2.313695054263334328e+01,2.550000000000000000e+01,0.000000000000000000e+00,0.000000000000000000e+00,-1.000000000000000000e+00
-2.632778649454052555e+01,-2.306182252767307617e+01,2.550000000000000000e+01,0.000000000000000000e+00,0.000000000000000000e+00,-1.000000000000000000e+00
-2.639356986612074607e+01,-2.298650625306514073e+01,2.550000000000000000e+01,0.000000000000000000e+00,0.000000000000000000e+00,-1.000000000000000000e+00
-2.645913778013434481e+01,-2.291100233363584948e+01,2.550000000000000000e+01,0.000000000000000000e+00,0.000000000000000000e+00,-1.000000000000000000e+00
-2.652448970133340822e+01,-2.283531138574331010e+01,2.550000000000000000e+01,0.000000000000000000e+00,0.000000000000000000e+00,-1.000000000000000000e+00
-2.658962509623322390e+01,-2.275943402727239118e+01,2.550000000000000000e+01,0.000000000000000000e+00,0.000000000000000000e+00,-1.000000000000000000e+00
-2.665454343311665042e+01,-2.268337087762967741e+01,2.550000000000000000e+01,0.000000000000000000e+00,0.000000000000000000e+00,-1.000000000000000000e+00
-2.671924418203843388e+01,-2.260712255773842116e+01,2.550000000000000000e+01,0.000000000000000000e+00,0.000000000000000000e+00,-1.000000000000000000e+00
-2.678372681482955997e+01,-2.253068969003345856e+01,2.550000000000000000e+01,0.000000000000000000e+00,0.000000000000000000e+00,-1.000000000000000000e+00
-2.684799080510154923e+01,-2.245407289845614685e+01,2.550000000000000000e+01,0.000000000000000000e+00,0.000000000000000000e+00,-1.000000000000000000e+00
-2.691203562825075224e+01,-2.237727280844925204e+01,2.550000000000000000e+01,0.000000000000000000e+00,0.000000000000000000e+00,-1.000000000000000000e+00
-2.697586076146263778e+01,-2.230029004695186146e+01,2.550000000000000000e+01,0.000000000000000000e+00,0.000000000000000000e+00,-1.000000000000000000e+00
-2.703946568371607384e+01,-2.222312524239425358e+01,2.550000000000000000e+01,0.000000000000000000e+00,0.000000000000000000e+00,-1.000000000000000000e+00
-2.710284987578755533e+01,-2.214577902469277149e+01,2.550000000000000000e+01,0.000000000000000000e+00,0.000000000000000000e+00,-1.000000000000000000e+00
-2.716601282025545672e+01,-2.206825202524468210e+01,2.550000000000000000e+01,0.000000000000000000e+00,0.000000000000000000e+00,-1.000000000000000000e+00
-2.722895400150425971e+01,-2.199054487692302118e+01,2.550000000000000000e+01,0.000000000000000000e+00,0.000000000000000000e+00,-1.000000000000000000e+00
-2.729167290572874549e+01,-2.191265821407141701e+01,2.550000000000000000e+01,0.000000000000000000e+00,0.000000000000000000e+00,-1.000000000000000000e+00
-2.735416902093821179e+01,-2.183459267249893898e+01,2.550000000000000000e+01,0.000000000000000000e+00,0.000000000000000000e+00,-1.000000000000000000e+00
-2.741644183696063664e+01,-2.175634888947487511e+01,2.550000000000000000e+01,0.000000000000000000e+00,0.000000000000000000e+00,-1.000000000000000000e+00
-2.747849084544684573e+01,-2.167792750372354860e+01,2.550000000000000000e+01,0.000000000000000000e+00,0.000000000000000000e+00,-1.000000000000000000e+00
-2.754031553987466907e+01,-2.159932915541910958e+01,2.550000000000000000e+01,0.000000000000000000e+00,0.000000000000000000e+00,-1.000000000000000000e+00
-2.760191541555305861e+01,-2.152055448618028777e+01,2.550000000000000000e+01,0.000000000000000000e+00,0.000000000000000000e+00,-1.000000000000000000e+00
-2.766328996962623776e+01,-2.144160413906516283e+01,2.550000000000000000e+01,0.000000000000000000e+00,0.000000000000000000e+00,-1.000000000000000000e+00
-2.772443870107777286e+01,-2.136247875856593836e+01,2.550000000000000000e+01,0.000000000000000000e+00,0.000000000000000000e+00,-1.000000000000000000e+00
-2.778536111073469073e+01,-2.128317899060364482e+01,2.550000000000000000e+01,0.000000000000000000e+00,0.000000000000000000e+00,-1.000000000000000000e+00
-2.784605670127153232e+01,-2.120370548252288145e+01,2.550000000000000000e+01,0.000000000000000000e+00,0.000000000000000000e+00,-1.000000000000000000e+00
-2.790652497721442771e+01,-2.112405888308653346e+01,2.550000000000000000e+01,0.000000000000000000e+00,0.000000000000000000e+00,-1.000000000000000000e+00
-2.796676544494513905e+01,-2.104423984247049617e+01,2.550000000000000000e+01,0.000000000000000000e+00,0.000000000000000000e+00,-1.000000000000000000e+00
-2.802677761270506807e+01,-2.096424901225831761e+01,2.550000000000000000e+01,0.000000000000000000e+00,0.000000000000000000e+00,-1.000000000000000000e+00
-2.808656099059931321e+01,-2.088408704543592975e+01,2.550000000000000000e+01,0.000000000000000000e+00,0.000000000000000000e+00,-1.000000000000000000e+00
-2.814611509060062389e+01,-2.080375459638629110e+01,2.550000000000000000e+01,0.000000000000000000e+00,0.000000000000000000e+00,-1.000000000000000000e+00
-2.820543942655341496e+01,-2.072325232088404690e+01,2.550000000000000000e+01,0.000000000000000000e+00,0.000000000000000000e+00,-1.000000000000000000e+00
-2.826453351417772808e+01,-2.064258087609018233e+01,2.550000000000000000e+01,0.000000000000000000e+00,0.000000000000000000e+00,-1.000000000000000000e+00
-2.832339687107316806e+01,-2.056174092054665081e+01,2.550000000000000000e+01,0.000000000000000000e+00,0.000000000000000000e+00,-1.000000000000000000e+00
-2.838202901672286416e+01,-2.048073311417102005e+01,2.550000000000000000e+01,0.000000000000000000e+00,0.000000000000000000e+00,-1.000000000000000000e+00
-2.844042947249738518e+01,-2.039955811825104348e+01,2.550000000000000000e+01,0.000000000000000000e+00,0.000000000000000000e+00,-1.000000000000000000e+00
-2.849859776165863678e+01,-2.031821659543930636e+01,2.550000000000000000e+01,0.000000000000000000e+00,0.000000000000000000e+00,-1.000000000000000000e+00
-2.855653340936376949e+01,-2.023670920974778653e+01,2.550000000000000000e+01,0.000000000000000000e+00,0.000000000000000000e+00,-1.000000000000000000e+00
-2.861423594266903692e+01,-2.015503662654244010e+01,2.550000000000000000e+01,0.000000000000000000e+00,0.000000000000000000e+00,-1.000000000000000000e+00
-2.867170489053367533e+01,-2.007319951253778711e+01,2.550000000000000000e+01,0.000000000000000000e+00,0.000000000000000000e+00,-1.000000000000000000e+00
-2.872893978382373348e+01,-1.999119853579144035e+01,2.550000000000000000e+01,0.000000000000000000e+00,0.000000000000000000e+00,-1.000000000000000000e+00
-2.878594015531591310e+01,-1.990903436569867324e+01,2.550000000000000000e+01,0.000000000000000000e+00,0.000000000000000000e+00,-1.000000000000000000e+00
-2.884270553970137385e+01,-1.982670767298694869e+01,2.550000000000000000e+01,0.000000000000000000e+00,0.000000000000000000e+00,-1.000000000000000000e+00
-2.889923547358953826e+01,-1.974421912971044790e+01,2.550000000000000000e+01,0.000000000000000000e+00,0.000000000000000000e+00,-1.000000000000000000e+00
-2.895552949551187183e+01,-1.966156940924457430e+01,2.550000000000000000e+01,0.000000000000000000e+00,0.000000000000000000e+00,-1.000000000000000000e+00
-2.901158714592565246e+01,-1.957875918628046108e+01,2.550000000000000000e+01,0.000000000000000000e+00,0.000000000000000000e+00,-1.000000000000000000e+00
-2.906740796721771503e+01,-1.949578913681947157e+01,2.550000000000000000e+01,0.000000000000000000e+00,0.000000000000000000e+00,-1.000000000000000000e+00
-2.912299150370819945e+01,-1.941265993816767121e+01,2.550000000000000000e+01,0.000000000000000000e+00,0.000000000000000000e+00,-1.000000000000000000e+00
-2.917833730165425621e+01,-1.932937226893029958e+01,2.550000000000000000e+01,0.000000000000000000e+00,0.000000000000000000e+00,-1.000000000000000000e+00
-2.923344490925376249e+01,-1.924592680900624231e+01,2.550000000000000000e+01,0.000000000000000000e+00,0.000000000000000000e+00,-1.000000000000000000e+00
-2.928831387664900632e+01,-1.916232423958245334e+01,2.550000000000000000e+01,0.000000000000000000e+00,0.000000000000000000e+00,-1.000000000000000000e+00
-2.934294375593034943e+01,-1.907856524312842694e+01,2.550000000000000000e+01,0.000000000000000000e+00,0.000000000000000000e+00,-1.000000000000000000e+00
-2.939733410113990075e+01,-1.899465050339061278e+01,2.550000000000000000e+01,0.000000000000000000e+00,0.000000000000000000e+00,-1.000000000000000000e+00
-2.945148446827513666e+01,-1.891058070538682045e+01,2.550000000000000000e+01,0.000000000000000000e+00,0.000000000000000000e+00,-1.000000000000000000e+00
-2.950539441529255669e+01,-1.882635653540065235e+01,2.550000000000000000e+01,0.000000000000000000e+00,0.000000000000000000e+00,-1.000000000000000000e+00
-2.955906350211124689e+01,-1.874197868097588682e+01,2.550000000000000000e+01,0.000000000000000000e+00,0.000000000000000000e+00,-1.000000000000000000e+00
-2.961249129061652141e+01,-1.865744783091086489e+01,2.550000000000000000e+01,0.000000000000000000e+00,0.000000000000000000e+00,-1.000000000000000000e+00
-2.966567734466346096e+01,-1.857276467525287700e+01,2.550000000000000000e+01,0.000000000000000000e+00,0.000000000000000000e+00,-1.000000000000000000e+00
-2.971862123008049039e+01,-1.848792990529251057e+01,2.550000000000000000e+01,0.000000000000000000e+00,0.000000000000000000e+00,-1.000000000000000000e+00
-2.977132251467292434e+01,-1.840294421355803678e+01,2.550000000000000000e+01,0.000000000000000000e+00,0.000000000000000000e+00,-1.000000000000000000e+00
-2.982378076822647728e+01,-1.831780829380972619e+01,2.550000000000000000e+01,0.000000000000000000e+00,0.000000000000000000e+00,-1.000000000000000000e+00
-2.987599556251081268e+01,-1.823252284103421417e+01,2.550000000000000000e+01,0.000000000000000000e+00,0.000000000000000000e+00,-1.000000000000000000e+00
-2.992796647128298915e+01,-1.814708855143879873e+01,2.550000000000000000e+01,0.000000000000000000e+00,0.000000000000000000e+00,-1.000000000000000000e+00
-2.997969307029098829e+01,-1.806150612244578113e+01,2.550000000000000000e+01,0.000000000000000000e+00,0.000000000000000000e+00,-1.000000000000000000e+00
-3.003117493727714304e+01,-1.797577625268675661e+01,2.550000000000000000e+01,0.000000000000000000e+00,0.000000000000000000e+00,-1.000000000000000000e+00
-3.008241165198160161e+01,-1.788989964199692295e+01,2.550000000000000000e+01,0.000000000000000000e+00,0.000000000000000000e+00,-1.000000000000000000e+00
-3.013340279614574868e+01,-1.780387699140935709e+01,2.550000000000000000e+01,0.000000000000000000e+00,0.000000000000000000e+00,-1.000000000000000000e+00
-3.018414795351563740e+01,-1.771770900314929875e+01,2.550000000000000000e+01,0.000000000000000000e+00,0.000000000000000000e+00,-1.000000000000000000e+00
-3.023464670984536085e+01,-1.763139638062843062e+01,2.550000000000000000e+01,0.000000000000000000e+00,0.000000000000000000e+00,-1.000000000000000000e+00
-3.028489865290044847e+01,-1.754493982843909450e+01,2.550000000000000000e+01,0.000000000000000000e+00,0.000000000000000000e+00,-1.000000000000000000e+00
-3.033490337246124824e+01,-1.745834005234859276e+01,2.550000000000000000e+01,0.000000000000000000e+00,0.000000000000000000e+00,-1.000000000000000000e+00
-3.038466046032624490e+01,-1.737159775929338679e+01,2.550000000000000000e+01,0.000000000000000000e+00,0.000000000000000000e+00,-1.000000000000000000e+00
-3.043416951031539242e+01,-1.728471365737334864e+01,2.550000000000000000e+01,0.000000000000000000e+00,0.000000000000000000e+00,-1.000000000000000000e+00
-3.048343011827346771e+01,-1.719768845584597372e+01,2.550000000000000000e+01,0.000000000000000000e+00,0.000000000000000000e+00,-1.000000000000000000e+00
-3.053244188207333210e+01,-1.711052286512058629e+01,2.550000000000000000e+01,0.000000000000000000e+00,0.000000000000000000e+00,-1.000000000000000000e+00
-3.058120440161921749e+01,-1.702321759675254143e+01,2.550000000000000000e+01,0.000000000000000000e+00,0.000000000000000000e+00,-1.000000000000000000e+00
-3.062971727885001982e+01,-1.693577336343742346e+01,2.550000000000000000e+01,0.000000000000000000e+00,0.000000000000000000e+00,-1.000000000000000000e+00
-3.067798011774251421e+01,-1.684819087900522305e+01,2.550000000000000000e+01,0.000000000000000000e+00,0.000000000000000000e+00,-1.000000000000000000e+00
-3.072599252431461991e+01,-1.676047085841451434e+01,2.550000000000000000e+01,0.000000000000000000e+00,0.000000000000000000e+00,-1.000000000000000000e+00
-3.077375410662858002e+01,-1.667261401774660712e+01,2.550000000000000000e+01,0.000000000000000000e+00,0.000000000000000000e+00,-1.000000000000000000e+00
-3.082126447479419440e+01,-1.658462107419971332e+01,2.550000000000000000e+01,0.000000000000000000e+00,0.000000000000000000e+00,-1.000000000000000000e+00
-3.086852324097199229e+01,-1.649649274608308502e+01,2.550000000000000000e+01,0.000000000000000000e+00,0.000000000000000000e+00,-1.000000000000000000e+00
-3.091553001937638712e+01,-1.640822975281116314e+01,2.550000000000000000e+01,0.000000000000000000e+00,0.000000000000000000e+00,-1.000000000000000000e+00
-3.096228442627883126e+01,-1.631983281489768345e+01,2.550000000000000000e+01,0.000000000000000000e+00,0.000000000000000000e+00,-1.000000000000000000e+00
-3.100878608001096737e+01,-1.623130265394980754e+01,2.550000000000000000e+01,0.000000000000000000e+00,0.000000000000000000e+00,-1.000000000000000000e+00
-3.105503460096770496e+01,-1.614263999266224303e+01,2.550000000000000000e+01,0.000000000000000000e+00,0.000000000000000000e+00,-1.000000000000000000e+00
-3.110102961161036461e+01,-1.605384555481132125e+01,2.550000000000000000e+01,0.000000000000000000e+00,0.000000000000000000e+00,-1.000000000000000000e+00
-3.114677073646971905e+01,-1.596492006524910323e+01,2.550000000000000000e+01,0.000000000000000000e+00,0.000000000000000000e+00,-1.000000000000000000e+00
-3.119225760214909471e+01,-1.587586424989745737e+01,2.550000000000000000e+01,0.000000000000000000e+00,0.000000000000000000e+00,-1.000000000000000000e+00
-3.123748983732738083e+01,-1.578667883574213882e+01,2.550000000000000000e+01,0.000000000000000000e+00,0.000000000000000000e+00,-1.000000000000000000e+00
-3.128246707276209548e+01,-1.569736455082684934e+01,2.550000000000000000e+01,0.000000000000000000e+00,0.000000000000000000e+00,-1.000000000000000000e+00
-3.132718894129238052e+01,-1.560792212424729364e+01,2.550000000000000000e+01,0.000000000000000000e+00,0.000000000000000000e+00,-1.000000000000000000e+00
-3.137165507784201779e+01,-1.551835228614523743e+01,2.550000000000000000e+01,0.000000000000000000e+00,0.000000000000000000e+00,-1.000000000000000000e+00
-3.141586511942237436e+01,-1.542865576770253178e+01,2.550000000000000000e+01,0.000000000000000000e+00,0.000000000000000000e+00,-1.000000000000000000e+00
-3.145981870513539747e+01,-1.533883330113515697e+01,2.550000000000000000e+01,0.000000000000000000e+00,0.000000000000000000e+00,-1.000000000000000000e+00
-3.150351547617655612e+01,-1.524888561968723977e+01,2.550000000000000000e+01,0.000000000000000000e+00,0.000000000000000000e+00,-1.000000000000000000e+00
-3.154695507583775083e+01,-1.515881345762506527e+01,2.550000000000000000e+01,0.000000000000000000e+00,0.000000000000000000e+00,-1.000000000000000000e+00
-3.159013714951024809e+01,-1.506861755023109239e+01,2.550000000000000000e+01,0.000000000000000000e+00,0.000000000000000000e+00,-1.000000000000000000e+00
-3.163306134468756881e+01,-1.497829863379793736e+01,2.550000000000000000e+01,0.000000000000000000e+00,0.000000000000000000e+00,-1.000000000000000000e+00
-3.167572731096834815e+01,-1.488785744562238023e+01,2.550000000000000000e+01,0.000000000000000000e+00,0.000000000000000000e+00,-1.000000000000000000e+00
-3.171813470005923108e+01,-1.479729472399933066e+01,2.550000000000000000e+01,0.000000000000000000e+00,0.000000000000000000e+00,-1.000000000000000000e+00
-3.176028316577768251e+01,-1.470661120821580958e+01,2.550000000000000000e+01,0.000000000000000000e+00,0.000000000000000000e+00,-1.000000000000000000e+00
-3.180217236405482240e+01,-1.461580763854490961e+01,2.550000000000000000e+01,0.000000000000000000e+00,0.000000000000000000e+00,-1.000000000000000000e+00
-3.184380195293825011e+01,-1.452488475623975894e+01,2.550000000000000000e+01,0.000000000000000000e+00,0.000000000000000000e+00,-1.000000000000000000e+00
-3.188517159259481204e+01,-1.443384330352746403e+01,2.550000000000000000e+01,0.000000000000000000e+00,0.000000000000000000e+00,-1.000000000000000000e+00
-3.192628094531340821e+01,-1.434268402360304862e+01,2.550000000000000000e+01,0.000000000000000000e+00,0.000000000000000000e+00,-1.000000000000000000e+00
-3.196712967550769591e+01,-1.425140766062339459e+01,2.550000000000000000e+01,0.000000000000000000e+00,0.000000000000000000e+00,-1.000000000000000000e+00
-3.200771744971889632e+01,-1.416001495970116153e+01,2.550000000000000000e+01,0.000000000000000000e+00,0.000000000000000000e+00,-1.000000000000000000e+00
-3.204804393661844841e+01,-1.406850666689870977e+01,2.550000000000000000e+01,0.000000000000000000e+00,0.000000000000000000e+00,-1.000000000000000000e+00
-3.208810880701077650e+01,-1.397688352922200039e+01,2.550000000000000000e+01,0.000000000000000000e+00,0.000000000000000000e+00,-1.000000000000000000e+00
-3.212791173383593701e+01,-1.388514629461450589e+01,2.550000000000000000e+01,0.000000000000000000e+00,0.000000000000000000e+00,-1.000000000000000000e+00
-3.216745239217230079e+01,-1.379329571195110304e+01,2.550000000000000000e+01,0.000000000000000000e+00,0.000000000000000000e+00,-1.000000000000000000e+00
-3.220673045923918920e+01,-1.370133253103195337e+01,2.550000000000000000e+01,0.000000000000000000e+00,0.000000000000000000e+00,-1.000000000000000000e+00
-3.224574561439955289e+01,-1.360925750257639422e+01,2.550000000000000000e+01,0.000000000000000000e+00,0.000000000000000000e+00,-1.000000000000000000e+00
-3.228449753916254394e+01,-1.351707137821679616e+01,2.550000000000000000e+01,0.000000000000000000e+00,0.000000000000000000e+00,-1.000000000000000000e+00
-3.232298591718613068e+01,-1.342477491049244165e+01,2.550000000000000000e+01,0.000000000000000000e+00,0.000000000000000000e+00,-1.000000000000000000e+00
-3.236121043427968402e+01,-1.333236885284336459e+01,2.550000000000000000e+01,0.000000000000000000e+00,0.000000000000000000e+00,-1.000000000000000000e+00
-3.239917077840654258e+01,-1.323985395960422373e+01,2.550000000000000000e+01,0.000000000000000000e+00,0.000000000000000000e+00,-1.000000000000000000e+00
-3.243686663968656347e+01,-1.314723098599812090e+01,2.550000000000000000e+01,0.000000000000000000e+00,0.000000000000000000e+00,-1.000000000000000000e+00
-3.247429771039863056e+01,-1.305450068813044595e+01,2.550000000000000000e+01,0.000000000000000000e+00,0.000000000000000000e+00,-1.000000000000000000e+00
-3.251146368498319816e+01,-1.296166382298271103e+01,2.550000000000000000e+01,0.000000000000000000e+00,0.000000000000000000e+00,-1.000000000000000000e+00
-3.254836426004475669e+01,-1.286872114840635994e+01,2.550000000000000000e+01,0.000000000000000000e+00,0.000000000000000000e+00,-1.000000000000000000e+00
-3.258499913435433371e+01,-1.277567342311658649e+01,2.550000000000000000e+01,0.000000000000000000e+00,0.000000000000000000e+00,-1.000000000000000000e+00
-3.262136800885192400e+01,-1.268252140668614203e+01,2.550000000000000000e+01,0.000000000000000000e+00,0.000000000000000000e+00,-1.000000000000000000e+00
-3.265747058664896940e+01,-1.258926585953913424e+01,2.550000000000000000e+01,0.000000000000000000e+00,0.000000000000000000e+00,-1.000000000000000000e+00
-3.269330657303073906e+01,-1.249590754294481521e+01,2.550000000000000000e+01,0.000000000000000000e+00,0.000000000000000000e+00,-1.000000000000000000e+00
-3.272887567545877374e+01,-1.240244721901137659e+01,2.550000000000000000e+01,0.000000000000000000e+00,0.000000000000000000e+00,-1.000000000000000000e+00
-3.276417760357325193e+01,-1.230888565067971818e+01,2.550000000000000000e+01,0.000000000000000000e+00,0.000000000000000000e+00,-1.000000000000000000e+00
-3.279921206919535592e+01,-1.221522360171722177e+01,2.550000000000000000e+01,0.000000000000000000e+00,0.000000000000000000e+00,-1.000000000000000000e+00
-3.283397878632965927e+01,-1.212146183671152677e+01,2.550000000000000000e+01,0.000000000000000000e+00,0.000000000000000000e+00,-1.000000000000000000e+00
-3.286847747116640051e+01,-1.202760112106427570e+01,2.550000000000000000e+01,0.000000000000000000e+00,0.000000000000000000e+00,-1.000000000000000000e+00
-3.290270784208387056e+01,-1.193364222098486671e+01,2.550000000000000000e+01,0.000000000000000000e+00,0.000000000000000000e+00,-1.000000000000000000e+00
-3.293666961965064388e+01,-1.183958590348421147e+01,2.550000000000000000e+01,0.000000000000000000e+00,0.000000000000000000e+00,-1.000000000000000000e+00
-3.297036252662793032e+01,-1.174543293636845931e+01,2.550000000000000000e+01,0.000000000000000000e+00,0.000000000000000000e+00,-1.000000000000000000e+00
-3.300378628797174940e+01,-1.165118408823273732e+01,2.550000000000000000e+01,0.000000000000000000e+00,0.000000000000000000e+00,-1.000000000000000000e+00
-3.303694063083528221e+01,-1.155684012845487452e+01,2.550000000000000000e+01,0.000000000000000000e+00,0.000000000000000000e+00,-1.000000000000000000e+00
-3.306982528457100301e+01,-1.146240182718912060e+01,2.550000000000000000e+01,0.000000000000000000e+00,0.000000000000000000e+00,-1.000000000000000000e+00
-3.310243998073293881e+01,-1.136786995535986122e+01,2.550000000000000000e+01,0.000000000000000000e+00,0.000000000000000000e+00,-1.000000000000000000e+00
-3.313478445307886489e+01,-1.127324528465531728e+01,2.550000000000000000e+01,0.000000000000000000e+00,0.000000000000000000e+00,-1.000000000000000000e+00
-3.316685843757243646e+01,-1.117852858752125655e+01,2.550000000000000000e+01,0.000000000000000000e+00,0.000000000000000000e+00,-1.000000000000000000e+00
-3.319866167238539845e+01,-1.108372063715468059e+01,2.550000000000000000e+01,0.000000000000000000e+00,0.000000000000000000e+00,-1.000000000000000000e+00
-3.323019389789968159e+01,-1.098882220749751681e+01,2.550000000000000000e+01,0.000000000000000000e+00,0.000000000000000000e+00,-1.000000000000000000e+00
-3.326145485670954116e+01,-1.089383407323029296e+01,2.550000000000000000e+01,0.000000000000000000e+00,0.000000000000000000e+00,-1.000000000000000000e+00
-3.329244429362363888e+01,-1.079875700976582564e+01,2.550000000000000000e+01,0.000000000000000000e+00,0.000000000000000000e+00,-1.000000000000000000e+00
-3.332316195566716743e+01,-1.070359179324288057e+01,2.550000000000000000e+01,0.000000000000000000e+00,0.000000000000000000e+00,-1.000000000000000000e+00
-3.335360759208386128e+01,-1.060833920051983625e+01,2.550000000000000000e+01,0.000000000000000000e+00,0.000000000000000000e+00,-1.000000000000000000e+00
-3.338378095433808568e+01,-1.051300000916835309e+01,2.550000000000000000e+01,0.000000000000000000e+00,0.000000000000000000e+00,-1.000000000000000000e+00
-3.341368179611684752e+01,-1.041757499746701221e+01,2.550000000000000000e+01,0.000000000000000000e+00,0.000000000000000000e+00,-1.000000000000000000e+00
-3.344330987333180616e+01,-1.032206494439497035e+01,2.550000000000000000e+01,0.000000000000000000e+00,0.000000000000000000e+00,-1.000000000000000000e+00
-3.347266494412127003e+01,-1.022647062962560405e+01,2.550000000000000000e+01,0.000000000000000000e+00,0.000000000000000000e+00,-1.000000000000000000e+00
-3.350174676885217906e+01,-1.013079283352013249e+01,2.550000000000000000e+01,0.000000000000000000e+00,0.000000000000000000e+00,-1.000000000000000000e+00
-3.353055511012203027e+01,-1.003503233712125819e+01,2.550000000000000000e+01,0.000000000000000000e+00,0.000000000000000000e+00,-1.000000000000000000e+00
-3.355908973276086726e+01,-9.939189922146786316e+00,2.550000000000000000e+01,0.000000000000000000e+00,0.000000000000000000e+00,-1.000000000000000000e+00
-3.358735040383314185e+01,-9.843266370983247526e+00,2.550000000000000000e+01,0.000000000000000000e+00,0.000000000000000000e+00,-1.000000000000000000e+00
-3.361533689263966096e+01,-9.747262466679504911e+00,2.550000000000000000e+01,0.000000000000000000e+00,0.000000000000000000e+00,-1.000000000000000000e+00
-3.364304897071944112e+01,-9.651178992940367962e+00,2.550000000000000000e+01,0.000000000000000000e+00,0.000000000000000000e+00,-1.000000000000000000e+00
-3.367048641185159852e+01,-9.555016734120190591e+00,2.550000000000000000e+01,0.000000000000000000e+00,0.000000000000000000e+00,-1.000000000000000000e+00
-3.369764899205716802e+01,-9.458776475216467361e+00,2.550000000000000000e+01,0.000000000000000000e+00,0.000000000000000000e+00,-1.000000000000000000e+00
-3.372453648960095762e+01,-9.362459001863435049e+00,2.550000000000000000e+01,0.000000000000000000e+00,0.000000000000000000e+00,-1.000000000000000000e+00
-3.375114868499333198e+01,-9.266065100325644011e+00,2.550000000000000000e+01,0.000000000000000000e+00,0.000000000000000000e+00,-1.000000000000000000e+00
-3.377748536099203847e+01,-9.169595557491550863e+00,2.550000000000000000e+01,0.000000000000000000e+00,0.000000000000000000e+00,-1.000000000000000000e+00
-3.380354630260393378e+01,-9.073051160867095177e+00,2.550000000000000000e+01,0.000000000000000000e+00,0.000000000000000000e+00,-1.000000000000000000e+00
-3.382933129708680298e+01,-8.976432698569260182e+00,2.550000000000000000e+01,0.000000000000000000e+00,0.000000000000000000e+00,-1.000000000000000000e+00
-3.385484013395102210e+01,-8.879740959319651239e+00,2.550000000000000000e+01,0.000000000000000000e+00,0.000000000000000000e+00,-1.000000000000000000e+00
-3.388007260496133455e+01,-8.782976732438054768e+00,2.550000000000000000e+01,0.000000000000000000e+00,0.000000000000000000e+00,-1.000000000000000000e+00
-3.390502850413853508e+01,-8.686140807835988298e+00,2.550000000000000000e+01,0.000000000000000000e+00,0.000000000000000000e+00,-1.000000000000000000e+00
-3.392970762776111826e+01,-8.589233976010257621e+00,2.550000000000000000e+01,0.000000000000000000e+00,0.000000000000000000e+00,-1.000000000000000000e+00
-3.395410977436700506e+01,-8.492257028036501509e+00,2.550000000000000000e+01,0.000000000000000000e+00,0.000000000000000000e+00,-1.000000000000000000e+00
-3.397823474475511318e+01,-8.395210755562738214e+00,2.550000000000000000e+01,0.000000000000000000e+00,0.000000000000000000e+00,-1.000000000000000000e+00
-3.400208234198706236e+01,-8.298095950802895970e+00,2.550000000000000000e+01,0.000000000000000000e+00,0.000000000000000000e+00,-1.000000000000000000e+00
-3.402565237138871623e+01,-8.200913406530354166e+00,2.550000000000000000e+01,0.000000000000000000e+00,0.000000000000000000e+00,-1.000000000000000000e+00
-3.404894464055180237e+01,-8.103663916071463191e+00,2.550000000000000000e+01,0.000000000000000000e+00,0.000000000000000000e+00,-1.000000000000000000e+00
-3.407195895933547547e+01,-8.006348273299074947e+00,2.550000000000000000e+01,0.000000000000000000e+00,0.000000000000000000e+00,-1.000000000000000000e+00
-3.409469513986787348e+01,-7.908967272626060918e+00,2.550000000000000000e+01,0.000000000000000000e+00,0.000000000000000000e+00,-1.000000000000000000e+00
-3.411715299654764522e+01,-7.811521708998823144e+00,2.550000000000000000e+01,0.000000000000000000e+00,0.000000000000000000e+00,-1.000000000000000000e+00
-3.413933234604548517e+01,-7.714012377890808736e+00,2.550000000000000000e+01,0.000000000000000000e+00,0.000000000000000000e+00,-1.000000000000000000e+00
-3.416123300730559009e+01,-7.616440075296017298e+00,2.550000000000000000e+01,0.000000000000000000e+00,0.000000000000000000e+00,-1.000000000000000000e+00
-3.418285480154717249e+01,-7.518805597722498568e+00,2.550000000000000000e+01,0.000000000000000000e+00,0.000000000000000000e+00,-1.000000000000000000e+00
-3.420419755226592429e+01,-7.421109742185855396e+00,2.550000000000000000e+01,0.000000000000000000e+00,0.000000000000000000e+00,-1.000000000000000000e+00
-3.422526108523540955e+01,-7.323353306202730728e+00,2.550000000000000000e+01,0.000000000000000000e+00,0.000000000000000000e+00,-1.000000000000000000e+00
-3.424604522850855659e+01,-7.225537087784306145e+00,2.550000000000000000e+01,0.000000000000000000e+00,0.000000000000000000e+00,-1.000000000000000000e+00
-3.426654981241898668e+01,-7.127661885429779076e+00,2.550000000000000000e+01,0.000000000000000000e+00,0.000000000000000000e+00,-1.000000000000000000e+00
-3.428677466958246356e+01,-7.029728498119851565e+00,2.550000000000000000e+01,0.000000000000000000e+00,0.000000000000000000e+00,-1.000000000000000000e+00
-3.430671963489822218e+01,-6.931737725310200382e+00,2.550000000000000000e+01,0.000000000000000000e+00,0.000000000000000000e+00,-1.000000000000000000e+00
-3.432638454555033292e+01,-6.833690366924959569e+00,2.550000000000000000e+01,0.000000000000000000e+00,0.000000000000000000e+00,-1.000000000000000000e+00
-3.434576924100903028e+01,-6.735587223350182562e+00,2.550000000000000000e+01,0.000000000000000000e+00,0.000000000000000000e+00,-1.000000000000000000e+00
-3.436487356303199192e+01,-6.637429095427314074e+00,2.550000000000000000e+01,0.000000000000000000e+00,0.000000000000000000e+00,-1.000000000000000000e+00
-3.438369735566568153e+01,-6.539216784446646891e+00,2.550000000000000000e+01,0.000000000000000000e+00,0.000000000000000000e+00,-1.000000000000000000e+00
-3.440224046524659229e+01,-6.440951092140787537e+00,2.550000000000000000e+01,0.000000000000000000e+00,0.000000000000000000e+00,-1.000000000000000000e+00
-3.442050274040251168e+01,-6.342632820678108629e+00,2.550000000000000000e+01,0.000000000000000000e+00,0.000000000000000000e+00,-1.000000000000000000e+00
-3.443848403205372932e+01,-6.244262772656196780e+00,2.550000000000000000e+01,0.000000000000000000e+00,0.000000000000000000e+00,-1.000000000000000000e+00
-3.445618419341430183e+01,-6.145841751095307615e+00,2.550000000000000000e+01,0.000000000000000000e+00,0.000000000000000000e+00,-1.000000000000000000e+00
-3.447360307999321094e+01,-6.047370559431803017e+00,2.550000000000000000e+01,0.000000000000000000e+00,0.000000000000000000e+00,-1.000000000000000000e+00
-3.449074054959556435e+01,-5.948850001511599928e+00,2.550000000000000000e+01,0.000000000000000000e+00,0.000000000000000000e+00,-1.000000000000000000e+00
-3.450759646232373257e+01,-5.850280881583604042e+00,2.550000000000000000e+01,0.000000000000000000e+00,0.000000000000000000e+00,-1.000000000000000000e+00
-3.452417068057853555e+01,-5.751664004293143506e+00,2.550000000000000000e+01,0.000000000000000000e+00,0.000000000000000000e+00,-1.000000000000000000e+00
-3.454046306906032271e+01,-5.653000174675406164e+00,2.550000000000000000e+01,0.000000000000000000e+00,0.000000000000000000e+00,-1.000000000000000000e+00
-3.455647349477008845e+01,-5.554290198148859048e+00,2.550000000000000000e+01,0.000000000000000000e+00,0.000000000000000000e+00,-1.000000000000000000e+00
-3.457220182701057354e+01,-5.455534880508681184e+00,2.550000000000000000e+01,0.000000000000000000e+00,0.000000000000000000e+00,-1.000000000000000000e+00
-3.458764793738731669e+01,-5.356735027920183079e+00,2.550000000000000000e+01,0.000000000000000000e+00,0.000000000000000000e+00,-1.000000000000000000e+00
-3.460281169980969906e+01,-5.257891446912225319e+00,2.550000000000000000e+01,0.000000000000000000e+00,0.000000000000000000e+00,-1.000000000000000000e+00
-3.461769299049200299e+01,-5.159004944370632728e+00,2.550000000000000000e+01,0.000000000000000000e+00,0.000000000000000000e+00,-1.000000000000000000e+00
-3.463229168795437829e+01,-5.060076327531613849e+00,2.550000000000000000e+01,0.000000000000000000e+00,0.000000000000000000e+00,-1.000000000000000000e+00
-3.464660767302387256e+01,-4.961106403975163559e+00,2.550000000000000000e+01,0.000000000000000000e+00,0.000000000000000000e+00,-1.000000000000000000e+00
-3.466064082883536912e+01,-4.862095981618476337e+00,2.550000000000000000e+01,0.000000000000000000e+00,0.000000000000000000e+00,-1.000000000000000000e+00
-3.467439104083258172e+01,-4.763045868709347985e+00,2.550000000000000000e+01,0.000000000000000000e+00,0.000000000000000000e+00,-1.000000000000000000e+00
-3.468785819676894988e+01,-4.663956873819577353e+00,2.550000000000000000e+01,0.000000000000000000e+00,0.000000000000000000e+00,-1.000000000000000000e+00
-3.470104218670859098e+01,-4.564829805838369836e+00,2.550000000000000000e+01,0.000000000000000000e+00,0.000000000000000000e+00,-1.000000000000000000e+00
-3.471394290302716712e+01,-4.465665473965730214e+00,2.550000000000000000e+01,0.000000000000000000e+00,0.000000000000000000e+00,-1.000000000000000000e+00
-3.472656024041278044e+01,-4.366464687705856385e+00,2.550000000000000000e+01,0.000000000000000000e+00,0.000000000000000000e+00,-1.000000000000000000e+00
-3.473889409586682575e+01,-4.267228256860535751e+00,2.550000000000000000e+01,0.000000000000000000e+00,0.000000000000000000e+00,-1.000000000000000000e+00
-3.475094436870483605e+01,-4.167956991522529187e+00,2.550000000000000000e+01,0.000000000000000000e+00,0.000000000000000000e+00,-1.000000000000000000e+00
-3.476271096055731391e+01,-4.068651702068961207e+00,2.550000000000000000e+01,0.000000000000000000e+00,0.000000000000000000e+00,-1.000000000000000000e+00
-3.477419377537049883e+01,-3.969313199154706595e+00,2.550000000000000000e+01,0.000000000000000000e+00,0.000000000000000000e+00,-1.000000000000000000e+00
-3.478539271940719857e+01,-3.869942293705765923e+00,2.550000000000000000e+01,0.000000000000000000e+00,0.000000000000000000e+00,-1.000000000000000000e+00
-3.479630770124752104e+01,-3.770539796912653507e+00,2.550000000000000000e+01,0.000000000000000000e+00,0.000000000000000000e+00,-1.000000000000000000e+00
-3.480693863178964875e+01,-3.671106520223769820e+00,2.550000000000000000e+01,0.000000000000000000e+00,0.000000000000000000e+00,-1.000000000000000000e+00
-3.481728542425051387e+01,-3.571643275338781010e+00,2.550000000000000000e+01,0.000000000000000000e+00,0.000000000000000000e+00,-1.000000000000000000e+00
-3.482734799416657268e+01,-3.472150874201991311e+00,2.550000000000000000e+01,0.000000000000000000e+00,0.000000000000000000e+00,-1.000000000000000000e+00
-3.483712625939445218e+01,-3.372630128995714571e+00,2.550000000000000000e+01,0.000000000000000000e+00,0.000000000000000000e+00,-1.000000000000000000e+00
-3.484662014011162512e+01,-3.273081852133643999e+00,2.550000000000000000e+01,0.000000000000000000e+00,0.000000000000000000e+00,-1.000000000000000000e+00
-3.485582955881709211e+01,-3.173506856254221908e+00,2.550000000000000000e+01,0.000000000000000000e+00,0.000000000000000000e+00,-1.000000000000000000e+00
-3.486475444033197135e+01,-3.073905954214005032e+00,2.550000000000000000e+01,0.000000000000000000e+00,0.000000000000000000e+00,-1.000000000000000000e+00
-3.487339471180012396e+01,-2.974279959081027602e+00,2.550000000000000000e+01,0.000000000000000000e+00,0.000000000000000000e+00,-1.000000000000000000e+00
-3.488175030268878629e+01,-2.874629684128167106e+00,2.550000000000000000e+01,0.000000000000000000e+00,0.000000000000000000e+00,-1.000000000000000000e+00
-3.488982114478908869e+01,-2.774955942826500710e+00,2.550000000000000000e+01,0.000000000000000000e+00,0.000000000000000000e+00,-1.000000000000000000e+00
-3.489760717221665942e+01,-2.675259548838671009e+00,2.550000000000000000e+01,0.000000000000000000e+00,0.000000000000000000e+00,-1.000000000000000000e+00
-3.490510832141212205e+01,-2.575541316012237569e+00,2.550000000000000000e+01,0.000000000000000000e+00,0.000000000000000000e+00,-1.000000000000000000e+00
-3.491232453114166390e+01,-2.475802058373037351e+00,2.550000000000000000e+01,0.000000000000000000e+00,0.000000000000000000e+00,-1.000000000000000000e+00
-3.491925574249747655e+01,-2.376042590118537579e+00,2.550000000000000000e+01,0.000000000000000000e+00,0.000000000000000000e+00,-1.000000000000000000e+00
-3.492590189889828167e+01,-2.276263725611191280e+00,2.550000000000000000e+01,0.000000000000000000e+00,0.000000000000000000e+00,-1.000000000000000000e+00
-3.493226294608978577e+01,-2.176466279371786161e+00,2.550000000000000000e+01,0.000000000000000000e+00,0.000000000000000000e+00,-1.000000000000000000e+00
-3.493833883214510649e+01,-2.076651066072799701e+00,2.550000000000000000e+01,0.000000000000000000e+00,0.000000000000000000e+00,-1.000000000000000000e+00
-3.494412950746520607e+01,-1.976818900531744472e+00,2.550000000000000000e+01,0.000000000000000000e+00,0.000000000000000000e+00,-1.000000000000000000e+00
-3.494963492477929634e+01,-1.876970597704519683e+00,2.550000000000000000e+01,0.000000000000000000e+00,0.000000000000000000e+00,-1.000000000000000000e+00
-3.495485503914522951e+01,-1.777106972678757613e+00,2.550000000000000000e+01,0.000000000000000000e+00,0.000000000000000000e+00,-1.000000000000000000e+00
-3.495978980794985347e+01,-1.677228840667168708e+00,2.550000000000000000e+01,0.000000000000000000e+00,0.000000000000000000e+00,-1.000000000000000000e+00
-3.496443919090936703e+01,-1.577337017000888464e+00,2.550000000000000000e+01,0.000000000000000000e+00,0.000000000000000000e+00,-1.000000000000000000e+00
-3.496880315006964679e+01,-1.477432317122820749e+00,2.550000000000000000e+01,0.000000000000000000e+00,0.000000000000000000e+00,-1.000000000000000000e+00
-3.497288164980657399e+01,-1.377515556580980904e+00,2.550000000000000000e+01,0.000000000000000000e+00,0.000000000000000000e+00,-1.000000000000000000e+00
-3.497667465682628318e+01,-1.277587551021838852e+00,2.550000000000000000e+01,0.000000000000000000e+00,0.000000000000000000e+00,-1.000000000000000000e+00
-3.498018214016547489e+01,-1.177649116183661082e+00,2.550000000000000000e+01,0.000000000000000000e+00,0.000000000000000000e+00,-1.000000000000000000e+00
-3.498340407119165718e+01,-1.077701067889849984e+00,2.550000000000000000e+01,0.000000000000000000e+00,0.000000000000000000e+00,-1.000000000000000000e+00
-3.498634042360336593e+01,-9.777442220422858377e-01,2.550000000000000000e+01,0.000000000000000000e+00,0.000000000000000000e+00,-1.000000000000000000e+00
-3.498899117343039222e+01,-8.777793946146652537e-01,2.550000000000000000e+01,0.000000000000000000e+00,0.000000000000000000e+00,-1.000000000000000000e+00
-3.499135629903398126e+01,-7.778074016458406126e-01,2.550000000000000000e+01,0.000000000000000000e+00,0.000000000000000000e+00,-1.000000000000000000e+00
-3.499343578110699582e+01,-6.778290592331587261e-01,2.550000000000000000e+01,0.000000000000000000e+00,0.000000000000000000e+00,-1.000000000000000000e+00
-3.499522960267407967e+01,-5.778451835257983893e-01,2.550000000000000000e+01,0.000000000000000000e+00,0.000000000000000000e+00,-1.000000000000000000e+00
-3.499673774909180679e+01,-4.778565907181077654e-01,2.550000000000000000e+01,0.000000000000000000e+00,0.000000000000000000e+00,-1.000000000000000000e+00
-3.499796020804878083e+01,-3.778640970429425483e-01,2.550000000000000000e+01,0.000000000000000000e+00,0.000000000000000000e+00,-1.000000000000000000e+00
-3.499889696956576302e+01,-2.778685187650019595e-01,2.550000000000000000e+01,0.000000000000000000e+00,0.000000000000000000e+00,-1.000000000000000000e+00
-3.499954802599570769e+01,-1.778706721741654395e-01,2.550000000000000000e+01,0.000000000000000000e+00,0.000000000000000000e+00,-1.000000000000000000e+00
-3.499991337202389730e+01,-7.787137357882957522e-02,2.550000000000000000e+01,0.000000000000000000e+00,0.000000000000000000e+00,-1.000000000000000000e+00
-3.499999300466789265e+01,2.212856070075612178e-02,2.550000000000000000e+01,0.000000000000000000e+00,0.000000000000000000e+00,-1.000000000000000000e+00
-3.499978692327764662e+01,1.221283143391528603e-01,2.550000000000000000e+01,0.000000000000000000e+00,0.000000000000000000e+00,-1.000000000000000000e+00
-3.499929512953544020e+01,2.221270710123964542e-01,2.550000000000000000e+01,0.000000000000000000e+00,0.000000000000000000e+00,-1.000000000000000000e+00
-3.499851762745593220e+01,3.221240144046612630e-01,2.550000000000000000e+01,0.000000000000000000e+00,0.000000000000000000e+00,-1.000000000000000000e+00
-3.499745442338606694e+01,4.221183282149237881e-01,2.550000000000000000e+01,0.000000000000000000e+00,0.000000000000000000e+00,-1.000000000000000000e+00
-3.499610552600505287e+01,5.221091961636267209e-01,2.550000000000000000e+01,0.000000000000000000e+00,0.000000000000000000e+00,-1.000000000000000000e+00
-3.499447094632429156e+01,6.220958019993420018e-01,2.550000000000000000e+01,0.000000000000000000e+00,0.000000000000000000e+00,-1.000000000000000000e+00
-3.499255069768727822e+01,7.220773295054342400e-01,2.550000000000000000e+01,0.000000000000000000e+00,0.000000000000000000e+00,-1.000000000000000000e+00
-3.499034479576950218e+01,8.220529625067242163e-01,2.550000000000000000e+01,0.000000000000000000e+00,0.000000000000000000e+00,-1.000000000000000000e+00
-3.498785325857831907e+01,9.220218848761505548e-01,2.550000000000000000e+01,0.000000000000000000e+00,0.000000000000000000e+00,-1.000000000000000000e+00
-3.498507610645278731e+01,1.021983280541432837e+00,2.550000000000000000e+01,0.000000000000000000e+00,0.000000000000000000e+00,-1.000000000000000000e+00
-3.498201336206352607e+01,1.121936333491732940e+00,2.550000000000000000e+01,0.000000000000000000e+00,0.000000000000000000e+00,-1.000000000000000000e+00
-3.497866505041250917e+01,1.221880227784316597e+00,2.550000000000000000e+01,0.000000000000000000e+00,0.000000000000000000e+00,-1.000000000000000000e+00
-3.497503119883288036e+01,1.321814147551213958e+00,2.550000000000000000e+01,0.000000000000000000e+00,0.000000000000000000e+00,-1.000000000000000000e+00
-3.497111183698871173e+01,1.421737277005879596e+00,2.550000000000000000e+01,0.000000000000000000e+00,0.000000000000000000e+00,-1.000000000000000000e+00
-3.496690699687476922e+01,1.521648800449852734e+00,2.550000000000000000e+01,0.000000000000000000e+00,0.000000000000000000e+00,-1.000000000000000000e+00
-3.496241671281624974e+01,1.621547902279415476e+00,2.550000000000000000e+01,0.000000000000000000e+00,0.000000000000000000e+00,-1.000000000000000000e+00
-3.495764102146852537e+01,1.721433766992249925e+00,2.550000000000000000e+01,0.000000000000000000e+00,0.000000000000000000e+00,-1.000000000000000000e+00
-3.495257996181678806e+01,1.821305579194097080e+00,2.550000000000000000e+01,0.000000000000000000e+00,0.000000000000000000e+00,-1.000000000000000000e+00
-3.494723357517578677e+01,1.921162523605411732e+00,2.550000000000000000e+01,0.000000000000000000e+00,0.000000000000000000e+00,-1.000000000000000000e+00
-3.494160190518947218e+01,2.021003785068018921e+00,2.550000000000000000e+01,0.000000000000000000e+00,0.000000000000000000e+00,-1.000000000000000000e+00
-3.493568499783062720e+01,2.120828548551767057e+00,2.550000000000000000e+01,0.000000000000000000e+00,0.000000000000000000e+00,-1.000000000000000000e+00
-3.492948290140049039e+01,2.220635999161181928e+00,2.550000000000000000e+01,0.000000000000000000e+00,0.000000000000000000e+00,-1.000000000000000000e+00
-3.492299566652840070e+01,2.320425322142118940e+00,2.550000000000000000e+01,0.000000000000000000e+00,0.000000000000000000e+00,-1.000000000000000000e+00
-3.491622334617133561e+01,2.420195702888414235e+00,2.550000000000000000e+01,0.000000000000000000e+00,0.000000000000000000e+00,-1.000000000000000000e+00
-3.490916599561351319e+01,2.519946326948534487e+00,2.550000000000000000e+01,0.000000000000000000e+00,0.000000000000000000e+00,-1.000000000000000000e+00
-3.490182367246590189e+01,2.619676380032223584e+00,2.550000000000000000e+01,0.000000000000000000e+00,0.000000000000000000e+00,-1.000000000000000000e+00
-3.489419643666580839e+01,2.719385048017154638e+00,2.550000000000000000e+01,0.000000000000000000e+00,0.000000000000000000e+00,-1.000000000000000000e+00
-3.488628435047633047e+01,2.819071516955570456e+00,2.550000000000000000e+01,0.000000000000000000e+00,0.000000000000000000e+00,-1.000000000000000000e+00
-3.487808747848588808e+01,2.918734973080931550e+00,2.550000000000000000e+01,0.000000000000000000e+00,0.000000000000000000e+00,-1.000000000000000000e+00
-3.486960588760767621e+01,3.018374602814557495e+00,2.550000000000000000e+01,0.000000000000000000e+00,0.000000000000000000e+00,-1.000000000000000000e+00
-3.486083964707912486e+01,3.117989592772269170e+00,2.550000000000000000e+01,0.000000000000000000e+00,0.000000000000000000e+00,-1.000000000000000000e+00
-3.485178882846133064e+01,3.217579129771028779e+00,2.550000000000000000e+01,0.000000000000000000e+00,0.000000000000000000e+00,-1.000000000000000000e+00
-3.484245350563847410e+01,3.317142400835575877e+00,2.550000000000000000e+01,0.000000000000000000e+00,0.000000000000000000e+00,-1.000000000000000000e+00
-3.483283375481722288e+01,3.416678593205067838e+00,2.550000000000000000e+01,0.000000000000000000e+00,0.000000000000000000e+00,-1.000000000000000000e+00
-3.482292965452610645e+01,3.516186894339711433e+00,2.550000000000000000e+01,0.000000000000000000e+00,0.000000000000000000e+00,-1.000000000000000000e+00
-3.481274128561486236e+01,3.615666491927396642e+00,2.550000000000000000e+01,0.000000000000000000e+00,0.000000000000000000e+00,-1.000000000000000000e+00
-3.480226873125378972e+01,3.715116573890329121e+00,2.550000000000000000e+01,0.000000000000000000e+00,0.000000000000000000e+00,-1.000000000000000000e+00
-3.479151207693308123e+01,3.814536328391655573e+00,2.550000000000000000e+01,0.000000000000000000e+00,0.000000000000000000e+00,-1.000000000000000000e+00
-3.478047141046208424e+01,3.913924943842097992e+00,2.550000000000000000e+01,0.000000000000000000e+00,0.000000000000000000e+00,-1.000000000000000000e+00
-3.476914682196864703e+01,4.013281608906569708e+00,2.550000000000000000e+01,0.000000000000000000e+00,0.000000000000000000e+00,-1.000000000000000000e+00
-3.475753840389830884e+01,4.112605512510805639e+00,2.550000000000000000e+01,0.000000000000000000e+00,0.000000000000000000e+00,-1.000000000000000000e+00
-3.474564625101361059e+01,4.211895843847983656e+00,2.550000000000000000e+01,0.000000000000000000e+00,0.000000000000000000e+00,-1.000000000000000000e+00
-3.473347046039327779e+01,4.311151792385334858e+00,2.550000000000000000e+01,0.000000000000000000e+00,0.000000000000000000e+00,-1.000000000000000000e+00
-3.472101113143146733e+01,4.410372547870771598e+00,2.550000000000000000e+01,0.000000000000000000e+00,0.000000000000000000e+00,-1.000000000000000000e+00
-3.470826836583690778e+01,4.509557300339491981e+00,2.550000000000000000e+01,0.000000000000000000e+00,0.000000000000000000e+00,-1.000000000000000000e+00
-3.469524226763209640e+01,4.608705240120600344e+00,2.550000000000000000e+01,0.000000000000000000e+00,0.000000000000000000e+00,-1.000000000000000000e+00
-3.468193294315247499e+01,4.707815557843709087e+00,2.550000000000000000e+01,0.000000000000000000e+00,0.000000000000000000e+00,-1.000000000000000000e+00
-3.466834050104549902e+01,4.806887444445549384e+00,2.550000000000000000e+01,0.000000000000000000e+00,0.000000000000000000e+00,-1.000000000000000000e+00
-3.465446505226981344e+01,4.905920091176578346e+00,2.550000000000000000e+01,0.000000000000000000e+00,0.000000000000000000e+00,-1.000000000000000000e+00
-3.464030671009431472e+01,5.004912689607577292e+00,2.550000000000000000e+01,0.000000000000000000e+00,0.000000000000000000e+00,-1.000000000000000000e+00
-3.462586559009722009e+01,5.103864431636249144e+00,2.550000000000000000e+01,0.000000000000000000e+00,0.000000000000000000e+00,-1.000000000000000000e+00
-3.461114181016513669e+01,5.202774509493821142e+00,2.550000000000000000e+01,0.000000000000000000e+00,0.000000000000000000e+00,-1.000000000000000000e+00
-3.459613549049212367e+01,5.301642115751638684e+00,2.550000000000000000e+01,0.000000000000000000e+00,0.000000000000000000e+00,-1.000000000000000000e+00
-3.458084675357864768e+01,5.400466443327747612e+00,2.550000000000000000e+01,0.000000000000000000e+00,0.000000000000000000e+00,-1.000000000000000000e+00
-3.456527572423065209e+01,5.499246685493493381e+00,2.550000000000000000e+01,0.000000000000000000e+00,0.000000000000000000e+00,-1.000000000000000000e+00
-3.454942252955848403e+01,5.597982035880099794e+00,2.550000000000000000e+01,0.000000000000000000e+00,0.000000000000000000e+00,-1.000000000000000000e+00
-3.453328729897590677e+01,5.696671688485254847e+00,2.550000000000000000e+01,0.000000000000000000e+00,0.000000000000000000e+00,-1.000000000000000000e+00
-3.451687016419897702e+01,5.795314837679690356e+00,2.550000000000000000e+01,0.000000000000000000e+00,0.000000000000000000e+00,-1.000000000000000000e+00
-3.450017125924504313e+01,5.893910678213756249e+00,2.550000000000000000e+01,0.000000000000000000e+00,0.000000000000000000e+00,-1.000000000000000000e+00
-3.448319072043160105e+01,5.992458405223995754e+00,2.550000000000000000e+01,0.000000000000000000e+00,0.000000000000000000e+00,-1.000000000000000000e+00
-3.446592868637520723e+01,6.090957214239715256e+00,2.550000000000000000e+01,0.000000000000000000e+00,0.000000000000000000e+00,-1.000000000000000000e+00
-3.444838529799031335e+01,6.189406301189550597e+00,2.550000000000000000e+01,0.000000000000000000e+00,0.000000000000000000e+00,-1.000000000000000000e+00
-3.443056069848816492e+01,6.287804862408033379e+00,2.550000000000000000e+01,0.000000000000000000e+00,0.000000000000000000e+00,-1.000000000000000000e+00
-3.441245503337560052e+01,6.386152094642149279e+00,2.550000000000000000e+01,0.000000000000000000e+00,0.000000000000000000e+00,-1.000000000000000000e+00
-3.439406845045386518e+01,6.484447195057894575e+00,2.550000000000000000e+01,0.000000000000000000e+00,0.000000000000000000e+00,-1.000000000000000000e+00
-3.437540109981740954e+01,6.582689361246833570e+00,2.550000000000000000e+01,0.000000000000000000e+00,0.000000000000000000e+00,-1.000000000000000000e+00
-3.435645313385266064e+01,6.680877791232644469e+00,2.550000000000000000e+01,0.000000000000000000e+00,0.000000000000000000e+00,-1.000000000000000000e+00
-3.433722470723679976e+01,6.779011683477667027e+00,2.550000000000000000e+01,0.000000000000000000e+00,0.000000000000000000e+00,-1.000000000000000000e+00
-3.431771597693646214e+01,6.877090236889449315e+00,2.550000000000000000e+01,0.000000000000000000e+00,0.000000000000000000e+00,-1.000000000000000000e+00
-3.429792710220647223e+01,6.975112650827285599e+00,2.550000000000000000e+01,0.000000000000000000e+00,0.000000000000000000e+00,-1.000000000000000000e+00
-3.427785824458856467e+01,7.073078125108746228e+00,2.550000000000000000e+01,0.000000000000000000e+00,0.000000000000000000e+00,-1.000000000000000000e+00
-3.425750956791003432e+01,7.170985860016219959e+00,2.550000000000000000e+01,0.000000000000000000e+00,0.000000000000000000e+00,-1.000000000000000000e+00
-3.423688123828241459e+01,7.268835056303434072e+00,2.550000000000000000e+01,0.000000000000000000e+00,0.000000000000000000e+00,-1.000000000000000000e+00
-3.421597342410011322e+01,7.366624915201981594e+00,2.550000000000000000e+01,0.000000000000000000e+00,0.000000000000000000e+00,-1.000000000000000000e+00
-3.419478629603906228e+01,7.464354638427845856e+00,2.550000000000000000e+01,0.000000000000000000e+00,0.000000000000000000e+00,-1.000000000000000000e+00
-3.417332002705527572e+01,7.562023428187907292e+00,2.550000000000000000e+01,0.000000000000000000e+00,0.000000000000000000e+00,-1.000000000000000000e+00
-3.415157479238349225e+01,7.659630487186467995e+00,2.550000000000000000e+01,0.000000000000000000e+00,0.000000000000000000e+00,-1.000000000000000000e+00
-3.412955076953570455e+01,7.757175018631750518e+00,2.550000000000000000e+01,0.000000000000000000e+00,0.000000000000000000e+00,-1.000000000000000000e+00
-3.410724813829974522e+01,7.854656226242408223e+00,2.550000000000000000e+01,0.000000000000000000e+00,0.000000000000000000e+00,-1.000000000000000000e+00
-3.408466708073777340e+01,7.952073314254021419e+00,2.550000000000000000e+01,0.000000000000000000e+00,0.000000000000000000e+00,-1.000000000000000000e+00
-3.406180778118482522e+01,8.049425487425594383e+00,2.550000000000000000e+01,0.000000000000000000e+00,0.000000000000000000e+00,-1.000000000000000000e+00
-3.403867042624731454e+01,8.146711951046054168e+00,2.550000000000000000e+01,0.000000000000000000e+00,0.000000000000000000e+00,-1.000000000000000000e+00
-3.401525520480146980e+01,8.243931910940725416e+00,2.550000000000000000e+01,0.000000000000000000e+00,0.000000000000000000e+00,-1.000000000000000000e+00
-3.399156230799182055e+01,8.341084573477822062e+00,2.550000000000000000e+01,0.000000000000000000e+00,0.000000000000000000e+00,-1.000000000000000000e+00
-3.396759192922965553e+01,8.438169145574924812e+00,2.550000000000000000e+01,0.000000000000000000e+00,0.000000000000000000e+00,-1.000000000000000000e+00
-3.394334426419138140e+01,8.535184834705454193e+00,2.550000000000000000e+01,0.000000000000000000e+00,0.000000000000000000e+00,-1.000000000000000000e+00
-3.391881951081700208e+01,8.632130848905138265e+00,2.550000000000000000e+01,0.000000000000000000e+00,0.000000000000000000e+00,-1.000000000000000000e+00
-3.389401786930844906e+01,8.729006396778480337e+00,2.550000000000000000e+01,0.000000000000000000e+00,0.000000000000000000e+00,-1.000000000000000000e+00
-3.386893954212795421e+01,8.825810687505223129e+00,2.550000000000000000e+01,0.000000000000000000e+00,0.000000000000000000e+00,-1.000000000000000000e+00
-3.384358473399642264e+01,8.922542930846795173e+00,2.550000000000000000e+01,0.000000000000000000e+00,0.000000000000000000e+00,-1.000000000000000000e+00
-3.381795365189174163e+01,9.019202337152762539e+00,2.550000000000000000e+01,0.000000000000000000e+00,0.000000000000000000e+00,-1.000000000000000000e+00
-3.379204650504708951e+01,9.115788117367289445e+00,2.550000000000000000e+01,0.000000000000000000e+00,0.000000000000000000e+00,-1.000000000000000000e+00
-3.376586350494923749e+01,9.212299483035563341e+00,2.550000000000000000e+01,0.000000000000000000e+00,0.000000000000000000e+00,-1.000000000000000000e+00
-3.373940486533680883e+01,9.308735646310235978e+00,2.550000000000000000e+01,0.000000000000000000e+00,0.000000000000000000e+00,-1.000000000000000000e+00
-3.371267080219855927e+01,9.405095819957855596e+00,2.550000000000000000e+01,0.000000000000000000e+00,0.000000000000000000e+00,-1.000000000000000000e+00
-3.368566153377158656e+01,9.501379217365297336e+00,2.550000000000000000e+01,0.000000000000000000e+00,0.000000000000000000e+00,-1.000000000000000000e+00
-3.365837728053956823e+01,9.597585052546175888e+00,2.550000000000000000e+01,0.000000000000000000e+00,0.000000000000000000e+00,-1.000000000000000000e+00
-3.363081826523094975e+01,9.693712540147272350e+00,2.550000000000000000e+01,0.000000000000000000e+00,0.000000000000000000e+00,-1.000000000000000000e+00
-3.360298471281712551e+01,9.789760895454930889e+00,2.550000000000000000e+01,0.000000000000000000e+00,0.000000000000000000e+00,-1.000000000000000000e+00
-3.357487685051061987e+01,9.885729334401482049e+00,2.550000000000000000e+01,0.000000000000000000e+00,0.000000000000000000e+00,-1.000000000000000000e+00
-3.354649490776321841e+01,9.981617073571630527e+00,2.550000000000000000e+01,0.000000000000000000e+00,0.000000000000000000e+00,-1.000000000000000000e+00
-3.351783911626407786e+01,1.007742333020885361e+01,2.550000000000000000e+01,0.000000000000000000e+00,0.000000000000000000e+00,-1.000000000000000000e+00
-3.348890970993787874e+01,1.017314732222179430e+01,2.550000000000000000e+01,0.000000000000000000e+00,0.000000000000000000e+00,-1.000000000000000000e+00
-3.345970692494287846e+01,1.026878826819063484e+01,2.550000000000000000e+01,0.000000000000000000e+00,0.000000000000000000e+00,-1.000000000000000000e+00
-3.343023099966899281e+01,1.036434538737349875e+01,2.550000000000000000e+01,0.000000000000000000e+00,0.000000000000000000e+00,-1.000000000000000000e+00
-3.340048217473585623e+01,1.045981789971279596e+01,2.550000000000000000e+01,0.000000000000000000e+00,0.000000000000000000e+00,-1.000000000000000000e+00
-3.337046069299086071e+01,1.055520502584160880e+01,2.550000000000000000e+01,0.000000000000000000e+00,0.000000000000000000e+00,-1.000000000000000000e+00
-3.334016679950715201e+01,1.065050598709005136e+01,2.550000000000000000e+01,0.000000000000000000e+00,0.000000000000000000e+00,-1.000000000000000000e+00
-3.330960074158165440e+01,1.074572000549162176e+01,2.550000000000000000e+01,0.000000000000000000e+00,0.000000000000000000e+00,-1.000000000000000000e+00
-3.327876276873303851e+01,1.084084630378955616e+01,2.550000000000000000e+01,0.000000000000000000e+00,0.000000000000000000e+00,-1.000000000000000000e+00
-3.324765313269968914e+01,1.093588410544317213e+01,2.550000000000000000e+01,0.000000000000000000e+00,0.000000000000000000e+00,-1.000000000000000000e+00
-3.321627208743764470e+01,1.103083263463420671e+01,2.550000000000000000e+01,0.000000000000000000e+00,0.000000000000000000e+00,-1.000000000000000000e+00
-3.318461988911852245e+01,1.112569111627315444e+01,2.550000000000000000e+01,0.000000000000000000e+00,0.000000000000000000e+00,-1.000000000000000000e+00
-3.315269679612744369e+01,1.122045877600558939e+01,2.550000000000000000e+01,0.000000000000000000e+00,0.000000000000000000e+00,-1.000000000000000000e+00
-3.312050306906091635e+01,1.131513484021849081e+01,2.550000000000000000e+01,0.000000000000000000e+00,0.000000000000000000e+00,-1.000000000000000000e+00
-3.308803897072468914e+01,1.140971853604655095e+01,2.550000000000000000e+01,0.000000000000000000e+00,0.000000000000000000e+00,-1.000000000000000000e+00
-3.305530476613162705e+01,1.150420909137849357e+01,2.550000000000000000e+01,0.000000000000000000e+00,0.000000000000000000e+00,-1.000000000000000000e+00
-3.302230072249955128e+01,1.159860573486337287e+01,2.550000000000000000e+01,0.000000000000000000e+00,0.000000000000000000e+00,-1.000000000000000000e+00
-3.298902710924904369e+01,1.169290769591686718e+01,2.550000000000000000e+01,0.000000000000000000e+00,0.000000000000000000e+00,-1.000000000000000000e+00
-3.295548419800123696e+01,1.178711420472757432e+01,2.550000000000000000e+01,0.000000000000000000e+00,0.000000000000000000e+00,-1.000000000000000000e+00
-3.292167226257564749e+01,1.188122449226329103e+01,2.550000000000000000e+01,0.000000000000000000e+00,0.000000000000000000e+00,-1.000000000000000000e+00
-3.288759157898788033e+01,1.197523779027729418e+01,2.550000000000000000e+01,0.000000000000000000e+00,0.000000000000000000e+00,-1.000000000000000000e+00
-3.285324242544740514e+01,1.206915333131461310e+01,2.550000000000000000e+01,0.000000000000000000e+00,0.000000000000000000e+00,-1.000000000000000000e+00
-3.281862508235528963e+01,1.216297034871829119e+01,2.550000000000000000e+01,0.000000000000000000e+00,0.000000000000000000e+00,-1.000000000000000000e+00
-3.278373983230189026e+01,1.225668807663564586e+01,2.550000000000000000e+01,0.000000000000000000e+00,0.000000000000000000e+00,-1.000000000000000000e+00
-3.274858696006457137e+01,1.235030575002452125e+01,2.550000000000000000e+01,0.000000000000000000e+00,0.000000000000000000e+00,-1.000000000000000000e+00
-3.271316675260536044e+01,1.244382260465953216e+01,2.550000000000000000e+01,0.000000000000000000e+00,0.000000000000000000e+00,-1.000000000000000000e+00
-3.267747949906859617e+01,1.253723787713830085e+01,2.550000000000000000e+01,0.000000000000000000e+00,0.000000000000000000e+00,-1.000000000000000000e+00
-3.264152549077862631e+01,1.263055080488769555e+01,2.550000000000000000e+01,0.000000000000000000e+00,0.000000000000000000e+00,-1.000000000000000000e+00
-3.260530502123733498e+01,1.272376062617004955e+01,2.550000000000000000e+01,0.000000000000000000e+00,0.000000000000000000e+00,-1.000000000000000000e+00
-3.256881838612184055e+01,1.281686658008937663e+01,2.550000000000000000e+01,0.000000000000000000e+00,0.000000000000000000e+00,-1.000000000000000000e+00
-3.253206588328200866e+01,1.290986790659759365e+01,2.550000000000000000e+01,0.000000000000000000e+00,0.000000000000000000e+00,-1.000000000000000000e+00
-3.249504781273807907e+01,1.300276384650071293e+01,2.550000000000000000e+01,0.000000000000000000e+00,0.000000000000000000e+00,-1.000000000000000000e+00
-3.245776447667817166e+01,1.309555364146504886e+01,2.550000000000000000e+01,0.000000000000000000e+00,0.000000000000000000e+00,-1.000000000000000000e+00
-3.242021617945584211e+01,1.318823653402339957e+01,2.550000000000000000e+01,0.000000000000000000e+00,0.000000000000000000e+00,-1.000000000000000000e+00
-3.238240322758759504e+01,1.328081176758124293e+01,2.550000000000000000e+01,0.000000000000000000e+00,0.000000000000000000e+00,-1.000000000000000000e+00
-3.234432592975038290e+01,1.337327858642289868e+01,2.550000000000000000e+01,0.000000000000000000e+00,0.000000000000000000e+00,-1.000000000000000000e+00
-3.230598459677906931e+01,1.346563623571770307e+01,2.550000000000000000e+01,0.000000000000000000e+00,0.000000000000000000e+00,-1.000000000000000000e+00
-3.226737954166392086e+01,1.355788396152617814e+01,2.550000000000000000e+01,0.000000000000000000e+00,0.000000000000000000e+00,-1.000000000000000000e+00
-3.222851107954802785e+01,1.365002101080617791e+01,2.550000000000000000e+01,0.000000000000000000e+00,0.000000000000000000e+00,-1.000000000000000000e+00
-3.218937952772474631e+01,1.374204663141903282e+01,2.550000000000000000e+01,0.000000000000000000e+00,0.000000000000000000e+00,-1.000000000000000000e+00
-3.214998520563509032e+01,1.383396007213569945e+01,2.550000000000000000e+01,0.000000000000000000e+00,0.000000000000000000e+00,-1.000000000000000000e+00
-3.211032843486515276e+01,1.392576058264288541e+01,2.550000000000000000e+01,0.000000000000000000e+00,0.000000000000000000e+00,-1.000000000000000000e+00
-3.207040953914345494e+01,1.401744741354917956e+01,2.550000000000000000e+01,0.000000000000000000e+00,0.000000000000000000e+00,-1.000000000000000000e+00
-3.203022884433830342e+01,1.410901981639116620e+01,2.550000000000000000e+01,0.000000000000000000e+00,0.000000000000000000e+00,-1.000000000000000000e+00
-3.198978667845515034e+01,1.420047704363953223e+01,2.550000000000000000e+01,0.000000000000000000e+00,0.000000000000000000e+00,-1.000000000000000000e+00
-3.194908337163390399e+01,1.429181834870517420e+01,2.550000000000000000e+01,0.000000000000000000e+00,0.000000000000000000e+00,-1.000000000000000000e+00
-3.190811925614622879e+01,1.438304298594529662e+01,2.550000000000000000e+01,0.000000000000000000e+00,0.000000000000000000e+00,-1.000000000000000000e+00
-3.186689466639283808e+01,1.447415021066948881e+01,2.550000000000000000e+01,0.000000000000000000e+00,0.000000000000000000e+00,-1.000000000000000000e+00
-3.182540993890077274e+01,1.456513927914580542e+01,2.550000000000000000e+01,0.000000000000000000e+00,0.000000000000000000e+00,-1.000000000000000000e+00
-3.178366541232062659e+01,1.465600944860685040e+01,2.550000000000000000e+01,0.000000000000000000e+00,0.000000000000000000e+00,-1.000000000000000000e+00
-3.174166142742382846e+01,1.474675997725582910e+01,2.550000000000000000e+01,0.000000000000000000e+00,0.000000000000000000e+00,-1.000000000000000000e+00
-3.169939832709980365e+01,1.483739012427259851e+01,2.550000000000000000e+01,0.000000000000000000e+00,0.000000000000000000e+00,-1.000000000000000000e+00
-3.165687645635323122e+01,1.492789914981972643e+01,2.550000000000000000e+01,0.000000000000000000e+00,0.000000000000000000e+00,-1.000000000000000000e+00
-3.161409616230117336e+01,1.501828631504853107e+01,2.550000000000000000e+01,0.000000000000000000e+00,0.000000000000000000e+00,-1.000000000000000000e+00
-3.157105779417030078e+01,1.510855088210510289e+01,2.550000000000000000e+01,0.000000000000000000e+00,0.000000000000000000e+00,-1.000000000000000000e+00
-3.152776170329397232e+01,1.519869211413633536e+01,2.550000000000000000e+01,0.000000000000000000e+00,0.000000000000000000e+00,-1.000000000000000000e+00
-3.148420824310943544e+01,1.528870927529593438e+01,2.550000000000000000e+01,0.000000000000000000e+00,0.000000000000000000e+00,-1.000000000000000000e+00
-3.144039776915489526e+01,1.537860163075043651e+01,2.550000000000000000e+01,0.000000000000000000e+00,0.000000000000000000e+00,-1.000000000000000000e+00
-3.139633063906662969e+01,1.546836844668518651e+01,2.550000000000000000e+01,0.000000000000000000e+00,0.000000000000000000e+00,-1.000000000000000000e+00
-3.135200721257607626e+01,1.555800899031035378e+01,2.550000000000000000e+01,0.000000000000000000e+00,0.000000000000000000e+00,-1.000000000000000000e+00
-3.130742785150686558e+01,1.564752252986689562e+01,2.550000000000000000e+01,0.000000000000000000e+00,0.000000000000000000e+00,-1.000000000000000000e+00
-3.126259291977191168e+01,1.573690833463253824e+01,2.550000000000000000e+01,0.000000000000000000e+00,0.000000000000000000e+00,-1.000000000000000000e+00
-3.121750278337040641e+01,1.582616567492773640e+01,2.550000000000000000e+01,0.000000000000000000e+00,0.000000000000000000e+00,-1.000000000000000000e+00
-3.117215781038484579e+01,1.591529382212164023e+01,2.550000000000000000e+01,0.000000000000000000e+00,0.000000000000000000e+00,-1.000000000000000000e+00
-3.112655837097801736e+01,1.600429204863802823e+01,2.550000000000000000e+01,0.000000000000000000e+00,0.000000000000000000e+00,-1.000000000000000000e+00
-3.108070483738999457e+01,1.609315962796126342e+01,2.550000000000000000e+01,0.000000000000000000e+00,0.000000000000000000e+00,-1.000000000000000000e+00
-3.103459758393508139e+01,1.618189583464221215e+01,2.550000000000000000e+01,0.000000000000000000e+00,0.000000000000000000e+00,-1.000000000000000000e+00
-3.098823698699876061e+01,1.627049994430416646e+01,2.550000000000000000e+01,0.000000000000000000e+00,0.000000000000000000e+00,-1.000000000000000000e+00
-3.094162342503463492e+01,1.635897123364877004e+01,2.550000000000000000e+01,0.000000000000000000e+00,0.000000000000000000e+00,-1.000000000000000000e+00
-3.089475727856131471e+01,1.644730898046189793e+01,2.550000000000000000e+01,0.000000000000000000e+00,0.000000000000000000e+00,-1.000000000000000000e+00
-3.084763893015932723e+01,1.653551246361958604e+01,2.550000000000000000e+01,0.000000000000000000e+00,0.000000000000000000e+00,-1.000000000000000000e+00
-3.080026876446799022e+01,1.662358096309388600e+01,2.550000000000000000e+01,0.000000000000000000e+00,0.000000000000000000e+00,-1.000000000000000000e+00
-3.075264716818227129e+01,1.671151375995875910e+01,2.550000000000000000e+01,0.000000000000000000e+00,0.000000000000000000e+00,-1.000000000000000000e+00
-3.070477453004962598e+01,1.679931013639594894e+01,2.550000000000000000e+01,0.000000000000000000e+00,0.000000000000000000e+00,-1.000000000000000000e+00
-3.065665124086684301e+01,1.688696937570082213e+01,2.550000000000000000e+01,0.000000000000000000e+00,0.000000000000000000e+00,-1.000000000000000000e+00
-3.060827769347682548e+01,1.697449076228824794e+01,2.550000000000000000e+01,0.000000000000000000e+00,0.000000000000000000e+00,-1.000000000000000000e+00
-3.055965428276540763e+01,1.706187358169840351e+01,2.550000000000000000e+01,0.000000000000000000e+00,0.000000000000000000e+00,-1.000000000000000000e+00
-3.051078140565811836e+01,1.714911712060264293e+01,2.550000000000000000e+01,0.000000000000000000e+00,0.000000000000000000e+00,-1.000000000000000000e+00
-3.046165946111695533e+01,1.723622066680929521e+01,2.550000000000000000e+01,0.000000000000000000e+00,0.000000000000000000e+00,-1.000000000000000000e+00
-3.041228885013710581e+01,1.732318350926948369e+01,2.550000000000000000e+01,0.000000000000000000e+00,0.000000000000000000e+00,-1.000000000000000000e+00
-3.036266997574369242e+01,1.741000493808294181e+01,2.550000000000000000e+01,0.000000000000000000e+00,0.000000000000000000e+00,-1.000000000000000000e+00
-3.031280324298847617e+01,1.749668424450378978e+01,2.550000000000000000e+01,0.000000000000000000e+00,0.000000000000000000e+00,-1.000000000000000000e+00
-3.026268905894655248e+01,1.758322072094633626e+01,2.550000000000000000e+01,0.000000000000000000e+00,0.000000000000000000e+00,-1.000000000000000000e+00
-3.021232783271301514e+01,1.766961366099084429e+01,2.550000000000000000e+01,0.000000000000000000e+00,0.000000000000000000e+00,-1.000000000000000000e+00
-3.016171997539964522e+01,1.775586235938930812e+01,2.550000000000000000e+01,0.000000000000000000e+00,0.000000000000000000e+00,-1.000000000000000000e+00
-3.011086590013151820e+01,1.784196611207119432e+01,2.550000000000000000e+01,0.000000000000000000e+00,0.000000000000000000e+00,-1.000000000000000000e+00
-3.005976602204366799e+01,1.792792421614920073e+01,2.550000000000000000e+01,0.000000000000000000e+00,0.000000000000000000e+00,-1.000000000000000000e+00
-3.000842075827766564e+01,1.801373596992500481e+01,2.550000000000000000e+01,0.000000000000000000e+00,0.000000000000000000e+00,-1.000000000000000000e+00
-2.995683052797824431e+01,1.809940067289496923e+01,2.550000000000000000e+01,0.000000000000000000e+00,0.000000000000000000e+00,-1.000000000000000000e+00
-2.990499575228984241e+01,1.818491762575586890e+01,2.550000000000000000e+01,0.000000000000000000e+00,0.000000000000000000e+00,-1.000000000000000000e+00
-2.985291685435321085e+01,1.827028613041060368e+01,2.550000000000000000e+01,0.000000000000000000e+00,0.000000000000000000e+00,-1.000000000000000000e+00
-2.980059425930191708e+01,1.835550548997389342e+01,2.550000000000000000e+01,0.000000000000000000e+00,0.000000000000000000e+00,-1.000000000000000000e+00
-2.974802839425889189e+01,1.844057500877797295e+01,2.550000000000000000e+01,0.000000000000000000e+00,0.000000000000000000e+00,-1.000000000000000000e+00
-2.969521968833294778e+01,1.852549399237826577e+01,2.550000000000000000e+01,0.000000000000000000e+00,0.000000000000000000e+00,-1.000000000000000000e+00
-2.964216857261526883e+01,1.861026174755905060e+01,2.550000000000000000e+01,0.000000000000000000e+00,0.000000000000000000e+00,-1.000000000000000000e+00
-2.958887548017589353e+01,1.869487758233911379e+01,2.550000000000000000e+01,0.000000000000000000e+00,0.000000000000000000e+00,-1.000000000000000000e+00
-2.953534084606017984e+01,1.877934080597743360e+01,2.550000000000000000e+01,0.000000000000000000e+00,0.000000000000000000e+00,-1.000000000000000000e+00
-2.948156510728524893e+01,1.886365072897875805e+01,2.550000000000000000e+01,0.000000000000000000e+00,0.000000000000000000e+00,-1.000000000000000000e+00
-2.942754870283642532e+01,1.894780666309929629e+01,2.550000000000000000e+01,0.000000000000000000e+00,0.000000000000000000e+00,-1.000000000000000000e+00
-2.937329207366364869e+01,1.903180792135229993e+01,2.550000000000000000e+01,0.000000000000000000e+00,0.000000000000000000e+00,-1.000000000000000000e+00
-2.931879566267787851e+01,1.911565381801367280e+01,2.550000000000000000e+01,0.000000000000000000e+00,0.000000000000000000e+00,-1.000000000000000000e+00
-2.926405991474747736e+01,1.919934366862758068e+01,2.550000000000000000e+01,0.000000000000000000e+00,0.000000000000000000e+00,-1.000000000000000000e+00
-2.920908527669456234e+01,1.928287679001203969e+01,2.550000000000000000e+01,0.000000000000000000e+00,0.000000000000000000e+00,-1.000000000000000000e+00
-2.915387219729139190e+01,1.936625250026447631e+01,2.550000000000000000e+01,0.000000000000000000e+00,0.000000000000000000e+00,-1.000000000000000000e+00
-2.909842112725667107e+01,1.944947011876731580e+01,2.550000000000000000e+01,0.000000000000000000e+00,0.000000000000000000e+00,-1.000000000000000000e+00
-2.904273251925189214e+01,1.953252896619351731e+01,2.550000000000000000e+01,0.000000000000000000e+00,0.000000000000000000e+00,-1.000000000000000000e+00
-2.898680682787761853e+01,1.961542836451214100e+01,2.550000000000000000e+01,0.000000000000000000e+00,0.000000000000000000e+00,-1.000000000000000000e+00
-2.893064450966980772e+01,1.969816763699385831e+01,2.550000000000000000e+01,0.000000000000000000e+00,0.000000000000000000e+00,-1.000000000000000000e+00
-2.887424602309604538e+01,1.978074610821649770e+01,2.550000000000000000e+01,0.000000000000000000e+00,0.000000000000000000e+00,-1.000000000000000000e+00
-2.881761182855182568e+01,1.986316310407055497e+01,2.550000000000000000e+01,0.000000000000000000e+00,0.000000000000000000e+00,-1.000000000000000000e+00
-2.876074238835679608e+01,1.994541795176467502e+01,2.550000000000000000e+01,0.000000000000000000e+00,0.000000000000000000e+00,-1.000000000000000000e+00
-2.870363816675096302e+01,2.002750997983117642e+01,2.550000000000000000e+01,0.000000000000000000e+00,0.000000000000000000e+00,-1.000000000000000000e+00
-2.864629962989092249e+01,2.010943851813150829e+01,2.550000000000000000e+01,0.000000000000000000e+00,0.000000000000000000e+00,-1.000000000000000000e+00
-2.858872724584604441e+01,2.019120289786173572e+01,2.550000000000000000e+01,0.000000000000000000e+00,0.000000000000000000e+00,-1.000000000000000000e+00
-2.853092148459465349e+01,2.027280245155798255e+01,2.550000000000000000e+01,0.000000000000000000e+00,0.000000000000000000e+00,-1.000000000000000000e+00
-2.847288281802019227e+01,2.035423651310189541e+01,2.550000000000000000e+01,0.000000000000000000e+00,0.000000000000000000e+00,-1.000000000000000000e+00
-2.841461171990737711e+01,2.043550441772608650e+01,2.550000000000000000e+01,0.000000000000000000e+00,0.000000000000000000e+00,-1.000000000000000000e+00
-2.835610866593831503e+01,2.051660550201953015e+01,2.550000000000000000e+01,0.000000000000000000e+00,0.000000000000000000e+00,-1.000000000000000000e+00
-2.829737413368863130e+01,2.059753910393301268e+01,2.550000000000000000e+01,0.000000000000000000e+00,0.000000000000000000e+00,-1.000000000000000000e+00
-2.823840860262357211e+01,2.067830456278452189e+01,2.550000000000000000e+01,0.000000000000000000e+00,0.000000000000000000e+00,-1.000000000000000000e+00
-2.817921255409407877e+01,2.075890121926463650e+01,2.550000000000000000e+01,0.000000000000000000e+00,0.000000000000000000e+00,-1.000000000000000000e+00
-2.811978647133287268e+01,2.083932841544191206e+01,2.550000000000000000e+01,0.000000000000000000e+00,0.000000000000000000e+00,-1.000000000000000000e+00
-2.806013083945050823e+01,2.091958549476825624e+01,2.550000000000000000e+01,0.000000000000000000e+00,0.000000000000000000e+00,-1.000000000000000000e+00
-2.800024614543140444e+01,2.099967180208428630e+01,2.550000000000000000e+01,0.000000000000000000e+00,0.000000000000000000e+00,-1.000000000000000000e+00
-2.794013287812986590e+01,2.107958668362466881e+01,2.550000000000000000e+01,0.000000000000000000e+00,0.000000000000000000e+00,-1.000000000000000000e+00
-2.787979152826611440e+01,2.115932948702347005e+01,2.550000000000000000e+01,0.000000000000000000e+00,0.000000000000000000e+00,-1.000000000000000000e+00
-2.781922258842226370e+01,2.123889956131947088e+01,2.550000000000000000e+01,0.000000000000000000e+00,0.000000000000000000e+00,-1.000000000000000000e+00
-2.775842655303829787e+01,2.131829625696149222e+01,2.550000000000000000e+01,0.000000000000000000e+00,0.000000000000000000e+00,-1.000000000000000000e+00
-2.769740391840804961e+01,2.139751892581367088e+01,2.550000000000000000e+01,0.000000000000000000e+00,0.000000000000000000e+00,-1.000000000000000000e+00
-2.763615518267513593e+01,2.147656692116079569e+01,2.550000000000000000e+01,0.000000000000000000e+00,0.000000000000000000e+00,-1.000000000000000000e+00
-2.757468084582889389e+01,2.155543959771354423e+01,2.550000000000000000e+01,0.000000000000000000e+00,0.000000000000000000e+00,-1.000000000000000000e+00
-2.751298140970030559e+01,2.163413631161376927e+01,2.550000000000000000e+01,0.000000000000000000e+00,0.000000000000000000e+00,-1.000000000000000000e+00
-2.745105737795789125e+01,2.171265642043975319e+01,2.550000000000000000e+01,0.000000000000000000e+00,0.000000000000000000e+00,-1.000000000000000000e+00
-2.738890925610361293e+01,2.179099928321144830e+01,2.550000000000000000e+01,0.000000000000000000e+00,0.000000000000000000e+00,-1.000000000000000000e+00
-2.732653755146872854e+01,2.186916426039572059e+01,2.550000000000000000e+01,0.000000000000000000e+00,0.000000000000000000e+00,-1.000000000000000000e+00
-2.726394277320966353e+01,2.194715071391155803e+01,2.550000000000000000e+01,0.000000000000000000e+00,0.000000000000000000e+00,-1.000000000000000000e+00
-2.720112543230385072e+01,2.202495800713528595e+01,2.550000000000000000e+01,0.000000000000000000e+00,0.000000000000000000e+00,-1.000000000000000000e+00
-2.713808604154556292e+01,2.210258550490574692e+01,2.550000000000000000e+01,0.000000000000000000e+00,0.000000000000000000e+00,-1.000000000000000000e+00
-2.707482511554172788e+01,2.218003257352952673e+01,2.550000000000000000e+01,0.000000000000000000e+00,0.000000000000000000e+00,-1.000000000000000000e+00
-2.701134317070770763e+01,2.225729858078608103e+01,2.550000000000000000e+01,0.000000000000000000e+00,0.000000000000000000e+00,-1.000000000000000000e+00
-2.694764072526310983e+01,2.233438289593292225e+01,2.550000000000000000e+01,0.000000000000000000e+00,0.000000000000000000e+00,-1.000000000000000000e+00
-2.688371829922754230e+01,2.241128488971076749e+01,2.550000000000000000e+01,0.000000000000000000e+00,0.000000000000000000e+00,-1.000000000000000000e+00
-2.681957641441637819e+01,2.248800393434865441e+01,2.550000000000000000e+01,0.000000000000000000e+00,0.000000000000000000e+00,-1.000000000000000000e+00
-2.675521559443648201e+01,2.256453940356910692e+01,2.550000000000000000e+01,0.000000000000000000e+00,0.000000000000000000e+00,-1.000000000000000000e+00
-2.669063636468194289e+01,2.264089067259320487e+01,2.550000000000000000e+01,0.000000000000000000e+00,0.000000000000000000e+00,-1.000000000000000000e+00
-2.662583925232978643e+01,2.271705711814570350e+01,2.550000000000000000e+01,0.000000000000000000e+00,0.000000000000000000e+00,-1.000000000000000000e+00
-2.656082478633567945e+01,2.279303811846012451e+01,2.550000000000000000e+01,0.000000000000000000e+00,0.000000000000000000e+00,-1.000000000000000000e+00
-2.649559349742958503e+01,2.286883305328382576e+01,2.550000000000000000e+01,0.000000000000000000e+00,0.000000000000000000e+00,-1.000000000000000000e+00
-2.643014591811147085e+01,2.294444130388307101e+01,2.550000000000000000e+01,0.000000000000000000e+00,0.000000000000000000e+00,-1.000000000000000000e+00
-2.636448258264691802e+01,2.301986225304806766e+01,2.550000000000000000e+01,0.000000000000000000e+00,0.000000000000000000e+00,-1.000000000000000000e+00
-2.629860402706279032e+01,2.309509528509801868e+01,2.550000000000000000e+01,0.000000000000000000e+00,0.000000000000000000e+00,-1.000000000000000000e+00
-2.623251078914285372e+01,2.317013978588613909e+01,2.550000000000000000e+01,0.000000000000000000e+00,0.000000000000000000e+00,-1.000000000000000000e+00
-2.616620340842337811e+01,2.324499514280467238e+01,2.550000000000000000e+01,0.000000000000000000e+00,0.000000000000000000e+00,-1.000000000000000000e+00
-2.609968242618872480e+01,2.331966074478990691e+01,2.550000000000000000e+01,0.000000000000000000e+00,0.000000000000000000e+00,-1.000000000000000000e+00
-2.603294838546696610e+01,2.339413598232712843e+01,2.550000000000000000e+01,0.000000000000000000e+00,0.000000000000000000e+00,-1.000000000000000000e+00
-2.596600183102539816e+01,2.346842024745563293e+01,2.550000000000000000e+01,0.000000000000000000e+00,0.000000000000000000e+00,-1.000000000000000000e+00
-2.589884330936614276e+01,2.354251293377366849e+01,2.550000000000000000e+01,0.000000000000000000e+00,0.000000000000000000e+00,-1.000000000000000000e+00
-2.583147336872165667e+01,2.361641343644339130e+01,2.550000000000000000e+01,0.000000000000000000e+00,0.000000000000000000e+00,-1.000000000000000000e+00
-2.576389255905025877e+01,2.369012115219579684e+01,2.550000000000000000e+01,0.000000000000000000e+00,0.000000000000000000e+00,-1.000000000000000000e+00
-2.569610143203165720e+01,2.376363547933566167e+01,2.550000000000000000e+01,0.000000000000000000e+00,0.000000000000000000e+00,-1.000000000000000000e+00
-2.562810054106243030e+01,2.383695581774643557e+01,2.550000000000000000e+01,0.000000000000000000e+00,0.000000000000000000e+00,-1.000000000000000000e+00
-2.555989044125151111e+01,2.391008156889515490e+01,2.550000000000000000e+01,0.000000000000000000e+00,0.000000000000000000e+00,-1.000000000000000000e+00
-2.549147168941566122e+01,2.398301213583731339e+01,2.550000000000000000e+01,0.000000000000000000e+00,0.000000000000000000e+00,-1.000000000000000000e+00
-2.542284484407493750e+01,2.405574692322174712e+01,2.550000000000000000e+01,0.000000000000000000e+00,0.000000000000000000e+00,-1.000000000000000000e+00
-2.535401046544808423e+01,2.412828533729550173e+01,2.550000000000000000e+01,0.000000000000000000e+00,0.000000000000000000e+00,-1.000000000000000000e+00
-2.528496911544802828e+01,2.420062678590864991e+01,2.550000000000000000e+01,0.000000000000000000e+00,0.000000000000000000e+00,-1.000000000000000000e+00
-2.521572135767723921e+01,2.427277067851916570e+01,2.550000000000000000e+01,0.000000000000000000e+00,0.000000000000000000e+00,-1.000000000000000000e+00
-2.514626775742315345e+01,2.434471642619771004e+01,2.550000000000000000e+01,0.000000000000000000e+00,0.000000000000000000e+00,-1.000000000000000000e+00
-2.507660888165354862e+01,2.441646344163245885e+01,2.550000000000000000e+01,0.000000000000000000e+00,0.000000000000000000e+00,-1.000000000000000000e+00
-2.500674529901191789e+01,2.448801113913388505e+01,2.550000000000000000e+01,0.000000000000000000e+00,0.000000000000000000e+00,-1.000000000000000000e+00
-2.493667757981284083e+01,2.455935893463955466e+01,2.550000000000000000e+01,0.000000000000000000e+00,0.000000000000000000e+00,-1.000000000000000000e+00
-2.486640629603730090e+01,2.463050624571887326e+01,2.550000000000000000e+01,0.000000000000000000e+00,0.000000000000000000e+00,-1.000000000000000000e+00
-2.479593202132804919e+01,2.470145249157786438e+01,2.550000000000000000e+01,0.000000000000000000e+00,0.000000000000000000e+00,-1.000000000000000000e+00
-2.472525533098489348e+01,2.477219709306389106e+01,2.550000000000000000e+01,0.000000000000000000e+00,0.000000000000000000e+00,-1.000000000000000000e+00
-2.465437680196001224e+01,2.484273947267039873e+01,2.550000000000000000e+01,0.000000000000000000e+00,0.000000000000000000e+00,-1.000000000000000000e+00
-2.458329701285325442e+01,2.491307905454161897e+01,2.550000000000000000e+01,0.000000000000000000e+00,0.000000000000000000e+00,-1.000000000000000000e+00
-2.451201654390739648e+01,2.498321526447727337e+01,2.550000000000000000e+01,0.000000000000000000e+00,0.000000000000000000e+00,-1.000000000000000000e+00
-2.444053597700342451e+01,2.505314752993725946e+01,2.550000000000000000e+01,0.000000000000000000e+00,0.000000000000000000e+00,-1.000000000000000000e+00
-2.436885589565576993e+01,2.512287528004633330e+01,2.550000000000000000e+01,0.000000000000000000e+00,0.000000000000000000e+00,-1.000000000000000000e+00
-2.429697688500755959e+01,2.519239794559875634e+01,2.550000000000000000e+01,0.000000000000000000e+00,0.000000000000000000e+00,-1.000000000000000000e+00
-2.422489953182583022e+01,2.526171495906294950e+01,2.550000000000000000e+01,0.000000000000000000e+00,0.000000000000000000e+00,-1.000000000000000000e+00
-2.415262442449672875e+01,2.533082575458612951e+01,2.550000000000000000e+01,0.000000000000000000e+00,0.000000000000000000e+00,-1.000000000000000000e+00
-2.408015215302074097e+01,2.539972976799892024e+01,2.550000000000000000e+01,0.000000000000000000e+00,0.000000000000000000e+00,-1.000000000000000000e+00
-2.400748330900783856e+01,2.546842643681996066e+01,2.550000000000000000e+01,0.000000000000000000e+00,0.000000000000000000e+00,-1.000000000000000000e+00
-2.393461848567267225e+01,2.553691520026050199e+01,2.550000000000000000e+01,0.000000000000000000e+00,0.000000000000000000e+00,-1.000000000000000000e+00
-2.386155827782972239e+01,2.560519549922897653e+01,2.550000000000000000e+01,0.000000000000000000e+00,0.000000000000000000e+00,-1.000000000000000000e+00
-2.378830328188843879e+01,2.567326677633556642e+01,2.550000000000000000e+01,0.000000000000000000e+00,0.000000000000000000e+00,-1.000000000000000000e+00
-2.371485409584838422e+01,2.574112847589676178e+01,2.550000000000000000e+01,0.000000000000000000e+00,0.000000000000000000e+00,-1.000000000000000000e+00
-2.364121131929434938e+01,2.580878004393986913e+01,2.550000000000000000e+01,0.000000000000000000e+00,0.000000000000000000e+00,-1.000000000000000000e+00
-2.356737555339143597e+01,2.587622092820757302e+01,2.550000000000000000e+01,0.000000000000000000e+00,0.000000000000000000e+00,-1.000000000000000000e+00
-2.349334740088018947e+01,2.594345057816241962e+01,2.550000000000000000e+01,0.000000000000000000e+00,0.000000000000000000e+00,-1.000000000000000000e+00
-2.341912746607164664e+01,2.601046844499131083e+01,2.550000000000000000e+01,0.000000000000000000e+00,0.000000000000000000e+00,-1.000000000000000000e+00
-2.334471635484241148e+01,2.607727398160998789e+01,2.550000000000000000e+01,0.000000000000000000e+00,0.000000000000000000e+00,-1.000000000000000000e+00
-2.327011467462970984e+01,2.614386664266750770e+01,2.550000000000000000e+01,0.000000000000000000e+00,0.000000000000000000e+00,-1.000000000000000000e+00
-2.319532303442644761e+01,2.621024588455068027e+01,2.550000000000000000e+01,0.000000000000000000e+00,0.000000000000000000e+00,-1.000000000000000000e+00
-2.312034204477619781e+01,2.627641116538850952e+01,2.550000000000000000e+01,0.000000000000000000e+00,0.000000000000000000e+00,-1.000000000000000000e+00
-2.304517231776826591e+01,2.634236194505661999e+01,2.550000000000000000e+01,0.000000000000000000e+00,0.000000000000000000e+00,-1.000000000000000000e+00
-2.296981446703264851e+01,2.640809768518167289e+01,2.550000000000000000e+01,0.000000000000000000e+00,0.000000000000000000e+00,-1.000000000000000000e+00
-2.289426910773506307e+01,2.647361784914573946e+01,2.550000000000000000e+01,0.000000000000000000e+00,0.000000000000000000e+00,-1.000000000000000000e+00
-2.281853685657189956e+01,2.653892190209070634e+01,2.550000000000000000e+01,0.000000000000000000e+00,0.000000000000000000e+00,-1.000000000000000000e+00
-2.274261833176519687e+01,2.660400931092262056e+01,2.550000000000000000e+01,0.000000000000000000e+00,0.000000000000000000e+00,-1.000000000000000000e+00
-2.266651415305758732e+01,2.666887954431606644e+01,2.550000000000000000e+01,0.000000000000000000e+00,0.000000000000000000e+00,-1.000000000000000000e+00
-2.259022494170725537e+01,2.673353207271847509e+01,2.550000000000000000e+01,0.000000000000000000e+00,0.000000000000000000e+00,-1.000000000000000000e+00
-2.251375132048285010e+01,2.679796636835445867e+01,2.550000000000000000e+01,0.000000000000000000e+00,0.000000000000000000e+00,-1.000000000000000000e+00
-2.243709391365840489e+01,2.686218190523013050e+01,2.550000000000000000e+01,0.000000000000000000e+00,0.000000000000000000e+00,-1.000000000000000000e+00
-2.236025334700823919e+01,2.692617815913737900e+01,2.550000000000000000e+01,0.000000000000000000e+00,0.000000000000000000e+00,-1.000000000000000000e+00
-2.228323024780186401e+01,2.698995460765816290e+01,2.550000000000000000e+01,0.000000000000000000e+00,0.000000000000000000e+00,-1.000000000000000000e+00
-2.220602524479883755e+01,2.705351073016876384e+01,2.550000000000000000e+01,0.000000000000000000e+00,0.000000000000000000e+00,-1.000000000000000000e+00
-2.212863896824366705e+01,2.711684600784405319e+01,2.550000000000000000e+01,0.000000000000000000e+00,0.000000000000000000e+00,-1.000000000000000000e+00
-2.205107204986061475e+01,2.717995992366169844e+01,2.550000000000000000e+01,0.000000000000000000e+00,0.000000000000000000e+00,-1.000000000000000000e+00
-2.197332512284859263e+01,2.724285196240641227e+01,2.550000000000000000e+01,0.000000000000000000e+00,0.000000000000000000e+00,-1.000000000000000000e+00
-2.189539882187595765e+01,2.730552161067414829e+01,2.550000000000000000e+01,0.000000000000000000e+00,0.000000000000000000e+00,-1.000000000000000000e+00
-2.181729378307534972e+01,2.736796835687628970e+01,2.550000000000000000e+01,0.000000000000000000e+00,0.000000000000000000e+00,-1.000000000000000000e+00
-2.173901064403847982e+01,2.743019169124382373e+01,2.550000000000000000e+01,0.000000000000000000e+00,0.000000000000000000e+00,-1.000000000000000000e+00
-2.166055004381095372e+01,2.749219110583150893e+01,2.550000000000000000e+01,0.000000000000000000e+00,0.000000000000000000e+00,-1.000000000000000000e+00
-2.158191262288703172e+01,2.755396609452202483e+01,2.550000000000000000e+01,0.000000000000000000e+00,0.000000000000000000e+00,-1.000000000000000000e+00
-2.150309902320440614e+01,2.761551615303008944e+01,2.550000000000000000e+01,0.000000000000000000e+00,0.000000000000000000e+00,-1.000000000000000000e+00
-2.142410988813895756e+01,2.767684077890658756e+01,2.550000000000000000e+01,0.000000000000000000e+00,0.000000000000000000e+00,-1.000000000000000000e+00
-2.134494586249952164e+01,2.773793947154266348e+01,2.550000000000000000e+01,0.000000000000000000e+00,0.000000000000000000e+00,-1.000000000000000000e+00
-2.126560759252260269e+01,2.779881173217382795e+01,2.550000000000000000e+01,0.000000000000000000e+00,0.000000000000000000e+00,-1.000000000000000000e+00
-2.118609572586709788e+01,2.785945706388399756e+01,2.550000000000000000e+01,0.000000000000000000e+00,0.000000000000000000e+00,-1.000000000000000000e+00
-2.110641091160903215e+01,2.791987497160958043e+01,2.550000000000000000e+01,0.000000000000000000e+00,0.000000000000000000e+00,-1.000000000000000000e+00
-2.102655380023624332e+01,2.798006496214350847e+01,2.550000000000000000e+01,0.000000000000000000e+00,0.000000000000000000e+00,-1.000000000000000000e+00
-2.094652504364308143e+01,2.804002654413924134e+01,2.550000000000000000e+01,0.000000000000000000e+00,0.000000000000000000e+00,-1.000000000000000000e+00
-2.086632529512506196e+01,2.809975922811482008e+01,2.550000000000000000e+01,0.000000000000000000e+00,0.000000000000000000e+00,-1.000000000000000000e+00
-2.078595520937357222e+01,2.815926252645682482e+01,2.550000000000000000e+01,0.000000000000000000e+00,0.000000000000000000e+00,-1.000000000000000000e+00
-2.070541544247049970e+01,2.821853595342437870e+01,2.550000000000000000e+01,0.000000000000000000e+00,0.000000000000000000e+00,-1.000000000000000000e+00
-2.062470665188287455e+01,2.827757902515309496e+01,2.550000000000000000e+01,0.000000000000000000e+00,0.000000000000000000e+00,-1.000000000000000000e+00
-2.054382949645752632e+01,2.833639125965904881e+01,2.550000000000000000e+01,0.000000000000000000e+00,0.000000000000000000e+00,-1.000000000000000000e+00
-2.046278463641567669e+01,2.839497217684269259e+01,2.550000000000000000e+01,0.000000000000000000e+00,0.000000000000000000e+00,-1.000000000000000000e+00
-2.038157273334757491e+01,2.845332129849277436e+01,2.550000000000000000e+01,0.000000000000000000e+00,0.000000000000000000e+00,-1.000000000000000000e+00
-2.030019445020707636e+01,2.851143814829027079e+01,2.550000000000000000e+01,0.000000000000000000e+00,0.000000000000000000e+00,-1.000000000000000000e+00
-2.021865045130624949e+01,2.856932225181223117e+01,2.550000000000000000e+01,0.000000000000000000e+00,0.000000000000000000e+00,-1.000000000000000000e+00
-2.013694140230993312e+01,2.862697313653568898e+01,2.550000000000000000e+01,0.000000000000000000e+00,0.000000000000000000e+00,-1.000000000000000000e+00
-2.005506797023032206e+01,2.868439033184149167e+01,2.550000000000000000e+01,0.000000000000000000e+00,0.000000000000000000e+00,-1.000000000000000000e+00
-1.997303082342151015e+01,2.874157336901816606e+01,2.550000000000000000e+01,0.000000000000000000e+00,0.000000000000000000e+00,-1.000000000000000000e+00
-1.989083063157403330e+01,2.879852178126571971e+01,2.550000000000000000e+01,0.000000000000000000e+00,0.000000000000000000e+00,-1.000000000000000000e+00
-1.980846806570940899e+01,2.885523510369947786e+01,2.550000000000000000e+01,0.000000000000000000e+00,0.000000000000000000e+00,-1.000000000000000000e+00
-1.972594379817466148e+01,2.891171287335384932e+01,2.550000000000000000e+01,0.000000000000000000e+00,0.000000000000000000e+00,-1.000000000000000000e+00
-1.964325850263681161e+01,2.896795462918613850e+01,2.550000000000000000e+01,0.000000000000000000e+00,0.000000000000000000e+00,-1.000000000000000000e+00
-1.956041285407741626e+01,2.902395991208027226e+01,2.550000000000000000e+01,0.000000000000000000e+00,0.000000000000000000e+00,-1.000000000000000000e+00
-1.947740752878702253e+01,2.907972826485059414e+01,2.550000000000000000e+01,0.000000000000000000e+00,0.000000000000000000e+00,-1.000000000000000000e+00
-1.939424320435965399e+01,2.913525923224554504e+01,2.550000000000000000e+01,0.000000000000000000e+00,0.000000000000000000e+00,-1.000000000000000000e+00
-1.931092055968730037e+01,2.919055236095141836e+01,2.550000000000000000e+01,0.000000000000000000e+00,0.000000000000000000e+00,-1.000000000000000000e+00
-1.922744027495435049e+01,2.924560719959603716e+01,2.550000000000000000e+01,0.000000000000000000e+00,0.000000000000000000e+00,-1.000000000000000000e+00
-1.914380303163204999e+01,2.930042329875245244e+01,2.550000000000000000e+01,0.000000000000000000e+00,0.000000000000000000e+00,-1.000000000000000000e+00
-1.906000951247294850e+01,2.935500021094261314e+01,2.550000000000000000e+01,0.000000000000000000e+00,0.000000000000000000e+00,-1.000000000000000000e+00
-1.897606040150530404e+01,2.940933749064100411e+01,2.550000000000000000e+01,0.000000000000000000e+00,0.000000000000000000e+00,-1.000000000000000000e+00
-1.889195638402750888e+01,2.946343469427829831e+01,2.550000000000000000e+01,0.000000000000000000e+00,0.000000000000000000e+00,-1.000000000000000000e+00
-1.880769814660251882e+01,2.951729138024497345e+01,2.550000000000000000e+01,0.000000000000000000e+00,0.000000000000000000e+00,-1.000000000000000000e+00
-1.872328637705220089e+01,2.957090710889491092e+01,2.550000000000000000e+01,0.000000000000000000e+00,0.000000000000000000e+00,-1.000000000000000000e+00
-1.863872176445176265e+01,2.962428144254898754e+01,2.550000000000000000e+01,0.000000000000000000e+00,0.000000000000000000e+00,-1.000000000000000000e+00
-1.855400499912409273e+01,2.967741394549865674e+01,2.550000000000000000e+01,0.000000000000000000e+00,0.000000000000000000e+00,-1.000000000000000000e+00
-1.846913677263416531e+01,2.973030418400949415e+01,2.550000000000000000e+01,0.000000000000000000e+00,0.000000000000000000e+00,-1.000000000000000000e+00
-1.838411777778334866e+01,2.978295172632474674e+01,2.550000000000000000e+01,0.000000000000000000e+00,0.000000000000000000e+00,-1.000000000000000000e+00
-1.829894870860378120e+01,2.983535614266885005e+01,2.550000000000000000e+01,0.000000000000000000e+00,0.000000000000000000e+00,-1.000000000000000000e+00
-1.821363026035270849e+01,2.988751700525094179e+01,2.550000000000000000e+01,0.000000000000000000e+00,0.000000000000000000e+00,-1.000000000000000000e+00
-1.812816312950677045e+01,2.993943388826835061e+01,2.550000000000000000e+01,0.000000000000000000e+00,0.000000000000000000e+00,-1.000000000000000000e+00
-1.804254801375636674e+01,2.999110636791007423e+01,2.550000000000000000e+01,0.000000000000000000e+00,0.000000000000000000e+00,-1.000000000000000000e+00
-1.795678561199992629e+01,3.004253402236023973e+01,2.550000000000000000e+01,0.000000000000000000e+00,0.000000000000000000e+00,-1.000000000000000000e+00
-1.787087662433820157e+01,3.009371643180154621e+01,2.550000000000000000e+01,0.000000000000000000e+00,0.000000000000000000e+00,-1.000000000000000000e+00
-1.778482175206858429e+01,3.014465317841868952e+01,2.550000000000000000e+01,0.000000000000000000e+00,0.000000000000000000e+00,-1.000000000000000000e+00
-1.769862169767934645e+01,3.019534384640178004e+01,2.550000000000000000e+01,0.000000000000000000e+00,0.000000000000000000e+00,-1.000000000000000000e+00
-1.761227716484392047e+01,3.024578802194972482e+01,2.550000000000000000e+01,0.000000000000000000e+00,0.000000000000000000e+00,-1.000000000000000000e+00
-1.752578885841516154e+01,3.029598529327361334e+01,2.550000000000000000e+01,0.000000000000000000e+00,0.000000000000000000e+00,-1.000000000000000000e+00
-1.743915748441957092e+01,3.034593525060008545e+01,2.550000000000000000e+01,0.000000000000000000e+00,0.000000000000000000e+00,-1.000000000000000000e+00
-1.735238375005156897e+01,3.039563748617466032e+01,2.550000000000000000e+01,0.000000000000000000e+00,0.000000000000000000e+00,-1.000000000000000000e+00
-1.726546836366768289e+01,3.044509159426507949e+01,2.550000000000000000e+01,0.000000000000000000e+00,0.000000000000000000e+00,-1.000000000000000000e+00
-1.717841203478079137e+01,3.049429717116461802e+01,2.550000000000000000e+01,0.000000000000000000e+00,0.000000000000000000e+00,-1.000000000000000000e+00
-1.709121547405431230e+01,3.054325381519536720e+01,2.550000000000000000e+01,0.000000000000000000e+00,0.000000000000000000e+00,-1.000000000000000000e+00
-1.700387939329642961e+01,3.059196112671152434e+01,2.550000000000000000e+01,0.000000000000000000e+00,0.000000000000000000e+00,-1.000000000000000000e+00
-1.691640450545424912e+01,3.064041870810265422e+01,2.550000000000000000e+01,0.000000000000000000e+00,0.000000000000000000e+00,-1.000000000000000000e+00
-1.682879152460801109e+01,3.068862616379692909e+01,2.550000000000000000e+01,0.000000000000000000e+00,0.000000000000000000e+00,-1.000000000000000000e+00
-1.674104116596522829e+01,3.073658310026437590e+01,2.550000000000000000e+01,0.000000000000000000e+00,0.000000000000000000e+00,-1.000000000000000000e+00
-1.665315414585487375e+01,3.078428912602005241e+01,2.550000000000000000e+01,0.000000000000000000e+00,0.000000000000000000e+00,-1.000000000000000000e+00
-1.656513118172152232e+01,3.083174385162729436e+01,2.550000000000000000e+01,0.000000000000000000e+00,0.000000000000000000e+00,-1.000000000000000000e+00
-1.647697299211949229e+01,3.087894688970083124e+01,2.550000000000000000e+01,0.000000000000000000e+00,0.000000000000000000e+00,-1.000000000000000000e+00
-1.638868029670699045e+01,3.092589785491001564e+01,2.550000000000000000e+01,0.000000000000000000e+00,0.000000000000000000e+00,-1.000000000000000000e+00
-1.630025381624021463e+01,3.097259636398192484e+01,2.550000000000000000e+01,0.000000000000000000e+00,0.000000000000000000e+00,-1.000000000000000000e+00
-1.621169427256750240e+01,3.101904203570448715e+01,2.550000000000000000e+01,0.000000000000000000e+00,0.000000000000000000e+00,-1.000000000000000000e+00
-1.612300238862340862e+01,3.106523449092962963e+01,2.550000000000000000e+01,0.000000000000000000e+00,0.000000000000000000e+00,-1.000000000000000000e+00
-1.603417888842281869e+01,3.111117335257633698e+01,2.550000000000000000e+01,0.000000000000000000e+00,0.000000000000000000e+00,-1.000000000000000000e+00
-1.594522449705503853e+01,3.115685824563375306e+01,2.550000000000000000e+01,0.000000000000000000e+00,0.000000000000000000e+00,-1.000000000000000000e+00
-1.585613994067787047e+01,3.120228879716422554e+01,2.550000000000000000e+01,0.000000000000000000e+00,0.000000000000000000e+00,-1.000000000000000000e+00
-1.576692594651169088e+01,3.124746463630635773e+01,2.550000000000000000e+01,0.000000000000000000e+00,0.000000000000000000e+00,-1.000000000000000000e+00
-1.567758324283350291e+01,3.129238539427804966e+01,2.550000000000000000e+01,0.000000000000000000e+00,0.000000000000000000e+00,-1.000000000000000000e+00
-1.558811255897100878e+01,3.133705070437947526e+01,2.550000000000000000e+01,0.000000000000000000e+00,0.000000000000000000e+00,-1.000000000000000000e+00
-1.549851462529663770e+01,3.138146020199611996e+01,2.550000000000000000e+01,0.000000000000000000e+00,0.000000000000000000e+00,-1.000000000000000000e+00
-1.540879017322159505e+01,3.142561352460170454e+01,2.550000000000000000e+01,0.000000000000000000e+00,0.000000000000000000e+00,-1.000000000000000000e+00
-1.531893993518989205e+01,3.146951031176119784e+01,2.550000000000000000e+01,0.000000000000000000e+00,0.000000000000000000e+00,-1.000000000000000000e+00
-1.522896464467235944e+01,3.151315020513371934e+01,2.550000000000000000e+01,0.000000000000000000e+00,0.000000000000000000e+00,-1.000000000000000000e+00
-1.513886503616066470e+01,3.155653284847548434e+01,2.550000000000000000e+01,0.000000000000000000e+00,0.000000000000000000e+00,-1.000000000000000000e+00
-1.504864184516131687e+01,3.159965788764270300e+01,2.550000000000000000e+01,0.000000000000000000e+00,0.000000000000000000e+00,-1.000000000000000000e+00
-1.495829580818965709e+01,3.164252497059448999e+01,2.550000000000000000e+01,0.000000000000000000e+00,0.000000000000000000e+00,-1.000000000000000000e+00
-1.486782766276385637e+01,3.168513374739569954e+01,2.550000000000000000e+01,0.000000000000000000e+00,0.000000000000000000e+00,-1.000000000000000000e+00
-1.477723814739888120e+01,3.172748387021982808e+01,2.550000000000000000e+01,0.000000000000000000e+00,0.000000000000000000e+00,-1.000000000000000000e+00
-1.468652800160048066e+01,3.176957499335181723e+01,2.550000000000000000e+01,0.000000000000000000e+00,0.000000000000000000e+00,-1.000000000000000000e+00
-1.459569796585913437e+01,3.181140677319089605e+01,2.550000000000000000e+01,0.000000000000000000e+00,0.000000000000000000e+00,-1.000000000000000000e+00
-1.450474878164401815e+01,3.185297886825338054e+01,2.550000000000000000e+01,0.000000000000000000e+00,0.000000000000000000e+00,-1.000000000000000000e+00
-1.441368119139694670e+01,3.189429093917545899e+01,2.550000000000000000e+01,0.000000000000000000e+00,0.000000000000000000e+00,-1.000000000000000000e+00
-1.432249593852631619e+01,3.193534264871597017e+01,2.550000000000000000e+01,0.000000000000000000e+00,0.000000000000000000e+00,-1.000000000000000000e+00
-1.423119376740102915e+01,3.197613366175914251e+01,2.550000000000000000e+01,0.000000000000000000e+00,0.000000000000000000e+00,-1.000000000000000000e+00
-1.413977542334442461e+01,3.201666364531733677e+01,2.550000000000000000e+01,0.000000000000000000e+00,0.000000000000000000e+00,-1.000000000000000000e+00
-1.404824165262819058e+01,3.205693226853377809e+01,2.550000000000000000e+01,0.000000000000000000e+00,0.000000000000000000e+00,-1.000000000000000000e+00
-1.395659320246627821e+01,3.209693920268523470e+01,2.550000000000000000e+01,0.000000000000000000e+00,0.000000000000000000e+00,-1.000000000000000000e+00
-1.386483082100878761e+01,3.213668412118470030e+01,2.550000000000000000e+01,0.000000000000000000e+00,0.000000000000000000e+00,-1.000000000000000000e+00
-1.377295525733587311e+01,3.217616669958408693e+01,2.550000000000000000e+01,0.000000000000000000e+00,0.000000000000000000e+00,-1.000000000000000000e+00
-1.368096726145163089e+01,3.221538661557686112e+01,2.550000000000000000e+01,0.000000000000000000e+00,0.000000000000000000e+00,-1.000000000000000000e+00
-1.358886758427795982e+01,3.225434354900064449e+01,2.550000000000000000e+01,0.000000000000000000e+00,0.000000000000000000e+00,-1.000000000000000000e+00
-1.349665697764845440e+01,3.229303718183988536e+01,2.550000000000000000e+01,0.000000000000000000e+00,0.000000000000000000e+00,-1.000000000000000000e+00
-1.340433619430224255e+01,3.233146719822840254e+01,2.550000000000000000e+01,0.000000000000000000e+00,0.000000000000000000e+00,-1.000000000000000000e+00
-1.331190598787786250e+01,3.236963328445197874e+01,2.550000000000000000e+01,0.000000000000000000e+00,0.000000000000000000e+00,-1.000000000000000000e+00
-1.321936711290709709e+01,3.240753512895095412e+01,2.550000000000000000e+01,0.000000000000000000e+00,0.000000000000000000e+00,-1.000000000000000000e+00
-1.312672032480882045e+01,3.244517242232272736e+01,2.550000000000000000e+01,0.000000000000000000e+00,0.000000000000000000e+00,-1.000000000000000000e+00
-1.303396637988282869e+01,3.248254485732427810e+01,2.550000000000000000e+01,0.000000000000000000e+00,0.000000000000000000e+00,-1.000000000000000000e+00
-1.294110603530366888e+01,3.251965212887473200e+01,2.550000000000000000e+01,0.000000000000000000e+00,0.000000000000000000e+00,-1.000000000000000000e+00
-1.284814004911445195e+01,3.255649393405778369e+01,2.550000000000000000e+01,0.000000000000000000e+00,0.000000000000000000e+00,-1.000000000000000000e+00
-1.275506918022067460e+01,3.259306997212420498e+01,2.550000000000000000e+01,0.000000000000000000e+00,0.000000000000000000e+00,-1.000000000000000000e+00
-1.266189418838401082e+01,3.262937994449430334e+01,2.550000000000000000e+01,0.000000000000000000e+00,0.000000000000000000e+00,-1.000000000000000000e+00
-1.256861583421612494e+01,3.266542355476034487e+01,2.550000000000000000e+01,0.000000000000000000e+00,0.000000000000000000e+00,-1.000000000000000000e+00
-1.247523487917245077e+01,3.270120050868896300e+01,2.550000000000000000e+01,0.000000000000000000e+00,0.000000000000000000e+00,-1.000000000000000000e+00
-1.238175208554597795e+01,3.273671051422359568e+01,2.550000000000000000e+01,0.000000000000000000e+00,0.000000000000000000e+00,-1.000000000000000000e+00
-1.228816821646103641e+01,3.277195328148685149e+01,2.550000000000000000e+01,0.000000000000000000e+00,0.000000000000000000e+00,-1.000000000000000000e+00
-1.219448403586705609e+01,3.280692852278286153e+01,2.550000000000000000e+01,0.000000000000000000e+00,0.000000000000000000e+00,-1.000000000000000000e+00
-1.210070030853233902e+01,3.284163595259963841e+01,2.550000000000000000e+01,0.000000000000000000e+00,0.000000000000000000e+00,-1.000000000000000000e+00
-1.200681780003781007e+01,3.287607528761143527e+01,2.550000000000000000e+01,0.000000000000000000e+00,0.000000000000000000e+00,-1.000000000000000000e+00
-1.191283727677077664e+01,3.291024624668099818e+01,2.550000000000000000e+01,0.000000000000000000e+00,0.000000000000000000e+00,-1.000000000000000000e+00
-1.181875950591865632e+01,3.294414855086191807e+01,2.550000000000000000e+01,0.000000000000000000e+00,0.000000000000000000e+00,-1.000000000000000000e+00
-1.172458525546273478e+01,3.297778192340088310e+01,2.550000000000000000e+01,0.000000000000000000e+00,0.000000000000000000e+00,-1.000000000000000000e+00
-1.163031529417187571e+01,3.301114608973992404e+01,2.550000000000000000e+01,0.000000000000000000e+00,0.000000000000000000e+00,-1.000000000000000000e+00
-1.153595039159626623e+01,3.304424077751870215e+01,2.550000000000000000e+01,0.000000000000000000e+00,0.000000000000000000e+00,-1.000000000000000000e+00
-1.144149131806111086e+01,3.307706571657667638e+01,2.550000000000000000e+01,0.000000000000000000e+00,0.000000000000000000e+00,-1.000000000000000000e+00
-1.134693884466036629e+01,3.310962063895534158e+01,2.550000000000000000e+01,0.000000000000000000e+00,0.000000000000000000e+00,-1.000000000000000000e+00
-1.125229374325043175e+01,3.314190527890040983e+01,2.550000000000000000e+01,0.000000000000000000e+00,0.000000000000000000e+00,-1.000000000000000000e+00
-1.115755678644385718e+01,3.317391937286398473e+01,2.550000000000000000e+01,0.000000000000000000e+00,0.000000000000000000e+00,-1.000000000000000000e+00
-1.106272874760302649e+01,3.320566265950670015e+01,2.550000000000000000e+01,0.000000000000000000e+00,0.000000000000000000e+00,-1.000000000000000000e+00
-1.096781040083385506e+01,3.323713487969985891e+01,2.550000000000000000e+01,0.000000000000000000e+00,0.000000000000000000e+00,-1.000000000000000000e+00
-1.087280252097945876e+01,3.326833577652754315e+01,2.550000000000000000e+01,0.000000000000000000e+00,0.000000000000000000e+00,-1.000000000000000000e+00
-1.077770588361384263e+01,3.329926509528874590e+01,2.550000000000000000e+01,0.000000000000000000e+00,0.000000000000000000e+00,-1.000000000000000000e+00
-1.068252126503555743e+01,3.332992258349939618e+01,2.550000000000000000e+01,0.000000000000000000e+00,0.000000000000000000e+00,-1.000000000000000000e+00
-1.058724944226137232e+01,3.336030799089445509e+01,2.550000000000000000e+01,0.000000000000000000e+00,0.000000000000000000e+00,-1.000000000000000000e+00
-1.049189119301992079e+01,3.339042106942994081e+01,2.550000000000000000e+01,0.000000000000000000e+00,0.000000000000000000e+00,-1.000000000000000000e+00
-1.039644729574536086e+01,3.342026157328498215e+01,2.550000000000000000e+01,0.000000000000000000e+00,0.000000000000000000e+00,-1.000000000000000000e+00
-1.030091852957101928e+01,3.344982925886379377e+01,2.550000000000000000e+01,0.000000000000000000e+00,0.000000000000000000e+00,-1.000000000000000000e+00
-1.020530567432302682e+01,3.347912388479767998e+01,2.550000000000000000e+01,0.000000000000000000e+00,0.000000000000000000e+00,-1.000000000000000000e+00
-1.010960951051395895e+01,3.350814521194698159e+01,2.550000000000000000e+01,0.000000000000000000e+00,0.000000000000000000e+00,-1.000000000000000000e+00
-1.001383081933645514e+01,3.353689300340309387e+01,2.550000000000000000e+01,0.000000000000000000e+00,0.000000000000000000e+00,-1.000000000000000000e+00
-9.917970382656850603e+00,3.356536702449031395e+01,2.550000000000000000e+01,0.000000000000000000e+00,0.000000000000000000e+00,-1.000000000000000000e+00
-9.822028983008793901e+00,3.359356704276780903e+01,2.550000000000000000e+01,0.000000000000000000e+00,0.000000000000000000e+00,-1.000000000000000000e+00
-9.726007403586848454e+00,3.362149282803150641e+01,2.550000000000000000e+01,0.000000000000000000e+00,0.000000000000000000e+00,-1.000000000000000000e+00
-9.629906428240106564e+00,3.364914415231596934e+01,2.550000000000000000e+01,0.000000000000000000e+00,0.000000000000000000e+00,-1.000000000000000000e+00
-9.533726841465794521e+00,3.367652078989625153e+01,2.550000000000000000e+01,0.000000000000000000e+00,0.000000000000000000e+00,-1.000000000000000000e+00
-9.437469428402867067e+00,3.370362251728975878e+01,2.550000000000000000e+01,0.000000000000000000e+00,0.000000000000000000e+00,-1.000000000000000000e+00
-9.341134974825580528e+00,3.373044911325804662e+01,2.550000000000000000e+01,0.000000000000000000e+00,0.000000000000000000e+00,-1.000000000000000000e+00
-9.244724267137110374e+00,3.375700035880863226e+01,2.550000000000000000e+01,0.000000000000000000e+00,0.000000000000000000e+00,-1.000000000000000000e+00
-9.148238092363104812e+00,3.378327603719681349e+01,2.550000000000000000e+01,0.000000000000000000e+00,0.000000000000000000e+00,-1.000000000000000000e+00
-9.051677238145268589e+00,3.380927593392740960e+01,2.550000000000000000e+01,0.000000000000000000e+00,0.000000000000000000e+00,-1.000000000000000000e+00
-8.955042492734939685e+00,3.383499983675648792e+01,2.550000000000000000e+01,0.000000000000000000e+00,0.000000000000000000e+00,-1.000000000000000000e+00
-8.858334644986641138e+00,3.386044753569316157e+01,2.550000000000000000e+01,0.000000000000000000e+00,0.000000000000000000e+00,-1.000000000000000000e+00
-8.761554484351659511e+00,3.388561882300125916e+01,2.550000000000000000e+01,0.000000000000000000e+00,0.000000000000000000e+00,-1.000000000000000000e+00
-8.664702800871584287e+00,3.391051349320101593e+01,2.550000000000000000e+01,0.000000000000000000e+00,0.000000000000000000e+00,-1.000000000000000000e+00
-8.567780385171863244e+00,3.393513134307077195e+01,2.550000000000000000e+01,0.000000000000000000e+00,0.000000000000000000e+00,-1.000000000000000000e+00
-8.470788028455350727e+00,3.395947217164862764e+01,2.550000000000000000e+01,0.000000000000000000e+00,0.000000000000000000e+00,-1.000000000000000000e+00
-8.373726522495852365e+00,3.398353578023407096e+01,2.550000000000000000e+01,0.000000000000000000e+00,0.000000000000000000e+00,-1.000000000000000000e+00
-8.276596659631652031e+00,3.400732197238962584e+01,2.550000000000000000e+01,0.000000000000000000e+00,0.000000000000000000e+00,-1.000000000000000000e+00
-8.179399232759047678e+00,3.403083055394241541e+01,2.550000000000000000e+01,0.000000000000000000e+00,0.000000000000000000e+00,-1.000000000000000000e+00
-8.082135035325883621e+00,3.405406133298578908e+01,2.550000000000000000e+01,0.000000000000000000e+00,0.000000000000000000e+00,-1.000000000000000000e+00
-7.984804861325068615e+00,3.407701411988086448e+01,2.550000000000000000e+01,0.000000000000000000e+00,0.000000000000000000e+00,-1.000000000000000000e+00
-7.887409505288093925e+00,3.409968872725806932e+01,2.550000000000000000e+01,0.000000000000000000e+00,0.000000000000000000e+00,-1.000000000000000000e+00
-7.789949762278551404e+00,3.412208497001870455e+01,2.550000000000000000e+01,0.000000000000000000e+00,0.000000000000000000e+00,-1.000000000000000000e+00
-7.692426427885637352e+00,3.414420266533642234e+01,2.550000000000000000e+01,0.000000000000000000e+00,0.000000000000000000e+00,-1.000000000000000000e+00
-7.594840298217661712e+00,3.416604163265871819e+01,2.550000000000000000e+01,0.000000000000000000e+00,0.000000000000000000e+00,-1.000000000000000000e+00
-7.497192169895551039e+00,3.418760169370845148e+01,2.550000000000000000e+01,0.000000000000000000e+00,0.000000000000000000e+00,-1.000000000000000000e+00
-7.399482840046340826e+00,3.420888267248522396e+01,2.550000000000000000e+01,0.000000000000000000e+00,0.000000000000000000e+00,-1.000000000000000000e+00
-7.301713106296668698e+00,3.422988439526688609e+01,2.550000000000000000e+01,0.000000000000000000e+00,0.000000000000000000e+00,-1.000000000000000000e+00
-7.203883766766269403e+00,3.425060669061091545e+01,2.550000000000000000e+01,0.000000000000000000e+00,0.000000000000000000e+00,-1.000000000000000000e+00
-7.105995620061452911e+00,3.427104938935584499e+01,2.550000000000000000e+01,0.000000000000000000e+00,0.000000000000000000e+00,-1.000000000000000000e+00
-7.008049465268586076e+00,3.429121232462259172e+01,2.550000000000000000e+01,0.000000000000000000e+00,0.000000000000000000e+00,-1.000000000000000000e+00
-6.910046101947574293e+00,3.431109533181590621e+01,2.550000000000000000e+01,0.000000000000000000e+00,0.000000000000000000e+00,-1.000000000000000000e+00
-6.811986330125327171e+00,3.433069824862560893e+01,2.550000000000000000e+01,0.000000000000000000e+00,0.000000000000000000e+00,-1.000000000000000000e+00
-6.713870950289233974e+00,3.435002091502801846e+01,2.550000000000000000e+01,0.000000000000000000e+00,0.000000000000000000e+00,-1.000000000000000000e+00
-6.615700763380627514e+00,3.436906317328718075e+01,2.550000000000000000e+01,0.000000000000000000e+00,0.000000000000000000e+00,-1.000000000000000000e+00
-6.517476570788240942e+00,3.438782486795619064e+01,2.550000000000000000e+01,0.000000000000000000e+00,0.000000000000000000e+00,-1.000000000000000000e+00
-6.419199174341674308e+00,3.440630584587847096e+01,2.550000000000000000e+01,0.000000000000000000e+00,0.000000000000000000e+00,-1.000000000000000000e+00
-6.320869376304842469e+00,3.442450595618899456e+01,2.550000000000000000e+01,0.000000000000000000e+00,0.000000000000000000e+00,-1.000000000000000000e+00
-6.222487979369427435e+00,3.444242505031553492e+01,2.550000000000000000e+01,0.000000000000000000e+00,0.000000000000000000e+00,-1.000000000000000000e+00
-6.124055786648327171e+00,3.446006298197986695e+01,2.550000000000000000e+01,0.000000000000000000e+00,0.000000000000000000e+00,-1.000000000000000000e+00
-6.025573601669099943e+00,3.447741960719897492e+01,2.550000000000000000e+01,0.000000000000000000e+00,0.000000000000000000e+00,-1.000000000000000000e+00
-5.927042228367401577e+00,3.449449478428622484e+01,2.550000000000000000e+01,0.000000000000000000e+00,0.000000000000000000e+00,-1.000000000000000000e+00
-5.828462471080426255e+00,3.451128837385250847e+01,2.550000000000000000e+01,0.000000000000000000e+00,0.000000000000000000e+00,-1.000000000000000000e+00
-5.729835134540341102e+00,3.452780023880738014e+01,2.550000000000000000e+01,0.000000000000000000e+00,0.000000000000000000e+00,-1.000000000000000000e+00
-5.631161023867711002e+00,3.454403024436021497e+01,2.550000000000000000e+01,0.000000000000000000e+00,0.000000000000000000e+00,-1.000000000000000000e+00
-5.532440944564932295e+00,3.455997825802124623e+01,2.550000000000000000e+01,0.000000000000000000e+00,0.000000000000000000e+00,-1.000000000000000000e+00
-5.433675702509655814e+00,3.457564414960270938e+01,2.550000000000000000e+01,0.000000000000000000e+00,0.000000000000000000e+00,-1.000000000000000000e+00
-5.334866103948206373e+00,3.459102779121985805e+01,2.550000000000000000e+01,0.000000000000000000e+00,0.000000000000000000e+00,-1.000000000000000000e+00
-5.236012955489004028e+00,3.460612905729202282e+01,2.550000000000000000e+01,0.000000000000000000e+00,0.000000000000000000e+00,-1.000000000000000000e+00
-5.137117064095978236e+00,3.462094782454364861e+01,2.550000000000000000e+01,0.000000000000000000e+00,0.000000000000000000e+00,-1.000000000000000000e+00
-5.038179237081974904e+00,3.463548397200530360e+01,2.550000000000000000e+01,0.000000000000000000e+00,0.000000000000000000e+00,-1.000000000000000000e+00
-4.939200282102178541e+00,3.464973738101461720e+01,2.550000000000000000e+01,0.000000000000000000e+00,0.000000000000000000e+00,-1.000000000000000000e+00
-4.840181007147507763e+00,3.466370793521732452e+01,2.550000000000000000e+01,0.000000000000000000e+00,0.000000000000000000e+00,-1.000000000000000000e+00
-4.741122220538025012e+00,3.467739552056816166e+01,2.550000000000000000e+01,0.000000000000000000e+00,0.000000000000000000e+00,-1.000000000000000000e+00
-4.642024730916335606e+00,3.469080002533180362e+01,2.550000000000000000e+01,0.000000000000000000e+00,0.000000000000000000e+00,-1.000000000000000000e+00
-4.542889347240987696e+00,3.470392134008380935e+01,2.550000000000000000e+01,0.000000000000000000e+00,0.000000000000000000e+00,-1.000000000000000000e+00
-4.443716878779871315e+00,3.471675935771146726e+01,2.550000000000000000e+01,0.000000000000000000e+00,0.000000000000000000e+00,-1.000000000000000000e+00
-4.344508135103604118e+00,3.472931397341471182e+01,2.550000000000000000e+01,0.000000000000000000e+00,0.000000000000000000e+00,-1.000000000000000000e+00
-4.245263926078931327e+00,3.474158508470695494e+01,2.550000000000000000e+01,0.000000000000000000e+00,0.000000000000000000e+00,-1.000000000000000000e+00
-4.145985061862110577e+00,3.475357259141592436e+01,2.550000000000000000e+01,0.000000000000000000e+00,0.000000000000000000e+00,-1.000000000000000000e+00
-4.046672352892298541e+00,3.476527639568448791e+01,2.550000000000000000e+01,0.000000000000000000e+00,0.000000000000000000e+00,-1.000000000000000000e+00
-3.947326609884934889e+00,3.477669640197145640e+01,2.550000000000000000e+01,0.000000000000000000e+00,0.000000000000000000e+00,-1.000000000000000000e+00
-3.847948643825125359e+00,3.478783251705234392e+01,2.550000000000000000e+01,0.000000000000000000e+00,0.000000000000000000e+00,-1.000000000000000000e+00
-3.748539265961020828e+00,3.479868465002015654e+01,2.550000000000000000e+01,0.000000000000000000e+00,0.000000000000000000e+00,-1.000000000000000000e+00
-3.649099287797194169e+00,3.480925271228610995e+01,2.550000000000000000e+01,0.000000000000000000e+00,0.000000000000000000e+00,-1.000000000000000000e+00
-3.549629521088017103e+00,3.481953661758037555e+01,2.550000000000000000e+01,0.000000000000000000e+00,0.000000000000000000e+00,-1.000000000000000000e+00
-3.450130777831032614e+00,3.482953628195274831e+01,2.550000000000000000e+01,0.000000000000000000e+00,0.000000000000000000e+00,-1.000000000000000000e+00
-3.350603870260328243e+00,3.483925162377338580e+01,2.550000000000000000e+01,0.000000000000000000e+00,0.000000000000000000e+00,-1.000000000000000000e+00
-3.251049610839901405e+00,3.484868256373341922e+01,2.550000000000000000e+01,0.000000000000000000e+00,0.000000000000000000e+00,-1.000000000000000000e+00
-3.151468812257031349e+00,3.485782902484564261e+01,2.550000000000000000e+01,0.000000000000000000e+00,0.000000000000000000e+00,-1.000000000000000000e+00
-3.051862287415644026e+00,3.486669093244510975e+01,2.550000000000000000e+01,0.000000000000000000e+00,0.000000000000000000e+00,-1.000000000000000000e+00
-2.952230849429674286e+00,3.487526821418978074e+01,2.550000000000000000e+01,0.000000000000000000e+00,0.000000000000000000e+00,-1.000000000000000000e+00
-2.852575311616430742e+00,3.488356080006105486e+01,2.550000000000000000e+01,0.000000000000000000e+00,0.000000000000000000e+00,-1.000000000000000000e+00
-2.752896487489953525e+00,3.489156862236442436e+01,2.550000000000000000e+01,0.000000000000000000e+00,0.000000000000000000e+00,-1.000000000000000000e+00
-2.653195190754375599e+00,3.489929161572993621e+01,2.550000000000000000e+01,0.000000000000000000e+00,0.000000000000000000e+00,-1.000000000000000000e+00
-2.553472235297281401e+00,3.490672971711279615e+01,2.550000000000000000e+01,0.000000000000000000e+00,0.000000000000000000e+00,-1.000000000000000000e+00
-2.453728435183058387e+00,3.491388286579385891e+01,2.550000000000000000e+01,0.000000000000000000e+00,0.000000000000000000e+00,-1.000000000000000000e+00
-2.353964604646255232e+00,3.492075100338010429e+01,2.550000000000000000e+01,0.000000000000000000e+00,0.000000000000000000e+00,-1.000000000000000000e+00
-2.254181558084936032e+00,3.492733407380514166e+01,2.550000000000000000e+01,0.000000000000000000e+00,0.000000000000000000e+00,-1.000000000000000000e+00
-2.154380110054027853e+00,3.493363202332965756e+01,2.550000000000000000e+01,0.000000000000000000e+00,0.000000000000000000e+00,-1.000000000000000000e+00
-2.054561075258674929e+00,3.493964480054186339e+01,2.550000000000000000e+01,0.000000000000000000e+00,0.000000000000000000e+00,-1.000000000000000000e+00
-1.954725268547586214e+00,3.494537235635787908e+01,2.550000000000000000e+01,0.000000000000000000e+00,0.000000000000000000e+00,-1.000000000000000000e+00
-1.854873504906385140e+00,3.495081464402219495e+01,2.550000000000000000e+01,0.000000000000000000e+00,0.000000000000000000e+00,-1.000000000000000000e+00
-1.755006599450954718e+00,3.495597161910799855e+01,2.550000000000000000e+01,0.000000000000000000e+00,0.000000000000000000e+00,-1.000000000000000000e+00
-1.655125367420785087e+00,3.496084323951755124e+01,2.550000000000000000e+01,0.000000000000000000e+00,0.000000000000000000e+00,-1.000000000000000000e+00
-1.555230624172317277e+00,3.496542946548256481e+01,2.550000000000000000e+01,0.000000000000000000e+00,0.000000000000000000e+00,-1.000000000000000000e+00
-1.455323185172288758e+00,3.496973025956448566e+01,2.550000000000000000e+01,0.000000000000000000e+00,0.000000000000000000e+00,-1.000000000000000000e+00
-1.355403865991075651e+00,3.497374558665480748e+01,2.550000000000000000e+01,0.000000000000000000e+00,0.000000000000000000e+00,-1.000000000000000000e+00
-1.255473482296033838e+00,3.497747541397536963e+01,2.550000000000000000e+01,0.000000000000000000e+00,0.000000000000000000e+00,-1.000000000000000000e+00
-1.155532849844843835e+00,3.498091971107862719e+01,2.550000000000000000e+01,0.000000000000000000e+00,0.000000000000000000e+00,-1.000000000000000000e+00
-1.055582784478847014e+00,3.498407844984789250e+01,2.550000000000000000e+01,0.000000000000000000e+00,0.000000000000000000e+00,-1.000000000000000000e+00
-9.556241021163900395e-01,3.498695160449756258e+01,2.550000000000000000e+01,0.000000000000000000e+00,0.000000000000000000e+00,-1.000000000000000000e+00
-8.556576187461614191e-01,3.498953915157331096e+01,2.550000000000000000e+01,0.000000000000000000e+00,0.000000000000000000e+00,-1.000000000000000000e+00
-7.556841504205313864e-01,3.499184106995233634e+01,2.550000000000000000e+01,0.000000000000000000e+00,0.000000000000000000e+00,-1.000000000000000000e+00
-6.557045132488903416e-01,3.499385734084347632e+01,2.550000000000000000e+01,0.000000000000000000e+00,0.000000000000000000e+00,-1.000000000000000000e+00
-5.557195233909866250e-01,3.499558794778739212e+01,2.550000000000000000e+01,0.000000000000000000e+00,0.000000000000000000e+00,-1.000000000000000000e+00
-4.557299970502635134e-01,3.499703287665668228e+01,2.550000000000000000e+01,0.000000000000000000e+00,0.000000000000000000e+00,-1.000000000000000000e+00
-3.557367504671973824e-01,3.499819211565601762e+01,2.550000000000000000e+01,0.000000000000000000e+00,0.000000000000000000e+00,-1.000000000000000000e+00
-2.557405999126335927e-01,3.499906565532223368e+01,2.550000000000000000e+01,0.000000000000000000e+00,0.000000000000000000e+00,-1.000000000000000000e+00
-1.557423616811232925e-01,3.499965348852439462e+01,2.550000000000000000e+01,0.000000000000000000e+00,0.000000000000000000e+00,-1.000000000000000000e+00
-5.574285208426010135e-02,3.499995561046387138e+01,2.550000000000000000e+01,0.000000000000000000e+00,0.000000000000000000e+00,-1.000000000000000000e+00
4.425711255598403088e-02,3.499997201867436303e+01,2.550000000000000000e+01,0.000000000000000000e+00,0.000000000000000000e+00,-1.000000000000000000e+00
1.442567159139224453e-01,3.499970271302191804e+01,2.550000000000000000e+01,0.000000000000000000e+00,0.000000000000000000e+00,-1.000000000000000000e+00
2.442551416668177766e-01,3.499914769570494855e+01,2.550000000000000000e+01,0.000000000000000000e+00,0.000000000000000000e+00,-1.000000000000000000e+00
3.442515735015457268e-01,3.499830697125422319e+01,2.550000000000000000e+01,0.000000000000000000e+00,0.000000000000000000e+00,-1.000000000000000000e+00
4.442451951212588179e-01,3.499718054653276766e+01,2.550000000000000000e+01,0.000000000000000000e+00,0.000000000000000000e+00,-1.000000000000000000e+00
5.442351902520501383e-01,3.499576843073590027e+01,2.550000000000000000e+01,0.000000000000000000e+00,0.000000000000000000e+00,-1.000000000000000000e+00
6.442207426496168177e-01,3.499407063539107554e+01,2.550000000000000000e+01,0.000000000000000000e+00,0.000000000000000000e+00,-1.000000000000000000e+00
7.442010361059229195e-01,3.499208717435784877e+01,2.550000000000000000e+01,0.000000000000000000e+00,0.000000000000000000e+00,-1.000000000000000000e+00
8.441752544558630555e-01,3.498981806382771964e+01,2.550000000000000000e+01,0.000000000000000000e+00,0.000000000000000000e+00,-1.000000000000000000e+00
9.441425815839241675e-01,3.498726332232402569e+01,2.550000000000000000e+01,0.000000000000000000e+00,0.000000000000000000e+00,-1.000000000000000000e+00
1.044102201430847865e+00,3.498442297070179308e+01,2.550000000000000000e+01,0.000000000000000000e+00,0.000000000000000000e+00,-1.000000000000000000e+00
1.144053298000293095e+00,3.498129703214754471e+01,2.550000000000000000e+01,0.000000000000000000e+00,0.000000000000000000e+00,-1.000000000000000000e+00
1.243995055365495039e+00,3.497788553217912977e+01,2.550000000000000000e+01,0.000000000000000000e+00,0.000000000000000000e+00,-1.000000000000000000e+00
1.343926657675929226e+00,3.497418849864551049e+01,2.550000000000000000e+01,0.000000000000000000e+00,0.000000000000000000e+00,-1.000000000000000000e+00
1.443847289163967762e+00,3.497020596172653484e+01,2.550000000000000000e+01,0.000000000000000000e+00,0.000000000000000000e+00,-1.000000000000000000e+00
1.543756134151541559e+00,3.496593795393267357e+01,2.550000000000000000e+01,0.000000000000000000e+00,0.000000000000000000e+00,-1.000000000000000000e+00
1.643652377056797009e+00,3.496138451010479997e+01,2.550000000000000000e+01,0.000000000000000000e+00,0.000000000000000000e+00,-1.000000000000000000e+00
1.743535202400755102e+00,3.495654566741384173e+01,2.550000000000000000e+01,0.000000000000000000e+00,0.000000000000000000e+00,-1.000000000000000000e+00
1.843403794813967655e+00,3.495142146536053929e+01,2.550000000000000000e+01,0.000000000000000000e+00,0.000000000000000000e+00,-1.000000000000000000e+00
1.943257339043173770e+00,3.494601194577508352e+01,2.550000000000000000e+01,0.000000000000000000e+00,0.000000000000000000e+00,-1.000000000000000000e+00
2.043095019957954506e+00,3.494031715281678885e+01,2.550000000000000000e+01,0.000000000000000000e+00,0.000000000000000000e+00,-1.000000000000000000e+00
2.142916022557387556e+00,3.493433713297372378e+01,2.550000000000000000e+01,0.000000000000000000e+00,0.000000000000000000e+00,-1.000000000000000000e+00
2.242719531976700154e+00,3.492807193506234853e+01,2.550000000000000000e+01,0.000000000000000000e+00,0.000000000000000000e+00,-1.000000000000000000e+00
2.342504733493919744e+00,3.492152161022710288e+01,2.550000000000000000e+01,0.000000000000000000e+00,0.000000000000000000e+00,-1.000000000000000000e+00
2.442270812536528002e+00,3.491468621193998700e+01,2.550000000000000000e+01,0.000000000000000000e+00,0.000000000000000000e+00,-1.000000000000000000e+00
2.542016954688106178e+00,3.490756579600012799e+01,2.550000000000000000e+01,0.000000000000000000e+00,0.000000000000000000e+00,-1.000000000000000000e+00
2.641742345694987115e+00,3.490016042053333933e+01,2.550000000000000000e+01,0.000000000000000000e+00,0.000000000000000000e+00,-1.000000000000000000e+00
2.741446171472900595e+00,3.489247014599161645e+01,2.550000000000000000e+01,0.000000000000000000e+00,0.000000000000000000e+00,-1.000000000000000000e+00
2.841127618113617359e+00,3.488449503515268191e+01,2.550000000000000000e+01,0.000000000000000000e+00,0.000000000000000000e+00,-1.000000000000000000e+00
2.940785871891596237e+00,3.487623515311941702e+01,2.550000000000000000e+01,0.000000000000000000e+00,0.000000000000000000e+00,-1.000000000000000000e+00
3.040420119270625054e+00,3.486769056731939997e+01,2.550000000000000000e+01,0.000000000000000000e+00,0.000000000000000000e+00,-1.000000000000000000e+00
3.140029546910463321e+00,3.485886134750429477e+01,2.550000000000000000e+01,0.000000000000000000e+00,0.000000000000000000e+00,-1.000000000000000000e+00
3.239613341673477365e+00,3.484974756574932542e+01,2.550000000000000000e+01,0.000000000000000000e+00,0.000000000000000000e+00,-1.000000000000000000e+00
3.339170690631284799e+00,3.484034929645265777e+01,2.550000000000000000e+01,0.000000000000000000e+00,0.000000000000000000e+00,-1.000000000000000000e+00
3.438700781071385659e+00,3.483066661633479555e+01,2.550000000000000000e+01,0.000000000000000000e+00,0.000000000000000000e+00,-1.000000000000000000e+00
3.538202800503797985e+00,3.482069960443797640e+01,2.550000000000000000e+01,0.000000000000000000e+00,0.000000000000000000e+00,-1.000000000000000000e+00
3.637675936667691623e+00,3.481044834212551109e+01,2.550000000000000000e+01,0.000000000000000000e+00,0.000000000000000000e+00,-1.000000000000000000e+00
3.737119377538017595e+00,3.479991291308111556e+01,2.550000000000000000e+01,0.000000000000000000e+00,0.000000000000000000e+00,-1.000000000000000000e+00
3.836532311332136569e+00,3.478909340330823596e+01,2.550000000000000000e+01,0.000000000000000000e+00,0.000000000000000000e+00,-1.000000000000000000e+00
3.935913926516448225e+00,3.477798990112933097e+01,2.550000000000000000e+01,0.000000000000000000e+00,0.000000000000000000e+00,-1.000000000000000000e+00
4.035263411813012624e+00,3.476660249718518259e+01,2.550000000000000000e+01,0.000000000000000000e+00,0.000000000000000000e+00,-1.000000000000000000e+00
4.134579956206175133e+00,3.475493128443412871e+01,2.550000000000000000e+01,0.000000000000000000e+00,0.000000000000000000e+00,-1.000000000000000000e+00
4.233862748949185573e+00,3.474297635815130292e+01,2.550000000000000000e+01,0.000000000000000000e+00,0.000000000000000000e+00,-1.000000000000000000e+00
4.333110979570818699e+00,3.473073781592788123e+01,2.550000000000000000e+01,0.000000000000000000e+00,0.000000000000000000e+00,-1.000000000000000000e+00
4.432323837881988027e+00,3.471821575767025081e+01,2.550000000000000000e+01,0.000000000000000000e+00,0.000000000000000000e+00,-1.000000000000000000e+00
4.531500513982359202e+00,3.470541028559924257e+01,2.550000000000000000e+01,0.000000000000000000e+00,0.000000000000000000e+00,-1.000000000000000000e+00
4.630640198266965157e+00,3.469232150424923589e+01,2.550000000000000000e+01,0.000000000000000000e+00,0.000000000000000000e+00,-1.000000000000000000e+00
4.729742081432809719e+00,3.467894952046736279e+01,2.550000000000000000e+01,0.000000000000000000e+00,0.000000000000000000e+00,-1.000000000000000000e+00
4.828805354485479207e+00,3.466529444341259847e+01,2.550000000000000000e+01,0.000000000000000000e+00,0.000000000000000000e+00,-1.000000000000000000e+00
4.927829208745744261e+00,3.465135638455488021e+01,2.550000000000000000e+01,0.000000000000000000e+00,0.000000000000000000e+00,-1.000000000000000000e+00
5.026812835856161676e+00,3.463713545767420499e+01,2.550000000000000000e+01,0.000000000000000000e+00,0.000000000000000000e+00,-1.000000000000000000e+00
5.125755427787670016e+00,3.462263177885969156e+01,2.550000000000000000e+01,0.000000000000000000e+00,0.000000000000000000e+00,-1.000000000000000000e+00
5.224656176846190547e+00,3.460784546650864257e+01,2.550000000000000000e+01,0.000000000000000000e+00,0.000000000000000000e+00,-1.000000000000000000e+00
5.323514275679221974e+00,3.459277664132556396e+01,2.550000000000000000e+01,0.000000000000000000e+00,0.000000000000000000e+00,-1.000000000000000000e+00
5.422328917282420946e+00,3.457742542632118443e+01,2.550000000000000000e+01,0.000000000000000000e+00,0.000000000000000000e+00,-1.000000000000000000e+00
5.521099295006203000e+00,3.456179194681146782e+01,2.550000000000000000e+01,0.000000000000000000e+00,0.000000000000000000e+00,-1.000000000000000000e+00
5.619824602562319527e+00,3.454587633041656147e+01,2.550000000000000000e+01,0.000000000000000000e+00,0.000000000000000000e+00,-1.000000000000000000e+00
5.718504034030439165e+00,3.452967870705978015e+01,2.550000000000000000e+01,0.000000000000000000e+00,0.000000000000000000e+00,-1.000000000000000000e+00
5.817136783864730987e+00,3.451319920896653315e+01,2.550000000000000000e+01,0.000000000000000000e+00,0.000000000000000000e+00,-1.000000000000000000e+00
5.915722046900437014e+00,3.449643797066323714e+01,2.550000000000000000e+01,0.000000000000000000e+00,0.000000000000000000e+00,-1.000000000000000000e+00
6.014259018360450071e+00,3.447939512897623615e+01,2.550000000000000000e+01,0.000000000000000000e+00,0.000000000000000000e+00,-1.000000000000000000e+00
6.112746893861874753e+00,3.446207082303067182e+01,2.550000000000000000e+01,0.000000000000000000e+00,0.000000000000000000e+00,-1.000000000000000000e+00
6.211184869422600840e+00,3.444446519424936071e+01,2.550000000000000000e+01,0.000000000000000000e+00,0.000000000000000000e+00,-1.000000000000000000e+00
6.309572141467864270e+00,3.442657838635162193e+01,2.550000000000000000e+01,0.000000000000000000e+00,0.000000000000000000e+00,-1.000000000000000000e+00
6.407907906836808998e+00,3.440841054535211185e+01,2.550000000000000000e+01,0.000000000000000000e+00,0.000000000000000000e+00,-1.000000000000000000e+00
6.506191362789036425e+00,3.438996181955963038e+01,2.550000000000000000e+01,0.000000000000000000e+00,0.000000000000000000e+00,-1.000000000000000000e+00
6.604421707011167264e+00,3.437123235957593437e+01,2.550000000000000000e+01,0.000000000000000000e+00,0.000000000000000000e+00,-1.000000000000000000e+00
6.702598137623386521e+00,3.435222231829445150e+01,2.550000000000000000e+01,0.000000000000000000e+00,0.000000000000000000e+00,-1.000000000000000000e+00
6.800719853185989372e+00,3.433293185089910082e+01,2.550000000000000000e+01,0.000000000000000000e+00,0.000000000000000000e+00,-1.000000000000000000e+00
6.898786052705923488e+00,3.431336111486297114e+01,2.550000000000000000e+01,0.000000000000000000e+00,0.000000000000000000e+00,-1.000000000000000000e+00
6.996795935643330466e+00,3.429351026994706331e+01,2.550000000000000000e+01,0.000000000000000000e+00,0.000000000000000000e+00,-1.000000000000000000e+00
7.094748701918076605e+00,3.427337947819899000e+01,2.550000000000000000e+01,0.000000000000000000e+00,0.000000000000000000e+00,-1.000000000000000000e+00
7.192643551916287237e+00,3.425296890395162563e+01,2.550000000000000000e+01,0.000000000000000000e+00,0.000000000000000000e+00,-1.000000000000000000e+00
7.290479686496873946e+00,3.423227871382179188e+01,2.550000000000000000e+01,0.000000000000000000e+00,0.000000000000000000e+00,-1.000000000000000000e+00
7.388256306998057354e+00,3.421130907670887922e+01,2.550000000000000000e+01,0.000000000000000000e+00,0.000000000000000000e+00,-1.000000000000000000e+00
7.485972615243885464e+00,3.419006016379348978e+01,2.550000000000000000e+01,0.000000000000000000e+00,0.000000000000000000e+00,-1.000000000000000000e+00
7.583627813550751107e+00,3.416853214853601628e+01,2.550000000000000000e+01,0.000000000000000000e+00,0.000000000000000000e+00,-1.000000000000000000e+00
7.681221104733907623e+00,3.414672520667524225e+01,2.550000000000000000e+01,0.000000000000000000e+00,0.000000000000000000e+00,-1.000000000000000000e+00
7.778751692113965888e+00,3.412463951622689251e+01,2.550000000000000000e+01,0.000000000000000000e+00,0.000000000000000000e+00,-1.000000000000000000e+00
7.876218779523408209e+00,3.410227525748219790e+01,2.550000000000000000e+01,0.000000000000000000e+00,0.000000000000000000e+00,-1.000000000000000000e+00
7.973621571313082690e+00,3.407963261300641733e+01,2.550000000000000000e+01,0.000000000000000000e+00,0.000000000000000000e+00,-1.000000000000000000e+00
8.070959272358699366e+00,3.405671176763733143e+01,2.550000000000000000e+01,0.000000000000000000e+00,0.000000000000000000e+00,-1.000000000000000000e+00
8.168231088067321011e+00,3.403351290848375754e+01,2.550000000000000000e+01,0.000000000000000000e+00,0.000000000000000000e+00,-1.000000000000000000e+00
8.265436224383849506e+00,3.401003622492400780e+01,2.550000000000000000e+01,0.000000000000000000e+00,0.000000000000000000e+00,-1.000000000000000000e+00
8.362573887797505989e+00,3.398628190860434728e+01,2.550000000000000000e+01,0.000000000000000000e+00,0.000000000000000000e+00,-1.000000000000000000e+00
8.459643285348315445e+00,3.396225015343743792e+01,2.550000000000000000e+01,0.000000000000000000e+00,0.000000000000000000e+00,-1.000000000000000000e+00
8.556643624633569090e+00,3.393794115560073266e+01,2.550000000000000000e+01,0.000000000000000000e+00,0.000000000000000000e+00,-1.000000000000000000e+00
8.653574113814302748e+00,3.391335511353488386e+01,2.550000000000000000e+01,0.000000000000000000e+00,0.000000000000000000e+00,-1.000000000000000000e+00
8.750433961621753909e+00,3.388849222794216587e+01,2.550000000000000000e+01,0.000000000000000000e+00,0.000000000000000000e+00,-1.000000000000000000e+00
8.847222377363825885e+00,3.386335270178475554e+01,2.550000000000000000e+01,0.000000000000000000e+00,0.000000000000000000e+00,-1.000000000000000000e+00
8.943938570931541321e+00,3.383793674028313347e+01,2.550000000000000000e+01,0.000000000000000000e+00,0.000000000000000000e+00,-1.000000000000000000e+00
9.040581752805485038e+00,3.381224455091440007e+01,2.550000000000000000e+01,0.000000000000000000e+00,0.000000000000000000e+00,-1.000000000000000000e+00
9.137151134062268198e+00,3.378627634341057018e+01,2.550000000000000000e+01,0.000000000000000000e+00,0.000000000000000000e+00,-1.000000000000000000e+00
9.233645926380939173e+00,3.376003232975686785e+01,2.550000000000000000e+01,0.000000000000000000e+00,0.000000000000000000e+00,-1.000000000000000000e+00
9.330065342049449484e+00,3.373351272418998548e+01,2.550000000000000000e+01,0.000000000000000000e+00,0.000000000000000000e+00,-1.000000000000000000e+00
9.426408593971059346e+00,3.370671774319636427e+01,2.550000000000000000e+01,0.000000000000000000e+00,0.000000000000000000e+00,-1.000000000000000000e+00
9.522674895670778739e+00,3.367964760551038950e+01,2.550000000000000000e+01,0.000000000000000000e+00,0.000000000000000000e+00,-1.000000000000000000e+00
9.618863461301785378e+00,3.365230253211262124e+01,2.550000000000000000e+01,0.000000000000000000e+00,0.000000000000000000e+00,-1.000000000000000000e+00
9.714973505651828489e+00,3.362468274622800379e+01,2.550000000000000000e+01,0.000000000000000000e+00,0.000000000000000000e+00,-1.000000000000000000e+00
9.811004244149650333e+00,3.359678847332401830e+01,2.550000000000000000e+01,0.000000000000000000e+00,0.000000000000000000e+00,-1.000000000000000000e+00
9.906954892871393525e+00,3.356861994110886371e+01,2.550000000000000000e+01,0.000000000000000000e+00,0.000000000000000000e+00,-1.000000000000000000e+00
1.000282466854698704e+01,3.354017737952958100e+01,2.550000000000000000e+01,0.000000000000000000e+00,0.000000000000000000e+00,-1.000000000000000000e+00
1.009861278856654465e+01,3.351146102077019862e+01,2.550000000000000000e+01,0.000000000000000000e+00,0.000000000000000000e+00,-1.000000000000000000e+00
1.019431847098676869e+01,3.348247109924979981e+01,2.550000000000000000e+01,0.000000000000000000e+00,0.000000000000000000e+00,-1.000000000000000000e+00
1.028994093453731118e+01,3.345320785162064681e+01,2.550000000000000000e+01,0.000000000000000000e+00,0.000000000000000000e+00,-1.000000000000000000e+00
1.038547939862716163e+01,3.342367151676624104e+01,2.550000000000000000e+01,0.000000000000000000e+00,0.000000000000000000e+00,-1.000000000000000000e+00
1.048093308335102236e+01,3.339386233579934782e+01,2.550000000000000000e+01,0.000000000000000000e+00,0.000000000000000000e+00,-1.000000000000000000e+00
1.057630120949567143e+01,3.336378055206004944e+01,2.550000000000000000e+01,0.000000000000000000e+00,0.000000000000000000e+00,-1.000000000000000000e+00
1.067158299854632375e+01,3.333342641111376992e+01,2.550000000000000000e+01,0.000000000000000000e+00,0.000000000000000000e+00,-1.000000000000000000e+00
1.076677767269298336e+01,3.330280016074924276e+01,2.550000000000000000e+01,0.000000000000000000e+00,0.000000000000000000e+00,-1.000000000000000000e+00
1.086188445483680098e+01,3.327190205097650733e+01,2.550000000000000000e+01,0.000000000000000000e+00,0.000000000000000000e+00,-1.000000000000000000e+00
1.095690256859640499e+01,3.324073233402485528e+01,2.550000000000000000e+01,0.000000000000000000e+00,0.000000000000000000e+00,-1.000000000000000000e+00
1.105183123831425718e+01,3.320929126434078427e+01,2.550000000000000000e+01,0.000000000000000000e+00,0.000000000000000000e+00,-1.000000000000000000e+00
1.114666968906296596e+01,3.317757909858591603e+01,2.550000000000000000e+01,0.000000000000000000e+00,0.000000000000000000e+00,-1.000000000000000000e+00
1.124141714665162084e+01,3.314559609563489317e+01,2.550000000000000000e+01,0.000000000000000000e+00,0.000000000000000000e+00,-1.000000000000000000e+00
1.133607283763211804e+01,3.311334251657327599e+01,2.550000000000000000e+01,0.000000000000000000e+00,0.000000000000000000e+00,-1.000000000000000000e+00
1.143063598930546654e+01,3.308081862469541079e+01,2.550000000000000000e+01,0.000000000000000000e+00,0.000000000000000000e+00,-1.000000000000000000e+00
1.152510582972809061e+01,3.304802468550226990e+01,2.550000000000000000e+01,0.000000000000000000e+00,0.000000000000000000e+00,-1.000000000000000000e+00
1.161948158771814832e+01,3.301496096669930580e+01,2.550000000000000000e+01,0.000000000000000000e+00,0.000000000000000000e+00,-1.000000000000000000e+00
1.171376249286181270e+01,3.298162773819424132e+01,2.550000000000000000e+01,0.000000000000000000e+00,0.000000000000000000e+00,-1.000000000000000000e+00
1.180794777551956187e+01,3.294802527209487408e+01,2.550000000000000000e+01,0.000000000000000000e+00,0.000000000000000000e+00,-1.000000000000000000e+00
1.190203666683247441e+01,3.291415384270686673e+01,2.550000000000000000e+01,0.000000000000000000e+00,0.000000000000000000e+00,-1.000000000000000000e+00
1.199602839872848570e+01,3.288001372653150156e+01,2.550000000000000000e+01,0.000000000000000000e+00,0.000000000000000000e+00,-1.000000000000000000e+00
1.208992220392867267e+01,3.284560520226339975e+01,2.550000000000000000e+01,0.000000000000000000e+00,0.000000000000000000e+00,-1.000000000000000000e+00
1.218371731595352081e+01,3.281092855078829729e+01,2.550000000000000000e+01,0.000000000000000000e+00,0.000000000000000000e+00,-1.000000000000000000e+00
1.227741296912916091e+01,3.277598405518069313e+01,2.550000000000000000e+01,0.000000000000000000e+00,0.000000000000000000e+00,-1.000000000000000000e+00
1.237100839859363965e+01,3.274077200070159677e+01,2.550000000000000000e+01,0.000000000000000000e+00,0.000000000000000000e+00,-1.000000000000000000e+00
1.246450284030315814e+01,3.270529267479614788e+01,2.550000000000000000e+01,0.000000000000000000e+00,0.000000000000000000e+00,-1.000000000000000000e+00
1.255789553103830158e+01,3.266954636709130000e+01,2.550000000000000000e+01,0.000000000000000000e+00,0.000000000000000000e+00,-1.000000000000000000e+00
1.265118570841027257e+01,3.263353336939344729e+01,2.550000000000000000e+01,0.000000000000000000e+00,0.000000000000000000e+00,-1.000000000000000000e+00
1.274437261086712425e+01,3.259725397568604421e+01,2.550000000000000000e+01,0.000000000000000000e+00,0.000000000000000000e+00,-1.000000000000000000e+00
1.283745547769996698e+01,3.256070848212721813e+01,2.550000000000000000e+01,0.000000000000000000e+00,0.000000000000000000e+00,-1.000000000000000000e+00
1.293043354904918019e+01,3.252389718704730370e+01,2.550000000000000000e+01,0.000000000000000000e+00,0.000000000000000000e+00,-1.000000000000000000e+00
1.302330606591061368e+01,3.248682039094647678e+01,2.550000000000000000e+01,0.000000000000000000e+00,0.000000000000000000e+00,-1.000000000000000000e+00
1.311607227014178889e+01,3.244947839649225330e+01,2.550000000000000000e+01,0.000000000000000000e+00,0.000000000000000000e+00,-1.000000000000000000e+00
1.320873140446808591e+01,3.241187150851703791e+01,2.550000000000000000e+01,0.000000000000000000e+00,0.000000000000000000e+00,-1.000000000000000000e+00
1.330128271248892347e+01,3.237400003401561577e+01,2.550000000000000000e+01,0.000000000000000000e+00,0.000000000000000000e+00,-1.000000000000000000e+00
1.339372543868393173e+01,3.233586428214268693e+01,2.550000000000000000e+01,0.000000000000000000e+00,0.000000000000000000e+00,-1.000000000000000000e+00
1.348605882841912518e+01,3.229746456421028000e+01,2.550000000000000000e+01,0.000000000000000000e+00,0.000000000000000000e+00,-1.000000000000000000e+00
1.357828212795305944e+01,3.225880119368527232e+01,2.550000000000000000e+01,0.000000000000000000e+00,0.000000000000000000e+00,-1.000000000000000000e+00
1.367039458444298639e+01,3.221987448618681071e+01,2.550000000000000000e+01,0.000000000000000000e+00,0.000000000000000000e+00,-1.000000000000000000e+00
1.376239544595099495e+01,3.218068475948371088e+01,2.550000000000000000e+01,0.000000000000000000e+00,0.000000000000000000e+00,-1.000000000000000000e+00
1.385428396145015739e+01,3.214123233349189945e+01,2.550000000000000000e+01,0.000000000000000000e+00,0.000000000000000000e+00,-1.000000000000000000e+00
1.394605938083065055e+01,3.210151753027176369e+01,2.550000000000000000e+01,0.000000000000000000e+00,0.000000000000000000e+00,-1.000000000000000000e+00
1.403772095490589145e+01,3.206154067402557217e+01,2.550000000000000000e+01,0.000000000000000000e+00,0.000000000000000000e+00,-1.000000000000000000e+00
1.412926793541863724e+01,3.202130209109478187e+01,2.550000000000000000e+01,0.000000000000000000e+00,0.000000000000000000e+00,-1.000000000000000000e+00
1.422069957504710835e+01,3.198080210995738781e+01,2.550000000000000000e+01,0.000000000000000000e+00,0.000000000000000000e+00,-1.000000000000000000e+00
1.431201512741108139e+01,3.194004106122526920e+01,2.550000000000000000e+01,0.000000000000000000e+00,0.000000000000000000e+00,-1.000000000000000000e+00
1.440321384707798025e+01,3.189901927764145384e+01,2.550000000000000000e+01,0.000000000000000000e+00,0.000000000000000000e+00,-1.000000000000000000e+00
1.449429498956897255e+01,3.185773709407741094e+01,2.550000000000000000e+01,0.000000000000000000e+00,0.000000000000000000e+00,-1.000000000000000000e+00
1.458525781136502530e+01,3.181619484753032978e+01,2.550000000000000000e+01,0.000000000000000000e+00,0.000000000000000000e+00,-1.000000000000000000e+00
1.467610156991300485e+01,3.177439287712035920e+01,2.550000000000000000e+01,0.000000000000000000e+00,0.000000000000000000e+00,-1.000000000000000000e+00
1.476682552363170942e+01,3.173233152408784363e+01,2.550000000000000000e+01,0.000000000000000000e+00,0.000000000000000000e+00,-1.000000000000000000e+00
1.485742893191793712e+01,3.169001113179053064e+01,2.550000000000000000e+01,0.000000000000000000e+00,0.000000000000000000e+00,-1.000000000000000000e+00
1.494791105515253626e+01,3.164743204570077850e+01,2.550000000000000000e+01,0.000000000000000000e+00,0.000000000000000000e+00,-1.000000000000000000e+00
1.503827115470642717e+01,3.160459461340272469e+01,2.550000000000000000e+01,0.000000000000000000e+00,0.000000000000000000e+00,-1.000000000000000000e+00
1.512850849294664890e+01,3.156149918458945791e+01,2.550000000000000000e+01,0.000000000000000000e+00,0.000000000000000000e+00,-1.000000000000000000e+00
1.521862233324236868e+01,3.151814611106016173e+01,2.550000000000000000e+01,0.000000000000000000e+00,0.000000000000000000e+00,-1.000000000000000000e+00
1.530861193997090197e+01,3.147453574671722265e+01,2.550000000000000000e+01,0.000000000000000000e+00,0.000000000000000000e+00,-1.000000000000000000e+00
1.539847657852371121e+01,3.143066844756338796e+01,2.550000000000000000e+01,0.000000000000000000e+00,0.000000000000000000e+00,-1.000000000000000000e+00
1.548821551531241170e+01,3.138654457169880985e+01,2.550000000000000000e+01,0.000000000000000000e+00,0.000000000000000000e+00,-1.000000000000000000e+00
1.557782801777475257e+01,3.134216447931814287e+01,2.550000000000000000e+01,0.000000000000000000e+00,0.000000000000000000e+00,-1.000000000000000000e+00
1.566731335438059958e+01,3.129752853270761648e+01,2.550000000000000000e+01,0.000000000000000000e+00,0.000000000000000000e+00,-1.000000000000000000e+00
1.575667079463790365e+01,3.125263709624205077e+01,2.550000000000000000e+01,0.000000000000000000e+00,0.000000000000000000e+00,-1.000000000000000000e+00
1.584589960909867301e+01,3.120749053638190773e+01,2.550000000000000000e+01,0.000000000000000000e+00,0.000000000000000000e+00,-1.000000000000000000e+00
1.593499906936491328e+01,3.116208922167028561e+01,2.550000000000000000e+01,0.000000000000000000e+00,0.000000000000000000e+00,-1.000000000000000000e+00
1.602396844809458898e+01,3.111643352272989915e+01,2.550000000000000000e+01,0.000000000000000000e+00,0.000000000000000000e+00,-1.000000000000000000e+00
1.611280701900755119e+01,3.107052381226008819e+01,2.550000000000000000e+01,0.000000000000000000e+00,0.000000000000000000e+00,-1.000000000000000000e+00
1.620151405689146529e+01,3.102436046503373390e+01,2.550000000000000000e+01,0.000000000000000000e+00,0.000000000000000000e+00,-1.000000000000000000e+00
1.629008883760774751e+01,3.097794385789423899e+01,2.550000000000000000e+01,0.000000000000000000e+00,0.000000000000000000e+00,-1.000000000000000000e+00
1.637853063809745180e+01,3.093127436975242261e+01,2.550000000000000000e+01,0.000000000000000000e+00,0.000000000000000000e+00,-1.000000000000000000e+00
1.646683873638718154e+01,3.088435238158343665e+01,2.550000000000000000e+01,0.000000000000000000e+00,0.000000000000000000e+00,-1.000000000000000000e+00
1.655501241159500125e+01,3.083717827642366416e+01,2.550000000000000000e+01,0.000000000000000000e+00,0.000000000000000000e+00,-1.000000000000000000e+00
1.664305094393629147e+01,3.078975243936757167e+01,2.550000000000000000e+01,0.000000000000000000e+00,0.000000000000000000e+00,-1.000000000000000000e+00
1.673095361472964626e+01,3.074207525756458992e+01,2.550000000000000000e+01,0.000000000000000000e+00,0.000000000000000000e+00,-1.000000000000000000e+00
1.681871970640273162e+01,3.069414712021593772e+01,2.550000000000000000e+01,0.000000000000000000e+00,0.000000000000000000e+00,-1.000000000000000000e+00
1.690634850249814036e+01,3.064596841857145293e+01,2.550000000000000000e+01,0.000000000000000000e+00,0.000000000000000000e+00,-1.000000000000000000e+00
1.699383928767925411e+01,3.059753954592638436e+01,2.550000000000000000e+01,0.000000000000000000e+00,0.000000000000000000e+00,-1.000000000000000000e+00
1.708119134773605907e+01,3.054886089761820855e+01,2.550000000000000000e+01,0.000000000000000000e+00,0.000000000000000000e+00,-1.000000000000000000e+00
1.716840396959100801e+01,3.049993287102336481e+01,2.550000000000000000e+01,0.000000000000000000e+00,0.000000000000000000e+00,-1.000000000000000000e+00
1.725547644130481117e+01,3.045075586555405422e+01,2.550000000000000000e+01,0.000000000000000000e+00,0.000000000000000000e+00,-1.000000000000000000e+00
1.734240805208226277e+01,3.040133028265494275e+01,2.550000000000000000e+01,0.000000000000000000e+00,0.000000000000000000e+00,-1.000000000000000000e+00
1.742919809227804251e+01,3.035165652579989626e+01,2.550000000000000000e+01,0.000000000000000000e+00,0.000000000000000000e+00,-1.000000000000000000e+00
1.751584585340251010e+01,3.030173500048870139e+01,2.550000000000000000e+01,0.000000000000000000e+00,0.000000000000000000e+00,-1.000000000000000000e+00
1.760235062812748907e+01,3.025156611424373310e+01,2.550000000000000000e+01,0.000000000000000000e+00,0.000000000000000000e+00,-1.000000000000000000e+00
1.768871171029202927e+01,3.020115027660664708e+01,2.550000000000000000e+01,0.000000000000000000e+00,0.000000000000000000e+00,-1.000000000000000000e+00
1.777492839490818355e+01,3.015048789913501182e+01,2.550000000000000000e+01,0.000000000000000000e+00,0.000000000000000000e+00,-1.000000000000000000e+00
1.786099997816675966e+01,3.009957939539898319e+01,2.550000000000000000e+01,0.000000000000000000e+00,0.000000000000000000e+00,-1.000000000000000000e+00
1.794692575744306495e+01,3.004842518097789394e+01,2.550000000000000000e+01,0.000000000000000000e+00,0.000000000000000000e+00,-1.000000000000000000e+00
1.803270503130265467e+01,2.999702567345689630e+01,2.550000000000000000e+01,0.000000000000000000e+00,0.000000000000000000e+00,-1.000000000000000000e+00
1.811833709950701987e+01,2.994538129242350522e+01,2.550000000000000000e+01,0.000000000000000000e+00,0.000000000000000000e+00,-1.000000000000000000e+00
1.820382126301935344e+01,2.989349245946422329e+01,2.550000000000000000e+01,0.000000000000000000e+00,0.000000000000000000e+00,-1.000000000000000000e+00
1.828915682401022380e+01,2.984135959816108041e+01,2.550000000000000000e+01,0.000000000000000000e+00,0.000000000000000000e+00,-1.000000000000000000e+00
1.837434308586327347e+01,2.978898313408815213e+01,2.550000000000000000e+01,0.000000000000000000e+00,0.000000000000000000e+00,-1.000000000000000000e+00
1.845937935318093182e+01,2.973636349480813124e+01,2.550000000000000000e+01,0.000000000000000000e+00,0.000000000000000000e+00,-1.000000000000000000e+00
1.854426493179004964e+01,2.968350110986879287e+01,2.550000000000000000e+01,0.000000000000000000e+00,0.000000000000000000e+00,-1.000000000000000000e+00
1.862899912874760489e+01,2.963039641079951991e+01,2.550000000000000000e+01,0.000000000000000000e+00,0.000000000000000000e+00,-1.000000000000000000e+00
1.871358125234633363e+01,2.957704983110776453e+01,2.550000000000000000e+01,0.000000000000000000e+00,0.000000000000000000e+00,-1.000000000000000000e+00
1.879801061212039315e+01,2.952346180627551675e+01,2.550000000000000000e+01,0.000000000000000000e+00,0.000000000000000000e+00,-1.000000000000000000e+00
1.888228651885098941e+01,2.946963277375573398e+01,2.550000000000000000e+01,0.000000000000000000e+00,0.000000000000000000e+00,-1.000000000000000000e+00
1.896640828457200101e+01,2.941556317296880252e+01,2.550000000000000000e+01,0.000000000000000000e+00,0.000000000000000000e+00,-1.000000000000000000e+00
1.905037522257560667e+01,2.936125344529891024e+01,2.550000000000000000e+01,0.000000000000000000e+00,0.000000000000000000e+00,-1.000000000000000000e+00
1.913418664741788433e+01,2.930670403409047964e+01,2.550000000000000000e+01,0.000000000000000000e+00,0.000000000000000000e+00,-1.000000000000000000e+00
1.921784187492439955e+01,2.925191538464450858e+01,2.550000000000000000e+01,0.000000000000000000e+00,0.000000000000000000e+00,-1.000000000000000000e+00
1.930134022219579748e+01,2.919688794421498912e+01,2.550000000000000000e+01,0.000000000000000000e+00,0.000000000000000000e+00,-1.000000000000000000e+00
1.938468100761338064e+01,2.914162216200520561e+01,2.550000000000000000e+01,0.000000000000000000e+00,0.000000000000000000e+00,-1.000000000000000000e+00
1.946786355084467957e+01,2.908611848916409315e+01,2.550000000000000000e+01,0.000000000000000000e+00,0.000000000000000000e+00,-1.000000000000000000e+00
1.955088717284897015e+01,2.903037737878254987e+01,2.550000000000000000e+01,0.000000000000000000e+00,0.000000000000000000e+00,-1.000000000000000000e+00
1.963375119588287276e+01,2.897439928588973856e+01,2.550000000000000000e+01,0.000000000000000000e+00,0.000000000000000000e+00,-1.000000000000000000e+00
1.971645494350584471e+01,2.891818466744937055e+01,2.550000000000000000e+01,0.000000000000000000e+00,0.000000000000000000e+00,-1.000000000000000000e+00
1.979899774058570472e+01,2.886173398235598597e+01,2.550000000000000000e+01,0.000000000000000000e+00,0.000000000000000000e+00,-1.000000000000000000e+00
1.988137891330415741e+01,2.880504769143118082e+01,2.550000000000000000e+01,0.000000000000000000e+00,0.000000000000000000e+00,-1.000000000000000000e+00
1.996359778916229644e+01,2.874812625741988015e+01,2.550000000000000000e+01,0.000000000000000000e+00,0.000000000000000000e+00,-1.000000000000000000e+00
2.004565369698608279e+01,2.869097014498652953e+01,2.550000000000000000e+01,0.000000000000000000e+00,0.000000000000000000e+00,-1.000000000000000000e+00
2.012754596693182307e+01,2.863357982071132213e+01,2.550000000000000000e+01,0.000000000000000000e+00,0.000000000000000000e+00,-1.000000000000000000e+00
2.020927393049164777e+01,2.857595575308637947e+01,2.550000000000000000e+01,0.000000000000000000e+00,0.000000000000000000e+00,-1.000000000000000000e+00
2.029083692049896115e+01,2.851809841251194300e+01,2.550000000000000000e+01,0.000000000000000000e+00,0.000000000000000000e+00,-1.000000000000000000e+00
2.037223427113388752e+01,2.846000827129250510e+01,2.550000000000000000e+01,0.000000000000000000e+00,0.000000000000000000e+00,-1.000000000000000000e+00
2.045346531792871403e+01,2.840168580363298290e+01,2.550000000000000000e+01,0.000000000000000000e+00,0.000000000000000000e+00,-1.000000000000000000e+00
2.053452939777330144e+01,2.834313148563482443e+01,2.550000000000000000e+01,0.000000000000000000e+00,0.000000000000000000e+00,-1.000000000000000000e+00
2.061542584892051266e+01,2.828434579529213622e+01,2.550000000000000000e+01,0.000000000000000000e+00,0.000000000000000000e+00,-1.000000000000000000e+00
2.069615401099160223e+01,2.822532921248778237e+01,2.550000000000000000e+01,0.000000000000000000e+00,0.000000000000000000e+00,-1.000000000000000000e+00
2.077671322498161643e+01,2.816608221898945885e+01,2.550000000000000000e+01,0.000000000000000000e+00,0.000000000000000000e+00,-1.000000000000000000e+00
2.085710283326476144e+01,2.810660529844575350e+01,2.550000000000000000e+01,0.000000000000000000e+00,0.000000000000000000e+00,-1.000000000000000000e+00
2.093732217959978925e+01,2.804689893638223097e+01,2.550000000000000000e+01,0.000000000000000000e+00,0.000000000000000000e+00,-1.000000000000000000e+00
2.101737060913533384e+01,2.798696362019742523e+01,2.550000000000000000e+01,0.000000000000000000e+00,0.000000000000000000e+00,-1.000000000000000000e+00
2.109724746841527221e+01,2.792679983915889608e+01,2.550000000000000000e+01,0.000000000000000000e+00,0.000000000000000000e+00,-1.000000000000000000e+00
2.117695210538405703e+01,2.786640808439921457e+01,2.550000000000000000e+01,0.000000000000000000e+00,0.000000000000000000e+00,-1.000000000000000000e+00
2.125648386939203149e+01,2.780578884891195557e+01,2.550000000000000000e+01,0.000000000000000000e+00,0.000000000000000000e+00,-1.000000000000000000e+00
2.133584211120074414e+01,2.774494262754769380e+01,2.550000000000000000e+01,0.000000000000000000e+00,0.000000000000000000e+00,-1.000000000000000000e+00
2.141502618298825666e+01,2.768386991700992894e+01,2.550000000000000000e+01,0.000000000000000000e+00,0.000000000000000000e+00,-1.000000000000000000e+00
2.149403543835442676e+01,2.762257121585107100e+01,2.550000000000000000e+01,0.000000000000000000e+00,0.000000000000000000e+00,-1.000000000000000000e+00
2.157286923232617326e+01,2.756104702446832988e+01,2.550000000000000000e+01,0.000000000000000000e+00,0.000000000000000000e+00,-1.000000000000000000e+00
2.165152692136276258e+01,2.749929784509967590e+01,2.550000000000000000e+01,0.000000000000000000e+00,0.000000000000000000e+00,-1.000000000000000000e+00
2.173000786336104539e+01,2.743732418181968313e+01,2.550000000000000000e+01,0.000000000000000000e+00,0.000000000000000000e+00,-1.000000000000000000e+00
2.180831141766070758e+01,2.737512654053547223e+01,2.550000000000000000e+01,0.000000000000000000e+00,0.000000000000000000e+00,-1.000000000000000000e+00
2.188643694504949266e+01,2.731270542898254661e+01,2.550000000000000000e+01,0.000000000000000000e+00,0.000000000000000000e+00,-1.000000000000000000e+00
2.196438380776843502e+01,2.725006135672064644e+01,2.550000000000000000e+01,0.000000000000000000e+00,0.000000000000000000e+00,-1.000000000000000000e+00
2.204215136951703968e+01,2.718719483512960622e+01,2.550000000000000000e+01,0.000000000000000000e+00,0.000000000000000000e+00,-1.000000000000000000e+00
2.211973899545850486e+01,2.712410637740518027e+01,2.550000000000000000e+01,0.000000000000000000e+00,0.000000000000000000e+00,-1.000000000000000000e+00
2.219714605222488402e+01,2.706079649855482927e+01,2.550000000000000000e+01,0.000000000000000000e+00,0.000000000000000000e+00,-1.000000000000000000e+00
2.227437190792226573e+01,2.699726571539354225e+01,2.550000000000000000e+01,0.000000000000000000e+00,0.000000000000000000e+00,-1.000000000000000000e+00
2.235141593213592515e+01,2.693351454653959820e+01,2.550000000000000000e+01,0.000000000000000000e+00,0.000000000000000000e+00,-1.000000000000000000e+00
2.242827749593549669e+01,2.686954351241035610e+01,2.550000000000000000e+01,0.000000000000000000e+00,0.000000000000000000e+00,-1.000000000000000000e+00
2.250495597188005092e+01,2.680535313521798102e+01,2.550000000000000000e+01,0.000000000000000000e+00,0.000000000000000000e+00,-1.000000000000000000e+00
2.258145073402328151e+01,2.674094393896519506e+01,2.550000000000000000e+01,0.000000000000000000e+00,0.000000000000000000e+00,-1.000000000000000000e+00
2.265776115791857492e+01,2.667631644944099989e+01,2.550000000000000000e+01,0.000000000000000000e+00,0.000000000000000000e+00,-1.000000000000000000e+00
2.273388662062411569e+01,2.661147119421637441e+01,2.550000000000000000e+01,0.000000000000000000e+00,0.000000000000000000e+00,-1.000000000000000000e+00
2.280982650070798101e+01,2.654640870263998664e+01,2.550000000000000000e+01,0.000000000000000000e+00,0.000000000000000000e+00,-1.000000000000000000e+00
2.288558017825319979e+01,2.648112950583384873e+01,2.550000000000000000e+01,0.000000000000000000e+00,0.000000000000000000e+00,-1.000000000000000000e+00
2.296114703486283304e+01,2.641563413668900751e+01,2.550000000000000000e+01,0.000000000000000000e+00,0.000000000000000000e+00,-1.000000000000000000e+00
2.303652645366499385e+01,2.634992312986117469e+01,2.550000000000000000e+01,0.000000000000000000e+00,0.000000000000000000e+00,-1.000000000000000000e+00
2.311171781931791003e+01,2.628399702176636410e+01,2.550000000000000000e+01,0.000000000000000000e+00,0.000000000000000000e+00,-1.000000000000000000e+00
2.318672051801492984e+01,2.621785635057651476e+01,2.550000000000000000e+01,0.000000000000000000e+00,0.000000000000000000e+00,-1.000000000000000000e+00
2.326153393748954556e+01,2.615150165621511746e+01,2.550000000000000000e+01,0.000000000000000000e+00,0.000000000000000000e+00,-1.000000000000000000e+00
2.333615746702038152e+01,2.608493348035277393e+01,2.550000000000000000e+01,0.000000000000000000e+00,0.000000000000000000e+00,-1.000000000000000000e+00
2.341059049743617493e+01,2.601815236640278783e+01,2.550000000000000000e+01,0.000000000000000000e+00,0.000000000000000000e+00,-1.000000000000000000e+00
2.348483242112077463e+01,2.595115885951674883e+01,2.550000000000000000e+01,0.000000000000000000e+00,0.000000000000000000e+00,-1.000000000000000000e+00
2.355888263201806510e+01,2.588395350658004901e+01,2.550000000000000000e+01,0.000000000000000000e+00,0.000000000000000000e+00,-1.000000000000000000e+00
2.363274052563694383e+01,2.581653685620744199e+01,2.550000000000000000e+01,0.000000000000000000e+00,0.000000000000000000e+00,-1.000000000000000000e+00
2.370640549905623473e+01,2.574890945873856296e+01,2.550000000000000000e+01,0.000000000000000000e+00,0.000000000000000000e+00,-1.000000000000000000e+00
2.377987695092963705e+01,2.568107186623341320e+01,2.550000000000000000e+01,0.000000000000000000e+00,0.000000000000000000e+00,-1.000000000000000000e+00
2.385315428149058903e+01,2.561302463246789074e+01,2.550000000000000000e+01,0.000000000000000000e+00,0.000000000000000000e+00,-1.000000000000000000e+00
2.392623689255722041e+01,2.554476831292923578e+01,2.550000000000000000e+01,0.000000000000000000e+00,0.000000000000000000e+00,-1.000000000000000000e+00
2.399912418753719123e+01,2.547630346481151520e+01,2.550000000000000000e+01,0.000000000000000000e+00,0.000000000000000000e+00,-1.000000000000000000e+00
2.407181557143257322e+01,2.540763064701107155e+01,2.550000000000000000e+01,0.000000000000000000e+00,0.000000000000000000e+00,-1.000000000000000000e+00
2.414431045084472416e+01,2.533875042012194712e+01,2.550000000000000000e+01,0.000000000000000000e+00,0.000000000000000000e+00,-1.000000000000000000e+00
2.421660823397911244e+01,2.526966334643132939e+01,2.550000000000000000e+01,0.000000000000000000e+00,0.000000000000000000e+00,-1.000000000000000000e+00
2.428870833065014878e+01,2.520036998991495025e+01,2.550000000000000000e+01,0.000000000000000000e+00,0.000000000000000000e+00,-1.000000000000000000e+00
2.436061015228602500e+01,2.513087091623247105e+01,2.550000000000000000e+01,0.000000000000000000e+00,0.000000000000000000e+00,-1.000000000000000000e+00
2.443231311193348532e+01,2.506116669272288888e+01,2.550000000000000000e+01,0.000000000000000000e+00,0.000000000000000000e+00,-1.000000000000000000e+00
2.450381662426265450e+01,2.499125788839988260e+01,2.550000000000000000e+01,0.000000000000000000e+00,0.000000000000000000e+00,-1.000000000000000000e+00
2.457512010557177362e+01,2.492114507394718004e+01,2.550000000000000000e+01,0.000000000000000000e+00,0.000000000000000000e+00,-1.000000000000000000e+00
2.464622297379202109e+01,2.485082882171390395e+01,2.550000000000000000e+01,0.000000000000000000e+00,0.000000000000000000e+00,-1.000000000000000000e+00
2.471712464849220581e+01,2.478030970570987890e+01,2.550000000000000000e+01,0.000000000000000000e+00,0.000000000000000000e+00,-1.000000000000000000e+00
2.478782455088353487e+01,2.470958830160097008e+01,2.550000000000000000e+01,0.000000000000000000e+00,0.000000000000000000e+00,-1.000000000000000000e+00
2.485832210382434937e+01,2.463866518670436889e+01,2.550000000000000000e+01,0.000000000000000000e+00,0.000000000000000000e+00,-1.000000000000000000e+00
2.492861673182481042e+01,2.456754093998388555e+01,2.550000000000000000e+01,0.000000000000000000e+00,0.000000000000000000e+00,-1.000000000000000000e+00
2.499870786105160647e+01,2.449621614204521336e+01,2.550000000000000000e+01,0.000000000000000000e+00,0.000000000000000000e+00,-1.000000000000000000e+00
2.506859491933265005e+01,2.442469137513121780e+01,2.550000000000000000e+01,0.000000000000000000e+00,0.000000000000000000e+00,-1.000000000000000000e+00
2.513827733616172466e+01,2.435296722311714035e+01,2.550000000000000000e+01,0.000000000000000000e+00,0.000000000000000000e+00,-1.000000000000000000e+00
2.520775454270316374e+01,2.428104427150586986e+01,2.550000000000000000e+01,0.000000000000000000e+00,0.000000000000000000e+00,-1.000000000000000000e+00
2.527702597179648691e+01,2.420892310742313569e+01,2.550000000000000000e+01,0.000000000000000000e+00,0.000000000000000000e+00,-1.000000000000000000e+00
2.534609105796102213e+01,2.413660431961274000e+01,2.550000000000000000e+01,0.000000000000000000e+00,0.000000000000000000e+00,-1.000000000000000000e+00
2.541494923740052769e+01,2.406408849843173314e+01,2.550000000000000000e+01,0.000000000000000000e+00,0.000000000000000000e+00,-1.000000000000000000e+00
2.548359994800780726e+01,2.399137623584559265e+01,2.550000000000000000e+01,0.000000000000000000e+00,0.000000000000000000e+00,-1.000000000000000000e+00
2.555204262936926796e+01,2.391846812542341283e+01,2.550000000000000000e+01,0.000000000000000000e+00,0.000000000000000000e+00,-1.000000000000000000e+00
2.562027672276952472e+01,2.384536476233303404e+01,2.550000000000000000e+01,0.000000000000000000e+00,0.000000000000000000e+00,-1.000000000000000000e+00
2.568830167119595842e+01,2.377206674333619674e+01,2.550000000000000000e+01,0.000000000000000000e+00,0.000000000000000000e+00,-1.000000000000000000e+00
2.575611691934324199e+01,2.369857466678367075e+01,2.550000000000000000e+01,0.000000000000000000e+00,0.000000000000000000e+00,-1.000000000000000000e+00
2.582372191361788083e+01,2.362488913261037027e+01,2.550000000000000000e+01,0.000000000000000000e+00,0.000000000000000000e+00,-1.000000000000000000e+00
2.589111610214275672e+01,2.355101074233044400e+01,2.550000000000000000e+01,0.000000000000000000e+00,0.000000000000000000e+00,-1.000000000000000000e+00
2.595829893476159711e+01,2.347694009903238666e+01,2.550000000000000000e+01,0.000000000000000000e+00,0.000000000000000000e+00,-1.000000000000000000e+00
2.602526986304349066e+01,2.340267780737409709e+01,2.550000000000000000e+01,0.000000000000000000e+00,0.000000000000000000e+00,-1.000000000000000000e+00
2.609202834028736007e+01,2.332822447357795426e+01,2.550000000000000000e+01,0.000000000000000000e+00,0.000000000000000000e+00,-1.000000000000000000e+00
2.615857382152639943e+01,2.325358070542585764e+01,2.550000000000000000e+01,0.000000000000000000e+00,0.000000000000000000e+00,-1.000000000000000000e+00
2.622490576353257197e+01,2.317874711225428186e+01,2.550000000000000000e+01,0.000000000000000000e+00,0.000000000000000000e+00,-1.000000000000000000e+00
2.629102362482100119e+01,2.310372430494927798e+01,2.550000000000000000e+01,0.000000000000000000e+00,0.000000000000000000e+00,-1.000000000000000000e+00
2.635692686565441178e+01,2.302851289594151396e+01,2.550000000000000000e+01,0.000000000000000000e+00,0.000000000000000000e+00,-1.000000000000000000e+00
2.642261494804753141e+01,2.295311349920126176e+01,2.550000000000000000e+01,0.000000000000000000e+00,0.000000000000000000e+00,-1.000000000000000000e+00
2.648808733577147834e+01,2.287752673023337735e+01,2.550000000000000000e+01,0.000000000000000000e+00,0.000000000000000000e+00,-1.000000000000000000e+00
2.655334349435814545e+01,2.280175320607228784e+01,2.550000000000000000e+01,0.000000000000000000e+00,0.000000000000000000e+00,-1.000000000000000000e+00
2.661838289110456302e+01,2.272579354527695727e+01,2.550000000000000000e+01,0.000000000000000000e+00,0.000000000000000000e+00,-1.000000000000000000e+00
2.668320499507723653e+01,2.264964836792582759e+01,2.550000000000000000e+01,0.000000000000000000e+00,0.000000000000000000e+00,-1.000000000000000000e+00
2.674780927711649881e+01,2.257331829561175596e+01,2.550000000000000000e+01,0.000000000000000000e+00,0.000000000000000000e+00,-1.000000000000000000e+00
2.681219520984081228e+01,2.249680395143695577e+01,2.550000000000000000e+01,0.000000000000000000e+00,0.000000000000000000e+00,-1.000000000000000000e+00
2.687636226765107850e+01,2.242010596000789135e+01,2.550000000000000000e+01,0.000000000000000000e+00,0.000000000000000000e+00,-1.000000000000000000e+00
2.694030992673494751e+01,2.234322494743018694e+01,2.550000000000000000e+01,0.000000000000000000e+00,0.000000000000000000e+00,-1.000000000000000000e+00
2.700403766507105274e+01,2.226616154130351788e+01,2.550000000000000000e+01,0.000000000000000000e+00,0.000000000000000000e+00,-1.000000000000000000e+00
2.706754496243333108e+01,2.218891637071648759e+01,2.550000000000000000e+01,0.000000000000000000e+00,0.000000000000000000e+00,-1.000000000000000000e+00
2.713083130039520086e+01,2.211149006624149038e+01,2.550000000000000000e+01,0.000000000000000000e+00,0.000000000000000000e+00,-1.000000000000000000e+00
2.719389616233385709e+01,2.203388325992955998e+01,2.550000000000000000e+01,0.000000000000000000e+00,0.000000000000000000e+00,-1.000000000000000000e+00
2.725673903343444593e+01,2.195609658530521102e+01,2.550000000000000000e+01,0.000000000000000000e+00,0.000000000000000000e+00,-1.000000000000000000e+00
2.731935940069428881e+01,2.187813067736128048e+01,2.550000000000000000e+01,0.000000000000000000e+00,0.000000000000000000e+00,-1.000000000000000000e+00
2.738175675292706046e+01,2.179998617255371940e+01,2.550000000000000000e+01,0.000000000000000000e+00,0.000000000000000000e+00,-1.000000000000000000e+00
2.744393058076697045e+01,2.172166370879642372e+01,2.550000000000000000e+01,0.000000000000000000e+00,0.000000000000000000e+00,-1.000000000000000000e+00
2.750588037667290564e+01,2.164316392545600820e+01,2.550000000000000000e+01,0.000000000000000000e+00,0.000000000000000000e+00,-1.000000000000000000e+00
2.756760563493260108e+01,2.156448746334659461e+01,2.550000000000000000e+01,0.000000000000000000e+00,0.000000000000000000e+00,-1.000000000000000000e+00
2.762910585166672917e+01,2.148563496472458212e+01,2.550000000000000000e+01,0.000000000000000000e+00,0.000000000000000000e+00,-1.000000000000000000e+00
2.769038052483304568e+01,2.140660707328339285e+01,2.550000000000000000e+01,0.000000000000000000e+00,0.000000000000000000e+00,-1.000000000000000000e+00
2.775142915423048962e+01,2.132740443414823872e+01,2.550000000000000000e+01,0.000000000000000000e+00,0.000000000000000000e+00,-1.000000000000000000e+00
2.781225124150322969e+01,2.124802769387083856e+01,2.550000000000000000e+01,0.000000000000000000e+00,0.000000000000000000e+00,-1.000000000000000000e+00
2.787284629014477488e+01,2.116847750042413168e+01,2.550000000000000000e+01,0.000000000000000000e+00,0.000000000000000000e+00,-1.000000000000000000e+00
2.793321380550199962e+01,2.108875450319701628e+01,2.550000000000000000e+01,0.000000000000000000e+00,0.000000000000000000e+00,-1.000000000000000000e+00
2.799335329477920098e+01,2.100885935298902396e+01,2.550000000000000000e+01,0.000000000000000000e+00,0.000000000000000000e+00,-1.000000000000000000e+00
2.805326426704209908e+01,2.092879270200502972e+01,2.550000000000000000e+01,0.000000000000000000e+00,0.000000000000000000e+00,-1.000000000000000000e+00
2.811294623322186936e+01,2.084855520384988736e+01,2.550000000000000000e+01,0.000000000000000000e+00,0.000000000000000000e+00,-1.000000000000000000e+00
2.817239870611912167e+01,2.076814751352314659e+01,2.550000000000000000e+01,0.000000000000000000e+00,0.000000000000000000e+00,-1.000000000000000000e+00
2.823162120040787215e+01,2.068757028741366710e+01,2.550000000000000000e+01,0.000000000000000000e+00,0.000000000000000000e+00,-1.000000000000000000e+00
2.829061323263951877e+01,2.060682418329427179e+01,2.550000000000000000e+01,0.000000000000000000e+00,0.000000000000000000e+00,-1.000000000000000000e+00
2.834937432124678125e+01,2.052590986031638920e+01,2.550000000000000000e+01,0.000000000000000000e+00,0.000000000000000000e+00,-1.000000000000000000e+00
2.840790398654762683e+01,2.044482797900465343e+01,2.550000000000000000e+01,0.000000000000000000e+00,0.000000000000000000e+00,-1.000000000000000000e+00
2.846620175074919246e+01,2.036357920125152177e+01,2.550000000000000000e+01,0.000000000000000000e+00,0.000000000000000000e+00,-1.000000000000000000e+00
2.852426713795169277e+01,2.028216419031187456e+01,2.550000000000000000e+01,0.000000000000000000e+00,0.000000000000000000e+00,-1.000000000000000000e+00
2.858209967415228192e+01,2.020058361079758669e+01,2.550000000000000000e+01,0.000000000000000000e+00,0.000000000000000000e+00,-1.000000000000000000e+00
2.863969888724895085e+01,2.011883812867212384e+01,2.550000000000000000e+01,0.000000000000000000e+00,0.000000000000000000e+00,-1.000000000000000000e+00
2.869706430704435718e+01,2.003692841124509272e+01,2.550000000000000000e+01,0.000000000000000000e+00,0.000000000000000000e+00,-1.000000000000000000e+00
2.875419546524967984e+01,1.995485512716679111e+01,2.550000000000000000e+01,0.000000000000000000e+00,0.000000000000000000e+00,-1.000000000000000000e+00
2.881109189548843474e+01,1.987261894642275450e+01,2.550000000000000000e+01,0.000000000000000000e+00,0.000000000000000000e+00,-1.000000000000000000e+00
2.886775313330028681e+01,1.979022054032828493e+01,2.550000000000000000e+01,0.000000000000000000e+00,0.000000000000000000e+00,-1.000000000000000000e+00
2.892417871614482294e+01,1.970766058152298328e+01,2.550000000000000000e+01,0.000000000000000000e+00,0.000000000000000000e+00,-1.000000000000000000e+00
2.898036818340536414e+01,1.962493974396522844e+01,2.550000000000000000e+01,0.000000000000000000e+00,0.000000000000000000e+00,-1.000000000000000000e+00
2.903632107639268867e+01,1.954205870292671321e+01,2.550000000000000000e+01,0.000000000000000000e+00,0.000000000000000000e+00,-1.000000000000000000e+00
2.909203693834880156e+01,1.945901813498689847e+01,2.550000000000000000e+01,0.000000000000000000e+00,0.000000000000000000e+00,-1.000000000000000000e+00
2.914751531445064003e+01,1.937581871802751010e+01,2.550000000000000000e+01,0.000000000000000000e+00,0.000000000000000000e+00,-1.000000000000000000e+00
2.920275575181382166e+01,1.929246113122700379e+01,2.550000000000000000e+01,0.000000000000000000e+00,0.000000000000000000e+00,-1.000000000000000000e+00
2.925775779949630007e+01,1.920894605505501218e+01,2.550000000000000000e+01,0.000000000000000000e+00,0.000000000000000000e+00,-1.000000000000000000e+00
2.931252100850207398e+01,1.912527417126679197e+01,2.550000000000000000e+01,0.000000000000000000e+00,0.000000000000000000e+00,-1.000000000000000000e+00
2.936704493178484654e+01,1.904144616289766390e+01,2.550000000000000000e+01,0.000000000000000000e+00,0.000000000000000000e+00,-1.000000000000000000e+00
2.942132912425165969e+01,1.895746271425743856e+01,2.550000000000000000e+01,0.000000000000000000e+00,0.000000000000000000e+00,-1.000000000000000000e+00
2.947537314276655707e+01,1.887332451092482444e+01,2.550000000000000000e+01,0.000000000000000000e+00,0.000000000000000000e+00,-1.000000000000000000e+00
2.952917654615418286e+01,1.878903223974182879e+01,2.550000000000000000e+01,0.000000000000000000e+00,0.000000000000000000e+00,-1.000000000000000000e+00
2.958273889520337008e+01,1.870458658880814795e+01,2.550000000000000000e+01,0.000000000000000000e+00,0.000000000000000000e+00,-1.000000000000000000e+00
2.963605975267075721e+01,1.861998824747557535e+01,2.550000000000000000e+01,0.000000000000000000e+00,0.000000000000000000e+00,-1.000000000000000000e+00
2.968913868328432670e+01,1.853523790634234558e+01,2.550000000000000000e+01,0.000000000000000000e+00,0.000000000000000000e+00,-1.000000000000000000e+00
2.974197525374698614e+01,1.845033625724750337e+01,2.550000000000000000e+01,0.000000000000000000e+00,0.000000000000000000e+00,-1.000000000000000000e+00
2.979456903274008894e+01,1.836528399326526895e+01,2.550000000000000000e+01,0.000000000000000000e+00,0.000000000000000000e+00,-1.000000000000000000e+00
2.984691959092694802e+01,1.828008180869935728e+01,2.550000000000000000e+01,0.000000000000000000e+00,0.000000000000000000e+00,-1.000000000000000000e+00
2.989902650095636361e+01,1.819473039907733636e+01,2.550000000000000000e+01,0.000000000000000000e+00,0.000000000000000000e+00,-1.000000000000000000e+00
2.995088933746609783e+01,1.810923046114493573e+01,2.550000000000000000e+01,0.000000000000000000e+00,0.000000000000000000e+00,-1.000000000000000000e+00
3.000250767708633504e+01,1.802358269286035508e+01,2.550000000000000000e+01,0.000000000000000000e+00,0.000000000000000000e+00,-1.000000000000000000e+00
3.005388109844317412e+01,1.793778779338857632e+01,2.550000000000000000e+01,0.000000000000000000e+00,0.000000000000000000e+00,-1.000000000000000000e+00
3.010500918216201427e+01,1.785184646309565082e+01,2.550000000000000000e+01,0.000000000000000000e+00,0.000000000000000000e+00,-1.000000000000000000e+00
3.015589151087104725e+01,1.776575940354297245e+01,2.550000000000000000e+01,0.000000000000000000e+00,0.000000000000000000e+00,-1.000000000000000000e+00
3.020652766920458987e+01,1.767952731748158257e+01,2.550000000000000000e+01,0.000000000000000000e+00,0.000000000000000000e+00,-1.000000000000000000e+00
3.025691724380654080e+01,1.759315090884638622e+01,2.550000000000000000e+01,0.000000000000000000e+00,0.000000000000000000e+00,-1.000000000000000000e+00
3.030705982333370585e+01,1.750663088275045354e+01,2.550000000000000000e+01,0.000000000000000000e+00,0.000000000000000000e+00,-1.000000000000000000e+00
3.035695499845918732e+01,1.741996794547922534e+01,2.550000000000000000e+01,0.000000000000000000e+00,0.000000000000000000e+00,-1.000000000000000000e+00
3.040660236187571641e+01,1.733316280448476832e+01,2.550000000000000000e+01,0.000000000000000000e+00,0.000000000000000000e+00,-1.000000000000000000e+00
3.045600150829895369e+01,1.724621616838000193e+01,2.550000000000000000e+01,0.000000000000000000e+00,0.000000000000000000e+00,-1.000000000000000000e+00
3.050515203447085000e+01,1.715912874693290036e+01,2.550000000000000000e+01,0.000000000000000000e+00,0.000000000000000000e+00,-1.000000000000000000e+00
3.055405353916288291e+01,1.707190125106070155e+01,2.550000000000000000e+01,0.000000000000000000e+00,0.000000000000000000e+00,-1.000000000000000000e+00
3.060270562317937504e+01,1.698453439282411637e+01,2.550000000000000000e+01,0.000000000000000000e+00,0.000000000000000000e+00,-1.000000000000000000e+00
3.065110788936072694e+01,1.689702888542150205e+01,2.550000000000000000e+01,0.000000000000000000e+00,0.000000000000000000e+00,-1.000000000000000000e+00
3.069925994258666435e+01,1.680938544318304295e+01,2.550000000000000000e+01,0.000000000000000000e+00,0.000000000000000000e+00,-1.000000000000000000e+00
3.074716138977946756e+01,1.672160478156492402e+01,2.550000000000000000e+01,0.000000000000000000e+00,0.000000000000000000e+00,-1.000000000000000000e+00
3.079481183990717952e+01,1.663368761714349020e+01,2.550000000000000000e+01,0.000000000000000000e+00,0.000000000000000000e+00,-1.000000000000000000e+00
3.084221090398680332e+01,1.654563466760938795e+01,2.550000000000000000e+01,0.000000000000000000e+00,0.000000000000000000e+00,-1.000000000000000000e+00
3.088935819508746405e+01,1.645744665176171750e+01,2.550000000000000000e+01,0.000000000000000000e+00,0.000000000000000000e+00,-1.000000000000000000e+00
3.093625332833357788e+01,1.636912428950216025e+01,2.550000000000000000e+01,0.000000000000000000e+00,0.000000000000000000e+00,-1.000000000000000000e+00
3.098289592090799260e+01,1.628066830182909897e+01,2.550000000000000000e+01,0.000000000000000000e+00,0.000000000000000000e+00,-1.000000000000000000e+00
3.102928559205510695e+01,1.619207941083173807e+01,2.550000000000000000e+01,0.000000000000000000e+00,0.000000000000000000e+00,-1.000000000000000000e+00
3.107542196308399340e+01,1.610335833968420971e+01,2.550000000000000000e+01,0.000000000000000000e+00,0.000000000000000000e+00,-1.000000000000000000e+00
3.112130465737146068e+01,1.601450581263966200e+01,2.550000000000000000e+01,0.000000000000000000e+00,0.000000000000000000e+00,-1.000000000000000000e+00
3.116693330036515874e+01,1.592552255502435088e+01,2.550000000000000000e+01,0.000000000000000000e+00,0.000000000000000000e+00,-1.000000000000000000e+00
3.121230751958662708e+01,1.583640929323172131e+01,2.550000000000000000e+01,0.000000000000000000e+00,0.000000000000000000e+00,-1.000000000000000000e+00
3.125742694463432869e+01,1.574716675471647953e+01,2.550000000000000000e+01,0.000000000000000000e+00,0.000000000000000000e+00,-1.000000000000000000e+00
3.130229120718666991e+01,1.565779566798864764e+01,2.550000000000000000e+01,0.000000000000000000e+00,0.000000000000000000e+00,-1.000000000000000000e+00
3.134689994100502730e+01,1.556829676260761985e+01,2.550000000000000000e+01,0.000000000000000000e+00,0.000000000000000000e+00,-1.000000000000000000e+00
3.139125278193672131e+01,1.547867076917620821e+01,2.550000000000000000e+01,0.000000000000000000e+00,0.000000000000000000e+00,-1.000000000000000000e+00
3.143534936791798629e+01,1.538891841933467930e+01,2.550000000000000000e+01,0.000000000000000000e+00,0.000000000000000000e+00,-1.000000000000000000e+00
3.147918933897694060e+01,1.529904044575477506e+01,2.550000000000000000e+01,0.000000000000000000e+00,0.000000000000000000e+00,-1.000000000000000000e+00
3.152277233723651051e+01,1.520903758213374424e+01,2.550000000000000000e+01,0.000000000000000000e+00,0.000000000000000000e+00,-1.000000000000000000e+00
3.156609800691735757e+01,1.511891056318834003e+01,2.550000000000000000e+01,0.000000000000000000e+00,0.000000000000000000e+00,-1.000000000000000000e+00
3.160916599434079188e+01,1.502866012464882850e+01,2.550000000000000000e+01,0.000000000000000000e+00,0.000000000000000000e+00,-1.000000000000000000e+00
3.165197594793163915e+01,1.493828700325297909e+01,2.550000000000000000e+01,0.000000000000000000e+00,0.000000000000000000e+00,-1.000000000000000000e+00
3.169452751822113612e+01,1.484779193674005882e+01,2.550000000000000000e+01,0.000000000000000000e+00,0.000000000000000000e+00,-1.000000000000000000e+00
3.173682035784975497e+01,1.475717566384480506e+01,2.550000000000000000e+01,0.000000000000000000e+00,0.000000000000000000e+00,-1.000000000000000000e+00
3.177885412157006328e+01,1.466643892429138596e+01,2.550000000000000000e+01,0.000000000000000000e+00,0.000000000000000000e+00,-1.000000000000000000e+00
3.182062846624952712e+01,1.457558245878737857e+01,2.550000000000000000e+01,0.000000000000000000e+00,0.000000000000000000e+00,-1.000000000000000000e+00
3.186214305087332122e+01,1.448460700901771148e+01,2.550000000000000000e+01,0.000000000000000000e+00,0.000000000000000000e+00,-1.000000000000000000e+00
3.190339753654710719e+01,1.439351331763861097e+01,2.550000000000000000e+01,0.000000000000000000e+00,0.000000000000000000e+00,-1.000000000000000000e+00
3.194439158649980115e+01,1.430230212827154190e+01,2.550000000000000000e+01,0.000000000000000000e+00,0.000000000000000000e+00,-1.000000000000000000e+00
3.198512486608632699e+01,1.421097418549713609e+01,2.550000000000000000e+01,0.000000000000000000e+00,0.000000000000000000e+00,-1.000000000000000000e+00
3.202559704279034491e+01,1.411953023484911185e+01,2.550000000000000000e+01,0.000000000000000000e+00,0.000000000000000000e+00,-1.000000000000000000e+00
3.206580778622696215e+01,1.402797102280819352e+01,2.550000000000000000e+01,0.000000000000000000e+00,0.000000000000000000e+00,-1.000000000000000000e+00
3.210575676814543300e+01,1.393629729679600793e+01,2.550000000000000000e+01,0.000000000000000000e+00,0.000000000000000000e+00,-1.000000000000000000e+00
3.214544366243184470e+01,1.384450980516899499e+01,2.550000000000000000e+01,0.000000000000000000e+00,0.000000000000000000e+00,-1.000000000000000000e+00
3.218486814511176419e+01,1.375260929721229175e+01,2.550000000000000000e+01,0.000000000000000000e+00,0.000000000000000000e+00,-1.000000000000000000e+00
3.222402989435290266e+01,1.366059652313361639e+01,2.550000000000000000e+01,0.000000000000000000e+00,0.000000000000000000e+00,-1.000000000000000000e+00
3.226292859046773742e+01,1.356847223405714153e+01,2.550000000000000000e+01,0.000000000000000000e+00,0.000000000000000000e+00,-1.000000000000000000e+00
3.230156391591609122e+01,1.347623718201737297e+01,2.550000000000000000e+01,0.000000000000000000e+00,0.000000000000000000e+00,-1.000000000000000000e+00
3.233993555530777542e+01,1.338389211995299455e+01,2.550000000000000000e+01,0.000000000000000000e+00,0.000000000000000000e+00,-1.000000000000000000e+00
3.237804319540513376e+01,1.329143780170073796e+01,2.550000000000000000e+01,0.000000000000000000e+00,0.000000000000000000e+00,-1.000000000000000000e+00
3.241588652512560031e+01,1.319887498198921527e+01,2.550000000000000000e+01,0.000000000000000000e+00,0.000000000000000000e+00,-1.000000000000000000e+00
3.245346523554423612e+01,1.310620441643276735e+01,2.550000000000000000e+01,0.000000000000000000e+00,0.000000000000000000e+00,-1.000000000000000000e+00
3.249077901989627293e+01,1.301342686152529637e+01,2.550000000000000000e+01,0.000000000000000000e+00,0.000000000000000000e+00,-1.000000000000000000e+00
3.252782757357960008e+01,1.292054307463407881e+01,2.550000000000000000e+01,0.000000000000000000e+00,0.000000000000000000e+00,-1.000000000000000000e+00
3.256461059415725146e+01,1.282755381399359429e+01,2.550000000000000000e+01,0.000000000000000000e+00,0.000000000000000000e+00,-1.000000000000000000e+00
3.260112778135986389e+01,1.273445983869933329e+01,2.550000000000000000e+01,0.000000000000000000e+00,0.000000000000000000e+00,-1.000000000000000000e+00
3.263737883708816412e+01,1.264126190870159583e+01,2.550000000000000000e+01,0.000000000000000000e+00,0.000000000000000000e+00,-1.000000000000000000e+00
3.267336346541536329e+01,1.254796078479929200e+01,2.550000000000000000e+01,0.000000000000000000e+00,0.000000000000000000e+00,-1.000000000000000000e+00
3.270908137258958703e+01,1.245455722863373538e+01,2.550000000000000000e+01,0.000000000000000000e+00,0.000000000000000000e+00,-1.000000000000000000e+00
3.274453226703629838e+01,1.236105200268241333e+01,2.550000000000000000e+01,0.000000000000000000e+00,0.000000000000000000e+00,-1.000000000000000000e+00
3.277971585936062127e+01,1.226744587025277333e+01,2.550000000000000000e+01,0.000000000000000000e+00,0.000000000000000000e+00,-1.000000000000000000e+00
3.281463186234975637e+01,1.217373959547599149e+01,2.550000000000000000e+01,0.000000000000000000e+00,0.000000000000000000e+00,-1.000000000000000000e+00
3.284927999097531170e+01,1.207993394330072512e+01,2.550000000000000000e+01,0.000000000000000000e+00,0.000000000000000000e+00,-1.000000000000000000e+00
3.288365996239560474e+01,1.198602967948688480e+01,2.550000000000000000e+01,0.000000000000000000e+00,0.000000000000000000e+00,-1.000000000000000000e+00
3.291777149595799301e+01,1.189202757059936388e+01,2.550000000000000000e+01,0.000000000000000000e+00,0.000000000000000000e+00,-1.000000000000000000e+00
3.295161431320117629e+01,1.179792838400179633e+01,2.550000000000000000e+01,0.000000000000000000e+00,0.000000000000000000e+00,-1.000000000000000000e+00
3.298518813785744896e+01,1.170373288785028443e+01,2.550000000000000000e+01,0.000000000000000000e+00,0.000000000000000000e+00,-1.000000000000000000e+00
3.301849269585494540e+01,1.160944185108713000e+01,2.550000000000000000e+01,0.000000000000000000e+00,0.000000000000000000e+00,-1.000000000000000000e+00
3.305152771531992784e+01,1.151505604343456035e+01,2.550000000000000000e+01,0.000000000000000000e+00,0.000000000000000000e+00,-1.000000000000000000e+00
3.308429292657893228e+01,1.142057623538843636e+01,2.550000000000000000e+01,0.000000000000000000e+00,0.000000000000000000e+00,-1.000000000000000000e+00
3.311678806216104221e+01,1.132600319821198021e+01,2.550000000000000000e+01,0.000000000000000000e+00,0.000000000000000000e+00,-1.000000000000000000e+00
3.314901285680002019e+01,1.123133770392945152e+01,2.550000000000000000e+01,0.000000000000000000e+00,0.000000000000000000e+00,-1.000000000000000000e+00
3.318096704743648928e+01,1.113658052531987330e+01,2.550000000000000000e+01,0.000000000000000000e+00,0.000000000000000000e+00,-1.000000000000000000e+00
3.321265037322010016e+01,1.104173243591070985e+01,2.550000000000000000e+01,0.000000000000000000e+00,0.000000000000000000e+00,-1.000000000000000000e+00
3.324406257551163435e+01,1.094679420997154828e+01,2.550000000000000000e+01,0.000000000000000000e+00,0.000000000000000000e+00,-1.000000000000000000e+00
3.327520339788512871e+01,1.085176662250779067e+01,2.550000000000000000e+01,0.000000000000000000e+00,0.000000000000000000e+00,-1.000000000000000000e+00
3.330607258612995025e+01,1.075665044925431424e+01,2.550000000000000000e+01,0.000000000000000000e+00,0.000000000000000000e+00,-1.000000000000000000e+00
3.333666988825289934e+01,1.066144646666915108e+01,2.550000000000000000e+01,0.000000000000000000e+00,0.000000000000000000e+00,-1.000000000000000000e+00
3.336699505448026315e+01,1.056615545192713768e+01,2.550000000000000000e+01,0.000000000000000000e+00,0.000000000000000000e+00,-1.000000000000000000e+00
3.339704783725981940e+01,1.047077818291358220e+01,2.550000000000000000e+01,0.000000000000000000e+00,0.000000000000000000e+00,-1.000000000000000000e+00
3.342682799126290405e+01,1.037531543821790514e+01,2.550000000000000000e+01,0.000000000000000000e+00,0.000000000000000000e+00,-1.000000000000000000e+00
3.345633527338637947e+01,1.027976799712728706e+01,2.550000000000000000e+01,0.000000000000000000e+00,0.000000000000000000e+00,-1.000000000000000000e+00
3.348556944275463820e+01,1.018413663962030924e+01,2.550000000000000000e+01,0.000000000000000000e+00,0.000000000000000000e+00,-1.000000000000000000e+00
3.351453026072156405e+01,1.008842214636058365e+01,2.550000000000000000e+01,0.000000000000000000e+00,0.000000000000000000e+00,-1.000000000000000000e+00
3.354321749087247184e+01,9.992625298690381186e+00,2.550000000000000000e+01,0.000000000000000000e+00,0.000000000000000000e+00,-1.000000000000000000e+00
3.357163089902606146e+01,9.896746878624249177e+00,2.550000000000000000e+01,0.000000000000000000e+00,0.000000000000000000e+00,-1.000000000000000000e+00
3.359977025323628652e+01,9.800787668842641409e+00,2.550000000000000000e+01,0.000000000000000000e+00,0.000000000000000000e+00,-1.000000000000000000e+00
3.362763532379430131e+01,9.704748452685510784e+00,2.550000000000000000e+01,0.000000000000000000e+00,0.000000000000000000e+00,-1.000000000000000000e+00
3.365522588323029396e+01,9.608630014145923326e+00,2.550000000000000000e+01,0.000000000000000000e+00,0.000000000000000000e+00,-1.000000000000000000e+00
3.368254170631535516e+01,9.512433137863659738e+00,2.550000000000000000e+01,0.000000000000000000e+00,0.000000000000000000e+00,-1.000000000000000000e+00
3.370958257006333270e+01,9.416158609118809864e+00,2.550000000000000000e+01,0.000000000000000000e+00,0.000000000000000000e+00,-1.000000000000000000e+00
3.373634825373262913e+01,9.319807213825361814e+00,2.550000000000000000e+01,0.000000000000000000e+00,0.000000000000000000e+00,-1.000000000000000000e+00
3.376283853882802077e+01,9.223379738524778659e+00,2.550000000000000000e+01,0.000000000000000000e+00,0.000000000000000000e+00,-1.000000000000000000e+00
3.378905320910241983e+01,9.126876970379591114e+00,2.550000000000000000e+01,0.000000000000000000e+00,0.000000000000000000e+00,-1.000000000000000000e+00
3.381499205055867208e+01,9.030299697166960016e+00,2.550000000000000000e+01,0.000000000000000000e+00,0.000000000000000000e+00,-1.000000000000000000e+00
3.384065485145127639e+01,8.933648707272258349e+00,2.550000000000000000e+01,0.000000000000000000e+00,0.000000000000000000e+00,-1.000000000000000000e+00
3.386604140228811843e+01,8.836924789682614190e+00,2.550000000000000000e+01,0.000000000000000000e+00,0.000000000000000000e+00,-1.000000000000000000e+00
3.389115149583219022e+01,8.740128733980498055e+00,2.550000000000000000e+01,0.000000000000000000e+00,0.000000000000000000e+00,-1.000000000000000000e+00
3.391598492710328117e+01,8.643261330337253412e+00,2.550000000000000000e+01,0.000000000000000000e+00,0.000000000000000000e+00,-1.000000000000000000e+00
3.394054149337963366e+01,8.546323369506653833e+00,2.550000000000000000e+01,0.000000000000000000e+00,0.000000000000000000e+00,-1.000000000000000000e+00
3.396482099419961997e+01,8.449315642818460148e+00,2.550000000000000000e+01,0.000000000000000000e+00,0.000000000000000000e+00,-1.000000000000000000e+00
3.398882323136337646e+01,8.352238942171936742e+00,2.550000000000000000e+01,0.000000000000000000e+00,0.000000000000000000e+00,-1.000000000000000000e+00
3.401254800893439523e+01,8.255094060029414038e+00,2.550000000000000000e+01,0.000000000000000000e+00,0.000000000000000000e+00,-1.000000000000000000e+00
3.403599513324116543e+01,8.157881789409792361e+00,2.550000000000000000e+01,0.000000000000000000e+00,0.000000000000000000e+00,-1.000000000000000000e+00
3.405916441287870811e+01,8.060602923882090209e+00,2.550000000000000000e+01,0.000000000000000000e+00,0.000000000000000000e+00,-1.000000000000000000e+00
3.408205565871018905e+01,7.963258257558956998e+00,2.550000000000000000e+01,0.000000000000000000e+00,0.000000000000000000e+00,-1.000000000000000000e+00
3.410466868386841099e+01,7.865848585090186695e+00,2.550000000000000000e+01,0.000000000000000000e+00,0.000000000000000000e+00,-1.000000000000000000e+00
3.412700330375738389e+01,7.768374701656240333e+00,2.550000000000000000e+01,0.000000000000000000e+00,0.000000000000000000e+00,-1.000000000000000000e+00
3.414905933605379573e+01,7.670837402961746321e+00,2.550000000000000000e+01,0.000000000000000000e+00,0.000000000000000000e+00,-1.000000000000000000e+00
3.417083660070854023e+01,7.573237485229009636e+00,2.550000000000000000e+01,0.000000000000000000e+00,0.000000000000000000e+00,-1.000000000000000000e+00
3.419233491994813079e+01,7.475575745191511245e+00,2.550000000000000000e+01,0.000000000000000000e+00,0.000000000000000000e+00,-1.000000000000000000e+00
3.421355411827621396e+01,7.377852980087402202e+00,2.550000000000000000e+01,0.000000000000000000e+00,0.000000000000000000e+00,-1.000000000000000000e+00
3.423449402247496209e+01,7.280069987652998620e+00,2.550000000000000000e+01,0.000000000000000000e+00,0.000000000000000000e+00,-1.000000000000000000e+00
3.425515446160650157e+01,7.182227566116266892e+00,2.550000000000000000e+01,0.000000000000000000e+00,0.000000000000000000e+00,-1.000000000000000000e+00
3.427553526701429121e+01,7.084326514190307122e+00,2.550000000000000000e+01,0.000000000000000000e+00,0.000000000000000000e+00,-1.000000000000000000e+00
3.429563627232452205e+01,6.986367631066839223e+00,2.550000000000000000e+01,0.000000000000000000e+00,0.000000000000000000e+00,-1.000000000000000000e+00
3.431545731344748162e+01,6.888351716409669478e+00,2.550000000000000000e+01,0.000000000000000000e+00,0.000000000000000000e+00,-1.000000000000000000e+00
3.433499822857884709e+01,6.790279570348169536e+00,2.550000000000000000e+01,0.000000000000000000e+00,0.000000000000000000e+00,-1.000000000000000000e+00
3.435425885820105663e+01,6.692151993470741189e+00,2.550000000000000000e+01,0.000000000000000000e+00,0.000000000000000000e+00,-1.000000000000000000e+00
3.437323904508458838e+01,6.593969786818285606e+00,2.550000000000000000e+01,0.000000000000000000e+00,0.000000000000000000e+00,-1.000000000000000000e+00
3.439193863428924658e+01,6.495733751877656559e+00,2.550000000000000000e+01,0.000000000000000000e+00,0.000000000000000000e+00,-1.000000000000000000e+00
3.441035747316543336e+01,6.397444690575126103e+00,2.550000000000000000e+01,0.000000000000000000e+00,0.000000000000000000e+00,-1.000000000000000000e+00
3.442849541135537805e+01,6.299103405269832479e+00,2.550000000000000000e+01,0.000000000000000000e+00,0.000000000000000000e+00,-1.000000000000000000e+00
3.444635230079437349e+01,6.200710698747229799e+00,2.550000000000000000e+01,0.000000000000000000e+00,0.000000000000000000e+00,-1.000000000000000000e+00
3.446392799571199816e+01,6.102267374212541284e+00,2.550000000000000000e+01,0.000000000000000000e+00,0.000000000000000000e+00,-1.000000000000000000e+00
3.448122235263328861e+01,6.003774235284196514e+00,2.550000000000000000e+01,0.000000000000000000e+00,0.000000000000000000e+00,-1.000000000000000000e+00
3.449823523037991890e+01,5.905232085987269564e+00,2.550000000000000000e+01,0.000000000000000000e+00,0.000000000000000000e+00,-1.000000000000000000e+00
3.451496649007135176e+01,5.806641730746926022e+00,2.550000000000000000e+01,0.000000000000000000e+00,0.000000000000000000e+00,-1.000000000000000000e+00
3.453141599512596116e+01,5.708003974381840706e+00,2.550000000000000000e+01,0.000000000000000000e+00,0.000000000000000000e+00,-1.000000000000000000e+00
3.454758361126216926e+01,5.609319622097642899e+00,2.550000000000000000e+01,0.000000000000000000e+00,0.000000000000000000e+00,-1.000000000000000000e+00
3.456346920649951926e+01,5.510589479480332287e+00,2.550000000000000000e+01,0.000000000000000000e+00,0.000000000000000000e+00,-1.000000000000000000e+00
3.457907265115978390e+01,5.411814352489709101e+00,2.550000000000000000e+01,0.000000000000000000e+00,0.000000000000000000e+00,-1.000000000000000000e+00
3.459439381786797441e+01,5.312995047452793607e+00,2.550000000000000000e+01,0.000000000000000000e+00,0.000000000000000000e+00,-1.000000000000000000e+00
3.460943258155344182e+01,5.214132371057238480e+00,2.550000000000000000e+01,0.000000000000000000e+00,0.000000000000000000e+00,-1.000000000000000000e+00
3.462418881945084337e+01,5.115227130344752737e+00,2.550000000000000000e+01,0.000000000000000000e+00,0.000000000000000000e+00,-1.000000000000000000e+00
3.463866241110118693e+01,5.016280132704507899e+00,2.550000000000000000e+01,0.000000000000000000e+00,0.000000000000000000e+00,-1.000000000000000000e+00
3.465285323835276188e+01,4.917292185866545928e+00,2.550000000000000000e+01,0.000000000000000000e+00,0.000000000000000000e+00,-1.000000000000000000e+00
3.466676118536218354e+01,4.818264097895189835e+00,2.550000000000000000e+01,0.000000000000000000e+00,0.000000000000000000e+00,-1.000000000000000000e+00
3.468038613859526009e+01,4.719196677182444510e+00,2.550000000000000000e+01,0.000000000000000000e+00,0.000000000000000000e+00,-1.000000000000000000e+00
3.469372798682795178e+01,4.620090732441399339e+00,2.550000000000000000e+01,0.000000000000000000e+00,0.000000000000000000e+00,-1.000000000000000000e+00
3.470678662114729462e+01,4.520947072699622815e+00,2.550000000000000000e+01,0.000000000000000000e+00,0.000000000000000000e+00,-1.000000000000000000e+00
3.471956193495225307e+01,4.421766507292562487e+00,2.550000000000000000e+01,0.000000000000000000e+00,0.000000000000000000e+00,-1.000000000000000000e+00
3.473205382395464369e+01,4.322549845856936912e+00,2.550000000000000000e+01,0.000000000000000000e+00,0.000000000000000000e+00,-1.000000000000000000e+00
3.474426218617990969e+01,4.223297898324124056e+00,2.550000000000000000e+01,0.000000000000000000e+00,0.000000000000000000e+00,-1.000000000000000000e+00
3.475618692196803039e+01,4.124011474913554132e+00,2.550000000000000000e+01,0.000000000000000000e+00,0.000000000000000000e+00,-1.000000000000000000e+00
3.476782793397428151e+01,4.024691386126090009e+00,2.550000000000000000e+01,0.000000000000000000e+00,0.000000000000000000e+00,-1.000000000000000000e+00
3.477918512717006649e+01,3.925338442737416944e+00,2.550000000000000000e+01,0.000000000000000000e+00,0.000000000000000000e+00,-1.000000000000000000e+00
3.479025840884366971e+01,3.825953455791417213e+00,2.550000000000000000e+01,0.000000000000000000e+00,0.000000000000000000e+00,-1.000000000000000000e+00
3.480104768860100961e+01,3.726537236593555402e+00,2.550000000000000000e+01,0.000000000000000000e+00,0.000000000000000000e+00,-1.000000000000000000e+00
3.481155287836639189e+01,3.627090596704251713e+00,2.550000000000000000e+01,0.000000000000000000e+00,0.000000000000000000e+00,-1.000000000000000000e+00
3.482177389238323428e+01,3.527614347932261030e+00,2.550000000000000000e+01,0.000000000000000000e+00,0.000000000000000000e+00,-1.000000000000000000e+00
3.483171064721472732e+01,3.428109302328039565e+00,2.550000000000000000e+01,0.000000000000000000e+00,0.000000000000000000e+00,-1.000000000000000000e+00
3.484136306174458042e+01,3.328576272177122153e+00,2.550000000000000000e+01,0.000000000000000000e+00,0.000000000000000000e+00,-1.000000000000000000e+00
3.485073105717760455e+01,3.229016069993487559e+00,2.550000000000000000e+01,0.000000000000000000e+00,0.000000000000000000e+00,-1.000000000000000000e+00
3.485981455704043697e+01,3.129429508512927782e+00,2.550000000000000000e+01,0.000000000000000000e+00,0.000000000000000000e+00,-1.000000000000000000e+00
3.486861348718210252e+01,3.029817400686411144e+00,2.550000000000000000e+01,0.000000000000000000e+00,0.000000000000000000e+00,-1.000000000000000000e+00
3.487712777577465317e+01,2.930180559673449370e+00,2.550000000000000000e+01,0.000000000000000000e+00,0.000000000000000000e+00,-1.000000000000000000e+00
3.488535735331373644e+01,2.830519798835455791e+00,2.550000000000000000e+01,0.000000000000000000e+00,0.000000000000000000e+00,-1.000000000000000000e+00
3.489330215261916379e+01,2.730835931729108879e+00,2.550000000000000000e+01,0.000000000000000000e+00,0.000000000000000000e+00,-1.000000000000000000e+00
3.490096210883548622e+01,2.631129772099708664e+00,2.550000000000000000e+01,0.000000000000000000e+00,0.000000000000000000e+00,-1.000000000000000000e+00
3.490833715943249160e+01,2.531402133874535387e+00,2.550000000000000000e+01,0.000000000000000000e+00,0.000000000000000000e+00,-1.000000000000000000e+00
3.491542724420572341e+01,2.431653831156204149e+00,2.550000000000000000e+01,0.000000000000000000e+00,0.000000000000000000e+00,-1.000000000000000000e+00
3.492223230527697808e+01,2.331885678216019997e+00,2.550000000000000000e+01,0.000000000000000000e+00,0.000000000000000000e+00,-1.000000000000000000e+00
3.492875228709477398e+01,2.232098489487330806e+00,2.550000000000000000e+01,0.000000000000000000e+00,0.000000000000000000e+00,-1.000000000000000000e+00
3.493498713643480613e+01,2.132293079558877480e+00,2.550000000000000000e+01,0.000000000000000000e+00,0.000000000000000000e+00,-1.000000000000000000e+00
3.494093680240037969e+01,2.032470263168146829e+00,2.550000000000000000e+01,0.000000000000000000e+00,0.000000000000000000e+00,-1.000000000000000000e+00
3.494660123642282201e+01,1.932630855194717778e+00,2.550000000000000000e+01,0.000000000000000000e+00,0.000000000000000000e+00,-1.000000000000000000e+00
3.495198039226189479e+01,1.832775670653611355e+00,2.550000000000000000e+01,0.000000000000000000e+00,0.000000000000000000e+00,-1.000000000000000000e+00
3.495707422600614933e+01,1.732905524688636678e+00,2.550000000000000000e+01,0.000000000000000000e+00,0.000000000000000000e+00,-1.000000000000000000e+00
3.496188269607329602e+01,1.633021232565736724e+00,2.550000000000000000e+01,0.000000000000000000e+00,0.000000000000000000e+00,-1.000000000000000000e+00
3.496640576321054539e+01,1.533123609666333431e+00,2.550000000000000000e+01,0.000000000000000000e+00,0.000000000000000000e+00,-1.000000000000000000e+00
3.497064339049492787e+01,1.433213471480671242e+00,2.550000000000000000e+01,0.000000000000000000e+00,0.000000000000000000e+00,-1.000000000000000000e+00
3.497459554333357801e+01,1.333291633601159765e+00,2.550000000000000000e+01,0.000000000000000000e+00,0.000000000000000000e+00,-1.000000000000000000e+00
3.497826218946406840e+01,1.233358911715716877e+00,2.550000000000000000e+01,0.000000000000000000e+00,0.000000000000000000e+00,-1.000000000000000000e+00
3.498164329895459446e+01,1.133416121601109161e+00,2.550000000000000000e+01,0.000000000000000000e+00,0.000000000000000000e+00,-1.000000000000000000e+00
3.498473884420428703e+01,1.033464079116293011e+00,2.550000000000000000e+01,0.000000000000000000e+00,0.000000000000000000e+00,-1.000000000000000000e+00
3.498754879994341138e+01,9.335036001957534024e-01,2.550000000000000000e+01,0.000000000000000000e+00,0.000000000000000000e+00,-1.000000000000000000e+00
3.499007314323356610e+01,8.335355008428454449e-01,2.550000000000000000e+01,0.000000000000000000e+00,0.000000000000000000e+00,-1.000000000000000000e+00
3.499231185346787498e+01,7.335605971231305977e-01,2.550000000000000000e+01,0.000000000000000000e+00,0.000000000000000000e+00,-1.000000000000000000e+00
3.499426491237117176e+01,6.335797051577169992e-01,2.550000000000000000e+01,0.000000000000000000e+00,0.000000000000000000e+00,-1.000000000000000000e+00
3.499593230400012800e+01,5.335936411165961291e-01,2.550000000000000000e+01,0.000000000000000000e+00,0.000000000000000000e+00,-1.000000000000000000e+00
3.499731401474339521e+01,4.336032212119803608e-01,2.550000000000000000e+01,0.000000000000000000e+00,0.000000000000000000e+00,-1.000000000000000000e+00
3.499841003332171141e+01,3.336092616916400688e-01,2.550000000000000000e+01,0.000000000000000000e+00,0.000000000000000000e+00,-1.000000000000000000e+00
3.499922035078797933e+01,2.336125788322406527e-01,2.550000000000000000e+01,0.000000000000000000e+00,0.000000000000000000e+00,-1.000000000000000000e+00
3.499974496052737294e+01,1.336139889326787011e-01,2.550000000000000000e+01,0.000000000000000000e+00,0.000000000000000000e+00,-1.000000000000000000e+00
3.499998385825738012e+01,3.361430830741845427e-02,2.550000000000000000e+01,0.000000000000000000e+00,0.000000000000000000e+00,-1.000000000000000000e+00
3.499993704202779554e+01,-6.638564672017191470e-02,2.550000000000000000e+01,0.000000000000000000e+00,0.000000000000000000e+00,-1.000000000000000000e+00
3.499960451222080593e+01,-1.663850598244842327e-01,2.550000000000000000e+01,0.000000000000000000e+00,0.000000000000000000e+00,-1.000000000000000000e+00
3.499898627155094033e+01,-2.663831146843342323e-01,2.550000000000000000e+01,0.000000000000000000e+00,0.000000000000000000e+00,-1.000000000000000000e+00
3.499808232506504879e+01,-3.663789949896252285e-01,2.550000000000000000e+01,0.000000000000000000e+00,0.000000000000000000e+00,-1.000000000000000000e+00
3.499689268014228105e+01,-4.663718844480121972e-01,2.550000000000000000e+01,0.000000000000000000e+00,0.000000000000000000e+00,-1.000000000000000000e+00
3.499541734649402258e+01,-5.663609667915650014e-01,2.550000000000000000e+01,0.000000000000000000e+00,0.000000000000000000e+00,-1.000000000000000000e+00
3.499365633616380933e+01,-6.663454257834319217e-01,2.550000000000000000e+01,0.000000000000000000e+00,0.000000000000000000e+00,-1.000000000000000000e+00
3.499160966352722113e+01,-7.663244452245030480e-01,2.550000000000000000e+01,0.000000000000000000e+00,0.000000000000000000e+00,-1.000000000000000000e+00
3.498927734529176803e+01,-8.662972089600727843e-01,2.550000000000000000e+01,0.000000000000000000e+00,0.000000000000000000e+00,-1.000000000000000000e+00
3.498665940049679079e+01,-9.662629008865025737e-01,2.550000000000000000e+01,0.000000000000000000e+00,0.000000000000000000e+00,-1.000000000000000000e+00
3.498375585051324066e+01,-1.066220704957882903e+00,2.550000000000000000e+01,0.000000000000000000e+00,0.000000000000000000e+00,-1.000000000000000000e+00
3.498056671904354431e+01,-1.166169805192694753e+00,2.550000000000000000e+01,0.000000000000000000e+00,0.000000000000000000e+00,-1.000000000000000000e+00
3.497709203212141915e+01,-1.266109385680470822e+00,2.550000000000000000e+01,0.000000000000000000e+00,0.000000000000000000e+00,-1.000000000000000000e+00
3.497333181811163882e+01,-1.366038630588455982e+00,2.550000000000000000e+01,0.000000000000000000e+00,0.000000000000000000e+00,-1.000000000000000000e+00
3.496928610770979873e+01,-1.465956724168267167e+00,2.550000000000000000e+01,0.000000000000000000e+00,0.000000000000000000e+00,-1.000000000000000000e+00
3.496495493394209575e+01,-1.565862850762552716e+00,2.550000000000000000e+01,0.000000000000000000e+00,0.000000000000000000e+00,-1.000000000000000000e+00
3.496033833216501563e+01,-1.665756194811649937e+00,2.550000000000000000e+01,0.000000000000000000e+00,0.000000000000000000e+00,-1.000000000000000000e+00
3.495543634006508427e+01,-1.765635940860244002e+00,2.550000000000000000e+01,0.000000000000000000e+00,0.000000000000000000e+00,-1.000000000000000000e+00
3.495024899765852666e+01,-1.865501273564023732e+00,2.550000000000000000e+01,0.000000000000000000e+00,0.000000000000000000e+00,-1.000000000000000000e+00
3.494477634729098270e+01,-1.965351377696338053e+00,2.550000000000000000e+01,0.000000000000000000e+00,0.000000000000000000e+00,-1.000000000000000000e+00
3.493901843363710213e+01,-2.065185438154850672e+00,2.550000000000000000e+01,0.000000000000000000e+00,0.000000000000000000e+00,-1.000000000000000000e+00
3.493297530370023907e+01,-2.165002639968193421e+00,2.550000000000000000e+01,0.000000000000000000e+00,0.000000000000000000e+00,-1.000000000000000000e+00
3.492664700681203271e+01,-2.264802168302620711e+00,2.550000000000000000e+01,0.000000000000000000e+00,0.000000000000000000e+00,-1.000000000000000000e+00
3.492003359463200951e+01,-2.364583208468658881e+00,2.550000000000000000e+01,0.000000000000000000e+00,0.000000000000000000e+00,-1.000000000000000000e+00
3.491313512114717099e+01,-2.464344945927759323e+00,2.550000000000000000e+01,0.000000000000000000e+00,0.000000000000000000e+00,-1.000000000000000000e+00
3.490595164267156036e+01,-2.564086566298946046e+00,2.550000000000000000e+01,0.000000000000000000e+00,0.000000000000000000e+00,-1.000000000000000000e+00
3.489848321784576513e+01,-2.663807255365462368e+00,2.550000000000000000e+01,0.000000000000000000e+00,0.000000000000000000e+00,-1.000000000000000000e+00
3.489072990763647653e+01,-2.763506199081421588e+00,2.550000000000000000e+01,0.000000000000000000e+00,0.000000000000000000e+00,-1.000000000000000000e+00
3.488269177533598508e+01,-2.863182583578449236e+00,2.550000000000000000e+01,0.000000000000000000e+00,0.000000000000000000e+00,-1.000000000000000000e+00
3.487436888656166190e+01,-2.962835595172327530e+00,2.550000000000000000e+01,0.000000000000000000e+00,0.000000000000000000e+00,-1.000000000000000000e+00
3.486576130925539019e+01,-3.062464420369636731e+00,2.550000000000000000e+01,0.000000000000000000e+00,0.000000000000000000e+00,-1.000000000000000000e+00
3.485686911368306795e+01,-3.162068245874398720e+00,2.550000000000000000e+01,0.000000000000000000e+00,0.000000000000000000e+00,-1.000000000000000000e+00
3.484769237243400397e+01,-3.261646258594713466e+00,2.550000000000000000e+01,0.000000000000000000e+00,0.000000000000000000e+00,-1.000000000000000000e+00
3.483823116042031387e+01,-3.361197645649397270e+00,2.550000000000000000e+01,0.000000000000000000e+00,0.000000000000000000e+00,-1.000000000000000000e+00
3.482848555487633035e+01,-3.460721594374618793e+00,2.550000000000000000e+01,0.000000000000000000e+00,0.000000000000000000e+00,-1.000000000000000000e+00
3.481845563535796373e+01,-3.560217292330533301e+00,2.550000000000000000e+01,0.000000000000000000e+00,0.000000000000000000e+00,-1.000000000000000000e+00
3.480814148374204819e+01,-3.659683927307913365e+00,2.550000000000000000e+01,0.000000000000000000e+00,0.000000000000000000e+00,-1.000000000000000000e+00
3.479754318422568815e+01,-3.759120687334781330e+00,2.550000000000000000e+01,0.000000000000000000e+00,0.000000000000000000e+00,-1.000000000000000000e+00
3.478666082332555476e+01,-3.858526760683036017e+00,2.550000000000000000e+01,0.000000000000000000e+00,0.000000000000000000e+00,-1.000000000000000000e+00
3.477549448987718250e+01,-3.957901335875080306e+00,2.550000000000000000e+01,0.000000000000000000e+00,0.000000000000000000e+00,-1.000000000000000000e+00
3.476404427503425865e+01,-4.057243601690443846e+00,2.550000000000000000e+01,0.000000000000000000e+00,0.000000000000000000e+00,-1.000000000000000000e+00
3.475231027226784875e+01,-4.156552747172405304e+00,2.550000000000000000e+01,0.000000000000000000e+00,0.000000000000000000e+00,-1.000000000000000000e+00
3.474029257736567899e+01,-4.255827961634615519e+00,2.550000000000000000e+01,0.000000000000000000e+00,0.000000000000000000e+00,-1.000000000000000000e+00
3.472799128843131200e+01,-4.355068434667710875e+00,2.550000000000000000e+01,0.000000000000000000e+00,0.000000000000000000e+00,-1.000000000000000000e+00
3.471540650588335808e+01,-4.454273356145932894e+00,2.550000000000000000e+01,0.000000000000000000e+00,0.000000000000000000e+00,-1.000000000000000000e+00
3.470253833245467234e+01,-4.553441916233738063e+00,2.550000000000000000e+01,0.000000000000000000e+00,0.000000000000000000e+00,-1.000000000000000000e+00
3.468938687319148784e+01,-4.652573305392411207e+00,2.550000000000000000e+01,0.000000000000000000e+00,0.000000000000000000e+00,-1.000000000000000000e+00
3.467595223545259131e+01,-4.751666714386673540e+00,2.550000000000000000e+01,0.000000000000000000e+00,0.000000000000000000e+00,-1.000000000000000000e+00
3.466223452890842083e+01,-4.850721334291287157e+00,2.550000000000000000e+01,0.000000000000000000e+00,0.000000000000000000e+00,-1.000000000000000000e+00
3.464823386554017759e+01,-4.949736356497660417e+00,2.550000000000000000e+01,0.000000000000000000e+00,0.000000000000000000e+00,-1.000000000000000000e+00
3.463395035963890933e+01,-5.048710972720447110e+00,2.550000000000000000e+01,0.000000000000000000e+00,0.000000000000000000e+00,-1.000000000000000000e+00
3.461938412780458663e+01,-5.147644375004145623e+00,2.550000000000000000e+01,0.000000000000000000e+00,0.000000000000000000e+00,-1.000000000000000000e+00
3.460453528894514363e+01,-5.246535755729696326e+00,2.550000000000000000e+01,0.000000000000000000e+00,0.000000000000000000e+00,-1.000000000000000000e+00
3.458940396427551178e+01,-5.345384307621070086e+00,2.550000000000000000e+01,0.000000000000000000e+00,0.000000000000000000e+00,-1.000000000000000000e+00
3.457399027731661789e+01,-5.444189223751862095e+00,2.550000000000000000e+01,0.000000000000000000e+00,0.000000000000000000e+00,-1.000000000000000000e+00
3.455829435389440363e+01,-5.542949697551875055e+00,2.550000000000000000e+01,0.000000000000000000e+00,0.000000000000000000e+00,-1.000000000000000000e+00
3.454231632213875258e+01,-5.641664922813711236e+00,2.550000000000000000e+01,0.000000000000000000e+00,0.000000000000000000e+00,-1.000000000000000000e+00
3.452605631248250262e+01,-5.740334093699344109e+00,2.550000000000000000e+01,0.000000000000000000e+00,0.000000000000000000e+00,-1.000000000000000000e+00
3.450951445766033032e+01,-5.838956404746700635e+00,2.550000000000000000e+01,0.000000000000000000e+00,0.000000000000000000e+00,-1.000000000000000000e+00
3.449269089270769939e+01,-5.937531050876240002e+00,2.550000000000000000e+01,0.000000000000000000e+00,0.000000000000000000e+00,-1.000000000000000000e+00
3.447558575495973088e+01,-6.036057227397519931e+00,2.550000000000000000e+01,0.000000000000000000e+00,0.000000000000000000e+00,-1.000000000000000000e+00
3.445819918405010895e+01,-6.134534130015770081e+00,2.550000000000000000e+01,0.000000000000000000e+00,0.000000000000000000e+00,-1.000000000000000000e+00
3.444053132190993693e+01,-6.232960954838453915e+00,2.550000000000000000e+01,0.000000000000000000e+00,0.000000000000000000e+00,-1.000000000000000000e+00
3.442258231276655067e+01,-6.331336898381833223e+00,2.550000000000000000e+01,0.000000000000000000e+00,0.000000000000000000e+00,-1.000000000000000000e+00
3.440435230314238879e+01,-6.429661157577528208e+00,2.550000000000000000e+01,0.000000000000000000e+00,0.000000000000000000e+00,-1.000000000000000000e+00
3.438584144185374214e+01,-6.527932929779071358e+00,2.550000000000000000e+01,0.000000000000000000e+00,0.000000000000000000e+00,-1.000000000000000000e+00
3.436704988000958139e+01,-6.626151412768459537e+00,2.550000000000000000e+01,0.000000000000000000e+00,0.000000000000000000e+00,-1.000000000000000000e+00
3.434797777101031357e+01,-6.724315804762701632e+00,2.550000000000000000e+01,0.000000000000000000e+00,0.000000000000000000e+00,-1.000000000000000000e+00
3.432862527054651025e+01,-6.822425304420370651e+00,2.550000000000000000e+01,0.000000000000000000e+00,0.000000000000000000e+00,-1.000000000000000000e+00
3.430899253659767112e+01,-6.920479110848134496e+00,2.550000000000000000e+01,0.000000000000000000e+00,0.000000000000000000e+00,-1.000000000000000000e+00
3.428907972943088822e+01,-7.018476423607302728e+00,2.550000000000000000e+01,0.000000000000000000e+00,0.000000000000000000e+00,-1.000000000000000000e+00
3.426888701159959538e+01,-7.116416442720354674e+00,2.550000000000000000e+01,0.000000000000000000e+00,0.000000000000000000e+00,-1.000000000000000000e+00
3.424841454794218265e+01,-7.214298368677476425e+00,2.550000000000000000e+01,0.000000000000000000e+00,0.000000000000000000e+00,-1.000000000000000000e+00
3.422766250558068890e+01,-7.312121402443078289e+00,2.550000000000000000e+01,0.000000000000000000e+00,0.000000000000000000e+00,-1.000000000000000000e+00
3.420663105391942338e+01,-7.409884745462327338e+00,2.550000000000000000e+01,0.000000000000000000e+00,0.000000000000000000e+00,-1.000000000000000000e+00
3.418532036464359436e+01,-7.507587599667661316e+00,2.550000000000000000e+01,0.000000000000000000e+00,0.000000000000000000e+00,-1.000000000000000000e+00
3.416373061171790226e+01,-7.605229167485301645e+00,2.550000000000000000e+01,0.000000000000000000e+00,0.000000000000000000e+00,-1.000000000000000000e+00
3.414186197138509726e+01,-7.702808651841767329e+00,2.550000000000000000e+01,0.000000000000000000e+00,0.000000000000000000e+00,-1.000000000000000000e+00
3.411971462216456530e+01,-7.800325256170381749e+00,2.550000000000000000e+01,0.000000000000000000e+00,0.000000000000000000e+00,-1.000000000000000000e+00
3.409728874485088568e+01,-7.897778184417772351e+00,2.550000000000000000e+01,0.000000000000000000e+00,0.000000000000000000e+00,-1.000000000000000000e+00
3.407458452251231051e+01,-7.995166641050373002e+00,2.550000000000000000e+01,0.000000000000000000e+00,0.000000000000000000e+00,-1.000000000000000000e+00
3.405160214048930101e+01,-8.092489831060914796e+00,2.550000000000000000e+01,0.000000000000000000e+00,0.000000000000000000e+00,-1.000000000000000000e+00
3.402834178639302820e+01,-8.189746959974918639e+00,2.550000000000000000e+01,0.000000000000000000e+00,0.000000000000000000e+00,-1.000000000000000000e+00
3.400480365010378137e+01,-8.286937233857178953e+00,2.550000000000000000e+01,0.000000000000000000e+00,0.000000000000000000e+00,-1.000000000000000000e+00
3.398098792376949717e+01,-8.384059859318242047e+00,2.550000000000000000e+01,0.000000000000000000e+00,0.000000000000000000e+00,-1.000000000000000000e+00
3.395689480180413966e+01,-8.481114043520889823e+00,2.550000000000000000e+01,0.000000000000000000e+00,0.000000000000000000e+00,-1.000000000000000000e+00
3.393252448088610862e+01,-8.578098994186607484e+00,2.550000000000000000e+01,0.000000000000000000e+00,0.000000000000000000e+00,-1.000000000000000000e+00
3.390787715995666218e+01,-8.675013919602047707e+00,2.550000000000000000e+01,0.000000000000000000e+00,0.000000000000000000e+00,-1.000000000000000000e+00
3.388295304021829679e+01,-8.771858028625505455e+00,2.550000000000000000e+01,0.000000000000000000e+00,0.000000000000000000e+00,-1.000000000000000000e+00
3.385775232513307031e+01,-8.868630530693357272e+00,2.550000000000000000e+01,0.000000000000000000e+00,0.000000000000000000e+00,-1.000000000000000000e+00
3.383227522042096069e+01,-8.965330635826536110e+00,2.550000000000000000e+01,0.000000000000000000e+00,0.000000000000000000e+00,-1.000000000000000000e+00
3.380652193405819617e+01,-9.061957554636963508e+00,2.550000000000000000e+01,0.000000000000000000e+00,0.000000000000000000e+00,-1.000000000000000000e+00
3.378049267627554997e+01,-9.158510498334003103e+00,2.550000000000000000e+01,0.000000000000000000e+00,0.000000000000000000e+00,-1.000000000000000000e+00
3.375418765955659950e+01,-9.254988678730896368e+00,2.550000000000000000e+01,0.000000000000000000e+00,0.000000000000000000e+00,-1.000000000000000000e+00
3.372760709863603523e+01,-9.351391308251193024e+00,2.550000000000000000e+01,0.000000000000000000e+00,0.000000000000000000e+00,-1.000000000000000000e+00
3.370075121049788436e+01,-9.447717599935190336e+00,2.550000000000000000e+01,0.000000000000000000e+00,0.000000000000000000e+00,-1.000000000000000000e+00
3.367362021437374153e+01,-9.543966767446349309e+00,2.550000000000000000e+01,0.000000000000000000e+00,0.000000000000000000e+00,-1.000000000000000000e+00
3.364621433174096410e+01,-9.640138025077710893e+00,2.550000000000000000e+01,0.000000000000000000e+00,0.000000000000000000e+00,-1.000000000000000000e+00
3.361853378632088862e+01,-9.736230587758321064e+00,2.550000000000000000e+01,0.000000000000000000e+00,0.000000000000000000e+00,-1.000000000000000000e+00
3.359057880407701191e+01,-9.832243671059627488e+00,2.550000000000000000e+01,0.000000000000000000e+00,0.000000000000000000e+00,-1.000000000000000000e+00
3.356234961321310806e+01,-9.928176491201895715e+00,2.550000000000000000e+01,0.000000000000000000e+00,0.000000000000000000e+00,-1.000000000000000000e+00
3.353384644417139526e+01,-1.002402826506059341e+01,2.550000000000000000e+01,0.000000000000000000e+00,0.000000000000000000e+00,-1.000000000000000000e+00
3.350506952963063867e+01,-1.011979821017279235e+01,2.550000000000000000e+01,0.000000000000000000e+00,0.000000000000000000e+00,-1.000000000000000000e+00
3.347601910450428164e+01,-1.021548554474355619e+01,2.550000000000000000e+01,0.000000000000000000e+00,0.000000000000000000e+00,-1.000000000000000000e+00
3.344669540593847756e+01,-1.031108948765231403e+01,2.550000000000000000e+01,0.000000000000000000e+00,0.000000000000000000e+00,-1.000000000000000000e+00
3.341709867331019979e+01,-1.040660925845925178e+01,2.550000000000000000e+01,0.000000000000000000e+00,0.000000000000000000e+00,-1.000000000000000000e+00
3.338722914822525922e+01,-1.050204407741166435e+01,2.550000000000000000e+01,0.000000000000000000e+00,0.000000000000000000e+00,-1.000000000000000000e+00
3.335708707451635746e+01,-1.059739316545033638e+01,2.550000000000000000e+01,0.000000000000000000e+00,0.000000000000000000e+00,-1.000000000000000000e+00
3.332667269824106882e+01,-1.069265574421589804e+01,2.550000000000000000e+01,0.000000000000000000e+00,0.000000000000000000e+00,-1.000000000000000000e+00
3.329598626767984371e+01,-1.078783103605517013e+01,2.550000000000000000e+01,0.000000000000000000e+00,0.000000000000000000e+00,-1.000000000000000000e+00
3.326502803333399072e+01,-1.088291826402752349e+01,2.550000000000000000e+01,0.000000000000000000e+00,0.000000000000000000e+00,-1.000000000000000000e+00
3.323379824792360893e+01,-1.097791665191122057e+01,2.550000000000000000e+01,0.000000000000000000e+00,0.000000000000000000e+00,-1.000000000000000000e+00
3.320229716638555573e+01,-1.107282542420974103e+01,2.550000000000000000e+01,0.000000000000000000e+00,0.000000000000000000e+00,-1.000000000000000000e+00
3.317052504587134365e+01,-1.116764380615812513e+01,2.550000000000000000e+01,0.000000000000000000e+00,0.000000000000000000e+00,-1.000000000000000000e+00
3.313848214574503714e+01,-1.126237102372929222e+01,2.550000000000000000e+01,0.000000000000000000e+00,0.000000000000000000e+00,-1.000000000000000000e+00
3.310616872758116358e+01,-1.135700630364035923e+01,2.550000000000000000e+01,0.000000000000000000e+00,0.000000000000000000e+00,-1.000000000000000000e+00
3.307358505516254610e+01,-1.145154887335895388e+01,2.550000000000000000e+01,0.000000000000000000e+00,0.000000000000000000e+00,-1.000000000000000000e+00
3.304073139447815777e+01,-1.154599796110952425e+01,2.550000000000000000e+01,0.000000000000000000e+00,0.000000000000000000e+00,-1.000000000000000000e+00
3.300760801372097575e+01,-1.164035279587963068e+01,2.550000000000000000e+01,0.000000000000000000e+00,0.000000000000000000e+00,-1.000000000000000000e+00
3.297421518328575729e+01,-1.173461260742625001e+01,2.550000000000000000e+01,0.000000000000000000e+00,0.000000000000000000e+00,-1.000000000000000000e+00
3.294055317576684416e+01,-1.182877662628205329e+01,2.550000000000000000e+01,0.000000000000000000e+00,0.000000000000000000e+00,-1.000000000000000000e+00
3.290662226595595996e+01,-1.192284408376169935e+01,2.550000000000000000e+01,0.000000000000000000e+00,0.000000000000000000e+00,-1.000000000000000000e+00
3.287242273083992927e+01,-1.201681421196809474e+01,2.550000000000000000e+01,0.000000000000000000e+00,0.000000000000000000e+00,-1.000000000000000000e+00
3.283795484959843947e+01,-1.211068624379867842e+01,2.550000000000000000e+01,0.000000000000000000e+00,0.000000000000000000e+00,-1.000000000000000000e+00
3.280321890360175274e+01,-1.220445941295166570e+01,2.550000000000000000e+01,0.000000000000000000e+00,0.000000000000000000e+00,-1.000000000000000000e+00
3.276821517640843240e+01,-1.229813295393232409e+01,2.550000000000000000e+01,0.000000000000000000e+00,0.000000000000000000e+00,-1.000000000000000000e+00
3.273294395376298382e+01,-1.239170610205920298e+01,2.550000000000000000e+01,0.000000000000000000e+00,0.000000000000000000e+00,-1.000000000000000000e+00
3.269740552359356656e+01,-1.248517809347038998e+01,2.550000000000000000e+01,0.000000000000000000e+00,0.000000000000000000e+00,-1.000000000000000000e+00
3.266160017600961396e+01,-1.257854816512973883e+01,2.550000000000000000e+01,0.000000000000000000e+00,0.000000000000000000e+00,-1.000000000000000000e+00
3.262552820329948133e+01,-1.267181555483310085e+01,2.550000000000000000e+01,0.000000000000000000e+00,0.000000000000000000e+00,-1.000000000000000000e+00
3.258918989992805137e+01,-1.276497950121454572e+01,2.550000000000000000e+01,0.000000000000000000e+00,0.000000000000000000e+00,-1.000000000000000000e+00
3.255258556253433255e+01,-1.285803924375258589e+01,2.550000000000000000e+01,0.000000000000000000e+00,0.000000000000000000e+00,-1.000000000000000000e+00
3.251571548992903615e+01,-1.295099402277636536e+01,2.550000000000000000e+01,0.000000000000000000e+00,0.000000000000000000e+00,-1.000000000000000000e+00
3.247857998309213912e+01,-1.304384307947187871e+01,2.550000000000000000e+01,0.000000000000000000e+00,0.000000000000000000e+00,-1.000000000000000000e+00
3.244117934517043977e+01,-1.313658565588815819e+01,2.550000000000000000e+01,0.000000000000000000e+00,0.000000000000000000e+00,-1.000000000000000000e+00
3.240351388147506384e+01,-1.322922099494346426e+01,2.550000000000000000e+01,0.000000000000000000e+00,0.000000000000000000e+00,-1.000000000000000000e+00
3.236558389947895620e+01,-1.332174834043146028e+01,2.550000000000000000e+01,0.000000000000000000e+00,0.000000000000000000e+00,-1.000000000000000000e+00
3.232738970881442953e+01,-1.341416693702738883e+01,2.550000000000000000e+01,0.000000000000000000e+00,0.000000000000000000e+00,-1.000000000000000000e+00
3.228893162127057792e+01,-1.350647603029424282e+01,2.550000000000000000e+01,0.000000000000000000e+00,0.000000000000000000e+00,-1.000000000000000000e+00
3.225020995079076158e+01,-1.359867486668891523e+01,2.550000000000000000e+01,0.000000000000000000e+00,0.000000000000000000e+00,-1.000000000000000000e+00
3.221122501347002043e+01,-1.369076269356835773e+01,2.550000000000000000e+01,0.000000000000000000e+00,0.000000000000000000e+00,-1.000000000000000000e+00
3.217197712755254457e+01,-1.378273875919571445e+01,2.550000000000000000e+01,0.000000000000000000e+00,0.000000000000000000e+00,-1.000000000000000000e+00
3.213246661342901689e+01,-1.387460231274647704e+01,2.550000000000000000e+01,0.000000000000000000e+00,0.000000000000000000e+00,-1.000000000000000000e+00
3.209269379363401242e+01,-1.396635260431459002e+01,2.550000000000000000e+01,0.000000000000000000e+00,0.000000000000000000e+00,-1.000000000000000000e+00
3.205265899284340492e+01,-1.405798888491859522e+01,2.550000000000000000e+01,0.000000000000000000e+00,0.000000000000000000e+00,-1.000000000000000000e+00
3.201236253787166675e+01,-1.414951040650772818e+01,2.550000000000000000e+01,0.000000000000000000e+00,0.000000000000000000e+00,-1.000000000000000000e+00
3.197180475766923635e+01,-1.424091642196803598e+01,2.550000000000000000e+01,0.000000000000000000e+00,0.000000000000000000e+00,-1.000000000000000000e+00
3.193098598331979332e+01,-1.433220618512847544e+01,2.550000000000000000e+01,0.000000000000000000e+00,0.000000000000000000e+00,-1.000000000000000000e+00
3.188990654803760449e+01,-1.442337895076699184e+01,2.550000000000000000e+01,0.000000000000000000e+00,0.000000000000000000e+00,-1.000000000000000000e+00
3.184856678716476708e+01,-1.451443397461662066e+01,2.550000000000000000e+01,0.000000000000000000e+00,0.000000000000000000e+00,-1.000000000000000000e+00
3.180696703816849435e+01,-1.460537051337154679e+01,2.550000000000000000e+01,0.000000000000000000e+00,0.000000000000000000e+00,-1.000000000000000000e+00
3.176510764063833037e+01,-1.469618782469318496e+01,2.550000000000000000e+01,0.000000000000000000e+00,0.000000000000000000e+00,-1.000000000000000000e+00
3.172298893628342498e+01,-1.478688516721623358e+01,2.550000000000000000e+01,0.000000000000000000e+00,0.000000000000000000e+00,-1.000000000000000000e+00
3.168061126892969170e+01,-1.487746180055472678e+01,2.550000000000000000e+01,0.000000000000000000e+00,0.000000000000000000e+00,-1.000000000000000000e+00
3.163797498451704016e+01,-1.496791698530807757e+01,2.550000000000000000e+01,0.000000000000000000e+00,0.000000000000000000e+00,-1.000000000000000000e+00
3.159508043109653386e+01,-1.505824998306711748e+01,2.550000000000000000e+01,0.000000000000000000e+00,0.000000000000000000e+00,-1.000000000000000000e+00
3.155192795882755519e+01,-1.514846005642012372e+01,2.550000000000000000e+01,0.000000000000000000e+00,0.000000000000000000e+00,-1.000000000000000000e+00
3.150851791997494544e+01,-1.523854646895883214e+01,2.550000000000000000e+01,0.000000000000000000e+00,0.000000000000000000e+00,-1.000000000000000000e+00
3.146485066890613069e+01,-1.532850848528445731e+01,2.550000000000000000e+01,0.000000000000000000e+00,0.000000000000000000e+00,-1.000000000000000000e+00
3.142092656208821211e+01,-1.541834537101369484e+01,2.550000000000000000e+01,0.000000000000000000e+00,0.000000000000000000e+00,-1.000000000000000000e+00
3.137674595808509537e+01,-1.550805639278470771e+01,2.550000000000000000e+01,0.000000000000000000e+00,0.000000000000000000e+00,-1.000000000000000000e+00
3.133230921755452414e+01,-1.559764081826312498e+01,2.550000000000000000e+01,0.000000000000000000e+00,0.000000000000000000e+00,-1.000000000000000000e+00
3.128761670324514910e+01,-1.568709791614800864e+01,2.550000000000000000e+01,0.000000000000000000e+00,0.000000000000000000e+00,-1.000000000000000000e+00
3.124266877999357916e+01,-1.577642695617783453e+01,2.550000000000000000e+01,0.000000000000000000e+00,0.000000000000000000e+00,-1.000000000000000000e+00
3.119746581472138303e+01,-1.586562720913644498e+01,2.550000000000000000e+01,0.000000000000000000e+00,0.000000000000000000e+00,-1.000000000000000000e+00
3.115200817643210840e+01,-1.595469794685900666e+01,2.550000000000000000e+01,0.000000000000000000e+00,0.000000000000000000e+00,-1.000000000000000000e+00
3.110629623620826578e+01,-1.604363844223794899e+01,2.550000000000000000e+01,0.000000000000000000e+00,0.000000000000000000e+00,-1.000000000000000000e+00
3.106033036720830509e+01,-1.613244796922890245e+01,2.550000000000000000e+01,0.000000000000000000e+00,0.000000000000000000e+00,-1.000000000000000000e+00
3.101411094466353546e+01,-1.622112580285663697e+01,2.550000000000000000e+01,0.000000000000000000e+00,0.000000000000000000e+00,-1.000000000000000000e+00
3.096763834587512676e+01,-1.630967121922095941e+01,2.550000000000000000e+01,0.000000000000000000e+00,0.000000000000000000e+00,-1.000000000000000000e+00
3.092091295021096542e+01,-1.639808349550263245e+01,2.550000000000000000e+01,0.000000000000000000e+00,0.000000000000000000e+00,-1.000000000000000000e+00
3.087393513910259557e+01,-1.648636190996928264e+01,2.550000000000000000e+01,0.000000000000000000e+00,0.000000000000000000e+00,-1.000000000000000000e+00
3.082670529604208909e+01,-1.657450574198128379e+01,2.550000000000000000e+01,0.000000000000000000e+00,0.000000000000000000e+00,-1.000000000000000000e+00
3.077922380657892987e+01,-1.666251427199763313e+01,2.550000000000000000e+01,0.000000000000000000e+00,0.000000000000000000e+00,-1.000000000000000000e+00
3.073149105831684480e+01,-1.675038678158184879e+01,2.550000000000000000e+01,0.000000000000000000e+00,0.000000000000000000e+00,-1.000000000000000000e+00
3.068350744091065607e+01,-1.683812255340780339e+01,2.550000000000000000e+01,0.000000000000000000e+00,0.000000000000000000e+00,-1.000000000000000000e+00
3.063527334606309793e+01,-1.692572087126560021e+01,2.550000000000000000e+01,0.000000000000000000e+00,0.000000000000000000e+00,-1.000000000000000000e+00
3.058678916752161570e+01,-1.701318102006742450e+01,2.550000000000000000e+01,0.000000000000000000e+00,0.000000000000000000e+00,-1.000000000000000000e+00
3.053805530107515054e+01,-1.710050228585335930e+01,2.550000000000000000e+01,0.000000000000000000e+00,0.000000000000000000e+00,-1.000000000000000000e+00
3.048907214455091363e+01,-1.718768395579722963e+01,2.550000000000000000e+01,0.000000000000000000e+00,0.000000000000000000e+00,-1.000000000000000000e+00
3.043984009781113897e+01,-1.727472531821241830e+01,2.550000000000000000e+01,0.000000000000000000e+00,0.000000000000000000e+00,-1.000000000000000000e+00
3.039035956274981132e+01,-1.736162566255767103e+01,2.550000000000000000e+01,0.000000000000000000e+00,0.000000000000000000e+00,-1.000000000000000000e+00
3.034063094328938703e+01,-1.744838427944291226e+01,2.550000000000000000e+01,0.000000000000000000e+00,0.000000000000000000e+00,-1.000000000000000000e+00
3.029065464537750785e+01,-1.753500046063501117e+01,2.550000000000000000e+01,0.000000000000000000e+00,0.000000000000000000e+00,-1.000000000000000000e+00
3.024043107698367194e+01,-1.762147349906358329e+01,2.550000000000000000e+01,0.000000000000000000e+00,0.000000000000000000e+00,-1.000000000000000000e+00
3.018996064809591573e+01,-1.770780268882675301e+01,2.550000000000000000e+01,0.000000000000000000e+00,0.000000000000000000e+00,-1.000000000000000000e+00
3.013924377071746008e+01,-1.779398732519692317e+01,2.550000000000000000e+01,0.000000000000000000e+00,0.000000000000000000e+00,-1.000000000000000000e+00
3.008828085886335302e+01,-1.788002670462651267e+01,2.550000000000000000e+01,0.000000000000000000e+00,0.000000000000000000e+00,-1.000000000000000000e+00
3.003707232855706977e+01,-1.796592012475372968e+01,2.550000000000000000e+01,0.000000000000000000e+00,0.000000000000000000e+00,-1.000000000000000000e+00
2.998561859782715544e+01,-1.805166688440826661e+01,2.550000000000000000e+01,0.000000000000000000e+00,0.000000000000000000e+00,-1.000000000000000000e+00
2.993392008670377891e+01,-1.813726628361705551e+01,2.550000000000000000e+01,0.000000000000000000e+00,0.000000000000000000e+00,-1.000000000000000000e+00
2.988197721721531153e+01,-1.822271762360995950e+01,2.550000000000000000e+01,0.000000000000000000e+00,0.000000000000000000e+00,-1.000000000000000000e+00
2.982979041338488813e+01,-1.830802020682550335e+01,2.550000000000000000e+01,0.000000000000000000e+00,0.000000000000000000e+00,-1.000000000000000000e+00
2.977736010122695021e+01,-1.839317333691653644e+01,2.550000000000000000e+01,0.000000000000000000e+00,0.000000000000000000e+00,-1.000000000000000000e+00
2.972468670874374652e+01,-1.847817631875594202e+01,2.550000000000000000e+01,0.000000000000000000e+00,0.000000000000000000e+00,-1.000000000000000000e+00
2.967177066592186918e+01,-1.856302845844229310e+01,2.550000000000000000e+01,0.000000000000000000e+00,0.000000000000000000e+00,-1.000000000000000000e+00
2.961861240472871515e+01,-1.864772906330554036e+01,2.550000000000000000e+01,0.000000000000000000e+00,0.000000000000000000e+00,-1.000000000000000000e+00
2.956521235910898326e+01,-1.873227744191264676e+01,2.550000000000000000e+01,0.000000000000000000e+00,0.000000000000000000e+00,-1.000000000000000000e+00
2.951157096498111443e+01,-1.881667290407322568e+01,2.550000000000000000e+01,0.000000000000000000e+00,0.000000000000000000e+00,-1.000000000000000000e+00
2.945768866023374244e+01,-1.890091476084520394e+01,2.550000000000000000e+01,0.000000000000000000e+00,0.000000000000000000e+00,-1.000000000000000000e+00
2.940356588472211996e+01,-1.898500232454042802e+01,2.550000000000000000e+01,0.000000000000000000e+00,0.000000000000000000e+00,-1.000000000000000000e+00
2.934920308026451963e+01,-1.906893490873026309e+01,2.550000000000000000e+01,0.000000000000000000e+00,0.000000000000000000e+00,-1.000000000000000000e+00
2.929460069063863159e+01,-1.915271182825122764e+01,2.550000000000000000e+01,0.000000000000000000e+00,0.000000000000000000e+00,-1.000000000000000000e+00
2.923975916157795041e+01,-1.923633239921056770e+01,2.550000000000000000e+01,0.000000000000000000e+00,0.000000000000000000e+00,-1.000000000000000000e+00
2.918467894076812286e+01,-1.931979593899184167e+01,2.550000000000000000e+01,0.000000000000000000e+00,0.000000000000000000e+00,-1.000000000000000000e+00
2.912936047784329574e+01,-1.940310176626049099e+01,2.550000000000000000e+01,0.000000000000000000e+00,0.000000000000000000e+00,-1.000000000000000000e+00
2.907380422438245304e+01,-1.948624920096941082e+01,2.550000000000000000e+01,0.000000000000000000e+00,0.000000000000000000e+00,-1.000000000000000000e+00
2.901801063390572466e+01,-1.956923756436449580e+01,2.550000000000000000e+01,0.000000000000000000e+00,0.000000000000000000e+00,-1.000000000000000000e+00
2.896198016187067381e+01,-1.965206617899017516e+01,2.550000000000000000e+01,0.000000000000000000e+00,0.000000000000000000e+00,-1.000000000000000000e+00
2.890571326566860932e+01,-1.973473436869495146e+01,2.550000000000000000e+01,0.000000000000000000e+00,0.000000000000000000e+00,-1.000000000000000000e+00
2.884921040462081621e+01,-1.981724145863692499e+01,2.550000000000000000e+01,0.000000000000000000e+00,0.000000000000000000e+00,-1.000000000000000000e+00
2.879247203997481819e+01,-1.989958677528928632e+01,2.550000000000000000e+01,0.000000000000000000e+00,0.000000000000000000e+00,-1.000000000000000000e+00
2.873549863490063672e+01,-1.998176964644582654e+01,2.550000000000000000e+01,0.000000000000000000e+00,0.000000000000000000e+00,-1.000000000000000000e+00
2.867829065448696468e+01,-2.006378940122641907e+01,2.550000000000000000e+01,0.000000000000000000e+00,0.000000000000000000e+00,-1.000000000000000000e+00
2.862084856573741476e+01,-2.014564537008250156e+01,2.550000000000000000e+01,0.000000000000000000e+00,0.000000000000000000e+00,-1.000000000000000000e+00
2.856317283756667180e+01,-2.022733688480254344e+01,2.550000000000000000e+01,0.000000000000000000e+00,0.000000000000000000e+00,-1.000000000000000000e+00
2.850526394079669501e+01,-2.030886327851748163e+01,2.550000000000000000e+01,0.000000000000000000e+00,0.000000000000000000e+00,-1.000000000000000000e+00
2.844712234815283836e+01,-2.039022388570619171e+01,2.550000000000000000e+01,0.000000000000000000e+00,0.000000000000000000e+00,-1.000000000000000000e+00
2.838874853426003497e+01,-2.047141804220090222e+01,2.550000000000000000e+01,0.000000000000000000e+00,0.000000000000000000e+00,-1.000000000000000000e+00
2.833014297563888917e+01,-2.055244508519262681e+01,2.550000000000000000e+01,0.000000000000000000e+00,0.000000000000000000e+00,-1.000000000000000000e+00
2.827130615070179331e+01,-2.063330435323656431e+01,2.550000000000000000e+01,0.000000000000000000e+00,0.000000000000000000e+00,-1.000000000000000000e+00
2.821223853974903761e+01,-2.071399518625750247e+01,2.550000000000000000e+01,0.000000000000000000e+00,0.000000000000000000e+00,-1.000000000000000000e+00
2.815294062496487015e+01,-2.079451692555522158e+01,2.550000000000000000e+01,0.000000000000000000e+00,0.000000000000000000e+00,-1.000000000000000000e+00
2.809341289041357825e+01,-2.087486891380983423e+01,2.550000000000000000e+01,0.000000000000000000e+00,0.000000000000000000e+00,-1.000000000000000000e+00
2.803365582203551298e+01,-2.095505049508720319e+01,2.550000000000000000e+01,0.000000000000000000e+00,0.000000000000000000e+00,-1.000000000000000000e+00
2.797366990764315275e+01,-2.103506101484423851e+01,2.550000000000000000e+01,0.000000000000000000e+00,0.000000000000000000e+00,-1.000000000000000000e+00
2.791345563691709231e+01,-2.111489981993429765e+01,2.550000000000000000e+01,0.000000000000000000e+00,0.000000000000000000e+00,-1.000000000000000000e+00
2.785301350140206722e+01,-2.119456625861247190e+01,2.550000000000000000e+01,0.000000000000000000e+00,0.000000000000000000e+00,-1.000000000000000000e+00
2.779234399450292869e+01,-2.127405968054092256e+01,2.550000000000000000e+01,0.000000000000000000e+00,0.000000000000000000e+00,-1.000000000000000000e+00
2.773144761148062187e+01,-2.135337943679420292e+01,2.550000000000000000e+01,0.000000000000000000e+00,0.000000000000000000e+00,-1.000000000000000000e+00
2.767032484944814286e+01,-2.143252487986454469e+01,2.550000000000000000e+01,0.000000000000000000e+00,0.000000000000000000e+00,-1.000000000000000000e+00
2.760897620736647085e+01,-2.151149536366712312e+01,2.550000000000000000e+01,0.000000000000000000e+00,0.000000000000000000e+00,-1.000000000000000000e+00
2.754740218604050384e+01,-2.159029024354538251e+01,2.550000000000000000e+01,0.000000000000000000e+00,0.000000000000000000e+00,-1.000000000000000000e+00
2.748560328811497300e+01,-2.166890887627624096e+01,2.550000000000000000e+01,0.000000000000000000e+00,0.000000000000000000e+00,-1.000000000000000000e+00
2.742358001807034285e+01,-2.174735062007538033e+01,2.550000000000000000e+01,0.000000000000000000e+00,0.000000000000000000e+00,-1.000000000000000000e+00
2.736133288221866522e+01,-2.182561483460247587e+01,2.550000000000000000e+01,0.000000000000000000e+00,0.000000000000000000e+00,-1.000000000000000000e+00
2.729886238869949011e+01,-2.190370088096640089e+01,2.550000000000000000e+01,0.000000000000000000e+00,0.000000000000000000e+00,-1.000000000000000000e+00
2.723616904747567702e+01,-2.198160812173049550e+01,2.550000000000000000e+01,0.000000000000000000e+00,0.000000000000000000e+00,-1.000000000000000000e+00
2.717325337032925248e+01,-2.205933592091770024e+01,2.550000000000000000e+01,0.000000000000000000e+00,0.000000000000000000e+00,-1.000000000000000000e+00
2.711011587085723917e+01,-2.213688364401580699e+01,2.550000000000000000e+01,0.000000000000000000e+00,0.000000000000000000e+00,-1.000000000000000000e+00
2.704675706446743888e+01,-2.221425065798260690e+01,2.550000000000000000e+01,0.000000000000000000e+00,0.000000000000000000e+00,-1.000000000000000000e+00
2.698317746837425091e+01,-2.229143633125107371e+01,2.550000000000000000e+01,0.000000000000000000e+00,0.000000000000000000e+00,-1.000000000000000000e+00
2.691937760159442661e+01,-2.236844003373450107e+01,2.550000000000000000e+01,0.000000000000000000e+00,0.000000000000000000e+00,-1.000000000000000000e+00
2.685535798494285586e+01,-2.244526113683166813e+01,2.550000000000000000e+01,0.000000000000000000e+00,0.000000000000000000e+00,-1.000000000000000000e+00
2.679111914102829672e+01,-2.252189901343195544e+01,2.550000000000000000e+01,0.000000000000000000e+00,0.000000000000000000e+00,-1.000000000000000000e+00
2.672666159424912280e+01,-2.259835303792046091e+01,2.550000000000000000e+01,0.000000000000000000e+00,0.000000000000000000e+00,-1.000000000000000000e+00
2.666198587078902449e+01,-2.267462258618313697e+01,2.550000000000000000e+01,0.000000000000000000e+00,0.000000000000000000e+00,-1.000000000000000000e+00
2.659709249861273150e+01,-2.275070703561184260e+01,2.550000000000000000e+01,0.000000000000000000e+00,0.000000000000000000e+00,-1.000000000000000000e+00
2.653198200746170698e+01,-2.282660576510945205e+01,2.550000000000000000e+01,0.000000000000000000e+00,0.000000000000000000e+00,-1.000000000000000000e+00
2.646665492884979898e+01,-2.290231815509492819e+01,2.550000000000000000e+01,0.000000000000000000e+00,0.000000000000000000e+00,-1.000000000000000000e+00
2.640111179605891323e+01,-2.297784358750836020e+01,2.550000000000000000e+01,0.000000000000000000e+00,0.000000000000000000e+00,-1.000000000000000000e+00
2.633535314413467177e+01,-2.305318144581602269e+01,2.550000000000000000e+01,0.000000000000000000e+00,0.000000000000000000e+00,-1.000000000000000000e+00
2.626937950988202530e+01,-2.312833111501541694e+01,2.550000000000000000e+01,0.000000000000000000e+00,0.000000000000000000e+00,-1.000000000000000000e+00
2.620319143186090116e+01,-2.320329198164026963e+01,2.550000000000000000e+01,0.000000000000000000e+00,0.000000000000000000e+00,-1.000000000000000000e+00
2.613678945038176238e+01,-2.327806343376554921e+01,2.550000000000000000e+01,0.000000000000000000e+00,0.000000000000000000e+00,-1.000000000000000000e+00
2.607017410750123076e+01,-2.335264486101247883e+01,2.550000000000000000e+01,0.000000000000000000e+00,0.000000000000000000e+00,-1.000000000000000000e+00
2.600334594701765667e+01,-2.342703565455348880e+01,2.550000000000000000e+01,0.000000000000000000e+00,0.000000000000000000e+00,-1.000000000000000000e+00
2.593630551446667099e+01,-2.350123520711721170e+01,2.550000000000000000e+01,0.000000000000000000e+00,0.000000000000000000e+00,-1.000000000000000000e+00
2.586905335711674780e+01,-2.357524291299342423e+01,2.550000000000000000e+01,0.000000000000000000e+00,0.000000000000000000e+00,-1.000000000000000000e+00
2.580159002396470669e+01,-2.364905816803800320e+01,2.550000000000000000e+01,0.000000000000000000e+00,0.000000000000000000e+00,-1.000000000000000000e+00
2.573391606573126111e+01,-2.372268036967784255e+01,2.550000000000000000e+01,0.000000000000000000e+00,0.000000000000000000e+00,-1.000000000000000000e+00
2.566603203485651363e+01,-2.379610891691579155e+01,2.550000000000000000e+01,0.000000000000000000e+00,0.000000000000000000e+00,-1.000000000000000000e+00
2.559793848549544037e+01,-2.386934321033554340e+01,2.550000000000000000e+01,0.000000000000000000e+00,0.000000000000000000e+00,-1.000000000000000000e+00
2.552963597351336489e+01,-2.394238265210654149e+01,2.550000000000000000e+01,0.000000000000000000e+00,0.000000000000000000e+00,-1.000000000000000000e+00
2.546112505648144619e+01,-2.401522664598883949e+01,2.550000000000000000e+01,0.000000000000000000e+00,0.000000000000000000e+00,-1.000000000000000000e+00
2.539240629367209223e+01,-2.408787459733801128e+01,2.550000000000000000e+01,0.000000000000000000e+00,0.000000000000000000e+00,-1.000000000000000000e+00
2.532348024605441239e+01,-2.416032591310994704e+01,2.550000000000000000e+01,0.000000000000000000e+00,0.000000000000000000e+00,-1.000000000000000000e+00
2.525434747628963450e+01,-2.423258000186573469e+01,2.550000000000000000e+01,0.000000000000000000e+00,0.000000000000000000e+00,-1.000000000000000000e+00
2.518500854872652184e+01,-2.430463627377649161e+01,2.550000000000000000e+01,0.000000000000000000e+00,0.000000000000000000e+00,-1.000000000000000000e+00
2.511546402939674394e+01,-2.437649414062814301e+01,2.550000000000000000e+01,0.000000000000000000e+00,0.000000000000000000e+00,-1.000000000000000000e+00
2.504571448601028294e+01,-2.444815301582626077e+01,2.550000000000000000e+01,0.000000000000000000e+00,0.000000000000000000e+00,-1.000000000000000000e+00
2.497576048795077241e+01,-2.451961231440083111e+01,2.550000000000000000e+01,0.000000000000000000e+00,0.000000000000000000e+00,-1.000000000000000000e+00
2.490560260627087530e+01,-2.459087145301104016e+01,2.550000000000000000e+01,0.000000000000000000e+00,0.000000000000000000e+00,-1.000000000000000000e+00
2.483524141368760496e+01,-2.466192984995003101e+01,2.550000000000000000e+01,0.000000000000000000e+00,0.000000000000000000e+00,-1.000000000000000000e+00
2.476467748457763918e+01,-2.473278692514964661e+01,2.550000000000000000e+01,0.000000000000000000e+00,0.000000000000000000e+00,-1.000000000000000000e+00
2.469391139497267673e+01,-2.480344210018517970e+01,2.550000000000000000e+01,0.000000000000000000e+00,0.000000000000000000e+00,-1.000000000000000000e+00
2.462294372255468389e+01,-2.487389479828008376e+01,2.550000000000000000e+01,0.000000000000000000e+00,0.000000000000000000e+00,-1.000000000000000000e+00
2.455177504665120125e+01,-2.494414444431068034e+01,2.550000000000000000e+01,0.000000000000000000e+00,0.000000000000000000e+00,-1.000000000000000000e+00
2.448040594823061866e+01,-2.501419046481086639e+01,2.550000000000000000e+01,0.000000000000000000e+00,0.000000000000000000e+00,-1.000000000000000000e+00
2.440883700989742522e+01,-2.508403228797678253e+01,2.550000000000000000e+01,0.000000000000000000e+00,0.000000000000000000e+00,-1.000000000000000000e+00
2.433706881588745219e+01,-2.515366934367148133e+01,2.550000000000000000e+01,0.000000000000000000e+00,0.000000000000000000e+00,-1.000000000000000000e+00
2.426510195206311238e+01,-2.522310106342958846e+01,2.550000000000000000e+01,0.000000000000000000e+00,0.000000000000000000e+00,-1.000000000000000000e+00
2.419293700590860752e+01,-2.529232688046194255e+01,2.550000000000000000e+01,0.000000000000000000e+00,0.000000000000000000e+00,-1.000000000000000000e+00
2.412057456652513920e+01,-2.536134622966021368e+01,2.550000000000000000e+01,0.000000000000000000e+00,0.000000000000000000e+00,-1.000000000000000000e+00
2.404801522462609498e+01,-2.543015854760153616e+01,2.550000000000000000e+01,0.000000000000000000e+00,0.000000000000000000e+00,-1.000000000000000000e+00
2.397525957253223439e+01,-2.549876327255307373e+01,2.550000000000000000e+01,0.000000000000000000e+00,0.000000000000000000e+00,-1.000000000000000000e+00
2.390230820416683599e+01,-2.556715984447663814e+01,2.550000000000000000e+01,0.000000000000000000e+00,0.000000000000000000e+00,-1.000000000000000000e+00
2.382916171505087277e+01,-2.563534770503325078e+01,2.550000000000000000e+01,0.000000000000000000e+00,0.000000000000000000e+00,-1.000000000000000000e+00
2.375582070229813780e+01,-2.570332629758769016e+01,2.550000000000000000e+01,0.000000000000000000e+00,0.000000000000000000e+00,-1.000000000000000000e+00
2.368228576461036994e+01,-2.577109506721305365e+01,2.550000000000000000e+01,0.000000000000000000e+00,0.000000000000000000e+00,-1.000000000000000000e+00
2.360855750227236172e+01,-2.583865346069526581e+01,2.550000000000000000e+01,0.000000000000000000e+00,0.000000000000000000e+00,-1.000000000000000000e+00
2.353463651714707083e+01,-2.590600092653761166e+01,2.550000000000000000e+01,0.000000000000000000e+00,0.000000000000000000e+00,-1.000000000000000000e+00
2.346052341267070318e+01,-2.597313691496523802e+01,2.550000000000000000e+01,0.000000000000000000e+00,0.000000000000000000e+00,-1.000000000000000000e+00
2.338621879384777458e+01,-2.604006087792962632e+01,2.550000000000000000e+01,0.000000000000000000e+00,0.000000000000000000e+00,-1.000000000000000000e+00
2.331172326724620092e+01,-2.610677226911309035e+01,2.550000000000000000e+01,0.000000000000000000e+00,0.000000000000000000e+00,-1.000000000000000000e+00
2.323703744099230306e+01,-2.617327054393321362e+01,2.550000000000000000e+01,0.000000000000000000e+00,0.000000000000000000e+00,-1.000000000000000000e+00
2.316216192476588986e+01,-2.623955515954730089e+01,2.550000000000000000e+01,0.000000000000000000e+00,0.000000000000000000e+00,-1.000000000000000000e+00
2.308709732979524532e+01,-2.630562557485681907e+01,2.550000000000000000e+01,0.000000000000000000e+00,0.000000000000000000e+00,-1.000000000000000000e+00
2.301184426885215473e+01,-2.637148125051181324e+01,2.550000000000000000e+01,0.000000000000000000e+00,0.000000000000000000e+00,-1.000000000000000000e+00
2.293640335624690962e+01,-2.643712164891529071e+01,2.550000000000000000e+01,0.000000000000000000e+00,0.000000000000000000e+00,-1.000000000000000000e+00
2.286077520782326999e+01,-2.650254623422762634e+01,2.550000000000000000e+01,0.000000000000000000e+00,0.000000000000000000e+00,-1.000000000000000000e+00
2.278496044095345496e+01,-2.656775447237094312e+01,2.550000000000000000e+01,0.000000000000000000e+00,0.000000000000000000e+00,-1.000000000000000000e+00
2.270895967453310504e+01,-2.663274583103344639e+01,2.550000000000000000e+01,0.000000000000000000e+00,0.000000000000000000e+00,-1.000000000000000000e+00
2.263277352897620887e+01,-2.669751977967380085e+01,2.550000000000000000e+01,0.000000000000000000e+00,0.000000000000000000e+00,-1.000000000000000000e+00
2.255640262621006897e+01,-2.676207578952543287e+01,2.550000000000000000e+01,0.000000000000000000e+00,0.000000000000000000e+00,-1.000000000000000000e+00
2.247984758967020369e+01,-2.682641333360087188e+01,2.550000000000000000e+01,0.000000000000000000e+00,0.000000000000000000e+00,-1.000000000000000000e+00
2.240310904429525607e+01,-2.689053188669603500e+01,2.550000000000000000e+01,0.000000000000000000e+00,0.000000000000000000e+00,-1.000000000000000000e+00
2.232618761652190997e+01,-2.695443092539450447e+01,2.550000000000000000e+01,0.000000000000000000e+00,0.000000000000000000e+00,-1.000000000000000000e+00
2.224908393427975639e+01,-2.701810992807184775e+01,2.550000000000000000e+01,0.000000000000000000e+00,0.000000000000000000e+00,-1.000000000000000000e+00
2.217179862698618464e+01,-2.708156837489980973e+01,2.550000000000000000e+01,0.000000000000000000e+00,0.000000000000000000e+00,-1.000000000000000000e+00
2.209433232554123094e+01,-2.714480574785061506e+01,2.550000000000000000e+01,0.000000000000000000e+00,0.000000000000000000e+00,-1.000000000000000000e+00
2.201668566232244117e+01,-2.720782153070115683e+01,2.550000000000000000e+01,0.000000000000000000e+00,0.000000000000000000e+00,-1.000000000000000000e+00
2.193885927117968748e+01,-2.727061520903723491e+01,2.550000000000000000e+01,0.000000000000000000e+00,0.000000000000000000e+00,-1.000000000000000000e+00
2.186085378743002394e+01,-2.733318627025774106e+01,2.550000000000000000e+01,0.000000000000000000e+00,0.000000000000000000e+00,-1.000000000000000000e+00
2.178266984785247473e+01,-2.739553420357885116e+01,2.550000000000000000e+01,0.000000000000000000e+00,0.000000000000000000e+00,-1.000000000000000000e+00
2.170430809068284361e+01,-2.745765850003818542e+01,2.550000000000000000e+01,0.000000000000000000e+00,0.000000000000000000e+00,-1.000000000000000000e+00
2.162576915560851276e+01,-2.751955865249897926e+01,2.550000000000000000e+01,0.000000000000000000e+00,0.000000000000000000e+00,-1.000000000000000000e+00
2.154705368376320962e+01,-2.758123415565420800e+01,2.550000000000000000e+01,0.000000000000000000e+00,0.000000000000000000e+00,-1.000000000000000000e+00
2.146816231772177375e+01,-2.764268450603072225e+01,2.550000000000000000e+01,0.000000000000000000e+00,0.000000000000000000e+00,-1.000000000000000000e+00
2.138909570149492723e+01,-2.770390920199334417e+01,2.550000000000000000e+01,0.000000000000000000e+00,0.000000000000000000e+00,-1.000000000000000000e+00
2.130985448052398468e+01,-2.776490774374897796e+01,2.550000000000000000e+01,0.000000000000000000e+00,0.000000000000000000e+00,-1.000000000000000000e+00
2.123043930167562365e+01,-2.782567963335068484e+01,2.550000000000000000e+01,0.000000000000000000e+00,0.000000000000000000e+00,-1.000000000000000000e+00
2.115085081323657334e+01,-2.788622437470174731e+01,2.550000000000000000e+01,0.000000000000000000e+00,0.000000000000000000e+00,-1.000000000000000000e+00
2.107108966490833879e+01,-2.794654147355970863e+01,2.550000000000000000e+01,0.000000000000000000e+00,0.000000000000000000e+00,-1.000000000000000000e+00
2.099115650780190023e+01,-2.800663043754043002e+01,2.550000000000000000e+01,0.000000000000000000e+00,0.000000000000000000e+00,-1.000000000000000000e+00
2.091105199443236984e+01,-2.806649077612208387e+01,2.550000000000000000e+01,0.000000000000000000e+00,0.000000000000000000e+00,-1.000000000000000000e+00
2.083077677871370170e+01,-2.812612200064918255e+01,2.550000000000000000e+01,0.000000000000000000e+00,0.000000000000000000e+00,-1.000000000000000000e+00
2.075033151595334147e+01,-2.818552362433654679e+01,2.550000000000000000e+01,0.000000000000000000e+00,0.000000000000000000e+00,-1.000000000000000000e+00
2.066971686284685106e+01,-2.824469516227329180e+01,2.550000000000000000e+01,0.000000000000000000e+00,0.000000000000000000e+00,-1.000000000000000000e+00
2.058893347747259384e+01,-2.830363613142679213e+01,2.550000000000000000e+01,0.000000000000000000e+00,0.000000000000000000e+00,-1.000000000000000000e+00
2.050798201928632736e+01,-2.836234605064660030e+01,2.550000000000000000e+01,0.000000000000000000e+00,0.000000000000000000e+00,-1.000000000000000000e+00
2.042686314911582457e+01,-2.842082444066839386e+01,2.550000000000000000e+01,0.000000000000000000e+00,0.000000000000000000e+00,-1.000000000000000000e+00
2.034557752915550211e+01,-2.847907082411788693e+01,2.550000000000000000e+01,0.000000000000000000e+00,0.000000000000000000e+00,-1.000000000000000000e+00
2.026412582296098819e+01,-2.853708472551472042e+01,2.550000000000000000e+01,0.000000000000000000e+00,0.000000000000000000e+00,-1.000000000000000000e+00
2.018250869544371540e+01,-2.859486567127635581e+01,2.550000000000000000e+01,0.000000000000000000e+00,0.000000000000000000e+00,-1.000000000000000000e+00
2.010072681286549567e+01,-2.865241318972191209e+01,2.550000000000000000e+01,0.000000000000000000e+00,0.000000000000000000e+00,-1.000000000000000000e+00
2.001878084283307757e+01,-2.870972681107605595e+01,2.550000000000000000e+01,0.000000000000000000e+00,0.000000000000000000e+00,-1.000000000000000000e+00
1.993667145429271059e+01,-2.876680606747280322e+01,2.550000000000000000e+01,0.000000000000000000e+00,0.000000000000000000e+00,-1.000000000000000000e+00
1.985439931752464915e+01,-2.882365049295936643e+01,2.550000000000000000e+01,0.000000000000000000e+00,0.000000000000000000e+00,-1.000000000000000000e+00
1.977196510413772401e+01,-2.888025962349992781e+01,2.550000000000000000e+01,0.000000000000000000e+00,0.000000000000000000e+00,-1.000000000000000000e+00
1.968936948706382850e+01,-2.893663299697945135e+01,2.550000000000000000e+01,0.000000000000000000e+00,0.000000000000000000e+00,-1.000000000000000000e+00
1.960661314055244020e+01,-2.899277015320744511e+01,2.550000000000000000e+01,0.000000000000000000e+00,0.000000000000000000e+00,-1.000000000000000000e+00
1.952369674016510714e+01,-2.904867063392172000e+01,2.550000000000000000e+01,0.000000000000000000e+00,0.000000000000000000e+00,-1.000000000000000000e+00
1.944062096276995177e+01,-2.910433398279214146e+01,2.550000000000000000e+01,0.000000000000000000e+00,0.000000000000000000e+00,-1.000000000000000000e+00
1.935738648653612159e+01,-2.915975974542432425e+01,2.550000000000000000e+01,0.000000000000000000e+00,0.000000000000000000e+00,-1.000000000000000000e+00
1.927399399092826116e+01,-2.921494746936337350e+01,2.550000000000000000e+01,0.000000000000000000e+00,0.000000000000000000e+00,-1.000000000000000000e+00
1.919044415670097692e+01,-2.926989670409756172e+01,2.550000000000000000e+01,0.000000000000000000e+00,0.000000000000000000e+00,-1.000000000000000000e+00
1.910673766589327371e+01,-2.932460700106201656e+01,2.550000000000000000e+01,0.000000000000000000e+00,0.000000000000000000e+00,-1.000000000000000000e+00
1.902287520182296632e+01,-2.937907791364236942e+01,2.550000000000000000e+01,0.000000000000000000e+00,0.000000000000000000e+00,-1.000000000000000000e+00
1.893885744908114788e+01,-2.943330899717841120e+01,2.550000000000000000e+01,0.000000000000000000e+00,0.000000000000000000e+00,-1.000000000000000000e+00
1.885468509352654110e+01,-2.948729980896772673e+01,2.550000000000000000e+01,0.000000000000000000e+00,0.000000000000000000e+00,-1.000000000000000000e+00
1.877035882227996311e+01,-2.954104990826928656e+01,2.550000000000000000e+01,0.000000000000000000e+00,0.000000000000000000e+00,-1.000000000000000000e+00
1.868587932371866245e+01,-2.959455885630707073e+01,2.550000000000000000e+01,0.000000000000000000e+00,0.000000000000000000e+00,-1.000000000000000000e+00
1.860124728747073064e+01,-2.964782621627364634e+01,2.550000000000000000e+01,0.000000000000000000e+00,0.000000000000000000e+00,-1.000000000000000000e+00
1.851646340440946403e+01,-2.970085155333370253e+01,2.550000000000000000e+01,0.000000000000000000e+00,0.000000000000000000e+00,-1.000000000000000000e+00
1.843152836664772209e+01,-2.975363443462765289e+01,2.550000000000000000e+01,0.000000000000000000e+00,0.000000000000000000e+00,-1.000000000000000000e+00
1.834644286753228215e+01,-2.980617442927512073e+01,2.550000000000000000e+01,0.000000000000000000e+00,0.000000000000000000e+00,-1.000000000000000000e+00
1.826120760163817280e+01,-2.985847110837847751e+01,2.550000000000000000e+01,0.000000000000000000e+00,0.000000000000000000e+00,-1.000000000000000000e+00
1.817582326476300736e+01,-2.991052404502635653e+01,2.550000000000000000e+01,0.000000000000000000e+00,0.000000000000000000e+00,-1.000000000000000000e+00
1.809029055392131013e+01,-2.996233281429710971e+01,2.550000000000000000e+01,0.000000000000000000e+00,0.000000000000000000e+00,-1.000000000000000000e+00
1.800461016733881792e+01,-3.001389699326229632e+01,2.550000000000000000e+01,0.000000000000000000e+00,0.000000000000000000e+00,-1.000000000000000000e+00
1.791878280444677785e+01,-3.006521616099013272e+01,2.550000000000000000e+01,0.000000000000000000e+00,0.000000000000000000e+00,-1.000000000000000000e+00
1.783280916587625597e+01,-3.011628989854892069e+01,2.550000000000000000e+01,0.000000000000000000e+00,0.000000000000000000e+00,-1.000000000000000000e+00
1.774668995345238187e+01,-3.016711778901047225e+01,2.550000000000000000e+01,0.000000000000000000e+00,0.000000000000000000e+00,-1.000000000000000000e+00
1.766042587018866783e+01,-3.021769941745352384e+01,2.550000000000000000e+01,0.000000000000000000e+00,0.000000000000000000e+00,-1.000000000000000000e+00
1.757401762028122860e+01,-3.026803437096708649e+01,2.550000000000000000e+01,0.000000000000000000e+00,0.000000000000000000e+00,-1.000000000000000000e+00
1.748746590910305088e+01,-3.031812223865387423e+01,2.550000000000000000e+01,0.000000000000000000e+00,0.000000000000000000e+00,-1.000000000000000000e+00
1.740077144319823788e+01,-3.036796261163360455e+01,2.550000000000000000e+01,0.000000000000000000e+00,0.000000000000000000e+00,-1.000000000000000000e+00
1.731393493027623620e+01,-3.041755508304637345e+01,2.550000000000000000e+01,0.000000000000000000e+00,0.000000000000000000e+00,-1.000000000000000000e+00
1.722695707920605201e+01,-3.046689924805595240e+01,2.550000000000000000e+01,0.000000000000000000e+00,0.000000000000000000e+00,-1.000000000000000000e+00
1.713983860001048143e+01,-3.051599470385310298e+01,2.550000000000000000e+01,0.000000000000000000e+00,0.000000000000000000e+00,-1.000000000000000000e+00
1.705258020386029472e+01,-3.056484104965887383e+01,2.550000000000000000e+01,0.000000000000000000e+00,0.000000000000000000e+00,-1.000000000000000000e+00
1.696518260306844539e+01,-3.061343788672784427e+01,2.550000000000000000e+01,0.000000000000000000e+00,0.000000000000000000e+00,-1.000000000000000000e+00
1.687764651108425440e+01,-3.066178481835141412e+01,2.550000000000000000e+01,0.000000000000000000e+00,0.000000000000000000e+00,-1.000000000000000000e+00
1.678997264248757659e+01,-3.070988144986103308e+01,2.550000000000000000e+01,0.000000000000000000e+00,0.000000000000000000e+00,-1.000000000000000000e+00
1.670216171298297425e+01,-3.075772738863139111e+01,2.550000000000000000e+01,0.000000000000000000e+00,0.000000000000000000e+00,-1.000000000000000000e+00
1.661421443939387288e+01,-3.080532224408367270e+01,2.550000000000000000e+01,0.000000000000000000e+00,0.000000000000000000e+00,-1.000000000000000000e+00
1.652613153965670989e+01,-3.085266562768869747e+01,2.550000000000000000e+01,0.000000000000000000e+00,0.000000000000000000e+00,-1.000000000000000000e+00
1.643791373281508328e+01,-3.089975715297013892e+01,2.550000000000000000e+01,0.000000000000000000e+00,0.000000000000000000e+00,-1.000000000000000000e+00
1.634956173901385768e+01,-3.094659643550764017e+01,2.550000000000000000e+01,0.000000000000000000e+00,0.000000000000000000e+00,-1.000000000000000000e+00
1.626107627949330947e+01,-3.099318309293996876e+01,2.550000000000000000e+01,0.000000000000000000e+00,0.000000000000000000e+00,-1.000000000000000000e+00
1.617245807658323287e+01,-3.103951674496813951e+01,2.550000000000000000e+01,0.000000000000000000e+00,0.000000000000000000e+00,-1.000000000000000000e+00
1.608370785369703526e+01,-3.108559701335852310e+01,2.550000000000000000e+01,0.000000000000000000e+00,0.000000000000000000e+00,-1.000000000000000000e+00
1.599482633532583797e+01,-3.113142352194590856e+01,2.550000000000000000e+01,0.000000000000000000e+00,0.000000000000000000e+00,-1.000000000000000000e+00
1.590581424703256097e+01,-3.117699589663660831e+01,2.550000000000000000e+01,0.000000000000000000e+00,0.000000000000000000e+00,-1.000000000000000000e+00
1.581667231544600583e+01,-3.122231376541149217e+01,2.550000000000000000e+01,0.000000000000000000e+00,0.000000000000000000e+00,-1.000000000000000000e+00
1.572740126825491380e+01,-3.126737675832902141e+01,2.550000000000000000e+01,0.000000000000000000e+00,0.000000000000000000e+00,-1.000000000000000000e+00
1.563800183420203105e+01,-3.131218450752827565e+01,2.550000000000000000e+01,0.000000000000000000e+00,0.000000000000000000e+00,-1.000000000000000000e+00
1.554847474307815958e+01,-3.135673664723196907e+01,2.550000000000000000e+01,0.000000000000000000e+00,0.000000000000000000e+00,-1.000000000000000000e+00
1.545882072571620114e+01,-3.140103281374940991e+01,2.550000000000000000e+01,0.000000000000000000e+00,0.000000000000000000e+00,-1.000000000000000000e+00
1.536904051398518156e+01,-3.144507264547948466e+01,2.550000000000000000e+01,0.000000000000000000e+00,0.000000000000000000e+00,-1.000000000000000000e+00
1.527913484078429640e+01,-3.148885578291360332e+01,2.550000000000000000e+01,0.000000000000000000e+00,0.000000000000000000e+00,-1.000000000000000000e+00
1.518910444003690685e+01,-3.153238186863864456e+01,2.550000000000000000e+01,0.000000000000000000e+00,0.000000000000000000e+00,-1.000000000000000000e+00
1.509895004668455876e+01,-3.157565054733986543e+01,2.550000000000000000e+01,0.000000000000000000e+00,0.000000000000000000e+00,-1.000000000000000000e+00
1.500867239668098208e+01,-3.161866146580380388e+01,2.550000000000000000e+01,0.000000000000000000e+00,0.000000000000000000e+00,-1.000000000000000000e+00
1.491827222698608679e+01,-3.166141427292116006e+01,2.550000000000000000e+01,0.000000000000000000e+00,0.000000000000000000e+00,-1.000000000000000000e+00
1.482775027555993930e+01,-3.170390861968965623e+01,2.550000000000000000e+01,0.000000000000000000e+00,0.000000000000000000e+00,-1.000000000000000000e+00
1.473710728135674053e+01,-3.174614415921691446e+01,2.550000000000000000e+01,0.000000000000000000e+00,0.000000000000000000e+00,-1.000000000000000000e+00
1.464634398431879880e+01,-3.178812054672324550e+01,2.550000000000000000e+01,0.000000000000000000e+00,0.000000000000000000e+00,-1.000000000000000000e+00
1.455546112537048131e+01,-3.182983743954449807e+01,2.550000000000000000e+01,0.000000000000000000e+00,0.000000000000000000e+00,-1.000000000000000000e+00
1.446445944641217629e+01,-3.187129449713483709e+01,2.550000000000000000e+01,0.000000000000000000e+00,0.000000000000000000e+00,-1.000000000000000000e+00
1.437333969031422498e+01,-3.191249138106954319e+01,2.550000000000000000e+01,0.000000000000000000e+00,0.000000000000000000e+00,-1.000000000000000000e+00
1.428210260091086603e+01,-3.195342775504773769e+01,2.550000000000000000e+01,0.000000000000000000e+00,0.000000000000000000e+00,-1.000000000000000000e+00
1.419074892299415680e+01,-3.199410328489517497e+01,2.550000000000000000e+01,0.000000000000000000e+00,0.000000000000000000e+00,-1.000000000000000000e+00
1.409927940230790178e+01,-3.203451763856693901e+01,2.550000000000000000e+01,0.000000000000000000e+00,0.000000000000000000e+00,-1.000000000000000000e+00
1.400769478554155789e+01,-3.207467048615015415e+01,2.550000000000000000e+01,0.000000000000000000e+00,0.000000000000000000e+00,-1.000000000000000000e+00
1.391599582032413807e+01,-3.211456149986670994e+01,2.550000000000000000e+01,0.000000000000000000e+00,0.000000000000000000e+00,-1.000000000000000000e+00
1.382418325521812008e+01,-3.215419035407588666e+01,2.550000000000000000e+01,0.000000000000000000e+00,0.000000000000000000e+00,-1.000000000000000000e+00
1.373225783971331815e+01,-3.219355672527706247e+01,2.550000000000000000e+01,0.000000000000000000e+00,0.000000000000000000e+00,-1.000000000000000000e+00
1.364022032422077579e+01,-3.223266029211232819e+01,2.550000000000000000e+01,0.000000000000000000e+00,0.000000000000000000e+00,-1.000000000000000000e+00
1.354807146006663920e+01,-3.227150073536908792e+01,2.550000000000000000e+01,0.000000000000000000e+00,0.000000000000000000e+00,-1.000000000000000000e+00
1.345581199948602524e+01,-3.231007773798274485e+01,2.550000000000000000e+01,0.000000000000000000e+00,0.000000000000000000e+00,-1.000000000000000000e+00
1.336344269561687348e+01,-3.234839098503918109e+01,2.550000000000000000e+01,0.000000000000000000e+00,0.000000000000000000e+00,-1.000000000000000000e+00
1.327096430249380532e+01,-3.238644016377742219e+01,2.550000000000000000e+01,0.000000000000000000e+00,0.000000000000000000e+00,-1.000000000000000000e+00
1.317837757504196183e+01,-3.242422496359213113e+01,2.550000000000000000e+01,0.000000000000000000e+00,0.000000000000000000e+00,-1.000000000000000000e+00
1.308568326907085400e+01,-3.246174507603618054e+01,2.550000000000000000e+01,0.000000000000000000e+00,0.000000000000000000e+00,-1.000000000000000000e+00
1.299288214126817564e+01,-3.249900019482313951e+01,2.550000000000000000e+01,0.000000000000000000e+00,0.000000000000000000e+00,-1.000000000000000000e+00
1.289997494919364129e+01,-3.253599001582980321e+01,2.550000000000000000e+01,0.000000000000000000e+00,0.000000000000000000e+00,-1.000000000000000000e+00
1.280696245127279020e+01,-3.257271423709864422e+01,2.550000000000000000e+01,0.000000000000000000e+00,0.000000000000000000e+00,-1.000000000000000000e+00
1.271384540679080466e+01,-3.260917255884031363e+01,2.550000000000000000e+01,0.000000000000000000e+00,0.000000000000000000e+00,-1.000000000000000000e+00
1.262062457588630338e+01,-3.264536468343606401e+01,2.550000000000000000e+01,0.000000000000000000e+00,0.000000000000000000e+00,-1.000000000000000000e+00
1.252730071954514735e+01,-3.268129031544017238e+01,2.550000000000000000e+01,0.000000000000000000e+00,0.000000000000000000e+00,-1.000000000000000000e+00
1.243387459959421548e+01,-3.271694916158237731e+01,2.550000000000000000e+01,0.000000000000000000e+00,0.000000000000000000e+00,-1.000000000000000000e+00
1.234034697869519093e+01,-3.275234093077025221e+01,2.550000000000000000e+01,0.000000000000000000e+00,0.000000000000000000e+00,-1.000000000000000000e+00
1.224671862033834024e+01,-3.278746533409159980e+01,2.550000000000000000e+01,0.000000000000000000e+00,0.000000000000000000e+00,-1.000000000000000000e+00
1.215299028883626953e+01,-3.282232208481678271e+01,2.550000000000000000e+01,0.000000000000000000e+00,0.000000000000000000e+00,-1.000000000000000000e+00
1.205916274931769827e+01,-3.285691089840108958e+01,2.550000000000000000e+01,0.000000000000000000e+00,0.000000000000000000e+00,-1.000000000000000000e+00
1.196523676772120126e+01,-3.289123149248705857e+01,2.550000000000000000e+01,0.000000000000000000e+00,0.000000000000000000e+00,-1.000000000000000000e+00
1.187121311078896291e+01,-3.292528358690676527e+01,2.550000000000000000e+01,0.000000000000000000e+00,0.000000000000000000e+00,-1.000000000000000000e+00
1.177709254606052269e+01,-3.295906690368411773e+01,2.550000000000000000e+01,0.000000000000000000e+00,0.000000000000000000e+00,-1.000000000000000000e+00
1.168287584186649219e+01,-3.299258116703711607e+01,2.550000000000000000e+01,0.000000000000000000e+00,0.000000000000000000e+00,-1.000000000000000000e+00
1.158856376732230586e+01,-3.302582610338013325e+01,2.550000000000000000e+01,0.000000000000000000e+00,0.000000000000000000e+00,-1.000000000000000000e+00
1.149415709232192384e+01,-3.305880144132611775e+01,2.550000000000000000e+01,0.000000000000000000e+00,0.000000000000000000e+00,-1.000000000000000000e+00
1.139965658753155608e+01,-3.309150691168881053e+01,2.550000000000000000e+01,0.000000000000000000e+00,0.000000000000000000e+00,-1.000000000000000000e+00
1.130506302438337229e+01,-3.312394224748497606e+01,2.550000000000000000e+01,0.000000000000000000e+00,0.000000000000000000e+00,-1.000000000000000000e+00
1.121037717506919584e+01,-3.315610718393652689e+01,2.550000000000000000e+01,0.000000000000000000e+00,0.000000000000000000e+00,-1.000000000000000000e+00
1.111559981253421370e+01,-3.318800145847275473e+01,2.550000000000000000e+01,0.000000000000000000e+00,0.000000000000000000e+00,-1.000000000000000000e+00
1.102073171047065081e+01,-3.321962481073238393e+01,2.550000000000000000e+01,0.000000000000000000e+00,0.000000000000000000e+00,-1.000000000000000000e+00
1.092577364331146939e+01,-3.325097698256579548e+01,2.550000000000000000e+01,0.000000000000000000e+00,0.000000000000000000e+00,-1.000000000000000000e+00
1.083072638622403616e+01,-3.328205771803706625e+01,2.550000000000000000e+01,0.000000000000000000e+00,0.000000000000000000e+00,-1.000000000000000000e+00
1.073559071510380036e+01,-3.331286676342606512e+01,2.550000000000000000e+01,0.000000000000000000e+00,0.000000000000000000e+00,-1.000000000000000000e+00
1.064036740656795565e+01,-3.334340386723057037e+01,2.550000000000000000e+01,0.000000000000000000e+00,0.000000000000000000e+00,-1.000000000000000000e+00
1.054505723794910566e+01,-3.337366878016825211e+01,2.550000000000000000e+01,0.000000000000000000e+00,0.000000000000000000e+00,-1.000000000000000000e+00
1.044966098728891346e+01,-3.340366125517878260e+01,2.550000000000000000e+01,0.000000000000000000e+00,0.000000000000000000e+00,-1.000000000000000000e+00
1.035417943333175117e+01,-3.343338104742578309e+01,2.550000000000000000e+01,0.000000000000000000e+00,0.000000000000000000e+00,-1.000000000000000000e+00
1.025861335551834763e+01,-3.346282791429888448e+01,2.550000000000000000e+01,0.000000000000000000e+00,0.000000000000000000e+00,-1.000000000000000000e+00
1.016296353397941665e+01,-3.349200161541565279e+01,2.550000000000000000e+01,0.000000000000000000e+00,0.000000000000000000e+00,-1.000000000000000000e+00
1.006723074952930119e+01,-3.352090191262358587e+01,2.550000000000000000e+01,0.000000000000000000e+00,0.000000000000000000e+00,-1.000000000000000000e+00
9.971415783659583809e+00,-3.354952857000206023e+01,2.550000000000000000e+01,0.000000000000000000e+00,0.000000000000000000e+00,-1.000000000000000000e+00
9.875519418532721971e+00,-3.357788135386422823e+01,2.550000000000000000e+01,0.000000000000000000e+00,0.000000000000000000e+00,-1.000000000000000000e+00
9.779542436975651398e+00,-3.360596003275895072e+01,2.550000000000000000e+01,0.000000000000000000e+00,0.000000000000000000e+00,-1.000000000000000000e+00
9.683485622473403609e+00,-3.363376437747268710e+01,2.550000000000000000e+01,0.000000000000000000e+00,0.000000000000000000e+00,-1.000000000000000000e+00
9.587349759162705709e+00,-3.366129416103134275e+01,2.550000000000000000e+01,0.000000000000000000e+00,0.000000000000000000e+00,-1.000000000000000000e+00
9.491135631825581953e+00,-3.368854915870214484e+01,2.550000000000000000e+01,0.000000000000000000e+00,0.000000000000000000e+00,-1.000000000000000000e+00
9.394844025882946426e+00,-3.371552914799546130e+01,2.550000000000000000e+01,0.000000000000000000e+00,0.000000000000000000e+00,-1.000000000000000000e+00
9.298475727388190393e+00,-3.374223390866664118e+01,2.550000000000000000e+01,0.000000000000000000e+00,0.000000000000000000e+00,-1.000000000000000000e+00
9.202031523020764325e+00,-3.376866322271777676e+01,2.550000000000000000e+01,0.000000000000000000e+00,0.000000000000000000e+00,-1.000000000000000000e+00
9.105512200079763474e+00,-3.379481687439952253e+01,2.550000000000000000e+01,0.000000000000000000e+00,0.000000000000000000e+00,-1.000000000000000000e+00
9.008918546477488576e+00,-3.382069465021282184e+01,2.550000000000000000e+01,0.000000000000000000e+00,0.000000000000000000e+00,-1.000000000000000000e+00
8.912251350733026101e+00,-3.384629633891066192e+01,2.550000000000000000e+01,0.000000000000000000e+00,0.000000000000000000e+00,-1.000000000000000000e+00
8.815511401965805405e+00,-3.387162173149982181e+01,2.550000000000000000e+01,0.000000000000000000e+00,0.000000000000000000e+00,-1.000000000000000000e+00
8.718699489889155885e+00,-3.389667062124252794e+01,2.550000000000000000e+01,0.000000000000000000e+00,0.000000000000000000e+00,-1.000000000000000000e+00
8.621816404803862355e+00,-3.392144280365820919e+01,2.550000000000000000e+01,0.000000000000000000e+00,0.000000000000000000e+00,-1.000000000000000000e+00
8.524862937591716872e+00,-3.394593807652508133e+01,2.550000000000000000e+01,0.000000000000000000e+00,0.000000000000000000e+00,-1.000000000000000000e+00
8.427839879709051019e+00,-3.397015623988188082e+01,2.550000000000000000e+01,0.000000000000000000e+00,0.000000000000000000e+00,-1.000000000000000000e+00
8.330748023180294837e+00,-3.399409709602944218e+01,2.550000000000000000e+01,0.000000000000000000e+00,0.000000000000000000e+00,-1.000000000000000000e+00
8.233588160591487792e+00,-3.401776044953235356e+01,2.550000000000000000e+01,0.000000000000000000e+00,0.000000000000000000e+00,-1.000000000000000000e+00
8.136361085083827049e+00,-3.404114610722049861e+01,2.550000000000000000e+01,0.000000000000000000e+00,0.000000000000000000e+00,-1.000000000000000000e+00
8.039067590347185543e+00,-3.406425387819069073e+01,2.550000000000000000e+01,0.000000000000000000e+00,0.000000000000000000e+00,-1.000000000000000000e+00
7.941708470613634496e+00,-3.408708357380817944e+01,2.550000000000000000e+01,0.000000000000000000e+00,0.000000000000000000e+00,-1.000000000000000000e+00
7.844284520650955272e+00,-3.410963500770824197e+01,2.550000000000000000e+01,0.000000000000000000e+00,0.000000000000000000e+00,-1.000000000000000000e+00
7.746796535756158342e+00,-3.413190799579766121e+01,2.550000000000000000e+01,0.000000000000000000e+00,0.000000000000000000e+00,-1.000000000000000000e+00
7.649245311748987142e+00,-3.415390235625624626e+01,2.550000000000000000e+01,0.000000000000000000e+00,0.000000000000000000e+00,-1.000000000000000000e+00
7.551631644965423718e+00,-3.417561790953832457e+01,2.550000000000000000e+01,0.000000000000000000e+00,0.000000000000000000e+00,-1.000000000000000000e+00
7.453956332251183703e+00,-3.419705447837419854e+01,2.550000000000000000e+01,0.000000000000000000e+00,0.000000000000000000e+00,-1.000000000000000000e+00
7.356220170955216631e+00,-3.421821188777157374e+01,2.550000000000000000e+01,0.000000000000000000e+00,0.000000000000000000e+00,-1.000000000000000000e+00
7.258423958923194697e+00,-3.423908996501702973e+01,2.550000000000000000e+01,0.000000000000000000e+00,0.000000000000000000e+00,-1.000000000000000000e+00
7.160568494490999747e+00,-3.425968853967739847e+01,2.550000000000000000e+01,0.000000000000000000e+00,0.000000000000000000e+00,-1.000000000000000000e+00
7.062654576478205826e+00,-3.428000744360116414e+01,2.550000000000000000e+01,0.000000000000000000e+00,0.000000000000000000e+00,-1.000000000000000000e+00
6.964683004181559944e+00,-3.430004651091984158e+01,2.550000000000000000e+01,0.000000000000000000e+00,0.000000000000000000e+00,-1.000000000000000000e+00
6.866654577368453971e+00,-3.431980557804931209e+01,2.550000000000000000e+01,0.000000000000000000e+00,0.000000000000000000e+00,-1.000000000000000000e+00
6.768570096270399183e+00,-3.433928448369118058e+01,2.550000000000000000e+01,0.000000000000000000e+00,0.000000000000000000e+00,-1.000000000000000000e+00
6.670430361576493716e+00,-3.435848306883408299e+01,2.550000000000000000e+01,0.000000000000000000e+00,0.000000000000000000e+00,-1.000000000000000000e+00
6.572236174426882016e+00,-3.437740117675497942e+01,2.550000000000000000e+01,0.000000000000000000e+00,0.000000000000000000e+00,-1.000000000000000000e+00
6.473988336406222288e+00,-3.439603865302044028e+01,2.550000000000000000e+01,0.000000000000000000e+00,0.000000000000000000e+00,-1.000000000000000000e+00
6.375687649537134405e+00,-3.441439534548790391e+01,2.550000000000000000e+01,0.000000000000000000e+00,0.000000000000000000e+00,-1.000000000000000000e+00
6.277334916273661136e+00,-3.443247110430692715e+01,2.550000000000000000e+01,0.000000000000000000e+00,0.000000000000000000e+00,-1.000000000000000000e+00
6.178930939494710728e+00,-3.445026578192039324e+01,2.550000000000000000e+01,0.000000000000000000e+00,0.000000000000000000e+00,-1.000000000000000000e+00
6.080476522497505698e+00,-3.446777923306572688e+01,2.550000000000000000e+01,0.000000000000000000e+00,0.000000000000000000e+00,-1.000000000000000000e+00
5.981972468991026304e+00,-3.448501131477606663e+01,2.550000000000000000e+01,0.000000000000000000e+00,0.000000000000000000e+00,-1.000000000000000000e+00
5.883419583089446903e+00,-3.450196188638146566e+01,2.550000000000000000e+01,0.000000000000000000e+00,0.000000000000000000e+00,-1.000000000000000000e+00
5.784818669305575867e+00,-3.451863080951000740e+01,2.550000000000000000e+01,0.000000000000000000e+00,0.000000000000000000e+00,-1.000000000000000000e+00
5.686170532544283951e+00,-3.453501794808893521e+01,2.550000000000000000e+01,0.000000000000000000e+00,0.000000000000000000e+00,-1.000000000000000000e+00
5.587475978095937101e+00,-3.455112316834578223e+01,2.550000000000000000e+01,0.000000000000000000e+00,0.000000000000000000e+00,-1.000000000000000000e+00
5.488735811629816830e+00,-3.456694633880945844e+01,2.550000000000000000e+01,0.000000000000000000e+00,0.000000000000000000e+00,-1.000000000000000000e+00
5.389950839187552134e+00,-3.458248733031129518e+01,2.550000000000000000e+01,0.000000000000000000e+00,0.000000000000000000e+00,-1.000000000000000000e+00
5.291121867176530102e+00,-3.459774601598616073e+01,2.550000000000000000e+01,0.000000000000000000e+00,0.000000000000000000e+00,-1.000000000000000000e+00
5.192249702363324282e+00,-3.461272227127343371e+01,2.550000000000000000e+01,0.000000000000000000e+00,0.000000000000000000e+00,-1.000000000000000000e+00
5.093335151867095512e+00,-3.462741597391804760e+01,2.550000000000000000e+01,0.000000000000000000e+00,0.000000000000000000e+00,-1.000000000000000000e+00
4.994379023153013186e+00,-3.464182700397149972e+01,2.550000000000000000e+01,0.000000000000000000e+00,0.000000000000000000e+00,-1.000000000000000000e+00
4.895382124025660531e+00,-3.465595524379280334e+01,2.550000000000000000e+01,0.000000000000000000e+00,0.000000000000000000e+00,-1.000000000000000000e+00
4.796345262622439876e+00,-3.466980057804946824e+01,2.550000000000000000e+01,0.000000000000000000e+00,0.000000000000000000e+00,-1.000000000000000000e+00
4.697269247406976156e+00,-3.468336289371843151e+01,2.550000000000000000e+01,0.000000000000000000e+00,0.000000000000000000e+00,-1.000000000000000000e+00
4.598154887162516857e+00,-3.469664208008699546e+01,2.550000000000000000e+01,0.000000000000000000e+00,0.000000000000000000e+00,-1.000000000000000000e+00
4.499002990985330186e+00,-3.470963802875370163e+01,2.550000000000000000e+01,0.000000000000000000e+00,0.000000000000000000e+00,-1.000000000000000000e+00
4.399814368278097909e+00,-3.472235063362924734e+01,2.550000000000000000e+01,0.000000000000000000e+00,0.000000000000000000e+00,-1.000000000000000000e+00
4.300589828743313525e+00,-3.473477979093735257e+01,2.550000000000000000e+01,0.000000000000000000e+00,0.000000000000000000e+00,-1.000000000000000000e+00
4.201330182376666222e+00,-3.474692539921555579e+01,2.550000000000000000e+01,0.000000000000000000e+00,0.000000000000000000e+00,-1.000000000000000000e+00
4.102036239460432832e+00,-3.475878735931610919e+01,2.550000000000000000e+01,0.000000000000000000e+00,0.000000000000000000e+00,-1.000000000000000000e+00
4.002708810556860008e+00,-3.477036557440675324e+01,2.550000000000000000e+01,0.000000000000000000e+00,0.000000000000000000e+00,-1.000000000000000000e+00
3.903348706501552634e+00,-3.478165994997151955e+01,2.550000000000000000e+01,0.000000000000000000e+00,0.000000000000000000e+00,-1.000000000000000000e+00
3.803956738396848003e+00,-3.479267039381146986e+01,2.550000000000000000e+01,0.000000000000000000e+00,0.000000000000000000e+00,-1.000000000000000000e+00
3.704533717605198451e+00,-3.480339681604549895e+01,2.550000000000000000e+01,0.000000000000000000e+00,0.000000000000000000e+00,-1.000000000000000000e+00
3.605080455742549095e+00,-3.481383912911104517e+01,2.550000000000000000e+01,0.000000000000000000e+00,0.000000000000000000e+00,-1.000000000000000000e+00
3.505597764671709360e+00,-3.482399724776477257e+01,2.550000000000000000e+01,0.000000000000000000e+00,0.000000000000000000e+00,-1.000000000000000000e+00
3.406086456495728054e+00,-3.483387108908334540e+01,2.550000000000000000e+01,0.000000000000000000e+00,0.000000000000000000e+00,-1.000000000000000000e+00
3.306547343551260898e+00,-3.484346057246401074e+01,2.550000000000000000e+01,0.000000000000000000e+00,0.000000000000000000e+00,-1.000000000000000000e+00
3.206981238401943379e+00,-3.485276561962533748e+01,2.550000000000000000e+01,0.000000000000000000e+00,0.000000000000000000e+00,-1.000000000000000000e+00
3.107388953831754286e+00,-3.486178615460780605e+01,2.550000000000000000e+01,0.000000000000000000e+00,0.000000000000000000e+00,-1.000000000000000000e+00
3.007771302838381899e+00,-3.487052210377444084e+01,2.550000000000000000e+01,0.000000000000000000e+00,0.000000000000000000e+00,-1.000000000000000000e+00
2.908129098626587083e+00,-3.487897339581142830e+01,2.550000000000000000e+01,0.000000000000000000e+00,0.000000000000000000e+00,-1.000000000000000000e+00
2.808463154601565037e+00,-3.488713996172867127e+01,2.550000000000000000e+01,0.000000000000000000e+00,0.000000000000000000e+00,-1.000000000000000000e+00
2.708774284362305718e+00,-3.489502173486036440e+01,2.550000000000000000e+01,0.000000000000000000e+00,0.000000000000000000e+00,-1.000000000000000000e+00
2.609063301694951154e+00,-3.490261865086556270e+01,2.550000000000000000e+01,0.000000000000000000e+00,0.000000000000000000e+00,-1.000000000000000000e+00
2.509331020566153647e+00,-3.490993064772865750e+01,2.550000000000000000e+01,0.000000000000000000e+00,0.000000000000000000e+00,-1.000000000000000000e+00
2.409578255116428647e+00,-3.491695766575991655e+01,2.550000000000000000e+01,0.000000000000000000e+00,0.000000000000000000e+00,-1.000000000000000000e+00
2.309805819653512504e+00,-3.492369964759596712e+01,2.550000000000000000e+01,0.000000000000000000e+00,0.000000000000000000e+00,-1.000000000000000000e+00
2.210014528645711795e+00,-3.493015653820027211e+01,2.550000000000000000e+01,0.000000000000000000e+00,0.000000000000000000e+00,-1.000000000000000000e+00
2.110205196715256193e+00,-3.493632828486353503e+01,2.550000000000000000e+01,0.000000000000000000e+00,0.000000000000000000e+00,-1.000000000000000000e+00
2.010378638631647785e+00,-3.494221483720420451e+01,2.550000000000000000e+01,0.000000000000000000e+00,0.000000000000000000e+00,-1.000000000000000000e+00
1.910535669305010620e+00,-3.494781614716881535e+01,2.550000000000000000e+01,0.000000000000000000e+00,0.000000000000000000e+00,-1.000000000000000000e+00
1.810677103779437802e+00,-3.495313216903241482e+01,2.550000000000000000e+01,0.000000000000000000e+00,0.000000000000000000e+00,-1.000000000000000000e+00
1.710803757226338373e+00,-3.495816285939895351e+01,2.550000000000000000e+01,0.000000000000000000e+00,0.000000000000000000e+00,-1.000000000000000000e+00
1.610916444937782188e+00,-3.496290817720157662e+01,2.550000000000000000e+01,0.000000000000000000e+00,0.000000000000000000e+00,-1.000000000000000000e+00
1.511015982319845907e+00,-3.496736808370304317e+01,2.550000000000000000e+01,0.000000000000000000e+00,0.000000000000000000e+00,-1.000000000000000000e+00
1.411103184885955208e+00,-3.497154254249596050e+01,2.550000000000000000e+01,0.000000000000000000e+00,0.000000000000000000e+00,-1.000000000000000000e+00
1.311178868250228113e+00,-3.497543151950314666e+01,2.550000000000000000e+01,0.000000000000000000e+00,0.000000000000000000e+00,-1.000000000000000000e+00
1.211243848120817201e+00,-3.497903498297786484e+01,2.550000000000000000e+01,0.000000000000000000e+00,0.000000000000000000e+00,-1.000000000000000000e+00
1.111298940293249826e+00,-3.498235290350412185e+01,2.550000000000000000e+01,0.000000000000000000e+00,0.000000000000000000e+00,-1.000000000000000000e+00
1.011344960643769886e+00,-3.498538525399685284e+01,2.550000000000000000e+01,0.000000000000000000e+00,0.000000000000000000e+00,-1.000000000000000000e+00
9.113827251226763737e-01,-3.498813200970219839e+01,2.550000000000000000e+01,0.000000000000000000e+00,0.000000000000000000e+00,-1.000000000000000000e+00
8.114130497476634840e-01,-3.499059314819768929e+01,2.550000000000000000e+01,0.000000000000000000e+00,0.000000000000000000e+00,-1.000000000000000000e+00
7.114367505971583849e-01,-3.499276864939240284e+01,2.550000000000000000e+01,0.000000000000000000e+00,0.000000000000000000e+00,-1.000000000000000000e+00
6.114546438036606579e-01,-3.499465849552715468e+01,2.550000000000000000e+01,0.000000000000000000e+00,0.000000000000000000e+00,-1.000000000000000000e+00
5.114675455470782950e-01,-3.499626267117464806e+01,2.550000000000000000e+01,0.000000000000000000e+00,0.000000000000000000e+00,-1.000000000000000000e+00
4.114762720480665825e-01,-3.499758116323957324e+01,2.550000000000000000e+01,0.000000000000000000e+00,0.000000000000000000e+00,-1.000000000000000000e+00
3.114816395613638766e-01,-3.499861396095874255e+01,2.550000000000000000e+01,0.000000000000000000e+00,0.000000000000000000e+00,-1.000000000000000000e+00
2.114844643691292381e-01,-3.499936105590115432e+01,2.550000000000000000e+01,0.000000000000000000e+00,0.000000000000000000e+00,-1.000000000000000000e+00
1.114855627742782490e-01,-3.499982244196808523e+01,2.550000000000000000e+01,0.000000000000000000e+00,0.000000000000000000e+00,-1.000000000000000000e+00
1.148575109381965234e-02,-3.499999811539311878e+01,2.550000000000000000e+01,0.000000000000000000e+00,0.000000000000000000e+00,-1.000000000000000000e+00
2.143131898507868248e-15,-3.500000000000000000e+01,2.550000000000000000e+01,0.000000000000000000e+00,0.000000000000000000e+00,-1.000000000000000000e+00
